Y (ang)	Ec (eV)	Ev (eV)	E (V/cm)	Ef (eV)	n (cm-3)	p (cm-3)	Nd - Na (cm-3)	el eval 1 (eV)	el eval 2 (eV)	el eval 3 (eV)	el eval 4 (eV)	el eval 5 (eV)	el eval 6 (eV)	el eval 7 (eV)	el eval 8 (eV)	el eval 9 (eV)	el eval 10 (eV)	el eval 11 (eV)	el eval 12 (eV)	el eval 13 (eV)
0.000000e+000	6.00000000e-001	-2.80000000e+000	1.66351451e+006	-0.00000000e+000	1.8691e+008	1.0000e-010	0.0000e+000
1.000000e+001	1.32635145e+000	-2.77364855e+000	-1.00058356e+006	0.00000000e+000	1.0462e-004	1.0000e-010	-1.3848e+020
2.000000e+001	1.22629309e+000	-2.87370691e+000	-1.00058356e+006	0.00000000e+000	1.2007e+005	1.0000e-010	0.0000e+000	-5.4632e-002	-3.0479e-002	3.9436e-002	7.0871e-002	9.0739e-002	1.0520e-001	1.1654e-001	1.2585e-001	1.3375e-001	1.4060e-001	1.4216e-001	1.4667e-001	1.5228e-001
3.000000e+001	1.12623474e+000	-2.97376526e+000	-1.00058356e+006	0.00000000e+000	7.1459e+006	1.0000e-010	0.0000e+000
4.000000e+001	1.02617638e+000	-3.07382362e+000	-1.00058356e+006	0.00000000e+000	4.6447e+008	1.0000e-010	0.0000e+000
5.000000e+001	9.26118026e-001	-3.17388197e+000	-1.00058356e+006	0.00000000e+000	2.6436e+010	1.0000e-010	0.0000e+000
6.000000e+001	8.26059669e-001	-3.27394033e+000	-1.00058359e+006	0.00000000e+000	1.2997e+012	1.0000e-010	0.0000e+000
7.000000e+001	7.26001310e-001	-3.37399869e+000	-1.00058466e+006	0.00000000e+000	5.4537e+013	1.0000e-010	0.0000e+000
8.000000e+001	6.25942845e-001	-3.47405716e+000	-1.00062232e+006	0.00000000e+000	1.9253e+015	1.0000e-010	0.0000e+000
9.000000e+001	5.25880613e-001	-3.57411939e+000	-1.00172177e+006	0.00000000e+000	5.6202e+016	1.0000e-010	0.0000e+000
1.000000e+002	4.25708436e-001	-3.67429156e+000	-1.02770563e+006	0.00000000e+000	1.3283e+018	1.0000e-010	0.0000e+000
1.100000e+002	-2.37062128e-001	-3.63706213e+000	1.16552763e+006	0.00000000e+000	2.4758e+019	1.0000e-010	1.3848e+020
1.200000e+002	-9.81093642e-002	-3.52610936e+000	7.56334298e+005	0.00000000e+000	1.6270e+019	1.0000e-010	-5.2547e+018
1.300000e+002	-7.59344309e-005	-3.45607593e+000	5.66019309e+005	0.00000000e+000	4.7338e+018	1.0000e-010	-5.2784e+018
1.400000e+002	7.89259965e-002	-3.40507400e+000	4.48358537e+005	0.00000000e+000	8.8681e+017	1.0000e-010	-5.3022e+018
1.500000e+002	1.46161850e-001	-3.36583815e+000	3.44510265e+005	0.00000000e+000	1.2800e+017	1.0000e-010	-5.3259e+018
1.600000e+002	2.03012877e-001	-3.33698712e+000	2.42154326e+005	0.00000000e+000	1.4873e+016	1.0000e-010	-5.3496e+018
1.700000e+002	2.49628309e-001	-3.31837169e+000	1.39381098e+005	0.00000000e+000	1.6119e+015	1.0000e-010	-5.3733e+018
1.800000e+002	2.85966419e-001	-3.31003358e+000	3.59621270e+004	0.00000000e+000	1.8690e+014	1.0000e-010	-5.3970e+018
1.900000e+002	3.11962632e-001	-3.31203737e+000	-6.81289952e+004	0.00000000e+000	2.9575e+013	1.0000e-010	-5.4207e+018
2.000000e+002	3.27549732e-001	-3.32445027e+000	-1.72897108e+005	0.00000000e+000	1.2432e+013	1.0000e-010	-5.4445e+018
2.100000e+002	3.32660022e-001	-3.34733998e+000	-2.78345380e+005	0.00000000e+000	4.7678e+013	1.0000e-010	-5.4682e+018
2.200000e+002	3.27225484e-001	-3.38077452e+000	-3.84484533e+005	0.00000000e+000	5.2654e+014	1.0000e-010	-5.4919e+018
2.300000e+002	3.11177030e-001	-3.42482297e+000	-4.91422480e+005	0.00000000e+000	6.4844e+015	1.0000e-010	-5.5156e+018
2.400000e+002	2.84434782e-001	-3.47956522e+000	-6.00419766e+005	0.00000000e+000	7.7579e+016	1.0000e-010	-5.5393e+018
2.500000e+002	2.46792806e-001	-3.54520719e+000	-7.25216662e+005	0.00000000e+000	8.5902e+017	1.0000e-010	-5.5630e+018
2.600000e+002	-1.39328861e-001	-3.53932886e+000	5.67305752e+005	0.00000000e+000	8.4268e+018	1.0000e-010	7.5724e+019
2.700000e+002	-8.25982854e-002	-3.48259829e+000	3.75552417e+005	0.00000000e+000	1.0066e+019	1.0000e-010	0.0000e+000
2.800000e+002	-4.50430437e-002	-3.44504304e+000	2.46222903e+005	0.00000000e+000	6.7887e+018	1.0000e-010	0.0000e+000
2.900000e+002	-2.04207534e-002	-3.42042075e+000	1.74336089e+005	0.00000000e+000	3.7731e+018	1.0000e-010	0.0000e+000
3.000000e+002	-2.98714452e-003	-3.40298714e+000	1.33538494e+005	0.00000000e+000	2.1411e+018	1.0000e-010	0.0000e+000
3.100000e+002	1.03667049e-002	-3.38963330e+000	1.07747828e+005	0.00000000e+000	1.3534e+018	1.0000e-010	0.0000e+000
3.200000e+002	2.11414877e-002	-3.37885851e+000	8.99112095e+004	0.00000000e+000	9.3592e+017	1.0000e-010	0.0000e+000
3.300000e+002	3.01326086e-002	-3.36986739e+000	7.68812824e+004	0.00000000e+000	6.8366e+017	1.0000e-010	0.0000e+000
3.400000e+002	3.78207369e-002	-3.36217926e+000	6.70267766e+004	0.00000000e+000	5.1703e+017	1.0000e-010	0.0000e+000
3.500000e+002	4.45234146e-002	-3.35547659e+000	5.93744438e+004	0.00000000e+000	4.0148e+017	1.0000e-010	0.0000e+000
3.600000e+002	5.04608589e-002	-3.34953914e+000	5.32767582e+004	0.00000000e+000	3.1990e+017	1.0000e-010	0.0000e+000
3.700000e+002	5.57885348e-002	-3.34421147e+000	4.82991495e+004	0.00000000e+000	2.6113e+017	1.0000e-010	0.0000e+000
3.800000e+002	6.06184497e-002	-3.33938155e+000	4.41628739e+004	0.00000000e+000	2.1699e+017	1.0000e-010	0.0000e+000
3.900000e+002	6.50347371e-002	-3.33496526e+000	4.06802138e+004	0.00000000e+000	1.8270e+017	1.0000e-010	0.0000e+000
4.000000e+002	6.91027585e-002	-3.33089724e+000	3.77081797e+004	0.00000000e+000	1.5591e+017	1.0000e-010	0.0000e+000
4.100000e+002	7.28735764e-002	-3.32712642e+000	3.51368700e+004	0.00000000e+000	1.3489e+017	1.0000e-010	0.0000e+000
4.200000e+002	7.63872634e-002	-3.32361274e+000	3.28891446e+004	0.00000000e+000	1.1791e+017	1.0000e-010	0.0000e+000
4.300000e+002	7.96761779e-002	-3.32032382e+000	3.09113355e+004	0.00000000e+000	1.0375e+017	1.0000e-010	0.0000e+000
4.400000e+002	8.27673115e-002	-3.31723269e+000	2.91600351e+004	0.00000000e+000	9.1870e+016	1.0000e-010	0.0000e+000
4.500000e+002	8.56833150e-002	-3.31431669e+000	2.75967003e+004	0.00000000e+000	8.2009e+016	1.0000e-010	0.0000e+000
4.600000e+002	8.84429850e-002	-3.31155701e+000	2.61899328e+004	0.00000000e+000	7.3796e+016	1.0000e-010	0.0000e+000
4.700000e+002	9.10619783e-002	-3.30893802e+000	2.49172792e+004	0.00000000e+000	6.6760e+016	1.0000e-010	0.0000e+000
4.800000e+002	9.35537062e-002	-3.30644629e+000	2.37624717e+004	0.00000000e+000	6.0579e+016	1.0000e-010	0.0000e+000
4.900000e+002	9.59299534e-002	-3.30407005e+000	2.27111658e+004	0.00000000e+000	5.5149e+016	1.0000e-010	0.0000e+000
5.000000e+002	9.82010700e-002	-3.30179893e+000	2.17492982e+004	0.00000000e+000	5.0457e+016	1.0000e-010	0.0000e+000
5.100000e+002	1.00376000e-001	-3.29962400e+000	2.08643576e+004	0.00000000e+000	4.6422e+016	1.0000e-010	0.0000e+000
5.200000e+002	1.02462436e-001	-3.29753756e+000	2.00468959e+004	0.00000000e+000	4.2882e+016	1.0000e-010	0.0000e+000
5.300000e+002	1.04467125e-001	-3.29553287e+000	1.92902737e+004	0.00000000e+000	3.9691e+016	1.0000e-010	0.0000e+000
5.400000e+002	1.06396152e-001	-3.29360385e+000	1.85890428e+004	0.00000000e+000	3.6785e+016	1.0000e-010	0.0000e+000
5.500000e+002	1.08255057e-001	-3.29174494e+000	1.79376216e+004	0.00000000e+000	3.4172e+016	1.0000e-010	0.0000e+000
5.600000e+002	1.10048819e-001	-3.28995118e+000	1.73302349e+004	0.00000000e+000	3.1862e+016	1.0000e-010	0.0000e+000
5.700000e+002	1.11781842e-001	-3.28821816e+000	1.67617225e+004	0.00000000e+000	2.9823e+016	1.0000e-010	0.0000e+000
5.800000e+002	1.13458015e-001	-3.28654199e+000	1.62281961e+004	0.00000000e+000	2.7988e+016	1.0000e-010	0.0000e+000
5.900000e+002	1.15080834e-001	-3.28491917e+000	1.57269424e+004	0.00000000e+000	2.6295e+016	1.0000e-010	0.0000e+000
6.000000e+002	1.16653529e-001	-3.28334647e+000	1.52557624e+004	0.00000000e+000	2.4718e+016	1.0000e-010	0.0000e+000
6.100000e+002	1.18179105e-001	-3.28182090e+000	1.48123437e+004	0.00000000e+000	2.3261e+016	1.0000e-010	0.0000e+000
6.200000e+002	1.19660339e-001	-3.28033966e+000	1.43940969e+004	0.00000000e+000	2.1941e+016	1.0000e-010	0.0000e+000
6.300000e+002	1.21099749e-001	-3.27890025e+000	1.39984395e+004	0.00000000e+000	2.0756e+016	1.0000e-010	0.0000e+000
6.400000e+002	1.22499593e-001	-3.27750041e+000	1.36231966e+004	0.00000000e+000	1.9685e+016	1.0000e-010	0.0000e+000
6.500000e+002	1.23861912e-001	-3.27613809e+000	1.32667939e+004	0.00000000e+000	1.8697e+016	1.0000e-010	0.0000e+000
6.600000e+002	1.25188592e-001	-3.27481141e+000	1.29281373e+004	0.00000000e+000	1.7766e+016	1.0000e-010	0.0000e+000
6.700000e+002	1.26481406e-001	-3.27351859e+000	1.26063090e+004	0.00000000e+000	1.6883e+016	1.0000e-010	0.0000e+000
6.800000e+002	1.27742036e-001	-3.27225796e+000	1.23002954e+004	0.00000000e+000	1.6054e+016	1.0000e-010	0.0000e+000
6.900000e+002	1.28972066e-001	-3.27102793e+000	1.20088948e+004	0.00000000e+000	1.5287e+016	1.0000e-010	0.0000e+000
7.000000e+002	1.30172955e-001	-3.26982704e+000	1.17308142e+004	0.00000000e+000	1.4588e+016	1.0000e-010	0.0000e+000
7.100000e+002	1.31346037e-001	-3.26865396e+000	1.14648581e+004	0.00000000e+000	1.3952e+016	1.0000e-010	0.0000e+000
7.200000e+002	1.32492523e-001	-3.26750748e+000	1.12100817e+004	0.00000000e+000	1.3366e+016	1.0000e-010	0.0000e+000
7.300000e+002	1.33613531e-001	-3.26638647e+000	1.09658317e+004	0.00000000e+000	1.2814e+016	1.0000e-010	0.0000e+000
7.400000e+002	1.34710114e-001	-3.26528989e+000	1.07316701e+004	0.00000000e+000	1.2285e+016	1.0000e-010	0.0000e+000
7.500000e+002	1.35783281e-001	-3.26421672e+000	1.05072355e+004	0.00000000e+000	1.1774e+016	1.0000e-010	0.0000e+000
7.600000e+002	1.36834005e-001	-3.26316600e+000	1.02921123e+004	0.00000000e+000	1.1286e+016	1.0000e-010	0.0000e+000
7.700000e+002	1.37863216e-001	-3.26213678e+000	1.00857652e+004	0.00000000e+000	1.0826e+016	1.0000e-010	0.0000e+000
7.800000e+002	1.38871792e-001	-3.26112821e+000	9.88754607e+003	0.00000000e+000	1.0399e+016	1.0000e-010	0.0000e+000
7.900000e+002	1.39860547e-001	-3.26013945e+000	9.69676368e+003	0.00000000e+000	1.0009e+016	1.0000e-010	0.0000e+000
8.000000e+002	1.40830223e-001	-3.25916978e+000	9.51277424e+003	0.00000000e+000	9.6528e+015	1.0000e-010	0.0000e+000
8.100000e+002	1.41781501e-001	-3.25821850e+000	9.33505776e+003	0.00000000e+000	9.3237e+015	1.0000e-010	0.0000e+000
8.200000e+002	1.42715007e-001	-3.25728499e+000	9.16325634e+003	0.00000000e+000	9.0134e+015	1.0000e-010	0.0000e+000
8.300000e+002	1.43631332e-001	-3.25636867e+000	8.99716818e+003	0.00000000e+000	8.7137e+015	1.0000e-010	0.0000e+000
8.400000e+002	1.44531049e-001	-3.25546895e+000	8.83670657e+003	0.00000000e+000	8.4185e+015	1.0000e-010	0.0000e+000
8.500000e+002	1.45414720e-001	-3.25458528e+000	8.68184041e+003	0.00000000e+000	8.1250e+015	1.0000e-010	0.0000e+000
8.600000e+002	1.46282904e-001	-3.25371710e+000	8.53253454e+003	0.00000000e+000	7.8334e+015	1.0000e-010	0.0000e+000
8.700000e+002	1.47136157e-001	-3.25286384e+000	8.38870331e+003	0.00000000e+000	7.5462e+015	1.0000e-010	0.0000e+000
8.800000e+002	1.47975027e-001	-3.25202497e+000	8.25018458e+003	0.00000000e+000	7.2676e+015	1.0000e-010	0.0000e+000
8.900000e+002	1.48800046e-001	-3.25119995e+000	8.11673468e+003	0.00000000e+000	7.0017e+015	1.0000e-010	0.0000e+000
9.000000e+002	1.49611719e-001	-3.25038828e+000	7.98804042e+003	0.00000000e+000	6.7523e+015	1.0000e-010	0.0000e+000
9.100000e+002	1.50410523e-001	-3.24958948e+000	7.86374183e+003	0.00000000e+000	6.5218e+015	1.0000e-010	0.0000e+000
9.200000e+002	1.51196898e-001	-3.24880310e+000	7.74345896e+003	0.00000000e+000	6.3112e+015	1.0000e-010	0.0000e+000
9.300000e+002	1.51971244e-001	-3.24802876e+000	7.62681759e+003	0.00000000e+000	6.1202e+015	1.0000e-010	0.0000e+000
9.400000e+002	1.52733925e-001	-3.24726607e+000	7.51346803e+003	0.00000000e+000	5.9475e+015	1.0000e-010	0.0000e+000
9.500000e+002	1.53485272e-001	-3.24651473e+000	7.40310477e+003	0.00000000e+000	5.7909e+015	1.0000e-010	0.0000e+000
9.600000e+002	1.54225583e-001	-3.24577442e+000	7.29546999e+003	0.00000000e+000	5.6478e+015	1.0000e-010	0.0000e+000
9.700000e+002	1.54955130e-001	-3.24504487e+000	7.19035775e+003	0.00000000e+000	5.5154e+015	1.0000e-010	0.0000e+000
9.800000e+002	1.55674165e-001	-3.24432583e+000	7.08761416e+003	0.00000000e+000	5.3912e+015	1.0000e-010	0.0000e+000
9.900000e+002	1.56382927e-001	-3.24361707e+000	6.98713570e+003	0.00000000e+000	5.2723e+015	1.0000e-010	0.0000e+000
1.000000e+003	1.57081640e-001	-3.24291836e+000	6.88901587e+003	0.00000000e+000	5.1484e+015	1.0000e-010	0.0000e+000	-5.4632e-002	-3.0479e-002	3.9436e-002	7.0871e-002	9.0739e-002	1.0520e-001	1.1654e-001	1.2585e-001	1.3375e-001	1.4060e-001	1.4216e-001	1.4667e-001	1.5228e-001
1.010000e+003	1.57770542e-001	-3.24222946e+000	6.79338440e+003	0.00000000e+000	5.0198e+015	1.0000e-010	0.0000e+000
1.020000e+003	1.58449880e-001	-3.24155012e+000	6.70023320e+003	0.00000000e+000	4.8896e+015	1.0000e-010	0.0000e+000
1.030000e+003	1.59119904e-001	-3.24088010e+000	6.60946525e+003	0.00000000e+000	4.7645e+015	1.0000e-010	0.0000e+000
1.040000e+003	1.59780850e-001	-3.24021915e+000	6.52098851e+003	0.00000000e+000	4.6442e+015	1.0000e-010	0.0000e+000
1.050000e+003	1.60432949e-001	-3.23956705e+000	6.43471562e+003	0.00000000e+000	4.5286e+015	1.0000e-010	0.0000e+000
1.060000e+003	1.61076421e-001	-3.23892358e+000	6.35056361e+003	0.00000000e+000	4.4173e+015	1.0000e-010	0.0000e+000
1.070000e+003	1.61711477e-001	-3.23828852e+000	6.26845362e+003	0.00000000e+000	4.3101e+015	1.0000e-010	0.0000e+000
1.080000e+003	1.62338322e-001	-3.23766168e+000	6.18831064e+003	0.00000000e+000	4.2068e+015	1.0000e-010	0.0000e+000
1.090000e+003	1.62957153e-001	-3.23704285e+000	6.11006330e+003	0.00000000e+000	4.1073e+015	1.0000e-010	0.0000e+000
1.100000e+003	1.63568160e-001	-3.23643184e+000	6.03364364e+003	0.00000000e+000	4.0114e+015	1.0000e-010	0.0000e+000
1.110000e+003	1.64171524e-001	-3.23582848e+000	5.95898690e+003	0.00000000e+000	3.9189e+015	1.0000e-010	0.0000e+000
1.120000e+003	1.64767423e-001	-3.23523258e+000	5.88603135e+003	0.00000000e+000	3.8296e+015	1.0000e-010	0.0000e+000
1.130000e+003	1.65356026e-001	-3.23464397e+000	5.81471809e+003	0.00000000e+000	3.7434e+015	1.0000e-010	0.0000e+000
1.140000e+003	1.65937498e-001	-3.23406250e+000	5.74499093e+003	0.00000000e+000	3.6601e+015	1.0000e-010	0.0000e+000
1.150000e+003	1.66511997e-001	-3.23348800e+000	5.67679621e+003	0.00000000e+000	3.5797e+015	1.0000e-010	0.0000e+000
1.160000e+003	1.67079676e-001	-3.23292032e+000	5.61008263e+003	0.00000000e+000	3.5020e+015	1.0000e-010	0.0000e+000
1.170000e+003	1.67640685e-001	-3.23235932e+000	5.54480120e+003	0.00000000e+000	3.4268e+015	1.0000e-010	0.0000e+000
1.180000e+003	1.68195165e-001	-3.23180484e+000	5.48090503e+003	0.00000000e+000	3.3541e+015	1.0000e-010	0.0000e+000
1.190000e+003	1.68743255e-001	-3.23125674e+000	5.41834928e+003	0.00000000e+000	3.2837e+015	1.0000e-010	0.0000e+000
1.200000e+003	1.69285090e-001	-3.23071491e+000	5.35709099e+003	0.00000000e+000	3.2156e+015	1.0000e-010	0.0000e+000
1.210000e+003	1.69820799e-001	-3.23017920e+000	5.29708904e+003	0.00000000e+000	3.1497e+015	1.0000e-010	0.0000e+000
1.220000e+003	1.70350508e-001	-3.22964949e+000	5.23830403e+003	0.00000000e+000	3.0858e+015	1.0000e-010	0.0000e+000
1.230000e+003	1.70874339e-001	-3.22912566e+000	5.18069817e+003	0.00000000e+000	3.0239e+015	1.0000e-010	0.0000e+000
1.240000e+003	1.71392408e-001	-3.22860759e+000	5.12423523e+003	0.00000000e+000	2.9639e+015	1.0000e-010	0.0000e+000
1.250000e+003	1.71904832e-001	-3.22809517e+000	5.06888045e+003	0.00000000e+000	2.9057e+015	1.0000e-010	0.0000e+000
1.260000e+003	1.72411720e-001	-3.22758828e+000	5.01460046e+003	0.00000000e+000	2.8493e+015	1.0000e-010	0.0000e+000
1.270000e+003	1.72913180e-001	-3.22708682e+000	4.96136321e+003	0.00000000e+000	2.7946e+015	1.0000e-010	0.0000e+000
1.280000e+003	1.73409316e-001	-3.22659068e+000	4.90913792e+003	0.00000000e+000	2.7415e+015	1.0000e-010	0.0000e+000
1.290000e+003	1.73900230e-001	-3.22609977e+000	4.85789499e+003	0.00000000e+000	2.6899e+015	1.0000e-010	0.0000e+000
1.300000e+003	1.74386020e-001	-3.22561398e+000	4.80760600e+003	0.00000000e+000	2.6398e+015	1.0000e-010	0.0000e+000
1.310000e+003	1.74866780e-001	-3.22513322e+000	4.75824356e+003	0.00000000e+000	2.5912e+015	1.0000e-010	0.0000e+000
1.320000e+003	1.75342605e-001	-3.22465740e+000	4.70978137e+003	0.00000000e+000	2.5440e+015	1.0000e-010	0.0000e+000
1.330000e+003	1.75813583e-001	-3.22418642e+000	4.66219408e+003	0.00000000e+000	2.4980e+015	1.0000e-010	0.0000e+000
1.340000e+003	1.76279802e-001	-3.22372020e+000	4.61545729e+003	0.00000000e+000	2.4534e+015	1.0000e-010	0.0000e+000
1.350000e+003	1.76741348e-001	-3.22325865e+000	4.56954752e+003	0.00000000e+000	2.4100e+015	1.0000e-010	0.0000e+000
1.360000e+003	1.77198303e-001	-3.22280170e+000	4.52444210e+003	0.00000000e+000	2.3678e+015	1.0000e-010	0.0000e+000
1.370000e+003	1.77650747e-001	-3.22234925e+000	4.48011922e+003	0.00000000e+000	2.3267e+015	1.0000e-010	0.0000e+000
1.380000e+003	1.78098759e-001	-3.22190124e+000	4.43655783e+003	0.00000000e+000	2.2867e+015	1.0000e-010	0.0000e+000
1.390000e+003	1.78542415e-001	-3.22145759e+000	4.39373764e+003	0.00000000e+000	2.2478e+015	1.0000e-010	0.0000e+000
1.400000e+003	1.78981788e-001	-3.22101821e+000	4.35163906e+003	0.00000000e+000	2.2099e+015	1.0000e-010	0.0000e+000
1.410000e+003	1.79416952e-001	-3.22058305e+000	4.31024319e+003	0.00000000e+000	2.1730e+015	1.0000e-010	0.0000e+000
1.420000e+003	1.79847977e-001	-3.22015202e+000	4.26953179e+003	0.00000000e+000	2.1371e+015	1.0000e-010	0.0000e+000
1.430000e+003	1.80274930e-001	-3.21972507e+000	4.22948722e+003	0.00000000e+000	2.1021e+015	1.0000e-010	0.0000e+000
1.440000e+003	1.80697878e-001	-3.21930212e+000	4.19009246e+003	0.00000000e+000	2.0680e+015	1.0000e-010	0.0000e+000
1.450000e+003	1.81116888e-001	-3.21888311e+000	4.15133107e+003	0.00000000e+000	2.0348e+015	1.0000e-010	0.0000e+000
1.460000e+003	1.81532021e-001	-3.21846798e+000	4.11318715e+003	0.00000000e+000	2.0023e+015	1.0000e-010	0.0000e+000
1.470000e+003	1.81943340e-001	-3.21805666e+000	4.07564531e+003	0.00000000e+000	1.9707e+015	1.0000e-010	0.0000e+000
1.480000e+003	1.82350904e-001	-3.21764910e+000	4.03869068e+003	0.00000000e+000	1.9399e+015	1.0000e-010	0.0000e+000
1.490000e+003	1.82754773e-001	-3.21724523e+000	4.00230889e+003	0.00000000e+000	1.9098e+015	1.0000e-010	0.0000e+000
1.500000e+003	1.83155004e-001	-3.21684500e+000	3.96648602e+003	0.00000000e+000	1.8805e+015	1.0000e-010	0.0000e+000
1.510000e+003	1.83551653e-001	-3.21644835e+000	3.93120857e+003	0.00000000e+000	1.8519e+015	1.0000e-010	0.0000e+000
1.520000e+003	1.83944773e-001	-3.21605523e+000	3.89646353e+003	0.00000000e+000	1.8239e+015	1.0000e-010	0.0000e+000
1.530000e+003	1.84334420e-001	-3.21566558e+000	3.86223823e+003	0.00000000e+000	1.7966e+015	1.0000e-010	0.0000e+000
1.540000e+003	1.84720644e-001	-3.21527936e+000	3.82852046e+003	0.00000000e+000	1.7700e+015	1.0000e-010	0.0000e+000
1.550000e+003	1.85103496e-001	-3.21489650e+000	3.79529835e+003	0.00000000e+000	1.7440e+015	1.0000e-010	0.0000e+000
1.560000e+003	1.85483026e-001	-3.21451697e+000	3.76256040e+003	0.00000000e+000	1.7186e+015	1.0000e-010	0.0000e+000
1.570000e+003	1.85859282e-001	-3.21414072e+000	3.73029548e+003	0.00000000e+000	1.6937e+015	1.0000e-010	0.0000e+000
1.580000e+003	1.86232311e-001	-3.21376769e+000	3.69849278e+003	0.00000000e+000	1.6695e+015	1.0000e-010	0.0000e+000
1.590000e+003	1.86602160e-001	-3.21339784e+000	3.66714183e+003	0.00000000e+000	1.6458e+015	1.0000e-010	0.0000e+000
1.600000e+003	1.86968875e-001	-3.21303113e+000	3.63623245e+003	0.00000000e+000	1.6226e+015	1.0000e-010	0.0000e+000
1.610000e+003	1.87332498e-001	-3.21266750e+000	3.60575479e+003	0.00000000e+000	1.5999e+015	1.0000e-010	0.0000e+000
1.620000e+003	1.87693073e-001	-3.21230693e+000	3.57569927e+003	0.00000000e+000	1.5778e+015	1.0000e-010	0.0000e+000
1.630000e+003	1.88050643e-001	-3.21194936e+000	3.54605660e+003	0.00000000e+000	1.5561e+015	1.0000e-010	0.0000e+000
1.640000e+003	1.88405249e-001	-3.21159475e+000	3.51681775e+003	0.00000000e+000	1.5349e+015	1.0000e-010	0.0000e+000
1.650000e+003	1.88756931e-001	-3.21124307e+000	3.48797397e+003	0.00000000e+000	1.5142e+015	1.0000e-010	0.0000e+000
1.660000e+003	1.89105728e-001	-3.21089427e+000	3.45951674e+003	0.00000000e+000	1.4939e+015	1.0000e-010	0.0000e+000
1.670000e+003	1.89451680e-001	-3.21054832e+000	3.43143778e+003	0.00000000e+000	1.4740e+015	1.0000e-010	0.0000e+000
1.680000e+003	1.89794824e-001	-3.21020518e+000	3.40372907e+003	0.00000000e+000	1.4546e+015	1.0000e-010	0.0000e+000
1.690000e+003	1.90135196e-001	-3.20986480e+000	3.37638278e+003	0.00000000e+000	1.4356e+015	1.0000e-010	0.0000e+000
1.700000e+003	1.90472835e-001	-3.20952717e+000	3.34939133e+003	0.00000000e+000	1.4169e+015	1.0000e-010	0.0000e+000
1.710000e+003	1.90807774e-001	-3.20919223e+000	3.32274732e+003	0.00000000e+000	1.3987e+015	1.0000e-010	0.0000e+000
1.720000e+003	1.91140049e-001	-3.20885995e+000	3.29644357e+003	0.00000000e+000	1.3808e+015	1.0000e-010	0.0000e+000
1.730000e+003	1.91469693e-001	-3.20853031e+000	3.27047310e+003	0.00000000e+000	1.3633e+015	1.0000e-010	0.0000e+000
1.740000e+003	1.91796740e-001	-3.20820326e+000	3.24482911e+003	0.00000000e+000	1.3462e+015	1.0000e-010	0.0000e+000
1.750000e+003	1.92121223e-001	-3.20787878e+000	3.21950498e+003	0.00000000e+000	1.3294e+015	1.0000e-010	0.0000e+000
1.760000e+003	1.92443174e-001	-3.20755683e+000	3.19449427e+003	0.00000000e+000	1.3130e+015	1.0000e-010	0.0000e+000
1.770000e+003	1.92762623e-001	-3.20723738e+000	3.16979071e+003	0.00000000e+000	1.2968e+015	1.0000e-010	0.0000e+000
1.780000e+003	1.93079602e-001	-3.20692040e+000	3.14538820e+003	0.00000000e+000	1.2810e+015	1.0000e-010	0.0000e+000
1.790000e+003	1.93394141e-001	-3.20660586e+000	3.12128079e+003	0.00000000e+000	1.2655e+015	1.0000e-010	0.0000e+000
1.800000e+003	1.93706269e-001	-3.20629373e+000	3.09746270e+003	0.00000000e+000	1.2504e+015	1.0000e-010	0.0000e+000
1.810000e+003	1.94016015e-001	-3.20598398e+000	3.07392828e+003	0.00000000e+000	1.2355e+015	1.0000e-010	0.0000e+000
1.820000e+003	1.94323408e-001	-3.20567659e+000	3.05067204e+003	0.00000000e+000	1.2209e+015	1.0000e-010	0.0000e+000
1.830000e+003	1.94628475e-001	-3.20537152e+000	3.02768863e+003	0.00000000e+000	1.2065e+015	1.0000e-010	0.0000e+000
1.840000e+003	1.94931244e-001	-3.20506876e+000	3.00497281e+003	0.00000000e+000	1.1925e+015	1.0000e-010	0.0000e+000
1.850000e+003	1.95231741e-001	-3.20476826e+000	2.98251952e+003	0.00000000e+000	1.1787e+015	1.0000e-010	0.0000e+000
1.860000e+003	1.95529993e-001	-3.20447001e+000	2.96032377e+003	0.00000000e+000	1.1652e+015	1.0000e-010	0.0000e+000
1.870000e+003	1.95826026e-001	-3.20417397e+000	2.93838074e+003	0.00000000e+000	1.1519e+015	1.0000e-010	0.0000e+000
1.880000e+003	1.96119864e-001	-3.20388014e+000	2.91668571e+003	0.00000000e+000	1.1389e+015	1.0000e-010	0.0000e+000
1.890000e+003	1.96411532e-001	-3.20358847e+000	2.89523407e+003	0.00000000e+000	1.1261e+015	1.0000e-010	0.0000e+000
1.900000e+003	1.96701056e-001	-3.20329894e+000	2.87402133e+003	0.00000000e+000	1.1136e+015	1.0000e-010	0.0000e+000
1.910000e+003	1.96988458e-001	-3.20301154e+000	2.85304311e+003	0.00000000e+000	1.1013e+015	1.0000e-010	0.0000e+000
1.920000e+003	1.97273762e-001	-3.20272624e+000	2.83229514e+003	0.00000000e+000	1.0892e+015	1.0000e-010	0.0000e+000
1.930000e+003	1.97556992e-001	-3.20244301e+000	2.81177323e+003	0.00000000e+000	1.0773e+015	1.0000e-010	0.0000e+000
1.940000e+003	1.97838169e-001	-3.20216183e+000	2.79147332e+003	0.00000000e+000	1.0657e+015	1.0000e-010	0.0000e+000
1.950000e+003	1.98117316e-001	-3.20188268e+000	2.77139143e+003	0.00000000e+000	1.0542e+015	1.0000e-010	0.0000e+000
1.960000e+003	1.98394456e-001	-3.20160554e+000	2.75152368e+003	0.00000000e+000	1.0430e+015	1.0000e-010	0.0000e+000
1.970000e+003	1.98669608e-001	-3.20133039e+000	2.73186626e+003	0.00000000e+000	1.0319e+015	1.0000e-010	0.0000e+000
1.980000e+003	1.98942795e-001	-3.20105721e+000	2.71241547e+003	0.00000000e+000	1.0211e+015	1.0000e-010	0.0000e+000
1.990000e+003	1.99214036e-001	-3.20078596e+000	2.69316769e+003	0.00000000e+000	1.0104e+015	1.0000e-010	0.0000e+000
2.000000e+003	1.99483353e-001	-3.20051665e+000	2.67411940e+003	0.00000000e+000	9.9997e+014	1.0000e-010	0.0000e+000
2.010000e+003	1.99750765e-001	-3.20024924e+000	2.65526712e+003	0.00000000e+000	9.8968e+014	1.0000e-010	0.0000e+000
2.020000e+003	2.00016292e-001	-3.19998371e+000	2.63660748e+003	0.00000000e+000	9.7956e+014	1.0000e-010	0.0000e+000
2.030000e+003	2.00279952e-001	-3.19972005e+000	2.61813718e+003	0.00000000e+000	9.6962e+014	1.0000e-010	0.0000e+000
2.040000e+003	2.00541766e-001	-3.19945823e+000	2.59985300e+003	0.00000000e+000	9.5985e+014	1.0000e-010	0.0000e+000
2.050000e+003	2.00801751e-001	-3.19919825e+000	2.58175177e+003	0.00000000e+000	9.5025e+014	1.0000e-010	0.0000e+000
2.060000e+003	2.01059927e-001	-3.19894007e+000	2.56383041e+003	0.00000000e+000	9.4081e+014	1.0000e-010	0.0000e+000
2.070000e+003	2.01316310e-001	-3.19868369e+000	2.54608591e+003	0.00000000e+000	9.3152e+014	1.0000e-010	0.0000e+000
2.080000e+003	2.01570918e-001	-3.19842908e+000	2.52851530e+003	0.00000000e+000	9.2240e+014	1.0000e-010	0.0000e+000
2.090000e+003	2.01823770e-001	-3.19817623e+000	2.51111572e+003	0.00000000e+000	9.1342e+014	1.0000e-010	0.0000e+000
2.100000e+003	2.02074881e-001	-3.19792512e+000	2.49388432e+003	0.00000000e+000	9.0459e+014	1.0000e-010	0.0000e+000
2.110000e+003	2.02324270e-001	-3.19767573e+000	2.47681836e+003	0.00000000e+000	8.9591e+014	1.0000e-010	0.0000e+000
2.120000e+003	2.02571952e-001	-3.19742805e+000	2.45991512e+003	0.00000000e+000	8.8736e+014	1.0000e-010	0.0000e+000
2.130000e+003	2.02817943e-001	-3.19718206e+000	2.44317195e+003	0.00000000e+000	8.7896e+014	1.0000e-010	0.0000e+000
2.140000e+003	2.03062260e-001	-3.19693774e+000	2.42658628e+003	0.00000000e+000	8.7069e+014	1.0000e-010	0.0000e+000
2.150000e+003	2.03304919e-001	-3.19669508e+000	2.41015555e+003	0.00000000e+000	8.6256e+014	1.0000e-010	0.0000e+000
2.160000e+003	2.03545934e-001	-3.19645407e+000	2.39387730e+003	0.00000000e+000	8.5455e+014	1.0000e-010	0.0000e+000
2.170000e+003	2.03785322e-001	-3.19621468e+000	2.37774909e+003	0.00000000e+000	8.4668e+014	1.0000e-010	0.0000e+000
2.180000e+003	2.04023097e-001	-3.19597690e+000	2.36176853e+003	0.00000000e+000	8.3893e+014	1.0000e-010	0.0000e+000
2.190000e+003	2.04259274e-001	-3.19574073e+000	2.34593331e+003	0.00000000e+000	8.3130e+014	1.0000e-010	0.0000e+000
2.200000e+003	2.04493867e-001	-3.19550613e+000	2.33024113e+003	0.00000000e+000	8.2379e+014	1.0000e-010	0.0000e+000
2.210000e+003	2.04726891e-001	-3.19527311e+000	2.31468977e+003	0.00000000e+000	8.1640e+014	1.0000e-010	0.0000e+000
2.220000e+003	2.04958360e-001	-3.19504164e+000	2.29927702e+003	0.00000000e+000	8.0912e+014	1.0000e-010	0.0000e+000
2.230000e+003	2.05188288e-001	-3.19481171e+000	2.28400074e+003	0.00000000e+000	8.0196e+014	1.0000e-010	0.0000e+000
2.240000e+003	2.05416688e-001	-3.19458331e+000	2.26885884e+003	0.00000000e+000	7.9490e+014	1.0000e-010	0.0000e+000
2.250000e+003	2.05643574e-001	-3.19435643e+000	2.25384924e+003	0.00000000e+000	7.8796e+014	1.0000e-010	0.0000e+000
2.260000e+003	2.05868959e-001	-3.19413104e+000	2.23896994e+003	0.00000000e+000	7.8112e+014	1.0000e-010	0.0000e+000
2.270000e+003	2.06092856e-001	-3.19390714e+000	2.22421894e+003	0.00000000e+000	7.7438e+014	1.0000e-010	0.0000e+000
2.280000e+003	2.06315278e-001	-3.19368472e+000	2.20959431e+003	0.00000000e+000	7.6775e+014	1.0000e-010	0.0000e+000
2.290000e+003	2.06536237e-001	-3.19346376e+000	2.19509415e+003	0.00000000e+000	7.6121e+014	1.0000e-010	0.0000e+000
2.300000e+003	2.06755747e-001	-3.19324425e+000	2.18071658e+003	0.00000000e+000	7.5478e+014	1.0000e-010	0.0000e+000
2.310000e+003	2.06973818e-001	-3.19302618e+000	2.16645979e+003	0.00000000e+000	7.4844e+014	1.0000e-010	0.0000e+000
2.320000e+003	2.07190464e-001	-3.19280954e+000	2.15232197e+003	0.00000000e+000	7.4219e+014	1.0000e-010	0.0000e+000
2.330000e+003	2.07405696e-001	-3.19259430e+000	2.13830137e+003	0.00000000e+000	7.3604e+014	1.0000e-010	0.0000e+000
2.340000e+003	2.07619527e-001	-3.19238047e+000	2.12439626e+003	0.00000000e+000	7.2998e+014	1.0000e-010	0.0000e+000
2.350000e+003	2.07831966e-001	-3.19216803e+000	2.11060495e+003	0.00000000e+000	7.2400e+014	1.0000e-010	0.0000e+000
2.360000e+003	2.08043027e-001	-3.19195697e+000	2.09692577e+003	0.00000000e+000	7.1812e+014	1.0000e-010	0.0000e+000
2.370000e+003	2.08252719e-001	-3.19174728e+000	2.08335710e+003	0.00000000e+000	7.1232e+014	1.0000e-010	0.0000e+000
2.380000e+003	2.08461055e-001	-3.19153894e+000	2.06989734e+003	0.00000000e+000	7.0660e+014	1.0000e-010	0.0000e+000
2.390000e+003	2.08668045e-001	-3.19133196e+000	2.05654492e+003	0.00000000e+000	7.0096e+014	1.0000e-010	0.0000e+000
2.400000e+003	2.08873699e-001	-3.19112630e+000	2.04329829e+003	0.00000000e+000	6.9541e+014	1.0000e-010	0.0000e+000
2.410000e+003	2.09078029e-001	-3.19092197e+000	2.03015595e+003	0.00000000e+000	6.8994e+014	1.0000e-010	0.0000e+000
2.420000e+003	2.09281045e-001	-3.19071896e+000	2.01711642e+003	0.00000000e+000	6.8454e+014	1.0000e-010	0.0000e+000
2.430000e+003	2.09482756e-001	-3.19051724e+000	2.00417823e+003	0.00000000e+000	6.7922e+014	1.0000e-010	0.0000e+000
2.440000e+003	2.09683174e-001	-3.19031683e+000	1.99133995e+003	0.00000000e+000	6.7397e+014	1.0000e-010	0.0000e+000
2.450000e+003	2.09882308e-001	-3.19011769e+000	1.97860019e+003	0.00000000e+000	6.6880e+014	1.0000e-010	0.0000e+000
2.460000e+003	2.10080168e-001	-3.18991983e+000	1.96595756e+003	0.00000000e+000	6.6370e+014	1.0000e-010	0.0000e+000
2.470000e+003	2.10276764e-001	-3.18972324e+000	1.95341070e+003	0.00000000e+000	6.5868e+014	1.0000e-010	0.0000e+000
2.480000e+003	2.10472105e-001	-3.18952790e+000	1.94095830e+003	0.00000000e+000	6.5372e+014	1.0000e-010	0.0000e+000
2.490000e+003	2.10666201e-001	-3.18933380e+000	1.92859904e+003	0.00000000e+000	6.4883e+014	1.0000e-010	0.0000e+000
2.500000e+003	2.10859061e-001	-3.18914094e+000	1.91633163e+003	0.00000000e+000	6.4401e+014	1.0000e-010	0.0000e+000
2.510000e+003	2.11050694e-001	-3.18894931e+000	1.90415483e+003	0.00000000e+000	6.3925e+014	1.0000e-010	0.0000e+000
2.520000e+003	2.11241109e-001	-3.18875889e+000	1.89206738e+003	0.00000000e+000	6.3456e+014	1.0000e-010	0.0000e+000
2.530000e+003	2.11430316e-001	-3.18856968e+000	1.88006808e+003	0.00000000e+000	6.2993e+014	1.0000e-010	0.0000e+000
2.540000e+003	2.11618323e-001	-3.18838168e+000	1.86815573e+003	0.00000000e+000	6.2537e+014	1.0000e-010	0.0000e+000
2.550000e+003	2.11805138e-001	-3.18819486e+000	1.85632915e+003	0.00000000e+000	6.2086e+014	1.0000e-010	0.0000e+000
2.560000e+003	2.11990771e-001	-3.18800923e+000	1.84458718e+003	0.00000000e+000	6.1642e+014	1.0000e-010	0.0000e+000
2.570000e+003	2.12175230e-001	-3.18782477e+000	1.83292870e+003	0.00000000e+000	6.1204e+014	1.0000e-010	0.0000e+000
2.580000e+003	2.12358523e-001	-3.18764148e+000	1.82135259e+003	0.00000000e+000	6.0772e+014	1.0000e-010	0.0000e+000
2.590000e+003	2.12540658e-001	-3.18745934e+000	1.80985775e+003	0.00000000e+000	6.0345e+014	1.0000e-010	0.0000e+000
2.600000e+003	2.12721644e-001	-3.18727836e+000	1.79844310e+003	0.00000000e+000	5.9924e+014	1.0000e-010	0.0000e+000
2.610000e+003	2.12901488e-001	-3.18709851e+000	1.78710758e+003	0.00000000e+000	5.9509e+014	1.0000e-010	0.0000e+000
2.620000e+003	2.13080199e-001	-3.18691980e+000	1.77585015e+003	0.00000000e+000	5.9099e+014	1.0000e-010	0.0000e+000
2.630000e+003	2.13257784e-001	-3.18674222e+000	1.76466979e+003	0.00000000e+000	5.8694e+014	1.0000e-010	0.0000e+000
2.640000e+003	2.13434251e-001	-3.18656575e+000	1.75356549e+003	0.00000000e+000	5.8295e+014	1.0000e-010	0.0000e+000
2.650000e+003	2.13609608e-001	-3.18639039e+000	1.74253625e+003	0.00000000e+000	5.7901e+014	1.0000e-010	0.0000e+000
2.660000e+003	2.13783861e-001	-3.18621614e+000	1.73158111e+003	0.00000000e+000	5.7512e+014	1.0000e-010	0.0000e+000
2.670000e+003	2.13957019e-001	-3.18604298e+000	1.72069909e+003	0.00000000e+000	5.7128e+014	1.0000e-010	0.0000e+000
2.680000e+003	2.14129089e-001	-3.18587091e+000	1.70988927e+003	0.00000000e+000	5.6749e+014	1.0000e-010	0.0000e+000
2.690000e+003	2.14300078e-001	-3.18569992e+000	1.69915071e+003	0.00000000e+000	5.6375e+014	1.0000e-010	0.0000e+000
2.700000e+003	2.14469993e-001	-3.18553001e+000	1.68848250e+003	0.00000000e+000	5.6006e+014	1.0000e-010	0.0000e+000
2.710000e+003	2.14638842e-001	-3.18536116e+000	1.67788374e+003	0.00000000e+000	5.5641e+014	1.0000e-010	0.0000e+000
2.720000e+003	2.14806630e-001	-3.18519337e+000	1.66735355e+003	0.00000000e+000	5.5281e+014	1.0000e-010	0.0000e+000
2.730000e+003	2.14973365e-001	-3.18502663e+000	1.65689105e+003	0.00000000e+000	5.4926e+014	1.0000e-010	0.0000e+000
2.740000e+003	2.15139054e-001	-3.18486095e+000	1.64649539e+003	0.00000000e+000	5.4575e+014	1.0000e-010	0.0000e+000
2.750000e+003	2.15303704e-001	-3.18469630e+000	1.63616574e+003	0.00000000e+000	5.4228e+014	1.0000e-010	0.0000e+000
2.760000e+003	2.15467320e-001	-3.18453268e+000	1.62590125e+003	0.00000000e+000	5.3886e+014	1.0000e-010	0.0000e+000
2.770000e+003	2.15629911e-001	-3.18437009e+000	1.61570112e+003	0.00000000e+000	5.3548e+014	1.0000e-010	0.0000e+000
2.780000e+003	2.15791481e-001	-3.18420852e+000	1.60556453e+003	0.00000000e+000	5.3215e+014	1.0000e-010	0.0000e+000
2.790000e+003	2.15952037e-001	-3.18404796e+000	1.59549071e+003	0.00000000e+000	5.2885e+014	1.0000e-010	0.0000e+000
2.800000e+003	2.16111586e-001	-3.18388841e+000	1.58547886e+003	0.00000000e+000	5.2560e+014	1.0000e-010	0.0000e+000
2.810000e+003	2.16270134e-001	-3.18372987e+000	1.57552823e+003	0.00000000e+000	5.2239e+014	1.0000e-010	0.0000e+000
2.820000e+003	2.16427687e-001	-3.18357231e+000	1.56563806e+003	0.00000000e+000	5.1921e+014	1.0000e-010	0.0000e+000
2.830000e+003	2.16584251e-001	-3.18341575e+000	1.55580761e+003	0.00000000e+000	5.1608e+014	1.0000e-010	0.0000e+000
2.840000e+003	2.16739832e-001	-3.18326017e+000	1.54603614e+003	0.00000000e+000	5.1298e+014	1.0000e-010	0.0000e+000
2.850000e+003	2.16894435e-001	-3.18310556e+000	1.53632293e+003	0.00000000e+000	5.0992e+014	1.0000e-010	0.0000e+000
2.860000e+003	2.17048067e-001	-3.18295193e+000	1.52666727e+003	0.00000000e+000	5.0690e+014	1.0000e-010	0.0000e+000
2.870000e+003	2.17200734e-001	-3.18279927e+000	1.51706846e+003	0.00000000e+000	5.0392e+014	1.0000e-010	0.0000e+000
2.880000e+003	2.17352441e-001	-3.18264756e+000	1.50752582e+003	0.00000000e+000	5.0097e+014	1.0000e-010	0.0000e+000
2.890000e+003	2.17503194e-001	-3.18249681e+000	1.49803867e+003	0.00000000e+000	4.9805e+014	1.0000e-010	0.0000e+000
2.900000e+003	2.17652997e-001	-3.18234700e+000	1.48860632e+003	0.00000000e+000	4.9518e+014	1.0000e-010	0.0000e+000
2.910000e+003	2.17801858e-001	-3.18219814e+000	1.47922814e+003	0.00000000e+000	4.9233e+014	1.0000e-010	0.0000e+000
2.920000e+003	2.17949781e-001	-3.18205022e+000	1.46990347e+003	0.00000000e+000	4.8953e+014	1.0000e-010	0.0000e+000
2.930000e+003	2.18096771e-001	-3.18190323e+000	1.46063166e+003	0.00000000e+000	4.8675e+014	1.0000e-010	0.0000e+000
2.940000e+003	2.18242834e-001	-3.18175717e+000	1.45141209e+003	0.00000000e+000	4.8401e+014	1.0000e-010	0.0000e+000
2.950000e+003	2.18387976e-001	-3.18161202e+000	1.44224413e+003	0.00000000e+000	4.8130e+014	1.0000e-010	0.0000e+000
2.960000e+003	2.18532200e-001	-3.18146780e+000	1.43312719e+003	0.00000000e+000	4.7862e+014	1.0000e-010	0.0000e+000
2.970000e+003	2.18675513e-001	-3.18132449e+000	1.42406064e+003	0.00000000e+000	4.7597e+014	1.0000e-010	0.0000e+000
2.980000e+003	2.18817919e-001	-3.18118208e+000	1.41504390e+003	0.00000000e+000	4.7336e+014	1.0000e-010	0.0000e+000
2.990000e+003	2.18959423e-001	-3.18104058e+000	1.40607637e+003	0.00000000e+000	4.7078e+014	1.0000e-010	0.0000e+000
3.000000e+003	2.19100031e-001	-3.18089997e+000	1.39715749e+003	0.00000000e+000	4.6822e+014	1.0000e-010	0.0000e+000
3.010000e+003	2.19239747e-001	-3.18076025e+000	1.38828668e+003	0.00000000e+000	4.6570e+014	1.0000e-010	0.0000e+000
3.020000e+003	2.19378575e-001	-3.18062142e+000	1.37946338e+003	0.00000000e+000	4.6320e+014	1.0000e-010	0.0000e+000
3.030000e+003	2.19516522e-001	-3.18048348e+000	1.37068704e+003	0.00000000e+000	4.6074e+014	1.0000e-010	0.0000e+000
3.040000e+003	2.19653590e-001	-3.18034641e+000	1.36195710e+003	0.00000000e+000	4.5830e+014	1.0000e-010	0.0000e+000
3.050000e+003	2.19789786e-001	-3.18021021e+000	1.35327304e+003	0.00000000e+000	4.5590e+014	1.0000e-010	0.0000e+000
3.060000e+003	2.19925113e-001	-3.18007489e+000	1.34463432e+003	0.00000000e+000	4.5352e+014	1.0000e-010	0.0000e+000
3.070000e+003	2.20059577e-001	-3.17994042e+000	1.33604041e+003	0.00000000e+000	4.5116e+014	1.0000e-010	0.0000e+000
3.080000e+003	2.20193181e-001	-3.17980682e+000	1.32749080e+003	0.00000000e+000	4.4884e+014	1.0000e-010	0.0000e+000
3.090000e+003	2.20325930e-001	-3.17967407e+000	1.31898498e+003	0.00000000e+000	4.4654e+014	1.0000e-010	0.0000e+000
3.100000e+003	2.20457828e-001	-3.17954217e+000	1.31052245e+003	0.00000000e+000	4.4427e+014	1.0000e-010	0.0000e+000
3.110000e+003	2.20588881e-001	-3.17941112e+000	1.30210270e+003	0.00000000e+000	4.4202e+014	1.0000e-010	0.0000e+000
3.120000e+003	2.20719091e-001	-3.17928091e+000	1.29372526e+003	0.00000000e+000	4.3980e+014	1.0000e-010	0.0000e+000
3.130000e+003	2.20848463e-001	-3.17915154e+000	1.28538964e+003	0.00000000e+000	4.3760e+014	1.0000e-010	0.0000e+000
3.140000e+003	2.20977002e-001	-3.17902300e+000	1.27709536e+003	0.00000000e+000	4.3543e+014	1.0000e-010	0.0000e+000
3.150000e+003	2.21104712e-001	-3.17889529e+000	1.26884196e+003	0.00000000e+000	4.3329e+014	1.0000e-010	0.0000e+000
3.160000e+003	2.21231596e-001	-3.17876840e+000	1.26062896e+003	0.00000000e+000	4.3117e+014	1.0000e-010	0.0000e+000
3.170000e+003	2.21357659e-001	-3.17864234e+000	1.25245591e+003	0.00000000e+000	4.2907e+014	1.0000e-010	0.0000e+000
3.180000e+003	2.21482905e-001	-3.17851710e+000	1.24432237e+003	0.00000000e+000	4.2700e+014	1.0000e-010	0.0000e+000
3.190000e+003	2.21607337e-001	-3.17839266e+000	1.23622788e+003	0.00000000e+000	4.2494e+014	1.0000e-010	0.0000e+000
3.200000e+003	2.21730960e-001	-3.17826904e+000	1.22817201e+003	0.00000000e+000	4.2292e+014	1.0000e-010	0.0000e+000
3.210000e+003	2.21853777e-001	-3.17814622e+000	1.22015431e+003	0.00000000e+000	4.2091e+014	1.0000e-010	0.0000e+000
3.220000e+003	2.21975792e-001	-3.17802421e+000	1.21217437e+003	0.00000000e+000	4.1893e+014	1.0000e-010	0.0000e+000
3.230000e+003	2.22097010e-001	-3.17790299e+000	1.20423176e+003	0.00000000e+000	4.1697e+014	1.0000e-010	0.0000e+000
3.240000e+003	2.22217433e-001	-3.17778257e+000	1.19632606e+003	0.00000000e+000	4.1503e+014	1.0000e-010	0.0000e+000
3.250000e+003	2.22337065e-001	-3.17766293e+000	1.18845686e+003	0.00000000e+000	4.1312e+014	1.0000e-010	0.0000e+000
3.260000e+003	2.22455911e-001	-3.17754409e+000	1.18062375e+003	0.00000000e+000	4.1122e+014	1.0000e-010	0.0000e+000
3.270000e+003	2.22573974e-001	-3.17742603e+000	1.17282634e+003	0.00000000e+000	4.0935e+014	1.0000e-010	0.0000e+000
3.280000e+003	2.22691256e-001	-3.17730874e+000	1.16506422e+003	0.00000000e+000	4.0750e+014	1.0000e-010	0.0000e+000
3.290000e+003	2.22807763e-001	-3.17719224e+000	1.15733700e+003	0.00000000e+000	4.0566e+014	1.0000e-010	0.0000e+000
3.300000e+003	2.22923496e-001	-3.17707650e+000	1.14964429e+003	0.00000000e+000	4.0385e+014	1.0000e-010	0.0000e+000
3.310000e+003	2.23038461e-001	-3.17696154e+000	1.14198572e+003	0.00000000e+000	4.0206e+014	1.0000e-010	0.0000e+000
3.320000e+003	2.23152659e-001	-3.17684734e+000	1.13436091e+003	0.00000000e+000	4.0029e+014	1.0000e-010	0.0000e+000
3.330000e+003	2.23266095e-001	-3.17673390e+000	1.12676948e+003	0.00000000e+000	3.9854e+014	1.0000e-010	0.0000e+000
3.340000e+003	2.23378772e-001	-3.17662123e+000	1.11921107e+003	0.00000000e+000	3.9680e+014	1.0000e-010	0.0000e+000
3.350000e+003	2.23490693e-001	-3.17650931e+000	1.11168531e+003	0.00000000e+000	3.9509e+014	1.0000e-010	0.0000e+000
3.360000e+003	2.23601862e-001	-3.17639814e+000	1.10419184e+003	0.00000000e+000	3.9339e+014	1.0000e-010	0.0000e+000
3.370000e+003	2.23712281e-001	-3.17628772e+000	1.09673031e+003	0.00000000e+000	3.9172e+014	1.0000e-010	0.0000e+000
3.380000e+003	2.23821954e-001	-3.17617805e+000	1.08930036e+003	0.00000000e+000	3.9006e+014	1.0000e-010	0.0000e+000
3.390000e+003	2.23930884e-001	-3.17606912e+000	1.08190166e+003	0.00000000e+000	3.8842e+014	1.0000e-010	0.0000e+000
3.400000e+003	2.24039074e-001	-3.17596093e+000	1.07453386e+003	0.00000000e+000	3.8680e+014	1.0000e-010	0.0000e+000
3.410000e+003	2.24146528e-001	-3.17585347e+000	1.06719661e+003	0.00000000e+000	3.8519e+014	1.0000e-010	0.0000e+000
3.420000e+003	2.24253247e-001	-3.17574675e+000	1.05988960e+003	0.00000000e+000	3.8361e+014	1.0000e-010	0.0000e+000
3.430000e+003	2.24359236e-001	-3.17564076e+000	1.05261247e+003	0.00000000e+000	3.8204e+014	1.0000e-010	0.0000e+000
3.440000e+003	2.24464498e-001	-3.17553550e+000	1.04536492e+003	0.00000000e+000	3.8048e+014	1.0000e-010	0.0000e+000
3.450000e+003	2.24569034e-001	-3.17543097e+000	1.03814662e+003	0.00000000e+000	3.7895e+014	1.0000e-010	0.0000e+000
3.460000e+003	2.24672849e-001	-3.17532715e+000	1.03095725e+003	0.00000000e+000	3.7743e+014	1.0000e-010	0.0000e+000
3.470000e+003	2.24775944e-001	-3.17522406e+000	1.02379648e+003	0.00000000e+000	3.7593e+014	1.0000e-010	0.0000e+000
3.480000e+003	2.24878324e-001	-3.17512168e+000	1.01666403e+003	0.00000000e+000	3.7444e+014	1.0000e-010	0.0000e+000
3.490000e+003	2.24979991e-001	-3.17502001e+000	1.00955956e+003	0.00000000e+000	3.7297e+014	1.0000e-010	0.0000e+000
3.500000e+003	2.25080947e-001	-3.17491905e+000	1.00248279e+003	0.00000000e+000	3.7152e+014	1.0000e-010	0.0000e+000
3.510000e+003	2.25181195e-001	-3.17481881e+000	9.95433400e+002	0.00000000e+000	3.7008e+014	1.0000e-010	0.0000e+000
3.520000e+003	2.25280738e-001	-3.17471926e+000	9.88411106e+002	0.00000000e+000	3.6866e+014	1.0000e-010	0.0000e+000
3.530000e+003	2.25379579e-001	-3.17462042e+000	9.81415609e+002	0.00000000e+000	3.6725e+014	1.0000e-010	0.0000e+000
3.540000e+003	2.25477721e-001	-3.17452228e+000	9.74446618e+002	0.00000000e+000	3.6586e+014	1.0000e-010	0.0000e+000
3.550000e+003	2.25575165e-001	-3.17442483e+000	9.67503847e+002	0.00000000e+000	3.6448e+014	1.0000e-010	0.0000e+000
3.560000e+003	2.25671916e-001	-3.17432808e+000	9.60587010e+002	0.00000000e+000	3.6312e+014	1.0000e-010	0.0000e+000
3.570000e+003	2.25767975e-001	-3.17423203e+000	9.53695827e+002	0.00000000e+000	3.6178e+014	1.0000e-010	0.0000e+000
3.580000e+003	2.25863344e-001	-3.17413666e+000	9.46830018e+002	0.00000000e+000	3.6044e+014	1.0000e-010	0.0000e+000
3.590000e+003	2.25958027e-001	-3.17404197e+000	9.39989310e+002	0.00000000e+000	3.5913e+014	1.0000e-010	0.0000e+000
3.600000e+003	2.26052026e-001	-3.17394797e+000	9.33173430e+002	0.00000000e+000	3.5782e+014	1.0000e-010	0.0000e+000
3.610000e+003	2.26145343e-001	-3.17385466e+000	9.26382108e+002	0.00000000e+000	3.5653e+014	1.0000e-010	0.0000e+000
3.620000e+003	2.26237982e-001	-3.17376202e+000	9.19615079e+002	0.00000000e+000	3.5526e+014	1.0000e-010	0.0000e+000
3.630000e+003	2.26329943e-001	-3.17367006e+000	9.12872079e+002	0.00000000e+000	3.5400e+014	1.0000e-010	0.0000e+000
3.640000e+003	2.26421230e-001	-3.17357877e+000	9.06152848e+002	0.00000000e+000	3.5275e+014	1.0000e-010	0.0000e+000
3.650000e+003	2.26511846e-001	-3.17348815e+000	8.99457127e+002	0.00000000e+000	3.5151e+014	1.0000e-010	0.0000e+000
3.660000e+003	2.26601791e-001	-3.17339821e+000	8.92784662e+002	0.00000000e+000	3.5029e+014	1.0000e-010	0.0000e+000
3.670000e+003	2.26691070e-001	-3.17330893e+000	8.86135201e+002	0.00000000e+000	3.4909e+014	1.0000e-010	0.0000e+000
3.680000e+003	2.26779683e-001	-3.17322032e+000	8.79508492e+002	0.00000000e+000	3.4789e+014	1.0000e-010	0.0000e+000
3.690000e+003	2.26867634e-001	-3.17313237e+000	8.72904291e+002	0.00000000e+000	3.4671e+014	1.0000e-010	0.0000e+000
3.700000e+003	2.26954925e-001	-3.17304508e+000	8.66322351e+002	0.00000000e+000	3.4554e+014	1.0000e-010	0.0000e+000
3.710000e+003	2.27041557e-001	-3.17295844e+000	8.59762430e+002	0.00000000e+000	3.4439e+014	1.0000e-010	0.0000e+000
3.720000e+003	2.27127533e-001	-3.17287247e+000	8.53224290e+002	0.00000000e+000	3.4324e+014	1.0000e-010	0.0000e+000
3.730000e+003	2.27212855e-001	-3.17278714e+000	8.46707693e+002	0.00000000e+000	3.4211e+014	1.0000e-010	0.0000e+000
3.740000e+003	2.27297526e-001	-3.17270247e+000	8.40212404e+002	0.00000000e+000	3.4099e+014	1.0000e-010	0.0000e+000
3.750000e+003	2.27381548e-001	-3.17261845e+000	8.33738191e+002	0.00000000e+000	3.3989e+014	1.0000e-010	0.0000e+000
3.760000e+003	2.27464921e-001	-3.17253508e+000	8.27284825e+002	0.00000000e+000	3.3879e+014	1.0000e-010	0.0000e+000
3.770000e+003	2.27547650e-001	-3.17245235e+000	8.20852076e+002	0.00000000e+000	3.3771e+014	1.0000e-010	0.0000e+000
3.780000e+003	2.27629735e-001	-3.17237026e+000	8.14439720e+002	0.00000000e+000	3.3664e+014	1.0000e-010	0.0000e+000
3.790000e+003	2.27711179e-001	-3.17228882e+000	8.08047534e+002	0.00000000e+000	3.3558e+014	1.0000e-010	0.0000e+000
3.800000e+003	2.27791984e-001	-3.17220802e+000	8.01675297e+002	0.00000000e+000	3.3453e+014	1.0000e-010	0.0000e+000
3.810000e+003	2.27872151e-001	-3.17212785e+000	7.95322790e+002	0.00000000e+000	3.3350e+014	1.0000e-010	0.0000e+000
3.820000e+003	2.27951684e-001	-3.17204832e+000	7.88989795e+002	0.00000000e+000	3.3247e+014	1.0000e-010	0.0000e+000
3.830000e+003	2.28030583e-001	-3.17196942e+000	7.82676099e+002	0.00000000e+000	3.3146e+014	1.0000e-010	0.0000e+000
3.840000e+003	2.28108850e-001	-3.17189115e+000	7.76381489e+002	0.00000000e+000	3.3046e+014	1.0000e-010	0.0000e+000
3.850000e+003	2.28186488e-001	-3.17181351e+000	7.70105755e+002	0.00000000e+000	3.2947e+014	1.0000e-010	0.0000e+000
3.860000e+003	2.28263499e-001	-3.17173650e+000	7.63848688e+002	0.00000000e+000	3.2849e+014	1.0000e-010	0.0000e+000
3.870000e+003	2.28339884e-001	-3.17166012e+000	7.57610081e+002	0.00000000e+000	3.2752e+014	1.0000e-010	0.0000e+000
3.880000e+003	2.28415645e-001	-3.17158436e+000	7.51389730e+002	0.00000000e+000	3.2656e+014	1.0000e-010	0.0000e+000
3.890000e+003	2.28490784e-001	-3.17150922e+000	7.45187432e+002	0.00000000e+000	3.2561e+014	1.0000e-010	0.0000e+000
3.900000e+003	2.28565302e-001	-3.17143470e+000	7.39002986e+002	0.00000000e+000	3.2467e+014	1.0000e-010	0.0000e+000
3.910000e+003	2.28639203e-001	-3.17136080e+000	7.32836195e+002	0.00000000e+000	3.2375e+014	1.0000e-010	0.0000e+000
3.920000e+003	2.28712486e-001	-3.17128751e+000	7.26686859e+002	0.00000000e+000	3.2283e+014	1.0000e-010	0.0000e+000
3.930000e+003	2.28785155e-001	-3.17121484e+000	7.20554785e+002	0.00000000e+000	3.2192e+014	1.0000e-010	0.0000e+000
3.940000e+003	2.28857211e-001	-3.17114279e+000	7.14439779e+002	0.00000000e+000	3.2103e+014	1.0000e-010	0.0000e+000
3.950000e+003	2.28928655e-001	-3.17107135e+000	7.08341649e+002	0.00000000e+000	3.2014e+014	1.0000e-010	0.0000e+000
3.960000e+003	2.28999489e-001	-3.17100051e+000	7.02260204e+002	0.00000000e+000	3.1927e+014	1.0000e-010	0.0000e+000
3.970000e+003	2.29069715e-001	-3.17093029e+000	6.96195257e+002	0.00000000e+000	3.1840e+014	1.0000e-010	0.0000e+000
3.980000e+003	2.29139334e-001	-3.17086067e+000	6.90146621e+002	0.00000000e+000	3.1754e+014	1.0000e-010	0.0000e+000
3.990000e+003	2.29208349e-001	-3.17079165e+000	6.84114111e+002	0.00000000e+000	3.1670e+014	1.0000e-010	0.0000e+000
4.000000e+003	2.29276760e-001	-3.17072324e+000	6.78097544e+002	0.00000000e+000	3.1586e+014	1.0000e-010	0.0000e+000
4.010000e+003	2.29344570e-001	-3.17065543e+000	6.72096737e+002	0.00000000e+000	3.1503e+014	1.0000e-010	0.0000e+000
4.020000e+003	2.29411780e-001	-3.17058822e+000	6.66111511e+002	0.00000000e+000	3.1422e+014	1.0000e-010	0.0000e+000
4.030000e+003	2.29478391e-001	-3.17052161e+000	6.60141687e+002	0.00000000e+000	3.1341e+014	1.0000e-010	0.0000e+000
4.040000e+003	2.29544405e-001	-3.17045559e+000	6.54187088e+002	0.00000000e+000	3.1261e+014	1.0000e-010	0.0000e+000
4.050000e+003	2.29609824e-001	-3.17039018e+000	6.48247538e+002	0.00000000e+000	3.1182e+014	1.0000e-010	0.0000e+000
4.060000e+003	2.29674649e-001	-3.17032535e+000	6.42322862e+002	0.00000000e+000	3.1104e+014	1.0000e-010	0.0000e+000
4.070000e+003	2.29738881e-001	-3.17026112e+000	6.36412889e+002	0.00000000e+000	3.1026e+014	1.0000e-010	0.0000e+000
4.080000e+003	2.29802522e-001	-3.17019748e+000	6.30517447e+002	0.00000000e+000	3.0950e+014	1.0000e-010	0.0000e+000
4.090000e+003	2.29865574e-001	-3.17013443e+000	6.24636366e+002	0.00000000e+000	3.0875e+014	1.0000e-010	0.0000e+000
4.100000e+003	2.29928037e-001	-3.17007196e+000	6.18769478e+002	0.00000000e+000	3.0800e+014	1.0000e-010	0.0000e+000
4.110000e+003	2.29989914e-001	-3.17001009e+000	6.12916616e+002	0.00000000e+000	3.0727e+014	1.0000e-010	0.0000e+000
4.120000e+003	2.30051206e-001	-3.16994879e+000	6.07077613e+002	0.00000000e+000	3.0654e+014	1.0000e-010	0.0000e+000
4.130000e+003	2.30111914e-001	-3.16988809e+000	6.01252306e+002	0.00000000e+000	3.0582e+014	1.0000e-010	0.0000e+000
4.140000e+003	2.30172039e-001	-3.16982796e+000	5.95440532e+002	0.00000000e+000	3.0511e+014	1.0000e-010	0.0000e+000
4.150000e+003	2.30231583e-001	-3.16976842e+000	5.89642128e+002	0.00000000e+000	3.0441e+014	1.0000e-010	0.0000e+000
4.160000e+003	2.30290547e-001	-3.16970945e+000	5.83856934e+002	0.00000000e+000	3.0371e+014	1.0000e-010	0.0000e+000
4.170000e+003	2.30348933e-001	-3.16965107e+000	5.78084791e+002	0.00000000e+000	3.0303e+014	1.0000e-010	0.0000e+000
4.180000e+003	2.30406742e-001	-3.16959326e+000	5.72325541e+002	0.00000000e+000	3.0235e+014	1.0000e-010	0.0000e+000
4.190000e+003	2.30463974e-001	-3.16953603e+000	5.66579027e+002	0.00000000e+000	3.0168e+014	1.0000e-010	0.0000e+000
4.200000e+003	2.30520632e-001	-3.16947937e+000	5.60845094e+002	0.00000000e+000	3.0102e+014	1.0000e-010	0.0000e+000
4.210000e+003	2.30576716e-001	-3.16942328e+000	5.55123586e+002	0.00000000e+000	3.0037e+014	1.0000e-010	0.0000e+000
4.220000e+003	2.30632229e-001	-3.16936777e+000	5.49414352e+002	0.00000000e+000	2.9973e+014	1.0000e-010	0.0000e+000
4.230000e+003	2.30687170e-001	-3.16931283e+000	5.43717237e+002	0.00000000e+000	2.9909e+014	1.0000e-010	0.0000e+000
4.240000e+003	2.30741542e-001	-3.16925846e+000	5.38032093e+002	0.00000000e+000	2.9846e+014	1.0000e-010	0.0000e+000
4.250000e+003	2.30795345e-001	-3.16920465e+000	5.32358767e+002	0.00000000e+000	2.9784e+014	1.0000e-010	0.0000e+000
4.260000e+003	2.30848581e-001	-3.16915142e+000	5.26697113e+002	0.00000000e+000	2.9723e+014	1.0000e-010	0.0000e+000
4.270000e+003	2.30901251e-001	-3.16909875e+000	5.21046982e+002	0.00000000e+000	2.9662e+014	1.0000e-010	0.0000e+000
4.280000e+003	2.30953355e-001	-3.16904664e+000	5.15408227e+002	0.00000000e+000	2.9603e+014	1.0000e-010	0.0000e+000
4.290000e+003	2.31004896e-001	-3.16899510e+000	5.09780703e+002	0.00000000e+000	2.9544e+014	1.0000e-010	0.0000e+000
4.300000e+003	2.31055874e-001	-3.16894413e+000	5.04164265e+002	0.00000000e+000	2.9486e+014	1.0000e-010	0.0000e+000
4.310000e+003	2.31106291e-001	-3.16889371e+000	4.98558769e+002	0.00000000e+000	2.9428e+014	1.0000e-010	0.0000e+000
4.320000e+003	2.31156147e-001	-3.16884385e+000	4.92964074e+002	0.00000000e+000	2.9371e+014	1.0000e-010	0.0000e+000
4.330000e+003	2.31205443e-001	-3.16879456e+000	4.87380036e+002	0.00000000e+000	2.9315e+014	1.0000e-010	0.0000e+000
4.340000e+003	2.31254181e-001	-3.16874582e+000	4.81806516e+002	0.00000000e+000	2.9260e+014	1.0000e-010	0.0000e+000
4.350000e+003	2.31302362e-001	-3.16869764e+000	4.76243374e+002	0.00000000e+000	2.9206e+014	1.0000e-010	0.0000e+000
4.360000e+003	2.31349986e-001	-3.16865001e+000	4.70690470e+002	0.00000000e+000	2.9152e+014	1.0000e-010	0.0000e+000
4.370000e+003	2.31397055e-001	-3.16860294e+000	4.65147668e+002	0.00000000e+000	2.9099e+014	1.0000e-010	0.0000e+000
4.380000e+003	2.31443570e-001	-3.16855643e+000	4.59614830e+002	0.00000000e+000	2.9047e+014	1.0000e-010	0.0000e+000
4.390000e+003	2.31489531e-001	-3.16851047e+000	4.54091820e+002	0.00000000e+000	2.8995e+014	1.0000e-010	0.0000e+000
4.400000e+003	2.31534941e-001	-3.16846506e+000	4.48578502e+002	0.00000000e+000	2.8944e+014	1.0000e-010	0.0000e+000
4.410000e+003	2.31579798e-001	-3.16842020e+000	4.43074743e+002	0.00000000e+000	2.8894e+014	1.0000e-010	0.0000e+000
4.420000e+003	2.31624106e-001	-3.16837589e+000	4.37580408e+002	0.00000000e+000	2.8845e+014	1.0000e-010	0.0000e+000
4.430000e+003	2.31667864e-001	-3.16833214e+000	4.32095366e+002	0.00000000e+000	2.8796e+014	1.0000e-010	0.0000e+000
4.440000e+003	2.31711073e-001	-3.16828893e+000	4.26619483e+002	0.00000000e+000	2.8748e+014	1.0000e-010	0.0000e+000
4.450000e+003	2.31753735e-001	-3.16824626e+000	4.21152630e+002	0.00000000e+000	2.8700e+014	1.0000e-010	0.0000e+000
4.460000e+003	2.31795851e-001	-3.16820415e+000	4.15694676e+002	0.00000000e+000	2.8654e+014	1.0000e-010	0.0000e+000
4.470000e+003	2.31837420e-001	-3.16816258e+000	4.10245490e+002	0.00000000e+000	2.8607e+014	1.0000e-010	0.0000e+000
4.480000e+003	2.31878445e-001	-3.16812156e+000	4.04804945e+002	0.00000000e+000	2.8562e+014	1.0000e-010	0.0000e+000
4.490000e+003	2.31918925e-001	-3.16808107e+000	3.99372913e+002	0.00000000e+000	2.8517e+014	1.0000e-010	0.0000e+000
4.500000e+003	2.31958862e-001	-3.16804114e+000	3.93949266e+002	0.00000000e+000	2.8473e+014	1.0000e-010	0.0000e+000
4.510000e+003	2.31998257e-001	-3.16800174e+000	3.88533877e+002	0.00000000e+000	2.8430e+014	1.0000e-010	0.0000e+000
4.520000e+003	2.32037111e-001	-3.16796289e+000	3.83126621e+002	0.00000000e+000	2.8387e+014	1.0000e-010	0.0000e+000
4.530000e+003	2.32075423e-001	-3.16792458e+000	3.77727373e+002	0.00000000e+000	2.8345e+014	1.0000e-010	0.0000e+000
4.540000e+003	2.32113196e-001	-3.16788680e+000	3.72336008e+002	0.00000000e+000	2.8304e+014	1.0000e-010	0.0000e+000
4.550000e+003	2.32150430e-001	-3.16784957e+000	3.66952402e+002	0.00000000e+000	2.8263e+014	1.0000e-010	0.0000e+000
4.560000e+003	2.32187125e-001	-3.16781287e+000	3.61576433e+002	0.00000000e+000	2.8223e+014	1.0000e-010	0.0000e+000
4.570000e+003	2.32223283e-001	-3.16777672e+000	3.56207977e+002	0.00000000e+000	2.8184e+014	1.0000e-010	0.0000e+000
4.580000e+003	2.32258903e-001	-3.16774110e+000	3.50846914e+002	0.00000000e+000	2.8145e+014	1.0000e-010	0.0000e+000
4.590000e+003	2.32293988e-001	-3.16770601e+000	3.45493121e+002	0.00000000e+000	2.8107e+014	1.0000e-010	0.0000e+000
4.600000e+003	2.32328537e-001	-3.16767146e+000	3.40146478e+002	0.00000000e+000	2.8069e+014	1.0000e-010	0.0000e+000
4.610000e+003	2.32362552e-001	-3.16763745e+000	3.34806865e+002	0.00000000e+000	2.8032e+014	1.0000e-010	0.0000e+000
4.620000e+003	2.32396033e-001	-3.16760397e+000	3.29474164e+002	0.00000000e+000	2.7996e+014	1.0000e-010	0.0000e+000
4.630000e+003	2.32428980e-001	-3.16757102e+000	3.24148254e+002	0.00000000e+000	2.7960e+014	1.0000e-010	0.0000e+000
4.640000e+003	2.32461395e-001	-3.16753860e+000	3.18829018e+002	0.00000000e+000	2.7925e+014	1.0000e-010	0.0000e+000
4.650000e+003	2.32493278e-001	-3.16750672e+000	3.13516338e+002	0.00000000e+000	2.7891e+014	1.0000e-010	0.0000e+000
4.660000e+003	2.32524630e-001	-3.16747537e+000	3.08210097e+002	0.00000000e+000	2.7857e+014	1.0000e-010	0.0000e+000
4.670000e+003	2.32555451e-001	-3.16744455e+000	3.02910179e+002	0.00000000e+000	2.7824e+014	1.0000e-010	0.0000e+000
4.680000e+003	2.32585742e-001	-3.16741426e+000	2.97616467e+002	0.00000000e+000	2.7791e+014	1.0000e-010	0.0000e+000
4.690000e+003	2.32615503e-001	-3.16738450e+000	2.92328845e+002	0.00000000e+000	2.7759e+014	1.0000e-010	0.0000e+000
4.700000e+003	2.32644736e-001	-3.16735526e+000	2.87047200e+002	0.00000000e+000	2.7728e+014	1.0000e-010	0.0000e+000
4.710000e+003	2.32673441e-001	-3.16732656e+000	2.81771415e+002	0.00000000e+000	2.7697e+014	1.0000e-010	0.0000e+000
4.720000e+003	2.32701618e-001	-3.16729838e+000	2.76501378e+002	0.00000000e+000	2.7667e+014	1.0000e-010	0.0000e+000
4.730000e+003	2.32729268e-001	-3.16727073e+000	2.71236974e+002	0.00000000e+000	2.7637e+014	1.0000e-010	0.0000e+000
4.740000e+003	2.32756392e-001	-3.16724361e+000	2.65978091e+002	0.00000000e+000	2.7608e+014	1.0000e-010	0.0000e+000
4.750000e+003	2.32782990e-001	-3.16721701e+000	2.60724616e+002	0.00000000e+000	2.7580e+014	1.0000e-010	0.0000e+000
4.760000e+003	2.32809062e-001	-3.16719094e+000	2.55476436e+002	0.00000000e+000	2.7552e+014	1.0000e-010	0.0000e+000
4.770000e+003	2.32834610e-001	-3.16716539e+000	2.50233440e+002	0.00000000e+000	2.7525e+014	1.0000e-010	0.0000e+000
4.780000e+003	2.32859633e-001	-3.16714037e+000	2.44995516e+002	0.00000000e+000	2.7498e+014	1.0000e-010	0.0000e+000
4.790000e+003	2.32884133e-001	-3.16711587e+000	2.39762554e+002	0.00000000e+000	2.7472e+014	1.0000e-010	0.0000e+000
4.800000e+003	2.32908109e-001	-3.16709189e+000	2.34534444e+002	0.00000000e+000	2.7447e+014	1.0000e-010	0.0000e+000
4.810000e+003	2.32931562e-001	-3.16706844e+000	2.29311074e+002	0.00000000e+000	2.7422e+014	1.0000e-010	0.0000e+000
4.820000e+003	2.32954493e-001	-3.16704551e+000	2.24092335e+002	0.00000000e+000	2.7398e+014	1.0000e-010	0.0000e+000
4.830000e+003	2.32976903e-001	-3.16702310e+000	2.18878118e+002	0.00000000e+000	2.7374e+014	1.0000e-010	0.0000e+000
4.840000e+003	2.32998791e-001	-3.16700121e+000	2.13668313e+002	0.00000000e+000	2.7351e+014	1.0000e-010	0.0000e+000
4.850000e+003	2.33020157e-001	-3.16697984e+000	2.08462813e+002	0.00000000e+000	2.7328e+014	1.0000e-010	0.0000e+000
4.860000e+003	2.33041004e-001	-3.16695900e+000	2.03261509e+002	0.00000000e+000	2.7306e+014	1.0000e-010	0.0000e+000
4.870000e+003	2.33061330e-001	-3.16693867e+000	1.98064293e+002	0.00000000e+000	2.7285e+014	1.0000e-010	0.0000e+000
4.880000e+003	2.33081136e-001	-3.16691886e+000	1.92871057e+002	0.00000000e+000	2.7264e+014	1.0000e-010	0.0000e+000
4.890000e+003	2.33100423e-001	-3.16689958e+000	1.87681694e+002	0.00000000e+000	2.7243e+014	1.0000e-010	0.0000e+000
4.900000e+003	2.33119191e-001	-3.16688081e+000	1.82496097e+002	0.00000000e+000	2.7224e+014	1.0000e-010	0.0000e+000
4.910000e+003	2.33137441e-001	-3.16686256e+000	1.77314159e+002	0.00000000e+000	2.7205e+014	1.0000e-010	0.0000e+000
4.920000e+003	2.33155173e-001	-3.16684483e+000	1.72135775e+002	0.00000000e+000	2.7186e+014	1.0000e-010	0.0000e+000
4.930000e+003	2.33172386e-001	-3.16682761e+000	1.66960837e+002	0.00000000e+000	2.7168e+014	1.0000e-010	0.0000e+000
4.940000e+003	2.33189082e-001	-3.16681092e+000	1.61789240e+002	0.00000000e+000	2.7150e+014	1.0000e-010	0.0000e+000
4.950000e+003	2.33205261e-001	-3.16679474e+000	1.56620879e+002	0.00000000e+000	2.7133e+014	1.0000e-010	0.0000e+000
4.960000e+003	2.33220923e-001	-3.16677908e+000	1.51455648e+002	0.00000000e+000	2.7117e+014	1.0000e-010	0.0000e+000
4.970000e+003	2.33236069e-001	-3.16676393e+000	1.46293443e+002	0.00000000e+000	2.7101e+014	1.0000e-010	0.0000e+000
4.980000e+003	2.33250698e-001	-3.16674930e+000	1.41134157e+002	0.00000000e+000	2.7086e+014	1.0000e-010	0.0000e+000
4.990000e+003	2.33264812e-001	-3.16673519e+000	1.35977688e+002	0.00000000e+000	2.7071e+014	1.0000e-010	0.0000e+000
5.000000e+003	2.33278409e-001	-3.16672159e+000	1.30823930e+002	0.00000000e+000	2.7057e+014	1.0000e-010	0.0000e+000
5.010000e+003	2.33291492e-001	-3.16670851e+000	1.25672779e+002	0.00000000e+000	2.7043e+014	1.0000e-010	0.0000e+000
5.020000e+003	2.33304059e-001	-3.16669594e+000	1.20524132e+002	0.00000000e+000	2.7030e+014	1.0000e-010	0.0000e+000
5.030000e+003	2.33316111e-001	-3.16668389e+000	1.15377885e+002	0.00000000e+000	2.7017e+014	1.0000e-010	0.0000e+000
5.040000e+003	2.33327649e-001	-3.16667235e+000	1.10233934e+002	0.00000000e+000	2.7005e+014	1.0000e-010	0.0000e+000
5.050000e+003	2.33338673e-001	-3.16666133e+000	1.05092176e+002	0.00000000e+000	2.6994e+014	1.0000e-010	0.0000e+000
5.060000e+003	2.33349182e-001	-3.16665082e+000	9.99525079e+001	0.00000000e+000	2.6983e+014	1.0000e-010	0.0000e+000
5.070000e+003	2.33359177e-001	-3.16664082e+000	9.48148264e+001	0.00000000e+000	2.6972e+014	1.0000e-010	0.0000e+000
5.080000e+003	2.33368658e-001	-3.16663134e+000	8.96790288e+001	0.00000000e+000	2.6962e+014	1.0000e-010	0.0000e+000
5.090000e+003	2.33377626e-001	-3.16662237e+000	8.45450126e+001	0.00000000e+000	2.6953e+014	1.0000e-010	0.0000e+000
5.100000e+003	2.33386081e-001	-3.16661392e+000	7.94126750e+001	0.00000000e+000	2.6944e+014	1.0000e-010	0.0000e+000
5.110000e+003	2.33394022e-001	-3.16660598e+000	7.42819138e+001	0.00000000e+000	2.6936e+014	1.0000e-010	0.0000e+000
5.120000e+003	2.33401450e-001	-3.16659855e+000	6.91526266e+001	0.00000000e+000	2.6928e+014	1.0000e-010	0.0000e+000
5.130000e+003	2.33408366e-001	-3.16659163e+000	6.40247113e+001	0.00000000e+000	2.6921e+014	1.0000e-010	0.0000e+000
5.140000e+003	2.33414768e-001	-3.16658523e+000	5.88980658e+001	0.00000000e+000	2.6914e+014	1.0000e-010	0.0000e+000
5.150000e+003	2.33420658e-001	-3.16657934e+000	5.37725882e+001	0.00000000e+000	2.6908e+014	1.0000e-010	0.0000e+000
5.160000e+003	2.33426035e-001	-3.16657396e+000	4.86481765e+001	0.00000000e+000	2.6903e+014	1.0000e-010	0.0000e+000
5.170000e+003	2.33430900e-001	-3.16656910e+000	4.35247291e+001	0.00000000e+000	2.6897e+014	1.0000e-010	0.0000e+000
5.180000e+003	2.33435252e-001	-3.16656475e+000	3.84021442e+001	0.00000000e+000	2.6893e+014	1.0000e-010	0.0000e+000
5.190000e+003	2.33439093e-001	-3.16656091e+000	3.32803202e+001	0.00000000e+000	2.6889e+014	1.0000e-010	0.0000e+000
5.200000e+003	2.33442421e-001	-3.16655758e+000	2.81591555e+001	0.00000000e+000	2.6885e+014	1.0000e-010	0.0000e+000
5.210000e+003	2.33445237e-001	-3.16655476e+000	2.30385486e+001	0.00000000e+000	2.6883e+014	1.0000e-010	0.0000e+000
5.220000e+003	2.33447540e-001	-3.16655246e+000	1.79183980e+001	0.00000000e+000	2.6880e+014	1.0000e-010	0.0000e+000
5.230000e+003	2.33449332e-001	-3.16655067e+000	1.27986022e+001	0.00000000e+000	2.6878e+014	1.0000e-010	0.0000e+000
5.240000e+003	2.33450612e-001	-3.16654939e+000	7.67905996e+000	0.00000000e+000	2.6877e+014	1.0000e-010	0.0000e+000
5.250000e+003	2.33451380e-001	-3.16654862e+000	2.55966976e+000	0.00000000e+000	2.6876e+014	1.0000e-010	0.0000e+000
5.260000e+003	2.33451636e-001	-3.16654836e+000	2.55966976e+000	0.00000000e+000	2.6876e+014	1.0000e-010	0.0000e+000
