Y (ang)	el Psi 1	el Psi 2	el Psi 3	el Psi 4	el Psi 5	el Psi 6	el Psi 7	el Psi 8	el Psi 9	el Psi 10	el Psi 11
2.000000e+001	3.2083e-021	-9.4040e-021	1.4507e-020	-1.8982e-020	2.3089e-020	-2.6945e-020	3.0617e-020	-3.4144e-020	3.7555e-020	-4.1014e-020	4.5927e-020
3.000000e+001	2.2445e-020	-6.1788e-020	9.2706e-020	-1.1921e-019	1.4316e-019	-1.6541e-019	1.8641e-019	-2.0643e-019	2.2567e-019	-2.4513e-019	2.7313e-019
4.000000e+001	9.0574e-020	-2.2249e-019	3.1673e-019	-3.9376e-019	4.6125e-019	-5.2247e-019	5.7916e-019	-6.3234e-019	6.8276e-019	-7.3345e-019	8.0887e-019
5.000000e+001	4.1558e-019	-9.1954e-019	1.2473e-018	-1.5031e-018	1.7207e-018	-1.9136e-018	2.0890e-018	-2.2510e-018	2.4026e-018	-2.5546e-018	2.7903e-018
6.000000e+001	2.1690e-018	-4.3862e-018	5.7100e-018	-6.7031e-018	7.5262e-018	-8.2425e-018	8.8841e-018	-9.4692e-018	1.0011e-017	-1.0553e-017	1.1437e-017
7.000000e+001	1.2558e-017	-2.3450e-017	2.9450e-017	-3.3792e-017	3.7311e-017	-4.0326e-017	4.2990e-017	-4.5395e-017	4.7600e-017	-4.9816e-017	5.3623e-017
8.000000e+001	7.9062e-017	-1.3732e-016	1.6695e-016	-1.8768e-016	2.0414e-016	-2.1804e-016	2.3018e-016	-2.4104e-016	2.5091e-016	-2.6091e-016	2.7917e-016
9.000000e+001	5.3275e-016	-8.6526e-016	1.0210e-015	-1.1263e-015	1.2083e-015	-1.2767e-015	1.3358e-015	-1.3882e-015	1.4355e-015	-1.4838e-015	1.5791e-015
1.000000e+002	3.7929e-015	-5.7833e-015	6.6353e-015	-7.1917e-015	7.6171e-015	-7.9668e-015	8.2663e-015	-8.5295e-015	8.7658e-015	-9.0116e-015	9.5414e-015
1.100000e+002	2.8218e-014	-4.0512e-014	4.5257e-014	-4.8238e-014	5.0472e-014	-5.2285e-014	5.3823e-014	-5.5164e-014	5.6361e-014	-5.7641e-014	6.0738e-014
1.200000e+002	2.1724e-013	-2.9431e-013	3.2047e-013	-3.3612e-013	3.4759e-013	-3.5678e-013	3.6450e-013	-3.7118e-013	3.7711e-013	-3.8376e-013	4.0252e-013
1.300000e+002	1.7154e-012	-2.1966e-012	2.3330e-012	-2.4090e-012	2.4631e-012	-2.5057e-012	2.5412e-012	-2.5716e-012	2.5985e-012	-2.6316e-012	2.7480e-012
1.400000e+002	1.3781e-011	-1.6696e-011	1.7305e-011	-1.7597e-011	1.7793e-011	-1.7943e-011	1.8066e-011	-1.8171e-011	1.8264e-011	-1.8409e-011	1.9140e-011
1.500000e+002	1.1175e-010	-1.2817e-010	1.2967e-010	-1.2988e-010	1.2988e-010	-1.2985e-010	1.2982e-010	-1.2978e-010	1.2976e-010	-1.3018e-010	1.3477e-010
1.600000e+002	9.0773e-010	-9.8568e-010	9.7347e-010	-9.6041e-010	9.4995e-010	-9.4156e-010	9.3464e-010	-9.2875e-010	9.2371e-010	-9.2242e-010	9.5081e-010
1.700000e+002	7.3294e-009	-7.5326e-009	7.2610e-009	-7.0554e-009	6.9019e-009	-6.7818e-009	6.6839e-009	-6.6015e-009	6.5310e-009	-6.4914e-009	6.6623e-009
1.800000e+002	5.8367e-008	-5.6728e-008	5.3352e-008	-5.1047e-008	4.9378e-008	-4.8093e-008	4.7055e-008	-4.6189e-008	4.5451e-008	-4.4960e-008	4.5942e-008
1.900000e+002	4.5464e-007	-4.1734e-007	3.8272e-007	-3.6043e-007	3.4466e-007	-3.3266e-007	3.2307e-007	-3.1512e-007	3.0837e-007	-3.0356e-007	3.0878e-007
2.000000e+002	3.4334e-006	-2.9710e-006	2.6544e-006	-2.4591e-006	2.3236e-006	-2.2218e-006	2.1411e-006	-2.0747e-006	2.0187e-006	-1.9771e-006	2.0018e-006
2.100000e+002	2.4893e-005	-2.0253e-005	1.7607e-005	-1.6034e-005	1.4962e-005	-1.4166e-005	1.3541e-005	-1.3031e-005	1.2604e-005	-1.2278e-005	1.2370e-005
2.200000e+002	1.7136e-004	-1.3063e-004	1.1032e-004	-9.8649e-005	9.0839e-005	-8.5112e-005	8.0659e-005	-7.7051e-005	7.4048e-005	-7.1728e-005	7.1887e-005
2.300000e+002	1.1056e-003	-7.8595e-004	6.4339e-004	-5.6414e-004	5.1208e-004	-4.7440e-004	4.4540e-004	-4.2210e-004	4.0285e-004	-3.8783e-004	3.8648e-004
2.400000e+002	6.5820e-003	-4.3358e-003	3.4302e-003	-2.9434e-003	2.6298e-003	-2.4061e-003	2.2359e-003	-2.1004e-003	1.9892e-003	-1.9021e-003	1.8835e-003
2.500000e+002	3.5456e-002	-2.1454e-002	1.6334e-002	-1.3678e-002	1.2005e-002	-1.0829e-002	9.9458e-003	-9.2501e-003	8.6844e-003	-8.2395e-003	8.1008e-003
2.600000e+002	1.6843e-001	-9.2437e-002	6.7307e-002	-5.4780e-002	4.7079e-002	-4.1768e-002	3.7833e-002	-3.4773e-002	3.2310e-002	-3.0373e-002	2.9606e-002
2.700000e+002	1.8455e-001	-5.9965e-002	3.0834e-002	-1.8654e-002	1.2049e-002	-7.9360e-003	5.1464e-003	-3.1426e-003	1.6426e-003	-4.8359e-004	-4.7944e-004
2.800000e+002	1.4545e-001	1.5956e-002	-3.3530e-002	3.6408e-002	-3.6167e-002	3.5070e-002	-3.3749e-002	3.2412e-002	-3.1136e-002	3.0043e-002	-2.9919e-002
2.900000e+002	9.8337e-002	8.4210e-002	-7.5748e-002	6.3398e-002	-5.3629e-002	4.6092e-002	-4.0166e-002	3.5396e-002	-3.1482e-002	2.8301e-002	-2.6332e-002
3.000000e+002	6.0687e-002	1.2474e-001	-7.9396e-002	5.1097e-002	-3.3602e-002	2.2052e-002	-1.4005e-002	8.1667e-003	-3.7977e-003	4.4367e-004	2.3375e-003
3.100000e+002	3.5183e-002	1.3718e-001	-5.0869e-002	1.2440e-002	6.4222e-003	-1.6472e-002	2.2059e-002	-2.5185e-002	2.6873e-002	-2.7777e-002	2.9023e-002
3.200000e+002	1.9472e-002	1.2945e-001	-5.7071e-003	-3.1661e-002	4.3127e-002	-4.5466e-002	4.4250e-002	-4.1627e-002	3.8513e-002	-3.5426e-002	3.3350e-002
3.300000e+002	1.0394e-002	1.1074e-001	4.0967e-002	-6.3877e-002	6.0222e-002	-5.0984e-002	4.1365e-002	-3.2709e-002	2.5274e-002	-1.9041e-002	1.4058e-002
3.400000e+002	5.3874e-003	8.8314e-002	7.8889e-002	-7.5385e-002	5.3019e-002	-3.2788e-002	1.7156e-002	-5.5385e-003	-2.9979e-003	9.2860e-003	-1.4470e-002
3.500000e+002	2.7247e-003	6.6739e-002	1.0337e-001	-6.5718e-002	2.6719e-002	-7.6017e-004	-1.5154e-002	2.4483e-002	-2.9616e-002	3.2191e-002	-3.4117e-002
3.600000e+002	1.3495e-003	4.8307e-002	1.1412e-001	-4.0049e-002	-8.2050e-003	3.1560e-002	-4.0875e-002	4.2818e-002	-4.1009e-002	3.7503e-002	-3.4104e-002
3.700000e+002	6.5633e-004	3.3740e-002	1.1345e-001	-5.9480e-003	-4.0751e-002	5.2785e-002	-5.0169e-002	4.2125e-002	-3.2670e-002	2.3554e-002	-1.5559e-002
3.800000e+002	3.1411e-004	2.2863e-002	1.0477e-001	2.9231e-002	-6.2681e-002	5.7006e-002	-4.0774e-002	2.3948e-002	-9.5700e-003	-1.8005e-003	1.0983e-002
3.900000e+002	1.4819e-004	1.5092e-002	9.1464e-002	5.9888e-002	-6.9944e-002	4.4372e-002	-1.7270e-002	-3.5339e-003	1.7600e-002	-2.6331e-002	3.2171e-002
4.000000e+002	6.9011e-005	9.7365e-003	7.6328e-002	8.2725e-002	-6.2527e-002	1.9690e-002	1.1792e-002	-2.9728e-002	3.7709e-002	-3.9445e-002	3.8452e-002
4.100000e+002	3.1763e-005	6.1544e-003	6.1356e-002	9.6594e-002	-4.3374e-002	-9.9018e-003	3.7321e-002	-4.5748e-002	4.3527e-002	-3.6329e-002	2.7767e-002
4.200000e+002	1.4462e-005	3.8196e-003	4.7774e-002	1.0197e-001	-1.6968e-002	-3.7227e-002	5.2428e-002	-4.7048e-002	3.3738e-002	-1.9011e-002	5.3997e-003
4.300000e+002	6.5198e-006	2.3315e-003	3.6183e-002	1.0032e-001	1.1952e-002	-5.6742e-002	5.3893e-002	-3.4106e-002	1.2497e-002	5.3771e-003	-1.9136e-002
4.400000e+002	2.9124e-006	1.4018e-003	2.6744e-002	9.3551e-002	3.9314e-002	-6.5359e-002	4.2295e-002	-1.1446e-002	-1.2765e-002	2.7861e-002	-3.6326e-002
4.500000e+002	1.2898e-006	8.3117e-004	1.9342e-002	8.3560e-002	6.2206e-002	-6.2516e-002	2.1150e-002	1.4283e-002	-3.4133e-002	4.0945e-002	-4.0177e-002
4.600000e+002	5.6670e-007	4.8655e-004	1.3717e-002	7.2008e-002	7.9003e-002	-4.9693e-002	-4.4360e-003	3.6406e-002	-4.5627e-002	4.0856e-002	-2.9906e-002
4.700000e+002	2.4712e-007	2.8144e-004	9.5559e-003	6.0181e-002	8.9233e-002	-2.9675e-002	-2.9157e-002	4.9877e-002	-4.4600e-002	2.8230e-002	-9.5675e-003
4.800000e+002	1.0700e-007	1.6100e-004	6.5496e-003	4.8970e-002	9.3302e-002	-5.7792e-003	-4.8598e-002	5.2196e-002	-3.1962e-002	7.3397e-003	1.3857e-002
4.900000e+002	4.6025e-008	9.1155e-005	4.4222e-003	3.8917e-002	9.2178e-002	1.8795e-002	-5.9890e-002	4.3543e-002	-1.1429e-002	-1.5602e-002	3.2997e-002
5.000000e+002	1.9672e-008	5.1108e-005	2.9447e-003	3.0279e-002	8.7096e-002	4.1403e-002	-6.1903e-002	2.6292e-002	1.1780e-002	-3.4383e-002	4.2356e-002
5.100000e+002	8.3578e-009	2.8393e-005	1.9356e-003	2.3111e-002	7.9337e-002	6.0186e-002	-5.5078e-002	4.1690e-003	3.2374e-002	-4.4414e-002	3.9674e-002
5.200000e+002	3.5307e-009	1.5638e-005	1.2571e-003	1.7335e-002	7.0061e-002	7.4108e-002	-4.1031e-002	-1.8678e-002	4.6155e-002	-4.3660e-002	2.6177e-002
5.300000e+002	1.4835e-009	8.5426e-006	8.0724e-004	1.2794e-002	6.0229e-002	8.2871e-002	-2.2061e-002	-3.8489e-002	5.0741e-002	-3.2791e-002	5.8357e-003
5.400000e+002	6.2008e-010	4.6303e-006	5.1289e-004	9.3043e-003	5.0563e-002	8.6754e-002	-6.8146e-004	-5.2459e-002	4.5759e-002	-1.4677e-002	-1.5969e-002
5.500000e+002	2.5791e-010	2.4913e-006	3.2262e-004	6.6736e-003	4.1558e-002	8.6423e-002	2.0766e-002	-5.9008e-002	3.2622e-002	6.5294e-003	-3.3934e-002
5.600000e+002	1.0676e-010	1.3310e-006	2.0102e-004	4.7255e-003	3.3509e-002	8.2750e-002	4.0364e-002	-5.7795e-002	1.3994e-002	2.6425e-002	-4.4077e-002
5.700000e+002	4.3992e-011	7.0631e-007	1.2413e-004	3.3060e-003	2.6551e-002	7.6670e-002	5.6756e-002	-4.9532e-002	-6.8549e-003	4.1269e-002	-4.4481e-002
5.800000e+002	1.8048e-011	3.7241e-007	7.6000e-005	2.2868e-003	2.0703e-002	6.9068e-002	6.9162e-002	-3.5685e-002	-2.6679e-002	4.8605e-002	-3.5469e-002
5.900000e+002	7.3734e-012	1.9515e-007	4.6154e-005	1.5651e-003	1.5906e-002	6.0712e-002	7.7330e-002	-1.8134e-002	-4.2753e-002	4.7533e-002	-1.9264e-002
6.000000e+002	3.0001e-012	1.0166e-007	2.7813e-005	1.0604e-003	1.2053e-002	5.2217e-002	8.1428e-002	1.1426e-003	-5.3188e-002	3.8649e-002	6.8026e-004
6.100000e+002	1.2159e-012	5.2657e-008	1.6636e-005	7.1156e-004	9.0163e-003	4.4041e-002	8.1922e-002	2.0320e-002	-5.7050e-002	2.3737e-002	2.0498e-002
6.200000e+002	4.9094e-013	2.7126e-008	9.8807e-006	4.7317e-004	6.6640e-003	3.6492e-002	7.9454e-002	3.7899e-002	-5.4328e-002	5.3155e-003	3.6675e-002
6.300000e+002	1.9750e-013	1.3901e-008	5.8286e-006	3.1194e-004	4.8699e-003	2.9748e-002	7.4741e-002	5.2795e-002	-4.5762e-002	-1.3850e-002	4.6626e-002
6.400000e+002	7.9169e-014	7.0872e-009	3.4159e-006	2.0395e-004	3.5208e-003	2.3890e-002	6.8487e-002	6.4359e-002	-3.2625e-002	-3.1184e-002	4.9019e-002
6.500000e+002	3.1628e-014	3.5958e-009	1.9894e-006	1.3230e-004	2.5198e-003	1.8920e-002	6.1331e-002	7.2338e-002	-1.6471e-002	-4.4623e-002	4.3830e-002
6.600000e+002	1.2593e-014	1.8157e-009	1.1516e-006	8.5175e-005	1.7862e-003	1.4791e-002	5.3812e-002	7.6812e-002	1.0856e-003	-5.2812e-002	3.2180e-002
6.700000e+002	4.9980e-015	9.1267e-010	6.6276e-007	5.4440e-005	1.2546e-003	1.1424e-002	4.6353e-002	7.8106e-002	1.8558e-002	-5.5161e-002	1.6013e-002
6.800000e+002	1.9775e-015	4.5673e-010	3.7929e-007	3.4554e-005	8.7357e-004	8.7224e-003	3.9264e-002	7.6702e-002	3.4707e-002	-5.1789e-002	-2.2919e-003
6.900000e+002	7.8000e-016	2.2758e-010	2.1589e-007	2.1786e-005	6.0322e-004	6.5885e-003	3.2751e-002	7.3163e-002	4.8613e-002	-4.3391e-002	-2.0306e-002
7.000000e+002	3.0676e-016	1.1293e-010	1.2224e-007	1.3647e-005	4.1323e-004	4.9262e-003	2.6932e-002	6.8063e-002	5.9696e-002	-3.1066e-002	-3.5878e-002
7.100000e+002	1.2030e-016	5.5812e-011	6.8865e-008	8.4962e-006	2.8093e-004	3.6478e-003	2.1856e-002	6.1947e-002	6.7692e-002	-1.6127e-002	-4.7363e-002
7.200000e+002	4.7044e-017	2.7475e-011	3.8605e-008	5.2578e-006	1.8959e-004	2.6764e-003	1.7519e-002	5.5290e-002	7.2609e-002	6.7947e-005	-5.3747e-002
7.300000e+002	1.8347e-017	1.3474e-011	2.1539e-008	3.2350e-006	1.2705e-004	1.9465e-003	1.3881e-002	4.8488e-002	7.4665e-002	1.6258e-002	-5.4670e-002
7.400000e+002	7.1362e-018	6.5832e-012	1.1962e-008	1.9793e-006	8.4569e-005	1.4038e-003	1.0879e-002	4.1845e-002	7.4223e-002	3.1377e-002	-5.0363e-002
7.500000e+002	2.7685e-018	3.2049e-012	6.6134e-009	1.2045e-006	5.5924e-005	1.0044e-003	8.4384e-003	3.5584e-002	7.1728e-002	4.4611e-002	-4.1530e-002
7.600000e+002	1.0713e-018	1.5548e-012	3.6405e-009	7.2914e-007	3.6749e-005	7.1309e-004	6.4816e-003	2.9850e-002	6.7658e-002	5.5419e-002	-2.9202e-002
7.700000e+002	4.1356e-019	7.5171e-013	1.9955e-009	4.3915e-007	2.4003e-005	5.0255e-004	4.9325e-003	2.4724e-002	6.2479e-002	6.3522e-002	-1.4579e-002
7.800000e+002	1.5926e-019	3.6222e-013	1.0893e-009	2.6320e-007	1.5586e-005	3.5167e-004	3.7205e-003	2.0236e-002	5.6616e-002	6.8870e-002	1.1103e-003
7.900000e+002	6.1186e-020	1.7397e-013	5.9229e-010	1.5699e-007	1.0063e-005	2.4441e-004	2.7827e-003	1.6380e-002	5.0436e-002	7.1599e-002	1.6725e-002
8.000000e+002	2.3453e-020	8.3294e-014	3.2078e-010	9.3204e-008	6.4612e-006	1.6875e-004	2.0644e-003	1.3119e-002	4.4238e-002	7.1982e-002	3.1293e-002
8.100000e+002	8.9694e-021	3.9756e-014	1.7307e-010	5.5086e-008	4.1267e-006	1.1577e-004	1.5198e-003	1.0403e-002	3.8252e-002	7.0373e-002	4.4063e-002
8.200000e+002	3.4227e-021	1.8918e-014	9.3034e-011	3.2414e-008	2.6220e-006	7.8939e-005	1.1105e-003	8.1720e-003	3.2640e-002	6.7174e-002	5.4525e-002
8.300000e+002	1.3033e-021	8.9758e-015	4.9830e-011	1.8992e-008	1.6576e-006	5.3507e-005	8.0564e-004	6.3618e-003	2.7510e-002	6.2788e-002	6.2400e-002
8.400000e+002	4.9523e-022	4.2463e-015	2.6595e-011	1.1082e-008	1.0428e-006	3.6060e-005	5.8047e-004	4.9102e-003	2.2920e-002	5.7596e-002	6.7616e-002
8.500000e+002	1.8779e-022	2.0032e-015	1.4145e-011	6.4397e-009	6.5296e-007	2.4167e-005	4.1545e-004	3.7588e-003	1.8887e-002	5.1940e-002	7.0274e-002
8.600000e+002	7.1064e-023	9.4240e-016	7.4985e-012	3.7275e-009	4.0696e-007	1.6110e-005	2.9545e-004	2.8548e-003	1.5404e-002	4.6109e-002	7.0601e-002
8.700000e+002	2.6839e-023	4.4215e-016	3.9619e-012	2.1492e-009	2.5250e-007	1.0682e-005	2.0880e-004	2.1517e-003	1.2438e-002	4.0333e-002	6.8911e-002
8.800000e+002	1.0117e-023	2.0690e-016	2.0866e-012	1.2346e-009	1.5598e-007	7.0472e-006	1.4667e-004	1.6097e-003	9.9466e-003	3.4789e-002	6.5563e-002
8.900000e+002	3.8062e-024	9.6566e-017	1.0955e-012	7.0656e-010	9.5948e-008	4.6260e-006	1.0242e-004	1.1955e-003	7.8789e-003	2.9597e-002	6.0928e-002
9.000000e+002	1.4293e-024	4.4955e-017	5.7338e-013	4.0292e-010	5.8771e-008	3.0217e-006	7.1101e-005	8.8143e-004	6.1812e-003	2.4836e-002	5.5364e-002
9.100000e+002	5.3575e-025	2.0876e-017	2.9920e-013	2.2894e-010	3.5849e-008	1.9640e-006	4.9060e-005	6.4489e-004	4.8001e-003	2.0541e-002	4.9192e-002
9.200000e+002	2.0045e-025	9.6709e-018	1.5566e-013	1.2962e-010	2.1773e-008	1.2698e-006	3.3629e-005	4.6783e-004	3.6853e-003	1.6721e-002	4.2690e-002
9.300000e+002	7.4867e-026	4.4689e-018	8.0731e-014	7.3107e-011	1.3160e-008	8.1596e-007	2.2870e-005	3.3587e-004	2.7902e-003	1.3354e-002	3.6076e-002
9.400000e+002	2.7912e-026	2.0596e-018	4.1718e-014	4.1032e-011	7.9030e-009	5.1991e-007	1.5381e-005	2.3765e-004	2.0729e-003	1.0406e-002	2.9518e-002
9.500000e+002	1.0384e-026	9.4560e-019	2.1432e-014	2.2841e-011	4.6936e-009	3.2649e-007	1.0154e-005	1.6427e-004	1.4960e-003	7.8257e-003	2.3123e-002
9.600000e+002	3.8456e-027	4.3007e-019	1.0853e-014	1.2468e-011	2.7187e-009	1.9881e-007	6.4601e-006	1.0871e-004	1.0264e-003	5.5526e-003	1.6948e-002
9.700000e+002	1.3919e-027	1.8841e-019	5.2322e-015	6.4125e-012	1.4696e-009	1.1195e-007	3.7670e-006	6.5372e-005	6.3446e-004	3.5196e-003	1.1001e-002
9.800000e+002	4.2208e-028	6.7459e-020	2.0213e-015	2.6018e-012	6.1837e-010	4.8497e-008	1.6721e-006	2.9632e-005	2.9295e-004	1.6522e-003	5.2443e-003
9.900000e+002	-9.6189e-029	-1.0016e-020	-2.5071e-016	-2.8818e-013	-6.3023e-011	-4.6257e-009	-1.5090e-007	-2.5494e-006	-2.4163e-005	-1.3121e-004	-4.0201e-004
1.000000e+003	1.8230e-028	2.3872e-020	6.7059e-016	8.3343e-013	1.9354e-010	1.4923e-008	5.0775e-007	8.9019e-006	8.7218e-005	4.8812e-004	1.5388e-003
