V	C (Fcm-2)	Initcharge (cm-2)	Finalcharge (cm-2)	ns Total (cm-2)	ps Total (cm-2)
-5.000e+000	4.8004e-017	-9.3450e+000	-6.3488e+000	6.3478e+000	5.2500e-015
-4.990e+000	4.8005e-017	-9.3451e+000	-6.3489e+000	6.3479e+000	5.2500e-015
-4.980e+000	4.8006e-017	-9.3453e+000	-6.3490e+000	6.3480e+000	5.2500e-015
-4.970e+000	4.8007e-017	-9.3456e+000	-6.3492e+000	6.3482e+000	5.2500e-015
-4.960e+000	4.8009e-017	-9.3460e+000	-6.3495e+000	6.3485e+000	5.2500e-015
-4.950e+000	4.8013e-017	-9.3466e+000	-6.3499e+000	6.3489e+000	5.2500e-015
-4.940e+000	4.8017e-017	-9.3475e+000	-6.3505e+000	6.3495e+000	5.2500e-015
-4.930e+000	4.8024e-017	-9.3489e+000	-6.3514e+000	6.3504e+000	5.2500e-015
-4.920e+000	4.8034e-017	-9.3508e+000	-6.3528e+000	6.3517e+000	5.2500e-015
-4.910e+000	4.8049e-017	-9.3537e+000	-6.3547e+000	6.3537e+000	5.2500e-015
-4.900e+000	4.8071e-017	-9.3579e+000	-6.3576e+000	6.3565e+000	5.2500e-015
-4.890e+000	4.8103e-017	-9.3642e+000	-6.3618e+000	6.3608e+000	5.2500e-015
-4.880e+000	4.8150e-017	-9.3734e+000	-6.3681e+000	6.3670e+000	5.2500e-015
-4.870e+000	4.8219e-017	-9.3869e+000	-6.3773e+000	6.3762e+000	5.2500e-015
-4.860e+000	4.8322e-017	-9.4068e+000	-6.3908e+000	6.3897e+000	5.2500e-015
-4.850e+000	4.8472e-017	-9.4361e+000	-6.4107e+000	6.4096e+000	5.2500e-015
-4.840e+000	4.8694e-017	-9.4793e+000	-6.4400e+000	6.4389e+000	5.2500e-015
-4.830e+000	4.9021e-017	-9.5428e+000	-6.4832e+000	6.4821e+000	5.2500e-015
-4.820e+000	4.9501e-017	-9.6363e+000	-6.5467e+000	6.5456e+000	5.2500e-015
-4.810e+000	5.0225e-017	-9.7750e+000	-6.6402e+000	6.6392e+000	5.2500e-015
-4.800e+000	5.1251e-017	-9.9778e+000	-6.7789e+000	6.7769e+000	5.2500e-015
-4.790e+000	5.2786e-017	-1.0276e+001	-6.9817e+000	6.9797e+000	5.2500e-015
-4.780e+000	5.5091e-017	-1.0719e+001	-7.2802e+000	7.2782e+000	5.2500e-015
-4.770e+000	5.8370e-017	-1.1366e+001	-7.7226e+000	7.7177e+000	5.2500e-015
-4.760e+000	6.3345e-017	-1.2323e+001	-8.3697e+000	8.3648e+000	5.2500e-015
-4.750e+000	7.0523e-017	-1.3729e+001	-9.3273e+000	9.3175e+000	5.2500e-015
-4.740e+000	8.1214e-017	-1.5802e+001	-1.0733e+001	1.0720e+001	5.2500e-015
-4.730e+000	9.6872e-017	-1.8852e+001	-1.2806e+001	1.2785e+001	5.2500e-015
-4.720e+000	1.1991e-016	-2.3340e+001	-1.5856e+001	1.5826e+001	5.2500e-015
-4.710e+000	1.5391e-016	-2.9950e+001	-2.0344e+001	2.0302e+001	5.2500e-015
-4.700e+000	2.0393e-016	-3.9683e+001	-2.6954e+001	2.6892e+001	5.2500e-015
-4.690e+000	2.7756e-016	-5.4010e+001	-3.6686e+001	3.6596e+001	5.2500e-015
-4.680e+000	3.8600e-016	-7.5106e+001	-5.1014e+001	5.0881e+001	5.2500e-015
-4.670e+000	5.4564e-016	-1.0617e+002	-7.2110e+001	7.1914e+001	5.2500e-015
-4.660e+000	7.8065e-016	-1.5189e+002	-1.0317e+002	1.0288e+002	5.2500e-015
-4.650e+000	1.1267e-015	-2.1922e+002	-1.4890e+002	1.4847e+002	5.2500e-015
-4.640e+000	1.6361e-015	-3.1834e+002	-2.1622e+002	2.1559e+002	5.2500e-015
-4.630e+000	2.3862e-015	-4.6428e+002	-3.1534e+002	3.1442e+002	5.2500e-015
-4.620e+000	3.4904e-015	-6.7913e+002	-4.6128e+002	4.5992e+002	5.2500e-015
-4.610e+000	5.1162e-015	-9.9547e+002	-6.7614e+002	6.7413e+002	5.2500e-015
-4.600e+000	7.5099e-015	-1.4612e+003	-9.9247e+002	9.8952e+002	5.2500e-015
-4.590e+000	1.1034e-014	-2.1469e+003	-1.4582e+003	1.4539e+003	5.2500e-015
-4.580e+000	1.6223e-014	-3.1564e+003	-2.1439e+003	2.1375e+003	5.2500e-015
-4.570e+000	2.3862e-014	-4.6428e+003	-3.1534e+003	3.1440e+003	5.2500e-015
-4.560e+000	3.5109e-014	-6.8311e+003	-4.6398e+003	4.6259e+003	5.2500e-015
-4.550e+000	5.1667e-014	-1.0053e+004	-6.8281e+003	6.8077e+003	5.2500e-015
-4.540e+000	7.6046e-014	-1.4796e+004	-1.0050e+004	1.0020e+004	5.2500e-015
-4.530e+000	1.1194e-013	-2.1780e+004	-1.4793e+004	1.4749e+004	5.2500e-015
-4.520e+000	1.6478e-013	-3.2062e+004	-2.1777e+004	2.1712e+004	5.2500e-015
-4.510e+000	2.4259e-013	-4.7200e+004	-3.2059e+004	3.1963e+004	5.2500e-015
-4.500e+000	3.5713e-013	-6.9487e+004	-4.7197e+004	4.7056e+004	5.2500e-015
-4.490e+000	5.2577e-013	-1.0230e+005	-6.9484e+004	6.9276e+004	5.2500e-015
-4.480e+000	7.7406e-013	-1.5061e+005	-1.0230e+005	1.0199e+005	5.2500e-015
-4.470e+000	1.1396e-012	-2.2174e+005	-1.5061e+005	1.5016e+005	5.2500e-015
-4.460e+000	1.6777e-012	-3.2645e+005	-2.2173e+005	2.2107e+005	5.2500e-015
-4.450e+000	2.4700e-012	-4.8061e+005	-3.2645e+005	3.2547e+005	5.2500e-015
-4.440e+000	3.6363e-012	-7.0757e+005	-4.8061e+005	4.7917e+005	5.2500e-015
-4.430e+000	5.3533e-012	-1.0417e+006	-7.0757e+005	7.0545e+005	5.2500e-015
-4.420e+000	7.8807e-012	-1.5336e+006	-1.0417e+006	1.0386e+006	5.2500e-015
-4.410e+000	1.1601e-011	-2.2576e+006	-1.5336e+006	1.5290e+006	5.2500e-015
-4.400e+000	1.7075e-011	-3.3233e+006	-2.2576e+006	2.2508e+006	5.2500e-015
-4.390e+000	2.5130e-011	-4.8918e+006	-3.3233e+006	3.3134e+006	5.2500e-015
-4.380e+000	3.6978e-011	-7.1998e+006	-4.8918e+006	4.8772e+006	5.2500e-015
-4.370e+000	5.4398e-011	-1.0595e+007	-7.1998e+006	7.1783e+006	5.2500e-015
-4.360e+000	7.9995e-011	-1.5588e+007	-1.0595e+007	1.0563e+007	5.2500e-015
-4.350e+000	1.1757e-010	-2.2926e+007	-1.5588e+007	1.5541e+007	5.2500e-015
-4.340e+000	1.7265e-010	-3.3702e+007	-2.2926e+007	2.2858e+007	5.2500e-015
-4.330e+000	2.5324e-010	-4.9508e+007	-3.3702e+007	3.3602e+007	5.2500e-015
-4.320e+000	3.7081e-010	-7.2653e+007	-4.9508e+007	4.9361e+007	5.2500e-015
-4.310e+000	5.4160e-010	-1.0646e+008	-7.2653e+007	7.2436e+007	5.2500e-015
-4.300e+000	7.8821e-010	-1.5565e+008	-1.0646e+008	1.0614e+008	5.2500e-015
-4.290e+000	1.1413e-009	-2.2689e+008	-1.5565e+008	1.5519e+008	5.2500e-015
-4.280e+000	1.6409e-009	-3.2930e+008	-2.2689e+008	2.2622e+008	5.2500e-015
-4.270e+000	2.3366e-009	-4.7514e+008	-3.2930e+008	3.2834e+008	5.2500e-015
-4.260e+000	3.2852e-009	-6.8019e+008	-4.7514e+008	4.7376e+008	5.2500e-015
-4.250e+000	4.5449e-009	-9.6385e+008	-6.8019e+008	6.7823e+008	5.2500e-015
-4.240e+000	6.1665e-009	-1.3487e+009	-9.6385e+008	9.6113e+008	5.2500e-015
-4.230e+000	8.1840e-009	-1.8595e+009	-1.3487e+009	1.3450e+009	5.2500e-015
-4.220e+000	1.0610e-008	-2.5218e+009	-1.8595e+009	1.8546e+009	5.2500e-015
-4.210e+000	1.3438e-008	-3.3605e+009	-2.5218e+009	2.5152e+009	5.2500e-015
-4.200e+000	1.6659e-008	-4.4003e+009	-3.3605e+009	3.3522e+009	5.2500e-015
-4.190e+000	2.0266e-008	-5.6652e+009	-4.4003e+009	4.3900e+009	5.2500e-015
-4.180e+000	2.4273e-008	-7.1802e+009	-5.6652e+009	5.6528e+009	5.2500e-015
-4.170e+000	2.8706e-008	-8.9719e+009	-7.1802e+009	7.1655e+009	5.2500e-015
-4.160e+000	3.3605e-008	-1.1069e+010	-8.9719e+009	8.9550e+009	5.2500e-015
-4.150e+000	3.9010e-008	-1.3504e+010	-1.1069e+010	1.1050e+010	5.2500e-015
-4.140e+000	4.4954e-008	-1.6310e+010	-1.3504e+010	1.3483e+010	5.2500e-015
-4.130e+000	5.1457e-008	-1.9522e+010	-1.6310e+010	1.6287e+010	5.2500e-015
-4.120e+000	5.8516e-008	-2.3174e+010	-1.9522e+010	1.9497e+010	5.2500e-015
-4.110e+000	6.6106e-008	-2.7300e+010	-2.3174e+010	2.3147e+010	5.2500e-015
-4.100e+000	7.4175e-008	-3.1930e+010	-2.7300e+010	2.7272e+010	5.2500e-015
-4.090e+000	8.2652e-008	-3.7088e+010	-3.1930e+010	3.1900e+010	5.2500e-015
-4.080e+000	9.1447e-008	-4.2796e+010	-3.7088e+010	3.7058e+010	5.2500e-015
-4.070e+000	1.0046e-007	-4.9066e+010	-4.2796e+010	4.2764e+010	5.2500e-015
-4.060e+000	1.0958e-007	-5.5906e+010	-4.9066e+010	4.9034e+010	5.2500e-015
-4.050e+000	1.1871e-007	-6.3315e+010	-5.5906e+010	5.5872e+010	5.2500e-015
-4.040e+000	1.2775e-007	-7.1289e+010	-6.3315e+010	6.3281e+010	5.2500e-015
-4.030e+000	1.3662e-007	-7.9816e+010	-7.1289e+010	7.1254e+010	5.2500e-015
-4.020e+000	1.4524e-007	-8.8881e+010	-7.9816e+010	7.9781e+010	5.2500e-015
-4.010e+000	1.5357e-007	-9.8466e+010	-8.8881e+010	8.8846e+010	5.2500e-015
-4.000e+000	1.6134e-007	-1.0854e+011	-9.8466e+010	9.8430e+010	5.2500e-015
-3.990e+000	1.6867e-007	-1.1906e+011	-1.0854e+011	1.0850e+011	5.2500e-015
-3.980e+000	1.7582e-007	-1.3004e+011	-1.1906e+011	1.1903e+011	5.2500e-015
-3.970e+000	1.8259e-007	-1.4143e+011	-1.3004e+011	1.3000e+011	5.2500e-015
-3.960e+000	1.8909e-007	-1.5324e+011	-1.4143e+011	1.4140e+011	5.2500e-015
-3.950e+000	1.9507e-007	-1.6541e+011	-1.5324e+011	1.5320e+011	5.2500e-015
-3.940e+000	2.0060e-007	-1.7793e+011	-1.6541e+011	1.6537e+011	5.2500e-015
-3.930e+000	2.0597e-007	-1.9079e+011	-1.7793e+011	1.7789e+011	5.2500e-015
-3.920e+000	2.1091e-007	-2.0395e+011	-1.9079e+011	1.9075e+011	5.2500e-015
-3.910e+000	2.1560e-007	-2.1741e+011	-2.0395e+011	2.0391e+011	5.2500e-015
-3.900e+000	2.1985e-007	-2.3113e+011	-2.1741e+011	2.1737e+011	5.2500e-015
-3.890e+000	2.2390e-007	-2.4511e+011	-2.3113e+011	2.3109e+011	5.2500e-015
-3.880e+000	2.2774e-007	-2.5932e+011	-2.4511e+011	2.4507e+011	5.2500e-015
-3.870e+000	2.3122e-007	-2.7375e+011	-2.5932e+011	2.5928e+011	5.2500e-015
-3.860e+000	2.3458e-007	-2.8839e+011	-2.7375e+011	2.7371e+011	5.2500e-015
-3.850e+000	2.3765e-007	-3.0323e+011	-2.8839e+011	2.8835e+011	5.2500e-015
-3.840e+000	2.4060e-007	-3.1824e+011	-3.0323e+011	3.0319e+011	5.2500e-015
-3.830e+000	2.4329e-007	-3.3343e+011	-3.1824e+011	3.1820e+011	5.2500e-015
-3.820e+000	2.4589e-007	-3.4877e+011	-3.3343e+011	3.3339e+011	5.2500e-015
-3.810e+000	2.4827e-007	-3.6427e+011	-3.4877e+011	3.4874e+011	5.2500e-015
-3.800e+000	2.5056e-007	-3.7991e+011	-3.6427e+011	3.6423e+011	5.2500e-015
-3.790e+000	2.5269e-007	-3.9568e+011	-3.7991e+011	3.7987e+011	5.2500e-015
-3.780e+000	2.5469e-007	-4.1158e+011	-3.9568e+011	3.9564e+011	5.2500e-015
-3.770e+000	2.5656e-007	-4.2759e+011	-4.1158e+011	4.1154e+011	5.2500e-015
-3.760e+000	2.5837e-007	-4.4372e+011	-4.2759e+011	4.2755e+011	5.2500e-015
-3.750e+000	2.6005e-007	-4.5995e+011	-4.4372e+011	4.4368e+011	5.2500e-015
-3.740e+000	2.6165e-007	-4.7628e+011	-4.5995e+011	4.5991e+011	5.2500e-015
-3.730e+000	2.6314e-007	-4.9270e+011	-4.7628e+011	4.7624e+011	5.2500e-015
-3.720e+000	2.6458e-007	-5.0921e+011	-4.9270e+011	4.9266e+011	5.2500e-015
-3.710e+000	2.6593e-007	-5.2581e+011	-5.0921e+011	5.0918e+011	5.2500e-015
-3.700e+000	2.6721e-007	-5.4249e+011	-5.2581e+011	5.2577e+011	5.2500e-015
-3.690e+000	2.6843e-007	-5.5924e+011	-5.4249e+011	5.4245e+011	5.2500e-015
-3.680e+000	2.6959e-007	-5.7607e+011	-5.5924e+011	5.5921e+011	5.2500e-015
-3.670e+000	2.7067e-007	-5.9296e+011	-5.7607e+011	5.7603e+011	5.2500e-015
-3.660e+000	2.7173e-007	-6.0992e+011	-5.9296e+011	5.9293e+011	5.2500e-015
-3.650e+000	2.7273e-007	-6.2695e+011	-6.0992e+011	6.0989e+011	5.2500e-015
-3.640e+000	2.7367e-007	-6.4403e+011	-6.2695e+011	6.2691e+011	5.2500e-015
-3.630e+000	2.7458e-007	-6.6117e+011	-6.4403e+011	6.4399e+011	5.2500e-015
-3.620e+000	2.7544e-007	-6.7836e+011	-6.6117e+011	6.6113e+011	5.2500e-015
-3.610e+000	2.7627e-007	-6.9560e+011	-6.7836e+011	6.7832e+011	5.2500e-015
-3.600e+000	2.7705e-007	-7.1289e+011	-6.9560e+011	6.9556e+011	5.2500e-015
-3.590e+000	2.7780e-007	-7.3023e+011	-7.1289e+011	7.1285e+011	5.2500e-015
-3.580e+000	2.7853e-007	-7.4762e+011	-7.3023e+011	7.3019e+011	5.2500e-015
-3.570e+000	2.7922e-007	-7.6504e+011	-7.4762e+011	7.4758e+011	5.2500e-015
-3.560e+000	2.7988e-007	-7.8251e+011	-7.6504e+011	7.6500e+011	5.2500e-015
-3.550e+000	2.8051e-007	-8.0002e+011	-7.8251e+011	7.8247e+011	5.2500e-015
-3.540e+000	2.8112e-007	-8.1757e+011	-8.0002e+011	7.9998e+011	5.2500e-015
-3.530e+000	2.8170e-007	-8.3515e+011	-8.1757e+011	8.1753e+011	5.2500e-015
-3.520e+000	2.8226e-007	-8.5277e+011	-8.3515e+011	8.3511e+011	5.2500e-015
-3.510e+000	2.8280e-007	-8.7042e+011	-8.5277e+011	8.5273e+011	5.2500e-015
-3.500e+000	2.8332e-007	-8.8810e+011	-8.7042e+011	8.7038e+011	5.2500e-015
-3.490e+000	2.8382e-007	-9.0582e+011	-8.8810e+011	8.8806e+011	5.2500e-015
-3.480e+000	2.8430e-007	-9.2356e+011	-9.0582e+011	9.0578e+011	5.2500e-015
-3.470e+000	2.8476e-007	-9.4133e+011	-9.2356e+011	9.2352e+011	5.2500e-015
-3.460e+000	2.8521e-007	-9.5913e+011	-9.4133e+011	9.4129e+011	5.2500e-015
-3.450e+000	2.8564e-007	-9.7696e+011	-9.5913e+011	9.5909e+011	5.2500e-015
-3.440e+000	2.8605e-007	-9.9482e+011	-9.7696e+011	9.7692e+011	5.2500e-015
-3.430e+000	2.8645e-007	-1.0127e+012	-9.9482e+011	9.9478e+011	5.2500e-015
-3.420e+000	2.8684e-007	-1.0306e+012	-1.0127e+012	1.0127e+012	5.2500e-015
-3.410e+000	2.8721e-007	-1.0485e+012	-1.0306e+012	1.0306e+012	5.2500e-015
-3.400e+000	2.8757e-007	-1.0665e+012	-1.0485e+012	1.0485e+012	5.2500e-015
-3.390e+000	2.8792e-007	-1.0844e+012	-1.0665e+012	1.0664e+012	5.2500e-015
-3.380e+000	2.8825e-007	-1.1024e+012	-1.0844e+012	1.0844e+012	5.2500e-015
-3.370e+000	2.8858e-007	-1.1204e+012	-1.1024e+012	1.1024e+012	5.2500e-015
-3.360e+000	2.8890e-007	-1.1385e+012	-1.1204e+012	1.1204e+012	5.2500e-015
-3.350e+000	2.8920e-007	-1.1565e+012	-1.1385e+012	1.1384e+012	5.2500e-015
-3.340e+000	2.8950e-007	-1.1746e+012	-1.1565e+012	1.1565e+012	5.2500e-015
-3.330e+000	2.8978e-007	-1.1927e+012	-1.1746e+012	1.1746e+012	5.2500e-015
-3.320e+000	2.9006e-007	-1.2108e+012	-1.1927e+012	1.1926e+012	5.2500e-015
-3.310e+000	2.9033e-007	-1.2289e+012	-1.2108e+012	1.2107e+012	5.2500e-015
-3.300e+000	2.9060e-007	-1.2470e+012	-1.2289e+012	1.2289e+012	5.2500e-015
-3.290e+000	2.9085e-007	-1.2652e+012	-1.2470e+012	1.2470e+012	5.2500e-015
-3.280e+000	2.9110e-007	-1.2834e+012	-1.2652e+012	1.2652e+012	5.2500e-015
-3.270e+000	2.9133e-007	-1.3016e+012	-1.2834e+012	1.2833e+012	5.2500e-015
-3.260e+000	2.9157e-007	-1.3198e+012	-1.3016e+012	1.3015e+012	5.2500e-015
-3.250e+000	2.9180e-007	-1.3380e+012	-1.3198e+012	1.3197e+012	5.2500e-015
-3.240e+000	2.9202e-007	-1.3562e+012	-1.3380e+012	1.3379e+012	5.2500e-015
-3.230e+000	2.9223e-007	-1.3744e+012	-1.3562e+012	1.3561e+012	5.2500e-015
-3.220e+000	2.9244e-007	-1.3927e+012	-1.3744e+012	1.3744e+012	5.2500e-015
-3.210e+000	2.9265e-007	-1.4109e+012	-1.3927e+012	1.3926e+012	5.2500e-015
-3.200e+000	2.9284e-007	-1.4292e+012	-1.4109e+012	1.4109e+012	5.2500e-015
-3.190e+000	2.9304e-007	-1.4475e+012	-1.4292e+012	1.4292e+012	5.2500e-015
-3.180e+000	2.9323e-007	-1.4658e+012	-1.4475e+012	1.4475e+012	5.2500e-015
-3.170e+000	2.9341e-007	-1.4841e+012	-1.4658e+012	1.4658e+012	5.2500e-015
-3.160e+000	2.9359e-007	-1.5025e+012	-1.4841e+012	1.4841e+012	5.2500e-015
-3.150e+000	2.9376e-007	-1.5208e+012	-1.5025e+012	1.5024e+012	5.2500e-015
-3.140e+000	2.9393e-007	-1.5391e+012	-1.5208e+012	1.5207e+012	5.2500e-015
-3.130e+000	2.9410e-007	-1.5575e+012	-1.5391e+012	1.5391e+012	5.2500e-015
-3.120e+000	2.9426e-007	-1.5759e+012	-1.5575e+012	1.5575e+012	5.2500e-015
-3.110e+000	2.9442e-007	-1.5942e+012	-1.5759e+012	1.5758e+012	5.2500e-015
-3.100e+000	2.9457e-007	-1.6126e+012	-1.5942e+012	1.5942e+012	5.2500e-015
-3.090e+000	2.9473e-007	-1.6310e+012	-1.6126e+012	1.6126e+012	5.2500e-015
-3.080e+000	2.9487e-007	-1.6494e+012	-1.6310e+012	1.6310e+012	5.2500e-015
-3.070e+000	2.9502e-007	-1.6678e+012	-1.6494e+012	1.6494e+012	5.2500e-015
-3.060e+000	2.9516e-007	-1.6863e+012	-1.6678e+012	1.6678e+012	5.2500e-015
-3.050e+000	2.9530e-007	-1.7047e+012	-1.6863e+012	1.6862e+012	5.2500e-015
-3.040e+000	2.9543e-007	-1.7231e+012	-1.7047e+012	1.7046e+012	5.2500e-015
-3.030e+000	2.9556e-007	-1.7416e+012	-1.7231e+012	1.7231e+012	5.2500e-015
-3.020e+000	2.9569e-007	-1.7600e+012	-1.7416e+012	1.7415e+012	5.2500e-015
-3.010e+000	2.9582e-007	-1.7785e+012	-1.7600e+012	1.7600e+012	5.2500e-015
-3.000e+000	2.9594e-007	-1.7970e+012	-1.7785e+012	1.7785e+012	5.2500e-015
-2.990e+000	2.9607e-007	-1.8154e+012	-1.7970e+012	1.7969e+012	5.2500e-015
-2.980e+000	2.9619e-007	-1.8339e+012	-1.8154e+012	1.8154e+012	5.2500e-015
-2.970e+000	2.9630e-007	-1.8524e+012	-1.8339e+012	1.8339e+012	5.2500e-015
-2.960e+000	2.9642e-007	-1.8709e+012	-1.8524e+012	1.8524e+012	5.2500e-015
-2.950e+000	2.9653e-007	-1.8894e+012	-1.8709e+012	1.8709e+012	5.2500e-015
-2.940e+000	2.9664e-007	-1.9079e+012	-1.8894e+012	1.8894e+012	5.2500e-015
-2.930e+000	2.9675e-007	-1.9265e+012	-1.9079e+012	1.9079e+012	5.2500e-015
-2.920e+000	2.9685e-007	-1.9450e+012	-1.9265e+012	1.9264e+012	5.2500e-015
-2.910e+000	2.9696e-007	-1.9635e+012	-1.9450e+012	1.9450e+012	5.2500e-015
-2.900e+000	2.9706e-007	-1.9821e+012	-1.9635e+012	1.9635e+012	5.2500e-015
-2.890e+000	2.9716e-007	-2.0006e+012	-1.9821e+012	1.9820e+012	5.2500e-015
-2.880e+000	2.9726e-007	-2.0192e+012	-2.0006e+012	2.0006e+012	5.2500e-015
-2.870e+000	2.9735e-007	-2.0377e+012	-2.0192e+012	2.0191e+012	5.2500e-015
-2.860e+000	2.9745e-007	-2.0563e+012	-2.0377e+012	2.0377e+012	5.2500e-015
-2.850e+000	2.9754e-007	-2.0749e+012	-2.0563e+012	2.0563e+012	5.2500e-015
-2.840e+000	2.9763e-007	-2.0934e+012	-2.0749e+012	2.0748e+012	5.2500e-015
-2.830e+000	2.9772e-007	-2.1120e+012	-2.0934e+012	2.0934e+012	5.2500e-015
-2.820e+000	2.9781e-007	-2.1306e+012	-2.1120e+012	2.1120e+012	5.2500e-015
-2.810e+000	2.9790e-007	-2.1492e+012	-2.1306e+012	2.1306e+012	5.2500e-015
-2.800e+000	2.9798e-007	-2.1678e+012	-2.1492e+012	2.1492e+012	5.2500e-015
-2.790e+000	2.9806e-007	-2.1864e+012	-2.1678e+012	2.1678e+012	5.2500e-015
-2.780e+000	2.9815e-007	-2.2050e+012	-2.1864e+012	2.1864e+012	5.2500e-015
-2.770e+000	2.9823e-007	-2.2236e+012	-2.2050e+012	2.2050e+012	5.2500e-015
-2.760e+000	2.9831e-007	-2.2423e+012	-2.2236e+012	2.2236e+012	5.2500e-015
-2.750e+000	2.9839e-007	-2.2609e+012	-2.2423e+012	2.2422e+012	5.2500e-015
-2.740e+000	2.9846e-007	-2.2795e+012	-2.2609e+012	2.2608e+012	5.2500e-015
-2.730e+000	2.9854e-007	-2.2981e+012	-2.2795e+012	2.2795e+012	5.2500e-015
-2.720e+000	2.9861e-007	-2.3168e+012	-2.2981e+012	2.2981e+012	5.2500e-015
-2.710e+000	2.9869e-007	-2.3354e+012	-2.3168e+012	2.3167e+012	5.2500e-015
-2.700e+000	2.9876e-007	-2.3541e+012	-2.3354e+012	2.3354e+012	5.2500e-015
-2.690e+000	2.9883e-007	-2.3727e+012	-2.3541e+012	2.3540e+012	5.2500e-015
-2.680e+000	2.9890e-007	-2.3914e+012	-2.3727e+012	2.3727e+012	5.2500e-015
-2.670e+000	2.9897e-007	-2.4100e+012	-2.3914e+012	2.3913e+012	5.2500e-015
-2.660e+000	2.9904e-007	-2.4287e+012	-2.4100e+012	2.4100e+012	5.2500e-015
-2.650e+000	2.9911e-007	-2.4474e+012	-2.4287e+012	2.4287e+012	5.2500e-015
-2.640e+000	2.9917e-007	-2.4660e+012	-2.4474e+012	2.4473e+012	5.2500e-015
-2.630e+000	2.9924e-007	-2.4847e+012	-2.4660e+012	2.4660e+012	5.2500e-015
-2.620e+000	2.9930e-007	-2.5034e+012	-2.4847e+012	2.4847e+012	5.2500e-015
-2.610e+000	2.9937e-007	-2.5221e+012	-2.5034e+012	2.5034e+012	5.2500e-015
-2.600e+000	2.9943e-007	-2.5408e+012	-2.5221e+012	2.5220e+012	5.2500e-015
-2.590e+000	2.9949e-007	-2.5595e+012	-2.5408e+012	2.5407e+012	5.2500e-015
-2.580e+000	2.9955e-007	-2.5782e+012	-2.5595e+012	2.5594e+012	5.2500e-015
-2.570e+000	2.9961e-007	-2.5969e+012	-2.5782e+012	2.5781e+012	5.2500e-015
-2.560e+000	2.9967e-007	-2.6156e+012	-2.5969e+012	2.5968e+012	5.2500e-015
-2.550e+000	2.9973e-007	-2.6343e+012	-2.6156e+012	2.6155e+012	5.2500e-015
-2.540e+000	2.9979e-007	-2.6530e+012	-2.6343e+012	2.6342e+012	5.2500e-015
-2.530e+000	2.9985e-007	-2.6717e+012	-2.6530e+012	2.6529e+012	5.2500e-015
-2.520e+000	2.9990e-007	-2.6904e+012	-2.6717e+012	2.6717e+012	5.2500e-015
-2.510e+000	2.9996e-007	-2.7091e+012	-2.6904e+012	2.6904e+012	5.2500e-015
-2.500e+000	3.0001e-007	-2.7279e+012	-2.7091e+012	2.7091e+012	5.2500e-015
-2.490e+000	3.0007e-007	-2.7466e+012	-2.7279e+012	2.7278e+012	5.2500e-015
-2.480e+000	3.0012e-007	-2.7653e+012	-2.7466e+012	2.7466e+012	5.2500e-015
-2.470e+000	3.0017e-007	-2.7841e+012	-2.7653e+012	2.7653e+012	5.2500e-015
-2.460e+000	3.0023e-007	-2.8028e+012	-2.7841e+012	2.7840e+012	5.2500e-015
-2.450e+000	3.0028e-007	-2.8215e+012	-2.8028e+012	2.8028e+012	5.2500e-015
-2.440e+000	3.0033e-007	-2.8403e+012	-2.8215e+012	2.8215e+012	5.2500e-015
-2.430e+000	3.0038e-007	-2.8590e+012	-2.8403e+012	2.8402e+012	5.2500e-015
-2.420e+000	3.0043e-007	-2.8778e+012	-2.8590e+012	2.8590e+012	5.2500e-015
-2.410e+000	3.0048e-007	-2.8965e+012	-2.8778e+012	2.8777e+012	5.2500e-015
-2.400e+000	3.0053e-007	-2.9153e+012	-2.8965e+012	2.8965e+012	5.2500e-015
-2.390e+000	3.0057e-007	-2.9341e+012	-2.9153e+012	2.9153e+012	5.2500e-015
-2.380e+000	3.0062e-007	-2.9528e+012	-2.9341e+012	2.9340e+012	5.2500e-015
-2.370e+000	3.0067e-007	-2.9716e+012	-2.9528e+012	2.9528e+012	5.2500e-015
-2.360e+000	3.0072e-007	-2.9904e+012	-2.9716e+012	2.9715e+012	5.2500e-015
-2.350e+000	3.0076e-007	-3.0091e+012	-2.9904e+012	2.9903e+012	5.2500e-015
-2.340e+000	3.0081e-007	-3.0279e+012	-3.0091e+012	3.0091e+012	5.2500e-015
-2.330e+000	3.0085e-007	-3.0467e+012	-3.0279e+012	3.0279e+012	5.2500e-015
-2.320e+000	3.0090e-007	-3.0655e+012	-3.0467e+012	3.0466e+012	5.2500e-015
-2.310e+000	3.0094e-007	-3.0842e+012	-3.0655e+012	3.0654e+012	5.2500e-015
-2.300e+000	3.0098e-007	-3.1030e+012	-3.0842e+012	3.0842e+012	5.2500e-015
-2.290e+000	3.0103e-007	-3.1218e+012	-3.1030e+012	3.1030e+012	5.2500e-015
-2.280e+000	3.0107e-007	-3.1406e+012	-3.1218e+012	3.1218e+012	5.2500e-015
-2.270e+000	3.0111e-007	-3.1594e+012	-3.1406e+012	3.1406e+012	5.2500e-015
-2.260e+000	3.0115e-007	-3.1782e+012	-3.1594e+012	3.1594e+012	5.2500e-015
-2.250e+000	3.0119e-007	-3.1970e+012	-3.1782e+012	3.1782e+012	5.2500e-015
-2.240e+000	3.0123e-007	-3.2158e+012	-3.1970e+012	3.1970e+012	5.2500e-015
-2.230e+000	3.0128e-007	-3.2346e+012	-3.2158e+012	3.2158e+012	5.2500e-015
-2.220e+000	3.0132e-007	-3.2534e+012	-3.2346e+012	3.2346e+012	5.2500e-015
-2.210e+000	3.0135e-007	-3.2722e+012	-3.2534e+012	3.2534e+012	5.2500e-015
-2.200e+000	3.0139e-007	-3.2910e+012	-3.2722e+012	3.2722e+012	5.2500e-015
-2.190e+000	3.0143e-007	-3.3098e+012	-3.2910e+012	3.2910e+012	5.2500e-015
-2.180e+000	3.0147e-007	-3.3287e+012	-3.3098e+012	3.3098e+012	5.2500e-015
-2.170e+000	3.0151e-007	-3.3475e+012	-3.3287e+012	3.3286e+012	5.2500e-015
-2.160e+000	3.0155e-007	-3.3663e+012	-3.3475e+012	3.3474e+012	5.2500e-015
-2.150e+000	3.0158e-007	-3.3851e+012	-3.3663e+012	3.3663e+012	5.2500e-015
-2.140e+000	3.0162e-007	-3.4040e+012	-3.3851e+012	3.3851e+012	5.2500e-015
-2.130e+000	3.0166e-007	-3.4228e+012	-3.4040e+012	3.4039e+012	5.2500e-015
-2.120e+000	3.0169e-007	-3.4416e+012	-3.4228e+012	3.4227e+012	5.2500e-015
-2.110e+000	3.0173e-007	-3.4604e+012	-3.4416e+012	3.4416e+012	5.2500e-015
-2.100e+000	3.0177e-007	-3.4793e+012	-3.4604e+012	3.4604e+012	5.2500e-015
-2.090e+000	3.0180e-007	-3.4981e+012	-3.4793e+012	3.4792e+012	5.2500e-015
-2.080e+000	3.0184e-007	-3.5170e+012	-3.4981e+012	3.4981e+012	5.2500e-015
-2.070e+000	3.0187e-007	-3.5358e+012	-3.5170e+012	3.5169e+012	5.2500e-015
-2.060e+000	3.0191e-007	-3.5546e+012	-3.5358e+012	3.5358e+012	5.2500e-015
-2.050e+000	3.0194e-007	-3.5735e+012	-3.5546e+012	3.5546e+012	5.2500e-015
-2.040e+000	3.0197e-007	-3.5923e+012	-3.5735e+012	3.5734e+012	5.2500e-015
-2.030e+000	3.0201e-007	-3.6112e+012	-3.5923e+012	3.5923e+012	5.2500e-015
-2.020e+000	3.0204e-007	-3.6300e+012	-3.6112e+012	3.6111e+012	5.2500e-015
-2.010e+000	3.0207e-007	-3.6489e+012	-3.6300e+012	3.6300e+012	5.2500e-015
-2.000e+000	3.0211e-007	-3.6677e+012	-3.6489e+012	3.6488e+012	5.2500e-015
-1.990e+000	3.0214e-007	-3.6866e+012	-3.6677e+012	3.6677e+012	5.2500e-015
-1.980e+000	3.0217e-007	-3.7055e+012	-3.6866e+012	3.6866e+012	5.2500e-015
-1.970e+000	3.0220e-007	-3.7243e+012	-3.7055e+012	3.7054e+012	5.2500e-015
-1.960e+000	3.0223e-007	-3.7432e+012	-3.7243e+012	3.7243e+012	5.2500e-015
-1.950e+000	3.0226e-007	-3.7621e+012	-3.7432e+012	3.7431e+012	5.2500e-015
-1.940e+000	3.0230e-007	-3.7809e+012	-3.7621e+012	3.7620e+012	5.2500e-015
-1.930e+000	3.0233e-007	-3.7998e+012	-3.7809e+012	3.7809e+012	5.2500e-015
-1.920e+000	3.0236e-007	-3.8187e+012	-3.7998e+012	3.7997e+012	5.2500e-015
-1.910e+000	3.0239e-007	-3.8375e+012	-3.8187e+012	3.8186e+012	5.2500e-015
-1.900e+000	3.0242e-007	-3.8564e+012	-3.8375e+012	3.8375e+012	5.2500e-015
-1.890e+000	3.0245e-007	-3.8753e+012	-3.8564e+012	3.8564e+012	5.2500e-015
-1.880e+000	3.0248e-007	-3.8942e+012	-3.8753e+012	3.8752e+012	5.2500e-015
-1.870e+000	3.0251e-007	-3.9130e+012	-3.8942e+012	3.8941e+012	5.2500e-015
-1.860e+000	3.0253e-007	-3.9319e+012	-3.9130e+012	3.9130e+012	5.2500e-015
-1.850e+000	3.0256e-007	-3.9508e+012	-3.9319e+012	3.9319e+012	5.2500e-015
-1.840e+000	3.0259e-007	-3.9697e+012	-3.9508e+012	3.9508e+012	5.2500e-015
-1.830e+000	3.0262e-007	-3.9886e+012	-3.9697e+012	3.9697e+012	5.2500e-015
-1.820e+000	3.0265e-007	-4.0075e+012	-3.9886e+012	3.9885e+012	5.2500e-015
-1.810e+000	3.0268e-007	-4.0264e+012	-4.0075e+012	4.0074e+012	5.2500e-015
-1.800e+000	3.0270e-007	-4.0453e+012	-4.0264e+012	4.0263e+012	5.2500e-015
-1.790e+000	3.0273e-007	-4.0642e+012	-4.0453e+012	4.0452e+012	5.2500e-015
-1.780e+000	3.0276e-007	-4.0831e+012	-4.0642e+012	4.0641e+012	5.2500e-015
-1.770e+000	3.0279e-007	-4.1020e+012	-4.0831e+012	4.0830e+012	5.2500e-015
-1.760e+000	3.0281e-007	-4.1209e+012	-4.1020e+012	4.1019e+012	5.2500e-015
-1.750e+000	3.0284e-007	-4.1398e+012	-4.1209e+012	4.1208e+012	5.2500e-015
-1.740e+000	3.0287e-007	-4.1587e+012	-4.1398e+012	4.1397e+012	5.2500e-015
-1.730e+000	3.0289e-007	-4.1776e+012	-4.1587e+012	4.1586e+012	5.2500e-015
-1.720e+000	3.0292e-007	-4.1965e+012	-4.1776e+012	4.1775e+012	5.2500e-015
-1.710e+000	3.0295e-007	-4.2154e+012	-4.1965e+012	4.1964e+012	5.2500e-015
-1.700e+000	3.0297e-007	-4.2343e+012	-4.2154e+012	4.2153e+012	5.2500e-015
-1.690e+000	3.0300e-007	-4.2532e+012	-4.2343e+012	4.2342e+012	5.2500e-015
-1.680e+000	3.0302e-007	-4.2721e+012	-4.2532e+012	4.2532e+012	5.2500e-015
-1.670e+000	3.0305e-007	-4.2910e+012	-4.2721e+012	4.2721e+012	5.2500e-015
-1.660e+000	3.0307e-007	-4.3099e+012	-4.2910e+012	4.2910e+012	5.2500e-015
-1.650e+000	3.0310e-007	-4.3289e+012	-4.3099e+012	4.3099e+012	5.2500e-015
-1.640e+000	3.0312e-007	-4.3478e+012	-4.3289e+012	4.3288e+012	5.2500e-015
-1.630e+000	3.0315e-007	-4.3667e+012	-4.3478e+012	4.3477e+012	5.2500e-015
-1.620e+000	3.0317e-007	-4.3856e+012	-4.3667e+012	4.3667e+012	5.2500e-015
-1.610e+000	3.0320e-007	-4.4045e+012	-4.3856e+012	4.3856e+012	5.2500e-015
-1.600e+000	3.0322e-007	-4.4235e+012	-4.4045e+012	4.4045e+012	5.2500e-015
-1.590e+000	3.0324e-007	-4.4424e+012	-4.4235e+012	4.4234e+012	5.2500e-015
-1.580e+000	3.0327e-007	-4.4613e+012	-4.4424e+012	4.4424e+012	5.2500e-015
-1.570e+000	3.0329e-007	-4.4803e+012	-4.4613e+012	4.4613e+012	5.2500e-015
-1.560e+000	3.0332e-007	-4.4992e+012	-4.4803e+012	4.4802e+012	5.2500e-015
-1.550e+000	3.0334e-007	-4.5181e+012	-4.4992e+012	4.4991e+012	5.2500e-015
-1.540e+000	3.0336e-007	-4.5371e+012	-4.5181e+012	4.5181e+012	5.2500e-015
-1.530e+000	3.0339e-007	-4.5560e+012	-4.5371e+012	4.5370e+012	5.2500e-015
-1.520e+000	3.0341e-007	-4.5749e+012	-4.5560e+012	4.5560e+012	5.2500e-015
-1.510e+000	3.0343e-007	-4.5939e+012	-4.5749e+012	4.5749e+012	5.2500e-015
-1.500e+000	3.0345e-007	-4.6128e+012	-4.5939e+012	4.5938e+012	5.2500e-015
-1.490e+000	3.0348e-007	-4.6318e+012	-4.6128e+012	4.6128e+012	5.2500e-015
-1.480e+000	3.0350e-007	-4.6507e+012	-4.6318e+012	4.6317e+012	5.2500e-015
-1.470e+000	3.0352e-007	-4.6696e+012	-4.6507e+012	4.6507e+012	5.2500e-015
-1.460e+000	3.0354e-007	-4.6886e+012	-4.6696e+012	4.6696e+012	5.2500e-015
-1.450e+000	3.0357e-007	-4.7075e+012	-4.6886e+012	4.6885e+012	5.2500e-015
-1.440e+000	3.0359e-007	-4.7265e+012	-4.7075e+012	4.7075e+012	5.2500e-015
-1.430e+000	3.0361e-007	-4.7454e+012	-4.7265e+012	4.7264e+012	5.2500e-015
-1.420e+000	3.0363e-007	-4.7644e+012	-4.7454e+012	4.7454e+012	5.2500e-015
-1.410e+000	3.0365e-007	-4.7833e+012	-4.7644e+012	4.7643e+012	5.2500e-015
-1.400e+000	3.0367e-007	-4.8023e+012	-4.7833e+012	4.7833e+012	5.2500e-015
-1.390e+000	3.0370e-007	-4.8212e+012	-4.8023e+012	4.8022e+012	5.2500e-015
-1.380e+000	3.0372e-007	-4.8402e+012	-4.8212e+012	4.8212e+012	5.2500e-015
-1.370e+000	3.0374e-007	-4.8592e+012	-4.8402e+012	4.8402e+012	5.2500e-015
-1.360e+000	3.0376e-007	-4.8781e+012	-4.8592e+012	4.8591e+012	5.2500e-015
-1.350e+000	3.0378e-007	-4.8971e+012	-4.8781e+012	4.8781e+012	5.2500e-015
-1.340e+000	3.0381e-007	-4.9160e+012	-4.8971e+012	4.8970e+012	5.2500e-015
-1.330e+000	3.0383e-007	-4.9350e+012	-4.9160e+012	4.9160e+012	5.2500e-015
-1.320e+000	3.0385e-007	-4.9540e+012	-4.9350e+012	4.9350e+012	5.2500e-015
-1.310e+000	3.0387e-007	-4.9729e+012	-4.9540e+012	4.9539e+012	5.2500e-015
-1.300e+000	3.0390e-007	-4.9919e+012	-4.9729e+012	4.9729e+012	5.2500e-015
-1.290e+000	3.0392e-007	-5.0109e+012	-4.9919e+012	4.9919e+012	5.2500e-015
-1.280e+000	3.0395e-007	-5.0298e+012	-5.0109e+012	5.0108e+012	5.2500e-015
-1.270e+000	3.0397e-007	-5.0488e+012	-5.0298e+012	5.0298e+012	5.2500e-015
-1.260e+000	3.0400e-007	-5.0678e+012	-5.0488e+012	5.0488e+012	5.2500e-015
-1.250e+000	3.0403e-007	-5.0868e+012	-5.0678e+012	5.0677e+012	5.2500e-015
-1.240e+000	3.0407e-007	-5.1057e+012	-5.0868e+012	5.0867e+012	5.2500e-015
-1.230e+000	3.0410e-007	-5.1247e+012	-5.1057e+012	5.1057e+012	5.2500e-015
-1.220e+000	3.0414e-007	-5.1437e+012	-5.1247e+012	5.1247e+012	5.2500e-015
-1.210e+000	3.0419e-007	-5.1627e+012	-5.1437e+012	5.1437e+012	5.2500e-015
-1.200e+000	3.0424e-007	-5.1817e+012	-5.1627e+012	5.1626e+012	5.2500e-015
-1.190e+000	3.0431e-007	-5.2007e+012	-5.1817e+012	5.1816e+012	5.2500e-015
-1.180e+000	3.0438e-007	-5.2197e+012	-5.2007e+012	5.2006e+012	5.2500e-015
-1.170e+000	3.0447e-007	-5.2387e+012	-5.2197e+012	5.2196e+012	5.2500e-015
-1.160e+000	3.0457e-007	-5.2577e+012	-5.2387e+012	5.2386e+012	5.2500e-015
-1.150e+000	3.0470e-007	-5.2767e+012	-5.2577e+012	5.2576e+012	5.2500e-015
-1.140e+000	3.0485e-007	-5.2957e+012	-5.2767e+012	5.2767e+012	5.2500e-015
-1.130e+000	3.0504e-007	-5.3148e+012	-5.2957e+012	5.2957e+012	5.2500e-015
-1.120e+000	3.0527e-007	-5.3338e+012	-5.3148e+012	5.3147e+012	5.2500e-015
-1.110e+000	3.0556e-007	-5.3529e+012	-5.3338e+012	5.3338e+012	5.2500e-015
-1.100e+000	3.0591e-007	-5.3720e+012	-5.3529e+012	5.3529e+012	5.2500e-015
-1.090e+000	3.0635e-007	-5.3911e+012	-5.3720e+012	5.3719e+012	5.2500e-015
-1.080e+000	3.0690e-007	-5.4103e+012	-5.3911e+012	5.3911e+012	5.2500e-015
-1.070e+000	3.0758e-007	-5.4295e+012	-5.4103e+012	5.4102e+012	5.2500e-015
-1.060e+000	3.0842e-007	-5.4487e+012	-5.4295e+012	5.4294e+012	5.2500e-015
-1.050e+000	3.0946e-007	-5.4680e+012	-5.4487e+012	5.4487e+012	5.2500e-015
-1.040e+000	3.1076e-007	-5.4874e+012	-5.4680e+012	5.4680e+012	5.2500e-015
-1.030e+000	3.1211e-007	-5.5069e+012	-5.4874e+012	5.4874e+012	5.2500e-015
-1.020e+000	3.1420e-007	-5.5265e+012	-5.5069e+012	5.5069e+012	5.2500e-015
-1.010e+000	3.1656e-007	-5.5463e+012	-5.5265e+012	5.5265e+012	5.2500e-015
-1.000e+000	3.1942e-007	-5.5662e+012	-5.5463e+012	5.5462e+012	5.2500e-015
-9.900e-001	3.2288e-007	-5.5864e+012	-5.5662e+012	5.5662e+012	5.2500e-015
-9.800e-001	3.2702e-007	-5.6068e+012	-5.5864e+012	5.5863e+012	5.2500e-015
-9.700e-001	3.3192e-007	-5.6275e+012	-5.6068e+012	5.6067e+012	5.2500e-015
-9.600e-001	3.3766e-007	-5.6486e+012	-5.6275e+012	5.6274e+012	5.2500e-015
-9.500e-001	3.4429e-007	-5.6701e+012	-5.6486e+012	5.6485e+012	5.2500e-015
-9.400e-001	3.5183e-007	-5.6920e+012	-5.6701e+012	5.6700e+012	5.2500e-015
-9.300e-001	3.6028e-007	-5.7145e+012	-5.6920e+012	5.6920e+012	5.2500e-015
-9.200e-001	3.6957e-007	-5.7376e+012	-5.7145e+012	5.7145e+012	5.2500e-015
-9.100e-001	3.7960e-007	-5.7613e+012	-5.7376e+012	5.7375e+012	5.2500e-015
-9.000e-001	3.9024e-007	-5.7856e+012	-5.7613e+012	5.7612e+012	5.2500e-015
-8.900e-001	4.0131e-007	-5.8107e+012	-5.7856e+012	5.7856e+012	5.2500e-015
-8.800e-001	4.1263e-007	-5.8364e+012	-5.8107e+012	5.8106e+012	5.2500e-015
-8.700e-001	4.2401e-007	-5.8629e+012	-5.8364e+012	5.8364e+012	5.2500e-015
-8.600e-001	4.3529e-007	-5.8900e+012	-5.8629e+012	5.8628e+012	5.2500e-015
-8.500e-001	4.4632e-007	-5.9179e+012	-5.8900e+012	5.8900e+012	5.2500e-015
-8.400e-001	4.5697e-007	-5.9464e+012	-5.9179e+012	5.9179e+012	5.2500e-015
-8.300e-001	4.6716e-007	-5.9756e+012	-5.9464e+012	5.9464e+012	5.2500e-015
-8.200e-001	4.7683e-007	-6.0053e+012	-5.9756e+012	5.9755e+012	5.2500e-015
-8.100e-001	4.8595e-007	-6.0357e+012	-6.0053e+012	6.0053e+012	5.2500e-015
-8.000e-001	4.9451e-007	-6.0665e+012	-6.0357e+012	6.0356e+012	5.2500e-015
-7.900e-001	5.0251e-007	-6.0979e+012	-6.0665e+012	6.0665e+012	5.2500e-015
-7.800e-001	5.0997e-007	-6.1297e+012	-6.0979e+012	6.0979e+012	5.2500e-015
-7.700e-001	5.1692e-007	-6.1620e+012	-6.1297e+012	6.1297e+012	5.2500e-015
-7.600e-001	5.2337e-007	-6.1947e+012	-6.1620e+012	6.1620e+012	5.2500e-015
-7.500e-001	5.2938e-007	-6.2277e+012	-6.1947e+012	6.1946e+012	5.2500e-015
-7.400e-001	5.3496e-007	-6.2611e+012	-6.2277e+012	6.2277e+012	5.2500e-015
-7.300e-001	5.4015e-007	-6.2948e+012	-6.2611e+012	6.2611e+012	5.2500e-015
-7.200e-001	5.4499e-007	-6.3288e+012	-6.2948e+012	6.2948e+012	5.2500e-015
-7.100e-001	5.4950e-007	-6.3631e+012	-6.3288e+012	6.3288e+012	5.2500e-015
-7.000e-001	5.5371e-007	-6.3977e+012	-6.3631e+012	6.3631e+012	5.2500e-015
-6.900e-001	5.5765e-007	-6.4325e+012	-6.3977e+012	6.3976e+012	5.2500e-015
-6.800e-001	5.6134e-007	-6.4675e+012	-6.4325e+012	6.4324e+012	5.2500e-015
-6.700e-001	5.6481e-007	-6.5028e+012	-6.4675e+012	6.4675e+012	5.2500e-015
-6.600e-001	5.6807e-007	-6.5382e+012	-6.5028e+012	6.5027e+012	5.2500e-015
-6.500e-001	5.7114e-007	-6.5739e+012	-6.5382e+012	6.5382e+012	5.2500e-015
-6.400e-001	5.7393e-007	-6.6097e+012	-6.5739e+012	6.5738e+012	5.2500e-015
-6.300e-001	5.7676e-007	-6.6457e+012	-6.6097e+012	6.6097e+012	5.2500e-015
-6.200e-001	5.7935e-007	-6.6819e+012	-6.6457e+012	6.6457e+012	5.2500e-015
-6.100e-001	5.8182e-007	-6.7182e+012	-6.6819e+012	6.6818e+012	5.2500e-015
-6.000e-001	5.8416e-007	-6.7546e+012	-6.7182e+012	6.7181e+012	5.2500e-015
-5.900e-001	5.8639e-007	-6.7912e+012	-6.7546e+012	6.7546e+012	5.2500e-015
-5.800e-001	5.8852e-007	-6.8280e+012	-6.7912e+012	6.7912e+012	5.2500e-015
-5.700e-001	5.9056e-007	-6.8648e+012	-6.8280e+012	6.8279e+012	5.2500e-015
-5.600e-001	5.9251e-007	-6.9018e+012	-6.8648e+012	6.8648e+012	5.2500e-015
-5.500e-001	5.9438e-007	-6.9389e+012	-6.9018e+012	6.9018e+012	5.2500e-015
-5.400e-001	5.9618e-007	-6.9761e+012	-6.9389e+012	6.9389e+012	5.2500e-015
-5.300e-001	5.9791e-007	-7.0134e+012	-6.9761e+012	6.9761e+012	5.2500e-015
-5.200e-001	5.9957e-007	-7.0509e+012	-7.0134e+012	7.0134e+012	5.2500e-015
-5.100e-001	6.0118e-007	-7.0884e+012	-7.0509e+012	7.0508e+012	5.2500e-015
-5.000e-001	6.0274e-007	-7.1260e+012	-7.0884e+012	7.0883e+012	5.2500e-015
-4.900e-001	6.0424e-007	-7.1637e+012	-7.1260e+012	7.1260e+012	5.2500e-015
-4.800e-001	6.0570e-007	-7.2015e+012	-7.1637e+012	7.1637e+012	5.2500e-015
-4.700e-001	6.0711e-007	-7.2394e+012	-7.2015e+012	7.2015e+012	5.2500e-015
-4.600e-001	6.0849e-007	-7.2774e+012	-7.2394e+012	7.2394e+012	5.2500e-015
-4.500e-001	6.0982e-007	-7.3155e+012	-7.2774e+012	7.2773e+012	5.2500e-015
-4.400e-001	6.1112e-007	-7.3536e+012	-7.3155e+012	7.3154e+012	5.2500e-015
-4.300e-001	6.1239e-007	-7.3918e+012	-7.3536e+012	7.3536e+012	5.2500e-015
-4.200e-001	6.1363e-007	-7.4301e+012	-7.3918e+012	7.3918e+012	5.2500e-015
-4.100e-001	6.1484e-007	-7.4685e+012	-7.4301e+012	7.4301e+012	5.2500e-015
-4.000e-001	6.1602e-007	-7.5069e+012	-7.4685e+012	7.4685e+012	5.2500e-015
-3.900e-001	6.1717e-007	-7.5455e+012	-7.5069e+012	7.5069e+012	5.2500e-015
-3.800e-001	6.1830e-007	-7.5841e+012	-7.5455e+012	7.5454e+012	5.2500e-015
-3.700e-001	6.1941e-007	-7.6227e+012	-7.5841e+012	7.5840e+012	5.2500e-015
-3.600e-001	6.2050e-007	-7.6614e+012	-7.6227e+012	7.6227e+012	5.2500e-015
-3.500e-001	6.2156e-007	-7.7002e+012	-7.6614e+012	7.6614e+012	5.2500e-015
-3.400e-001	6.2261e-007	-7.7391e+012	-7.7002e+012	7.7002e+012	5.2500e-015
-3.300e-001	6.2364e-007	-7.7780e+012	-7.7391e+012	7.7391e+012	5.2500e-015
-3.200e-001	6.2465e-007	-7.8170e+012	-7.7780e+012	7.7780e+012	5.2500e-015
-3.100e-001	6.2564e-007	-7.8561e+012	-7.8170e+012	7.8170e+012	5.2500e-015
-3.000e-001	6.2662e-007	-7.8952e+012	-7.8561e+012	7.8560e+012	5.2500e-015
-2.900e-001	6.2758e-007	-7.9343e+012	-7.8952e+012	7.8951e+012	5.2500e-015
-2.800e-001	6.2852e-007	-7.9736e+012	-7.9343e+012	7.9343e+012	5.2500e-015
-2.700e-001	6.2945e-007	-8.0129e+012	-7.9736e+012	7.9735e+012	5.2500e-015
-2.600e-001	6.3037e-007	-8.0522e+012	-8.0129e+012	8.0128e+012	5.2500e-015
-2.500e-001	6.3128e-007	-8.0916e+012	-8.0522e+012	8.0522e+012	5.2500e-015
-2.400e-001	6.3217e-007	-8.1311e+012	-8.0916e+012	8.0916e+012	5.2500e-015
-2.300e-001	6.3305e-007	-8.1706e+012	-8.1311e+012	8.1310e+012	5.2500e-015
-2.200e-001	6.3391e-007	-8.2101e+012	-8.1706e+012	8.1705e+012	5.2500e-015
-2.100e-001	6.3476e-007	-8.2498e+012	-8.2101e+012	8.2101e+012	5.2500e-015
-2.000e-001	6.3561e-007	-8.2894e+012	-8.2498e+012	8.2497e+012	5.2500e-015
-1.900e-001	6.3643e-007	-8.3291e+012	-8.2894e+012	8.2894e+012	5.2500e-015
-1.800e-001	6.3725e-007	-8.3689e+012	-8.3291e+012	8.3291e+012	5.2500e-015
-1.700e-001	6.3806e-007	-8.4087e+012	-8.3689e+012	8.3689e+012	5.2500e-015
-1.600e-001	6.3885e-007	-8.4486e+012	-8.4087e+012	8.4087e+012	5.2500e-015
-1.500e-001	6.3964e-007	-8.4885e+012	-8.4486e+012	8.4486e+012	5.2500e-015
-1.400e-001	6.4041e-007	-8.5285e+012	-8.4885e+012	8.4885e+012	5.2500e-015
-1.300e-001	6.4117e-007	-8.5685e+012	-8.5285e+012	8.5285e+012	5.2500e-015
-1.200e-001	6.4192e-007	-8.6086e+012	-8.5685e+012	8.5685e+012	5.2500e-015
-1.100e-001	6.4266e-007	-8.6487e+012	-8.6086e+012	8.6086e+012	5.2500e-015
-1.000e-001	6.4339e-007	-8.6889e+012	-8.6487e+012	8.6487e+012	5.2500e-015
-9.000e-002	6.4411e-007	-8.7291e+012	-8.6889e+012	8.6888e+012	5.2500e-015
-8.000e-002	6.4482e-007	-8.7693e+012	-8.7291e+012	8.7290e+012	5.2500e-015
-7.000e-002	6.4552e-007	-8.8096e+012	-8.7693e+012	8.7693e+012	5.2500e-015
-6.000e-002	6.4620e-007	-8.8499e+012	-8.8096e+012	8.8096e+012	5.2500e-015
-5.000e-002	6.4688e-007	-8.8903e+012	-8.8499e+012	8.8499e+012	5.2500e-015
-4.000e-002	6.4755e-007	-8.9307e+012	-8.8903e+012	8.8903e+012	5.2500e-015
-3.000e-002	6.4820e-007	-8.9712e+012	-8.9307e+012	8.9307e+012	5.2500e-015
-2.000e-002	6.4885e-007	-9.0117e+012	-8.9712e+012	8.9711e+012	5.2500e-015
-1.000e-002	6.4949e-007	-9.0522e+012	-9.0117e+012	9.0116e+012	5.2500e-015
0.000e+000	6.5011e-007	-9.0928e+012	-9.0522e+012	9.0522e+012	5.2500e-015
1.000e-002	6.5073e-007	-9.1334e+012	-9.0928e+012	9.0928e+012	5.2500e-015
2.000e-002	6.5133e-007	-9.1741e+012	-9.1334e+012	9.1334e+012	5.2500e-015
3.000e-002	6.5193e-007	-9.2148e+012	-9.1741e+012	9.1740e+012	5.2500e-015
4.000e-002	6.5252e-007	-9.2555e+012	-9.2148e+012	9.2147e+012	5.2500e-015
5.000e-002	6.5310e-007	-9.2962e+012	-9.2555e+012	9.2554e+012	5.2500e-015
6.000e-002	6.5366e-007	-9.3370e+012	-9.2962e+012	9.2962e+012	5.2500e-015
7.000e-002	6.5422e-007	-9.3779e+012	-9.3370e+012	9.3370e+012	5.2500e-015
8.000e-002	6.5477e-007	-9.4187e+012	-9.3779e+012	9.3778e+012	5.2500e-015
9.000e-002	6.5531e-007	-9.4596e+012	-9.4187e+012	9.4187e+012	5.2500e-015
1.000e-001	6.5584e-007	-9.5006e+012	-9.4596e+012	9.4596e+012	5.2500e-015
1.100e-001	6.5502e-007	-9.5415e+012	-9.5006e+012	9.5005e+012	5.2500e-015
1.200e-001	6.5467e-007	-9.5823e+012	-9.5415e+012	9.5414e+012	5.2500e-015
1.300e-001	6.5514e-007	-9.6232e+012	-9.5823e+012	9.5823e+012	5.2500e-015
1.400e-001	6.5560e-007	-9.6641e+012	-9.6232e+012	9.6232e+012	5.2500e-015
1.500e-001	6.5605e-007	-9.7051e+012	-9.6641e+012	9.6641e+012	5.2500e-015
1.600e-001	6.5649e-007	-9.7461e+012	-9.7051e+012	9.7050e+012	5.2500e-015
1.700e-001	6.5693e-007	-9.7871e+012	-9.7461e+012	9.7460e+012	5.2500e-015
1.800e-001	6.5736e-007	-9.8281e+012	-9.7871e+012	9.7870e+012	5.2500e-015
1.900e-001	6.5778e-007	-9.8691e+012	-9.8281e+012	9.8280e+012	5.2500e-015
2.000e-001	6.5819e-007	-9.9102e+012	-9.8691e+012	9.8691e+012	5.2500e-015
2.100e-001	6.5860e-007	-9.9513e+012	-9.9102e+012	9.9102e+012	5.2500e-015
2.200e-001	6.5900e-007	-9.9925e+012	-9.9513e+012	9.9513e+012	5.2500e-015
2.300e-001	6.5940e-007	-1.0034e+013	-9.9925e+012	9.9924e+012	5.2500e-015
2.400e-001	6.5978e-007	-1.0075e+013	-1.0034e+013	1.0034e+013	5.2500e-015
2.500e-001	6.6016e-007	-1.0116e+013	-1.0075e+013	1.0075e+013	5.2500e-015
2.600e-001	6.6054e-007	-1.0157e+013	-1.0116e+013	1.0116e+013	5.2500e-015
2.700e-001	6.6091e-007	-1.0198e+013	-1.0157e+013	1.0157e+013	5.2500e-015
2.800e-001	6.6127e-007	-1.0240e+013	-1.0198e+013	1.0198e+013	5.2500e-015
2.900e-001	6.6162e-007	-1.0281e+013	-1.0240e+013	1.0240e+013	5.2500e-015
3.000e-001	6.6197e-007	-1.0322e+013	-1.0281e+013	1.0281e+013	5.2500e-015
3.100e-001	6.6232e-007	-1.0364e+013	-1.0322e+013	1.0322e+013	5.2500e-015
3.200e-001	6.6266e-007	-1.0405e+013	-1.0364e+013	1.0364e+013	5.2500e-015
3.300e-001	6.6299e-007	-1.0446e+013	-1.0405e+013	1.0405e+013	5.2500e-015
3.400e-001	6.6332e-007	-1.0488e+013	-1.0446e+013	1.0446e+013	5.2500e-015
3.500e-001	6.6364e-007	-1.0529e+013	-1.0488e+013	1.0488e+013	5.2500e-015
3.600e-001	6.6396e-007	-1.0571e+013	-1.0529e+013	1.0529e+013	5.2500e-015
3.700e-001	6.6427e-007	-1.0612e+013	-1.0571e+013	1.0571e+013	5.2500e-015
3.800e-001	6.6458e-007	-1.0654e+013	-1.0612e+013	1.0612e+013	5.2500e-015
3.900e-001	6.6488e-007	-1.0695e+013	-1.0654e+013	1.0654e+013	5.2500e-015
4.000e-001	6.6517e-007	-1.0737e+013	-1.0695e+013	1.0695e+013	5.2500e-015
4.100e-001	6.6547e-007	-1.0778e+013	-1.0737e+013	1.0737e+013	5.2500e-015
4.200e-001	6.6575e-007	-1.0820e+013	-1.0778e+013	1.0778e+013	5.2500e-015
4.300e-001	6.6604e-007	-1.0861e+013	-1.0820e+013	1.0820e+013	5.2500e-015
4.400e-001	6.6632e-007	-1.0903e+013	-1.0861e+013	1.0861e+013	5.2500e-015
4.500e-001	6.6659e-007	-1.0945e+013	-1.0903e+013	1.0903e+013	5.2500e-015
4.600e-001	6.6686e-007	-1.0986e+013	-1.0945e+013	1.0944e+013	5.2500e-015
4.700e-001	6.6710e-007	-1.1028e+013	-1.0986e+013	1.0986e+013	5.2500e-015
4.800e-001	6.6739e-007	-1.1069e+013	-1.1028e+013	1.1028e+013	5.2500e-015
4.900e-001	6.6765e-007	-1.1111e+013	-1.1069e+013	1.1069e+013	5.2500e-015
5.000e-001	6.6790e-007	-1.1153e+013	-1.1111e+013	1.1111e+013	5.2500e-015
5.100e-001	6.6816e-007	-1.1194e+013	-1.1153e+013	1.1153e+013	5.2500e-015
5.200e-001	6.6840e-007	-1.1236e+013	-1.1194e+013	1.1194e+013	5.2500e-015
5.300e-001	6.6865e-007	-1.1278e+013	-1.1236e+013	1.1236e+013	5.2500e-015
5.400e-001	6.6889e-007	-1.1320e+013	-1.1278e+013	1.1278e+013	5.2500e-015
5.500e-001	6.6912e-007	-1.1361e+013	-1.1320e+013	1.1320e+013	5.2500e-015
5.600e-001	6.6936e-007	-1.1403e+013	-1.1361e+013	1.1361e+013	5.2500e-015
5.700e-001	6.6959e-007	-1.1445e+013	-1.1403e+013	1.1403e+013	5.2500e-015
5.800e-001	6.6982e-007	-1.1487e+013	-1.1445e+013	1.1445e+013	5.2500e-015
5.900e-001	6.7004e-007	-1.1529e+013	-1.1487e+013	1.1487e+013	5.2500e-015
6.000e-001	6.7026e-007	-1.1570e+013	-1.1529e+013	1.1529e+013	5.2500e-015
6.100e-001	6.7048e-007	-1.1612e+013	-1.1570e+013	1.1570e+013	5.2500e-015
6.200e-001	6.7070e-007	-1.1654e+013	-1.1612e+013	1.1612e+013	5.2500e-015
6.300e-001	6.7091e-007	-1.1696e+013	-1.1654e+013	1.1654e+013	5.2500e-015
6.400e-001	6.7112e-007	-1.1738e+013	-1.1696e+013	1.1696e+013	5.2500e-015
6.500e-001	6.7132e-007	-1.1780e+013	-1.1738e+013	1.1738e+013	5.2500e-015
6.600e-001	6.7153e-007	-1.1822e+013	-1.1780e+013	1.1780e+013	5.2500e-015
6.700e-001	6.7173e-007	-1.1864e+013	-1.1822e+013	1.1822e+013	5.2500e-015
6.800e-001	6.7193e-007	-1.1906e+013	-1.1864e+013	1.1864e+013	5.2500e-015
6.900e-001	6.7213e-007	-1.1948e+013	-1.1906e+013	1.1906e+013	5.2500e-015
7.000e-001	6.7232e-007	-1.1990e+013	-1.1948e+013	1.1948e+013	5.2500e-015
7.100e-001	6.7251e-007	-1.2032e+013	-1.1990e+013	1.1990e+013	5.2500e-015
7.200e-001	6.7270e-007	-1.2074e+013	-1.2032e+013	1.2031e+013	5.2500e-015
7.300e-001	6.7289e-007	-1.2116e+013	-1.2074e+013	1.2073e+013	5.2500e-015
7.400e-001	6.7308e-007	-1.2158e+013	-1.2116e+013	1.2115e+013	5.2500e-015
7.500e-001	6.7326e-007	-1.2200e+013	-1.2158e+013	1.2157e+013	5.2500e-015
7.600e-001	6.7344e-007	-1.2242e+013	-1.2200e+013	1.2200e+013	5.2500e-015
7.700e-001	6.7362e-007	-1.2284e+013	-1.2242e+013	1.2242e+013	5.2500e-015
7.800e-001	6.7380e-007	-1.2326e+013	-1.2284e+013	1.2284e+013	5.2500e-015
7.900e-001	6.7398e-007	-1.2368e+013	-1.2326e+013	1.2326e+013	5.2500e-015
8.000e-001	6.7415e-007	-1.2410e+013	-1.2368e+013	1.2368e+013	5.2500e-015
8.100e-001	6.7432e-007	-1.2452e+013	-1.2410e+013	1.2410e+013	5.2500e-015
8.200e-001	6.7449e-007	-1.2494e+013	-1.2452e+013	1.2452e+013	5.2500e-015
8.300e-001	6.7466e-007	-1.2536e+013	-1.2494e+013	1.2494e+013	5.2500e-015
8.400e-001	6.7483e-007	-1.2578e+013	-1.2536e+013	1.2536e+013	5.2500e-015
8.500e-001	6.7499e-007	-1.2620e+013	-1.2578e+013	1.2578e+013	5.2500e-015
8.600e-001	6.7516e-007	-1.2663e+013	-1.2620e+013	1.2620e+013	5.2500e-015
8.700e-001	6.7532e-007	-1.2705e+013	-1.2663e+013	1.2662e+013	5.2500e-015
8.800e-001	6.7548e-007	-1.2747e+013	-1.2705e+013	1.2705e+013	5.2500e-015
8.900e-001	6.7564e-007	-1.2789e+013	-1.2747e+013	1.2747e+013	5.2500e-015
9.000e-001	6.7579e-007	-1.2831e+013	-1.2789e+013	1.2789e+013	5.2500e-015
9.100e-001	6.7595e-007	-1.2873e+013	-1.2831e+013	1.2831e+013	5.2500e-015
9.200e-001	6.7610e-007	-1.2916e+013	-1.2873e+013	1.2873e+013	5.2500e-015
9.300e-001	6.7625e-007	-1.2958e+013	-1.2916e+013	1.2916e+013	5.2500e-015
9.400e-001	6.7641e-007	-1.3000e+013	-1.2958e+013	1.2958e+013	5.2500e-015
9.500e-001	6.7655e-007	-1.3042e+013	-1.3000e+013	1.3000e+013	5.2500e-015
9.600e-001	6.7670e-007	-1.3084e+013	-1.3042e+013	1.3042e+013	5.2500e-015
9.700e-001	6.7685e-007	-1.3127e+013	-1.3084e+013	1.3084e+013	5.2500e-015
9.800e-001	6.7700e-007	-1.3169e+013	-1.3127e+013	1.3127e+013	5.2500e-015
9.900e-001	6.7714e-007	-1.3211e+013	-1.3169e+013	1.3169e+013	5.2500e-015
1.000e+000	6.7728e-007	-1.3253e+013	-1.3211e+013	1.3211e+013	5.2500e-015
1.010e+000	6.7743e-007	-1.3296e+013	-1.3253e+013	1.3253e+013	5.2500e-015
1.020e+000	6.7757e-007	-1.3338e+013	-1.3296e+013	1.3296e+013	5.2500e-015
1.030e+000	6.7771e-007	-1.3380e+013	-1.3338e+013	1.3338e+013	5.2500e-015
1.040e+000	6.7785e-007	-1.3423e+013	-1.3380e+013	1.3380e+013	5.2500e-015
1.050e+000	6.7798e-007	-1.3465e+013	-1.3423e+013	1.3423e+013	5.2500e-015
1.060e+000	6.7812e-007	-1.3507e+013	-1.3465e+013	1.3465e+013	5.2500e-015
1.070e+000	6.7826e-007	-1.3550e+013	-1.3507e+013	1.3507e+013	5.2500e-015
1.080e+000	6.7840e-007	-1.3592e+013	-1.3550e+013	1.3550e+013	5.2500e-015
1.090e+000	6.7853e-007	-1.3634e+013	-1.3592e+013	1.3592e+013	5.2500e-015
1.100e+000	6.7867e-007	-1.3677e+013	-1.3634e+013	1.3634e+013	5.2500e-015
1.110e+000	6.7881e-007	-1.3719e+013	-1.3677e+013	1.3677e+013	5.2500e-015
1.120e+000	6.7895e-007	-1.3761e+013	-1.3719e+013	1.3719e+013	5.2500e-015
1.130e+000	6.7909e-007	-1.3804e+013	-1.3761e+013	1.3761e+013	5.2500e-015
1.140e+000	6.7923e-007	-1.3846e+013	-1.3804e+013	1.3804e+013	5.2500e-015
1.150e+000	6.7938e-007	-1.3889e+013	-1.3846e+013	1.3846e+013	5.2500e-015
1.160e+000	6.7954e-007	-1.3931e+013	-1.3889e+013	1.3889e+013	5.2500e-015
1.170e+000	6.7971e-007	-1.3973e+013	-1.3931e+013	1.3931e+013	5.2500e-015
1.180e+000	6.7989e-007	-1.4016e+013	-1.3973e+013	1.3973e+013	5.2500e-015
1.190e+000	6.8009e-007	-1.4058e+013	-1.4016e+013	1.4016e+013	5.2500e-015
1.200e+000	6.8032e-007	-1.4101e+013	-1.4058e+013	1.4058e+013	5.2500e-015
1.210e+000	6.8059e-007	-1.4143e+013	-1.4101e+013	1.4101e+013	5.2500e-015
1.220e+000	6.8092e-007	-1.4186e+013	-1.4143e+013	1.4143e+013	5.2500e-015
1.230e+000	6.8132e-007	-1.4228e+013	-1.4186e+013	1.4186e+013	5.2500e-015
1.240e+000	6.8182e-007	-1.4271e+013	-1.4228e+013	1.4228e+013	5.2500e-015
1.250e+000	6.8247e-007	-1.4313e+013	-1.4271e+013	1.4271e+013	5.2500e-015
1.260e+000	6.8333e-007	-1.4356e+013	-1.4313e+013	1.4313e+013	5.2500e-015
1.270e+000	6.8446e-007	-1.4399e+013	-1.4356e+013	1.4356e+013	5.2500e-015
1.280e+000	6.8598e-007	-1.4442e+013	-1.4399e+013	1.4399e+013	5.2500e-015
1.290e+000	6.8805e-007	-1.4485e+013	-1.4442e+013	1.4442e+013	5.2500e-015
1.300e+000	6.9088e-007	-1.4528e+013	-1.4485e+013	1.4485e+013	5.2500e-015
1.310e+000	6.9476e-007	-1.4571e+013	-1.4528e+013	1.4528e+013	5.2500e-015
1.320e+000	7.0012e-007	-1.4615e+013	-1.4571e+013	1.4571e+013	5.2500e-015
1.330e+000	7.0751e-007	-1.4659e+013	-1.4615e+013	1.4615e+013	5.2500e-015
1.340e+000	7.1724e-007	-1.4704e+013	-1.4659e+013	1.4659e+013	5.2500e-015
1.350e+000	7.3138e-007	-1.4749e+013	-1.4704e+013	1.4704e+013	5.2500e-015
1.360e+000	7.4999e-007	-1.4796e+013	-1.4749e+013	1.4749e+013	5.2500e-015
1.370e+000	7.7603e-007	-1.4845e+013	-1.4796e+013	1.4796e+013	5.2500e-015
1.380e+000	8.1083e-007	-1.4895e+013	-1.4845e+013	1.4845e+013	5.2500e-015
1.390e+000	8.5666e-007	-1.4949e+013	-1.4895e+013	1.4895e+013	5.2500e-015
1.400e+000	9.1747e-007	-1.5006e+013	-1.4949e+013	1.4949e+013	5.2500e-015
1.410e+000	9.9491e-007	-1.5068e+013	-1.5006e+013	1.5006e+013	5.2500e-015
1.420e+000	1.0909e-006	-1.5136e+013	-1.5068e+013	1.5068e+013	5.2500e-015
1.430e+000	1.2072e-006	-1.5211e+013	-1.5136e+013	1.5136e+013	5.2500e-015
1.440e+000	1.3417e-006	-1.5295e+013	-1.5211e+013	1.5211e+013	5.2500e-015
1.450e+000	1.4916e-006	-1.5388e+013	-1.5295e+013	1.5295e+013	5.2500e-015
1.460e+000	1.6520e-006	-1.5491e+013	-1.5388e+013	1.5388e+013	5.2500e-015
1.470e+000	1.8179e-006	-1.5605e+013	-1.5491e+013	1.5491e+013	5.2500e-015
1.480e+000	1.9833e-006	-1.5729e+013	-1.5605e+013	1.5605e+013	5.2500e-015
1.490e+000	2.1441e-006	-1.5862e+013	-1.5729e+013	1.5729e+013	5.2500e-015
1.500e+000	2.2970e-006	-1.6006e+013	-1.5862e+013	1.5862e+013	5.2500e-015
1.510e+000	2.4402e-006	-1.6158e+013	-1.6006e+013	1.6006e+013	5.2500e-015
1.520e+000	2.5729e-006	-1.6319e+013	-1.6158e+013	1.6158e+013	5.2500e-015
1.530e+000	2.6951e-006	-1.6487e+013	-1.6319e+013	1.6319e+013	5.2500e-015
1.540e+000	2.8073e-006	-1.6662e+013	-1.6487e+013	1.6487e+013	5.2500e-015
1.550e+000	2.9103e-006	-1.6844e+013	-1.6662e+013	1.6662e+013	5.2500e-015
1.560e+000	3.0049e-006	-1.7031e+013	-1.6844e+013	1.6844e+013	5.2500e-015
1.570e+000	3.0919e-006	-1.7224e+013	-1.7031e+013	1.7031e+013	5.2500e-015
1.580e+000	3.1722e-006	-1.7422e+013	-1.7224e+013	1.7224e+013	5.2500e-015
1.590e+000	3.2466e-006	-1.7625e+013	-1.7422e+013	1.7422e+013	5.2500e-015
1.600e+000	3.3158e-006	-1.7832e+013	-1.7625e+013	1.7625e+013	5.2500e-015
1.610e+000	3.3802e-006	-1.8043e+013	-1.7832e+013	1.7832e+013	5.2500e-015
1.620e+000	3.4406e-006	-1.8258e+013	-1.8043e+013	1.8043e+013	5.2500e-015
1.630e+000	3.4973e-006	-1.8476e+013	-1.8258e+013	1.8258e+013	5.2500e-015
1.640e+000	3.5508e-006	-1.8698e+013	-1.8476e+013	1.8476e+013	5.2500e-015
1.650e+000	3.6014e-006	-1.8922e+013	-1.8698e+013	1.8698e+013	5.2500e-015
1.660e+000	3.6494e-006	-1.9150e+013	-1.8922e+013	1.8922e+013	5.2500e-015
1.670e+000	3.6950e-006	-1.9381e+013	-1.9150e+013	1.9150e+013	5.2500e-015
1.680e+000	3.7386e-006	-1.9614e+013	-1.9381e+013	1.9381e+013	5.2500e-015
1.690e+000	3.7802e-006	-1.9850e+013	-1.9614e+013	1.9614e+013	5.2500e-015
1.700e+000	3.8201e-006	-2.0088e+013	-1.9850e+013	1.9850e+013	5.2500e-015
1.710e+000	3.8583e-006	-2.0329e+013	-2.0088e+013	2.0088e+013	5.2500e-015
1.720e+000	3.8952e-006	-2.0572e+013	-2.0329e+013	2.0329e+013	5.2500e-015
1.730e+000	3.9024e-006	-2.0816e+013	-2.0572e+013	2.0572e+013	5.2500e-015
1.740e+000	3.9168e-006	-2.1060e+013	-2.0816e+013	2.0816e+013	5.2500e-015
1.750e+000	3.9444e-006	-2.1307e+013	-2.1060e+013	2.1060e+013	5.2500e-015
1.760e+000	3.9709e-006	-2.1554e+013	-2.1307e+013	2.1307e+013	5.2500e-015
1.770e+000	3.9963e-006	-2.1804e+013	-2.1554e+013	2.1554e+013	5.2500e-015
1.780e+000	4.0208e-006	-2.2055e+013	-2.1804e+013	2.1804e+013	5.2500e-015
1.790e+000	4.0444e-006	-2.2307e+013	-2.2055e+013	2.2055e+013	5.2500e-015
1.800e+000	4.0672e-006	-2.2561e+013	-2.2307e+013	2.2307e+013	5.2500e-015
1.810e+000	4.0892e-006	-2.2816e+013	-2.2561e+013	2.2561e+013	5.2500e-015
1.820e+000	4.1105e-006	-2.3073e+013	-2.2816e+013	2.2816e+013	5.2500e-015
1.830e+000	4.1311e-006	-2.3331e+013	-2.3073e+013	2.3073e+013	5.2500e-015
1.840e+000	4.1511e-006	-2.3590e+013	-2.3331e+013	2.3331e+013	5.2500e-015
1.850e+000	4.1705e-006	-2.3850e+013	-2.3590e+013	2.3590e+013	5.2500e-015
1.860e+000	4.1894e-006	-2.4112e+013	-2.3850e+013	2.3850e+013	5.2500e-015
1.870e+000	4.2077e-006	-2.4374e+013	-2.4112e+013	2.4112e+013	5.2500e-015
1.880e+000	4.2255e-006	-2.4638e+013	-2.4374e+013	2.4374e+013	5.2500e-015
1.890e+000	4.2428e-006	-2.4903e+013	-2.4638e+013	2.4638e+013	5.2500e-015
1.900e+000	4.2597e-006	-2.5169e+013	-2.4903e+013	2.4903e+013	5.2500e-015
1.910e+000	4.2762e-006	-2.5436e+013	-2.5169e+013	2.5169e+013	5.2500e-015
1.920e+000	4.2922e-006	-2.5703e+013	-2.5436e+013	2.5436e+013	5.2500e-015
1.930e+000	4.3079e-006	-2.5972e+013	-2.5703e+013	2.5703e+013	5.2500e-015
1.940e+000	4.3232e-006	-2.6242e+013	-2.5972e+013	2.5972e+013	5.2500e-015
1.950e+000	4.3381e-006	-2.6513e+013	-2.6242e+013	2.6242e+013	5.2500e-015
1.960e+000	4.3527e-006	-2.6785e+013	-2.6513e+013	2.6513e+013	5.2500e-015
1.970e+000	4.3670e-006	-2.7057e+013	-2.6785e+013	2.6785e+013	5.2500e-015
1.980e+000	4.3810e-006	-2.7331e+013	-2.7057e+013	2.7057e+013	5.2500e-015
1.990e+000	4.3947e-006	-2.7605e+013	-2.7331e+013	2.7331e+013	5.2500e-015
2.000e+000	4.3998e-006	-2.7880e+013	-2.7605e+013	2.7605e+013	5.2500e-015
2.010e+000	4.4112e-006	-2.8155e+013	-2.7880e+013	2.7879e+013	5.2500e-015
2.020e+000	4.4236e-006	-2.8431e+013	-2.8155e+013	2.8155e+013	5.2500e-015
2.030e+000	4.4358e-006	-2.8708e+013	-2.8431e+013	2.8431e+013	5.2500e-015
2.040e+000	4.4477e-006	-2.8985e+013	-2.8708e+013	2.8708e+013	5.2500e-015
2.050e+000	4.4594e-006	-2.9264e+013	-2.8985e+013	2.8985e+013	5.2500e-015
2.060e+000	4.4709e-006	-2.9543e+013	-2.9264e+013	2.9264e+013	5.2500e-015
2.070e+000	4.4821e-006	-2.9823e+013	-2.9543e+013	2.9543e+013	5.2500e-015
2.080e+000	4.4932e-006	-3.0103e+013	-2.9823e+013	2.9823e+013	5.2500e-015
2.090e+000	4.5040e-006	-3.0384e+013	-3.0103e+013	3.0103e+013	5.2500e-015
2.100e+000	4.5147e-006	-3.0666e+013	-3.0384e+013	3.0384e+013	5.2500e-015
2.110e+000	4.5252e-006	-3.0948e+013	-3.0666e+013	3.0666e+013	5.2500e-015
2.120e+000	4.5355e-006	-3.1231e+013	-3.0948e+013	3.0948e+013	5.2500e-015
2.130e+000	4.5457e-006	-3.1515e+013	-3.1231e+013	3.1231e+013	5.2500e-015
2.140e+000	4.5557e-006	-3.1799e+013	-3.1515e+013	3.1515e+013	5.2500e-015
2.150e+000	4.5655e-006	-3.2084e+013	-3.1799e+013	3.1799e+013	5.2500e-015
2.160e+000	4.5751e-006	-3.2370e+013	-3.2084e+013	3.2084e+013	5.2500e-015
2.170e+000	4.5847e-006	-3.2656e+013	-3.2370e+013	3.2370e+013	5.2500e-015
2.180e+000	4.5940e-006	-3.2943e+013	-3.2656e+013	3.2656e+013	5.2500e-015
2.190e+000	4.6033e-006	-3.3230e+013	-3.2943e+013	3.2943e+013	5.2500e-015
2.200e+000	4.6124e-006	-3.3518e+013	-3.3230e+013	3.3230e+013	5.2500e-015
2.210e+000	4.6213e-006	-3.3807e+013	-3.3518e+013	3.3518e+013	5.2500e-015
2.220e+000	4.6302e-006	-3.4096e+013	-3.3807e+013	3.3806e+013	5.2500e-015
2.230e+000	4.6389e-006	-3.4385e+013	-3.4096e+013	3.4095e+013	5.2500e-015
2.240e+000	4.6474e-006	-3.4675e+013	-3.4385e+013	3.4385e+013	5.2500e-015
2.250e+000	4.6559e-006	-3.4966e+013	-3.4675e+013	3.4675e+013	5.2500e-015
2.260e+000	4.6643e-006	-3.5257e+013	-3.4966e+013	3.4966e+013	5.2500e-015
2.270e+000	4.6725e-006	-3.5548e+013	-3.5257e+013	3.5257e+013	5.2500e-015
2.280e+000	4.6806e-006	-3.5841e+013	-3.5548e+013	3.5548e+013	5.2500e-015
2.290e+000	4.6887e-006	-3.6133e+013	-3.5841e+013	3.5841e+013	5.2500e-015
2.300e+000	4.6966e-006	-3.6426e+013	-3.6133e+013	3.6133e+013	5.2500e-015
2.310e+000	4.7044e-006	-3.6720e+013	-3.6426e+013	3.6426e+013	5.2500e-015
2.320e+000	4.7121e-006	-3.7014e+013	-3.6720e+013	3.6720e+013	5.2500e-015
2.330e+000	4.7197e-006	-3.7309e+013	-3.7014e+013	3.7014e+013	5.2500e-015
2.340e+000	4.7273e-006	-3.7604e+013	-3.7309e+013	3.7309e+013	5.2500e-015
2.350e+000	4.7347e-006	-3.7899e+013	-3.7604e+013	3.7604e+013	5.2500e-015
2.360e+000	4.7421e-006	-3.8195e+013	-3.7899e+013	3.7899e+013	5.2500e-015
2.370e+000	4.7493e-006	-3.8492e+013	-3.8195e+013	3.8195e+013	5.2500e-015
2.380e+000	4.7565e-006	-3.8789e+013	-3.8492e+013	3.8492e+013	5.2500e-015
2.390e+000	4.7636e-006	-3.9086e+013	-3.8789e+013	3.8789e+013	5.2500e-015
2.400e+000	4.7706e-006	-3.9384e+013	-3.9086e+013	3.9086e+013	5.2500e-015
2.410e+000	4.7775e-006	-3.9682e+013	-3.9384e+013	3.9384e+013	5.2500e-015
2.420e+000	4.7844e-006	-3.9980e+013	-3.9682e+013	3.9682e+013	5.2500e-015
2.430e+000	4.7912e-006	-4.0279e+013	-3.9980e+013	3.9980e+013	5.2500e-015
2.440e+000	4.7979e-006	-4.0579e+013	-4.0279e+013	4.0279e+013	5.2500e-015
2.450e+000	4.8045e-006	-4.0879e+013	-4.0579e+013	4.0579e+013	5.2500e-015
2.460e+000	4.8111e-006	-4.1179e+013	-4.0879e+013	4.0879e+013	5.2500e-015
2.470e+000	4.8176e-006	-4.1480e+013	-4.1179e+013	4.1179e+013	5.2500e-015
2.480e+000	4.8240e-006	-4.1781e+013	-4.1480e+013	4.1480e+013	5.2500e-015
2.490e+000	4.8303e-006	-4.2082e+013	-4.1781e+013	4.1781e+013	5.2500e-015
2.500e+000	4.8366e-006	-4.2384e+013	-4.2082e+013	4.2082e+013	5.2500e-015
2.510e+000	4.8429e-006	-4.2687e+013	-4.2384e+013	4.2384e+013	5.2500e-015
2.520e+000	4.8490e-006	-4.2989e+013	-4.2687e+013	4.2686e+013	5.2500e-015
2.530e+000	4.8551e-006	-4.3292e+013	-4.2989e+013	4.2989e+013	5.2500e-015
2.540e+000	4.8612e-006	-4.3596e+013	-4.3292e+013	4.3292e+013	5.2500e-015
2.550e+000	4.8671e-006	-4.3899e+013	-4.3596e+013	4.3596e+013	5.2500e-015
2.560e+000	4.8731e-006	-4.4204e+013	-4.3899e+013	4.3899e+013	5.2500e-015
2.570e+000	4.8789e-006	-4.4508e+013	-4.4204e+013	4.4203e+013	5.2500e-015
2.580e+000	4.8847e-006	-4.4813e+013	-4.4508e+013	4.4508e+013	5.2500e-015
2.590e+000	4.8905e-006	-4.5118e+013	-4.4813e+013	4.4813e+013	5.2500e-015
2.600e+000	4.8962e-006	-4.5424e+013	-4.5118e+013	4.5118e+013	5.2500e-015
2.610e+000	4.9018e-006	-4.5730e+013	-4.5424e+013	4.5424e+013	5.2500e-015
2.620e+000	4.9064e-006	-4.6036e+013	-4.5730e+013	4.5730e+013	5.2500e-015
2.630e+000	4.9113e-006	-4.6342e+013	-4.6036e+013	4.6036e+013	5.2500e-015
2.640e+000	4.9168e-006	-4.6649e+013	-4.6342e+013	4.6342e+013	5.2500e-015
2.650e+000	4.9222e-006	-4.6957e+013	-4.6649e+013	4.6649e+013	5.2500e-015
2.660e+000	4.9276e-006	-4.7264e+013	-4.6957e+013	4.6957e+013	5.2500e-015
2.670e+000	4.9329e-006	-4.7572e+013	-4.7264e+013	4.7264e+013	5.2500e-015
2.680e+000	4.9382e-006	-4.7880e+013	-4.7572e+013	4.7572e+013	5.2500e-015
2.690e+000	4.9434e-006	-4.8189e+013	-4.7880e+013	4.7880e+013	5.2500e-015
2.700e+000	4.9486e-006	-4.8498e+013	-4.8189e+013	4.8189e+013	5.2500e-015
2.710e+000	4.9537e-006	-4.8807e+013	-4.8498e+013	4.8498e+013	5.2500e-015
2.720e+000	4.9588e-006	-4.9116e+013	-4.8807e+013	4.8807e+013	5.2500e-015
2.730e+000	4.9639e-006	-4.9426e+013	-4.9116e+013	4.9116e+013	5.2500e-015
2.740e+000	4.9689e-006	-4.9736e+013	-4.9426e+013	4.9426e+013	5.2500e-015
2.750e+000	4.9739e-006	-5.0047e+013	-4.9736e+013	4.9736e+013	5.2500e-015
2.760e+000	4.9788e-006	-5.0357e+013	-5.0047e+013	5.0047e+013	5.2500e-015
2.770e+000	4.9837e-006	-5.0669e+013	-5.0357e+013	5.0357e+013	5.2500e-015
2.780e+000	4.9885e-006	-5.0980e+013	-5.0669e+013	5.0669e+013	5.2500e-015
2.790e+000	4.9934e-006	-5.1292e+013	-5.0980e+013	5.0980e+013	5.2500e-015
2.800e+000	4.9981e-006	-5.1604e+013	-5.1292e+013	5.1292e+013	5.2500e-015
2.810e+000	5.0029e-006	-5.1916e+013	-5.1604e+013	5.1603e+013	5.2500e-015
2.820e+000	5.0076e-006	-5.2228e+013	-5.1916e+013	5.1916e+013	5.2500e-015
2.830e+000	5.0122e-006	-5.2541e+013	-5.2228e+013	5.2228e+013	5.2500e-015
2.840e+000	5.0168e-006	-5.2854e+013	-5.2541e+013	5.2541e+013	5.2500e-015
2.850e+000	5.0214e-006	-5.3168e+013	-5.2854e+013	5.2854e+013	5.2500e-015
2.860e+000	5.0260e-006	-5.3481e+013	-5.3168e+013	5.3168e+013	5.2500e-015
2.870e+000	5.0305e-006	-5.3795e+013	-5.3481e+013	5.3481e+013	5.2500e-015
2.880e+000	5.0350e-006	-5.4110e+013	-5.3795e+013	5.3795e+013	5.2500e-015
2.890e+000	5.0395e-006	-5.4424e+013	-5.4110e+013	5.4110e+013	5.2500e-015
2.900e+000	5.0439e-006	-5.4739e+013	-5.4424e+013	5.4424e+013	5.2500e-015
2.910e+000	5.0483e-006	-5.5054e+013	-5.4739e+013	5.4739e+013	5.2500e-015
2.920e+000	5.0526e-006	-5.5369e+013	-5.5054e+013	5.5054e+013	5.2500e-015
2.930e+000	5.0569e-006	-5.5685e+013	-5.5369e+013	5.5369e+013	5.2500e-015
2.940e+000	5.0612e-006	-5.6001e+013	-5.5685e+013	5.5685e+013	5.2500e-015
2.950e+000	5.0655e-006	-5.6317e+013	-5.6001e+013	5.6001e+013	5.2500e-015
2.960e+000	5.0697e-006	-5.6634e+013	-5.6317e+013	5.6317e+013	5.2500e-015
2.970e+000	5.0739e-006	-5.6950e+013	-5.6634e+013	5.6634e+013	5.2500e-015
2.980e+000	5.0781e-006	-5.7267e+013	-5.6950e+013	5.6950e+013	5.2500e-015
2.990e+000	5.0822e-006	-5.7584e+013	-5.7267e+013	5.7267e+013	5.2500e-015
3.000e+000	5.0864e-006	-5.7902e+013	-5.7584e+013	5.7584e+013	5.2500e-015
3.010e+000	5.0904e-006	-5.8220e+013	-5.7902e+013	5.7902e+013	5.2500e-015
3.020e+000	5.0945e-006	-5.8538e+013	-5.8220e+013	5.8220e+013	5.2500e-015
3.030e+000	5.0985e-006	-5.8856e+013	-5.8538e+013	5.8538e+013	5.2500e-015
3.040e+000	5.1025e-006	-5.9174e+013	-5.8856e+013	5.8856e+013	5.2500e-015
3.050e+000	5.1065e-006	-5.9493e+013	-5.9174e+013	5.9174e+013	5.2500e-015
3.060e+000	5.1105e-006	-5.9812e+013	-5.9493e+013	5.9493e+013	5.2500e-015
3.070e+000	5.1144e-006	-6.0131e+013	-5.9812e+013	5.9812e+013	5.2500e-015
3.080e+000	5.1183e-006	-6.0451e+013	-6.0131e+013	6.0131e+013	5.2500e-015
3.090e+000	5.1222e-006	-6.0770e+013	-6.0451e+013	6.0451e+013	5.2500e-015
3.100e+000	5.1260e-006	-6.1090e+013	-6.0770e+013	6.0770e+013	5.2500e-015
3.110e+000	5.1298e-006	-6.1410e+013	-6.1090e+013	6.1090e+013	5.2500e-015
3.120e+000	5.1336e-006	-6.1731e+013	-6.1410e+013	6.1410e+013	5.2500e-015
3.130e+000	5.1374e-006	-6.2051e+013	-6.1731e+013	6.1731e+013	5.2500e-015
3.140e+000	5.1411e-006	-6.2372e+013	-6.2051e+013	6.2051e+013	5.2500e-015
3.150e+000	5.1449e-006	-6.2693e+013	-6.2372e+013	6.2372e+013	5.2500e-015
3.160e+000	5.1486e-006	-6.3015e+013	-6.2693e+013	6.2693e+013	5.2500e-015
3.170e+000	5.1523e-006	-6.3336e+013	-6.3015e+013	6.3015e+013	5.2500e-015
3.180e+000	5.1559e-006	-6.3658e+013	-6.3336e+013	6.3336e+013	5.2500e-015
3.190e+000	5.1595e-006	-6.3980e+013	-6.3658e+013	6.3658e+013	5.2500e-015
3.200e+000	5.1632e-006	-6.4303e+013	-6.3980e+013	6.3980e+013	5.2500e-015
3.210e+000	5.1667e-006	-6.4625e+013	-6.4303e+013	6.4302e+013	5.2500e-015
3.220e+000	5.1703e-006	-6.4948e+013	-6.4625e+013	6.4625e+013	5.2500e-015
3.230e+000	5.1739e-006	-6.5271e+013	-6.4948e+013	6.4948e+013	5.2500e-015
3.240e+000	5.1774e-006	-6.5594e+013	-6.5271e+013	6.5271e+013	5.2500e-015
3.250e+000	5.1809e-006	-6.5917e+013	-6.5594e+013	6.5594e+013	5.2500e-015
3.260e+000	5.1844e-006	-6.6241e+013	-6.5917e+013	6.5917e+013	5.2500e-015
3.270e+000	5.1878e-006	-6.6565e+013	-6.6241e+013	6.6241e+013	5.2500e-015
3.280e+000	5.1913e-006	-6.6889e+013	-6.6565e+013	6.6564e+013	5.2500e-015
3.290e+000	5.1947e-006	-6.7213e+013	-6.6889e+013	6.6888e+013	5.2500e-015
3.300e+000	5.1981e-006	-6.7537e+013	-6.7213e+013	6.7213e+013	5.2500e-015
3.310e+000	5.2015e-006	-6.7862e+013	-6.7537e+013	6.7537e+013	5.2500e-015
3.320e+000	5.2048e-006	-6.8187e+013	-6.7862e+013	6.7862e+013	5.2500e-015
3.330e+000	5.2082e-006	-6.8512e+013	-6.8187e+013	6.8187e+013	5.2500e-015
3.340e+000	5.2115e-006	-6.8837e+013	-6.8512e+013	6.8512e+013	5.2500e-015
3.350e+000	5.2148e-006	-6.9163e+013	-6.8837e+013	6.8837e+013	5.2500e-015
3.360e+000	5.2181e-006	-6.9488e+013	-6.9163e+013	6.9163e+013	5.2500e-015
3.370e+000	5.2214e-006	-6.9814e+013	-6.9488e+013	6.9488e+013	5.2500e-015
3.380e+000	5.2246e-006	-7.0140e+013	-6.9814e+013	6.9814e+013	5.2500e-015
3.390e+000	5.2279e-006	-7.0467e+013	-7.0140e+013	7.0140e+013	5.2500e-015
3.400e+000	5.2311e-006	-7.0793e+013	-7.0467e+013	7.0466e+013	5.2500e-015
3.410e+000	5.2343e-006	-7.1120e+013	-7.0793e+013	7.0793e+013	5.2500e-015
3.420e+000	5.2375e-006	-7.1447e+013	-7.1120e+013	7.1120e+013	5.2500e-015
3.430e+000	5.2406e-006	-7.1774e+013	-7.1447e+013	7.1447e+013	5.2500e-015
3.440e+000	5.2438e-006	-7.2101e+013	-7.1774e+013	7.1774e+013	5.2500e-015
3.450e+000	5.2469e-006	-7.2428e+013	-7.2101e+013	7.2101e+013	5.2500e-015
3.460e+000	5.2500e-006	-7.2756e+013	-7.2428e+013	7.2428e+013	5.2500e-015
3.470e+000	5.2531e-006	-7.3084e+013	-7.2756e+013	7.2756e+013	5.2500e-015
3.480e+000	5.2562e-006	-7.3412e+013	-7.3084e+013	7.3084e+013	5.2500e-015
3.490e+000	5.2592e-006	-7.3740e+013	-7.3412e+013	7.3412e+013	5.2500e-015
3.500e+000	5.2623e-006	-7.4069e+013	-7.3740e+013	7.3740e+013	5.2500e-015
3.510e+000	5.2653e-006	-7.4397e+013	-7.4069e+013	7.4069e+013	5.2500e-015
3.520e+000	5.2683e-006	-7.4726e+013	-7.4397e+013	7.4397e+013	5.2500e-015
3.530e+000	5.2713e-006	-7.5055e+013	-7.4726e+013	7.4726e+013	5.2500e-015
3.540e+000	5.2743e-006	-7.5384e+013	-7.5055e+013	7.5055e+013	5.2500e-015
3.550e+000	5.2773e-006	-7.5714e+013	-7.5384e+013	7.5384e+013	5.2500e-015
3.560e+000	5.2803e-006	-7.6043e+013	-7.5714e+013	7.5714e+013	5.2500e-015
3.570e+000	5.2832e-006	-7.6373e+013	-7.6043e+013	7.6043e+013	5.2500e-015
3.580e+000	5.2861e-006	-7.6703e+013	-7.6373e+013	7.6373e+013	5.2500e-015
3.590e+000	5.2890e-006	-7.7033e+013	-7.6703e+013	7.6703e+013	5.2500e-015
3.600e+000	5.2919e-006	-7.7364e+013	-7.7033e+013	7.7033e+013	5.2500e-015
3.610e+000	5.2948e-006	-7.7694e+013	-7.7364e+013	7.7363e+013	5.2500e-015
3.620e+000	5.2977e-006	-7.8025e+013	-7.7694e+013	7.7694e+013	5.2500e-015
3.630e+000	5.3005e-006	-7.8355e+013	-7.8025e+013	7.8025e+013	5.2500e-015
3.640e+000	5.3034e-006	-7.8686e+013	-7.8355e+013	7.8355e+013	5.2500e-015
3.650e+000	5.3062e-006	-7.9018e+013	-7.8686e+013	7.8686e+013	5.2500e-015
3.660e+000	5.3090e-006	-7.9349e+013	-7.9018e+013	7.9018e+013	5.2500e-015
3.670e+000	5.3118e-006	-7.9681e+013	-7.9349e+013	7.9349e+013	5.2500e-015
3.680e+000	5.3146e-006	-8.0012e+013	-7.9681e+013	7.9681e+013	5.2500e-015
3.690e+000	5.3173e-006	-8.0344e+013	-8.0012e+013	8.0012e+013	5.2500e-015
3.700e+000	5.3201e-006	-8.0676e+013	-8.0344e+013	8.0344e+013	5.2500e-015
3.710e+000	5.3228e-006	-8.1008e+013	-8.0676e+013	8.0676e+013	5.2500e-015
3.720e+000	5.3256e-006	-8.1341e+013	-8.1008e+013	8.1008e+013	5.2500e-015
3.730e+000	5.3283e-006	-8.1673e+013	-8.1341e+013	8.1341e+013	5.2500e-015
3.740e+000	5.3310e-006	-8.2006e+013	-8.1673e+013	8.1673e+013	5.2500e-015
3.750e+000	5.3337e-006	-8.2339e+013	-8.2006e+013	8.2006e+013	5.2500e-015
3.760e+000	5.3364e-006	-8.2672e+013	-8.2339e+013	8.2339e+013	5.2500e-015
3.770e+000	5.3390e-006	-8.3005e+013	-8.2672e+013	8.2672e+013	5.2500e-015
3.780e+000	5.3417e-006	-8.3339e+013	-8.3005e+013	8.3005e+013	5.2500e-015
3.790e+000	5.3443e-006	-8.3672e+013	-8.3339e+013	8.3339e+013	5.2500e-015
3.800e+000	5.3470e-006	-8.4006e+013	-8.3672e+013	8.3672e+013	5.2500e-015
3.810e+000	5.3496e-006	-8.4340e+013	-8.4006e+013	8.4006e+013	5.2500e-015
3.820e+000	5.3522e-006	-8.4674e+013	-8.4340e+013	8.4340e+013	5.2500e-015
3.830e+000	5.3548e-006	-8.5008e+013	-8.4674e+013	8.4674e+013	5.2500e-015
3.840e+000	5.3574e-006	-8.5343e+013	-8.5008e+013	8.5008e+013	5.2500e-015
3.850e+000	5.3599e-006	-8.5677e+013	-8.5343e+013	8.5343e+013	5.2500e-015
3.860e+000	5.3625e-006	-8.6012e+013	-8.5677e+013	8.5677e+013	5.2500e-015
3.870e+000	5.3650e-006	-8.6347e+013	-8.6012e+013	8.6012e+013	5.2500e-015
3.880e+000	5.3676e-006	-8.6682e+013	-8.6347e+013	8.6347e+013	5.2500e-015
3.890e+000	5.3701e-006	-8.7017e+013	-8.6682e+013	8.6682e+013	5.2500e-015
3.900e+000	5.3726e-006	-8.7352e+013	-8.7017e+013	8.7017e+013	5.2500e-015
3.910e+000	5.3751e-006	-8.7688e+013	-8.7352e+013	8.7352e+013	5.2500e-015
3.920e+000	5.3776e-006	-8.8023e+013	-8.7688e+013	8.7688e+013	5.2500e-015
3.930e+000	5.3801e-006	-8.8359e+013	-8.8023e+013	8.8023e+013	5.2500e-015
3.940e+000	5.3826e-006	-8.8695e+013	-8.8359e+013	8.8359e+013	5.2500e-015
3.950e+000	5.3850e-006	-8.9031e+013	-8.8695e+013	8.8695e+013	5.2500e-015
3.960e+000	5.3875e-006	-8.9367e+013	-8.9031e+013	8.9031e+013	5.2500e-015
3.970e+000	5.3899e-006	-8.9704e+013	-8.9367e+013	8.9367e+013	5.2500e-015
3.980e+000	5.3923e-006	-9.0040e+013	-8.9704e+013	8.9704e+013	5.2500e-015
3.990e+000	5.3948e-006	-9.0377e+013	-9.0040e+013	9.0040e+013	5.2500e-015
4.000e+000	5.3972e-006	-9.0714e+013	-9.0377e+013	9.0377e+013	5.2500e-015
4.010e+000	5.3996e-006	-9.1051e+013	-9.0714e+013	9.0714e+013	5.2500e-015
4.020e+000	5.4020e-006	-9.1388e+013	-9.1051e+013	9.1051e+013	5.2500e-015
4.030e+000	5.4043e-006	-9.1725e+013	-9.1388e+013	9.1388e+013	5.2500e-015
4.040e+000	5.4067e-006	-9.2063e+013	-9.1725e+013	9.1725e+013	5.2500e-015
4.050e+000	5.4091e-006	-9.2401e+013	-9.2063e+013	9.2063e+013	5.2500e-015
4.060e+000	5.4114e-006	-9.2738e+013	-9.2401e+013	9.2400e+013	5.2500e-015
4.070e+000	5.4137e-006	-9.3076e+013	-9.2738e+013	9.2738e+013	5.2500e-015
4.080e+000	5.4161e-006	-9.3414e+013	-9.3076e+013	9.3076e+013	5.2500e-015
4.090e+000	5.4184e-006	-9.3752e+013	-9.3414e+013	9.3414e+013	5.2500e-015
4.100e+000	5.4207e-006	-9.4091e+013	-9.3752e+013	9.3752e+013	5.2500e-015
4.110e+000	5.4230e-006	-9.4429e+013	-9.4091e+013	9.4091e+013	5.2500e-015
4.120e+000	5.4253e-006	-9.4768e+013	-9.4429e+013	9.4429e+013	5.2500e-015
4.130e+000	5.4276e-006	-9.5107e+013	-9.4768e+013	9.4768e+013	5.2500e-015
4.140e+000	5.4299e-006	-9.5446e+013	-9.5107e+013	9.5107e+013	5.2500e-015
4.150e+000	5.4321e-006	-9.5785e+013	-9.5446e+013	9.5445e+013	5.2500e-015
4.160e+000	5.4344e-006	-9.6124e+013	-9.5785e+013	9.5785e+013	5.2500e-015
4.170e+000	5.4366e-006	-9.6463e+013	-9.6124e+013	9.6124e+013	5.2500e-015
4.180e+000	5.4389e-006	-9.6803e+013	-9.6463e+013	9.6463e+013	5.2500e-015
4.190e+000	5.4411e-006	-9.7142e+013	-9.6803e+013	9.6803e+013	5.2500e-015
4.200e+000	5.4433e-006	-9.7482e+013	-9.7142e+013	9.7142e+013	5.2500e-015
4.210e+000	5.4455e-006	-9.7822e+013	-9.7482e+013	9.7482e+013	5.2500e-015
4.220e+000	5.4477e-006	-9.8162e+013	-9.7822e+013	9.7822e+013	5.2500e-015
4.230e+000	5.4499e-006	-9.8502e+013	-9.8162e+013	9.8162e+013	5.2500e-015
4.240e+000	5.4521e-006	-9.8842e+013	-9.8502e+013	9.8502e+013	5.2500e-015
4.250e+000	5.4543e-006	-9.9183e+013	-9.8842e+013	9.8842e+013	5.2500e-015
4.260e+000	5.4564e-006	-9.9523e+013	-9.9183e+013	9.9183e+013	5.2500e-015
4.270e+000	5.4586e-006	-9.9864e+013	-9.9523e+013	9.9523e+013	5.2500e-015
4.280e+000	5.4607e-006	-1.0020e+014	-9.9864e+013	9.9864e+013	5.2500e-015
4.290e+000	5.4629e-006	-1.0055e+014	-1.0020e+014	1.0020e+014	5.2500e-015
4.300e+000	5.4650e-006	-1.0089e+014	-1.0055e+014	1.0055e+014	5.2500e-015
4.310e+000	5.4672e-006	-1.0123e+014	-1.0089e+014	1.0089e+014	5.2500e-015
4.320e+000	5.4693e-006	-1.0157e+014	-1.0123e+014	1.0123e+014	5.2500e-015
4.330e+000	5.4713e-006	-1.0191e+014	-1.0157e+014	1.0157e+014	5.2500e-015
4.340e+000	5.4733e-006	-1.0225e+014	-1.0191e+014	1.0191e+014	5.2500e-015
4.350e+000	5.4754e-006	-1.0259e+014	-1.0225e+014	1.0225e+014	5.2500e-015
4.360e+000	5.4775e-006	-1.0294e+014	-1.0259e+014	1.0259e+014	5.2500e-015
4.370e+000	5.4796e-006	-1.0328e+014	-1.0294e+014	1.0294e+014	5.2500e-015
4.380e+000	5.4816e-006	-1.0362e+014	-1.0328e+014	1.0328e+014	5.2500e-015
4.390e+000	5.4837e-006	-1.0396e+014	-1.0362e+014	1.0362e+014	5.2500e-015
4.400e+000	5.4857e-006	-1.0430e+014	-1.0396e+014	1.0396e+014	5.2500e-015
4.410e+000	5.4878e-006	-1.0465e+014	-1.0430e+014	1.0430e+014	5.2500e-015
4.420e+000	5.4898e-006	-1.0499e+014	-1.0465e+014	1.0465e+014	5.2500e-015
4.430e+000	5.4919e-006	-1.0533e+014	-1.0499e+014	1.0499e+014	5.2500e-015
4.440e+000	5.4939e-006	-1.0568e+014	-1.0533e+014	1.0533e+014	5.2500e-015
4.450e+000	5.4959e-006	-1.0602e+014	-1.0568e+014	1.0568e+014	5.2500e-015
4.460e+000	5.4979e-006	-1.0636e+014	-1.0602e+014	1.0602e+014	5.2500e-015
4.470e+000	5.4999e-006	-1.0671e+014	-1.0636e+014	1.0636e+014	5.2500e-015
4.480e+000	5.5019e-006	-1.0705e+014	-1.0671e+014	1.0671e+014	5.2500e-015
4.490e+000	5.5039e-006	-1.0739e+014	-1.0705e+014	1.0705e+014	5.2500e-015
4.500e+000	5.5059e-006	-1.0774e+014	-1.0739e+014	1.0739e+014	5.2500e-015
4.510e+000	5.5079e-006	-1.0808e+014	-1.0774e+014	1.0774e+014	5.2500e-015
4.520e+000	5.5098e-006	-1.0842e+014	-1.0808e+014	1.0808e+014	5.2500e-015
4.530e+000	5.5118e-006	-1.0877e+014	-1.0842e+014	1.0842e+014	5.2500e-015
4.540e+000	5.5138e-006	-1.0911e+014	-1.0877e+014	1.0877e+014	5.2500e-015
4.550e+000	5.5157e-006	-1.0946e+014	-1.0911e+014	1.0911e+014	5.2500e-015
4.560e+000	5.5177e-006	-1.0980e+014	-1.0946e+014	1.0946e+014	5.2500e-015
4.570e+000	5.5196e-006	-1.1014e+014	-1.0980e+014	1.0980e+014	5.2500e-015
4.580e+000	5.5215e-006	-1.1049e+014	-1.1014e+014	1.1014e+014	5.2500e-015
4.590e+000	5.5234e-006	-1.1083e+014	-1.1049e+014	1.1049e+014	5.2500e-015
4.600e+000	5.5254e-006	-1.1118e+014	-1.1083e+014	1.1083e+014	5.2500e-015
4.610e+000	5.5273e-006	-1.1152e+014	-1.1118e+014	1.1118e+014	5.2500e-015
4.620e+000	5.5292e-006	-1.1187e+014	-1.1152e+014	1.1152e+014	5.2500e-015
4.630e+000	5.5311e-006	-1.1221e+014	-1.1187e+014	1.1187e+014	5.2500e-015
4.640e+000	5.5329e-006	-1.1256e+014	-1.1221e+014	1.1221e+014	5.2500e-015
4.650e+000	5.5348e-006	-1.1291e+014	-1.1256e+014	1.1256e+014	5.2500e-015
4.660e+000	5.5367e-006	-1.1325e+014	-1.1291e+014	1.1291e+014	5.2500e-015
4.670e+000	5.5386e-006	-1.1360e+014	-1.1325e+014	1.1325e+014	5.2500e-015
4.680e+000	5.5404e-006	-1.1394e+014	-1.1360e+014	1.1360e+014	5.2500e-015
4.690e+000	5.5423e-006	-1.1429e+014	-1.1394e+014	1.1394e+014	5.2500e-015
4.700e+000	5.5441e-006	-1.1463e+014	-1.1429e+014	1.1429e+014	5.2500e-015
4.710e+000	5.5460e-006	-1.1498e+014	-1.1463e+014	1.1463e+014	5.2500e-015
4.720e+000	5.5478e-006	-1.1533e+014	-1.1498e+014	1.1498e+014	5.2500e-015
4.730e+000	5.5497e-006	-1.1567e+014	-1.1533e+014	1.1533e+014	5.2500e-015
4.740e+000	5.5515e-006	-1.1602e+014	-1.1567e+014	1.1567e+014	5.2500e-015
4.750e+000	5.5533e-006	-1.1637e+014	-1.1602e+014	1.1602e+014	5.2500e-015
4.760e+000	5.5551e-006	-1.1671e+014	-1.1637e+014	1.1637e+014	5.2500e-015
4.770e+000	5.5569e-006	-1.1706e+014	-1.1671e+014	1.1671e+014	5.2500e-015
4.780e+000	5.5587e-006	-1.1741e+014	-1.1706e+014	1.1706e+014	5.2500e-015
4.790e+000	5.5605e-006	-1.1775e+014	-1.1741e+014	1.1741e+014	5.2500e-015
4.800e+000	5.5623e-006	-1.1810e+014	-1.1775e+014	1.1775e+014	5.2500e-015
4.810e+000	5.5641e-006	-1.1845e+014	-1.1810e+014	1.1810e+014	5.2500e-015
4.820e+000	5.5659e-006	-1.1880e+014	-1.1845e+014	1.1845e+014	5.2500e-015
4.830e+000	5.5677e-006	-1.1914e+014	-1.1880e+014	1.1880e+014	5.2500e-015
4.840e+000	5.5694e-006	-1.1949e+014	-1.1914e+014	1.1914e+014	5.2500e-015
4.850e+000	5.5712e-006	-1.1984e+014	-1.1949e+014	1.1949e+014	5.2500e-015
4.860e+000	5.5729e-006	-1.2019e+014	-1.1984e+014	1.1984e+014	5.2500e-015
4.870e+000	5.5747e-006	-1.2053e+014	-1.2019e+014	1.2019e+014	5.2500e-015
4.880e+000	5.5764e-006	-1.2088e+014	-1.2053e+014	1.2053e+014	5.2500e-015
4.890e+000	5.5782e-006	-1.2123e+014	-1.2088e+014	1.2088e+014	5.2500e-015
4.900e+000	5.5799e-006	-1.2158e+014	-1.2123e+014	1.2123e+014	5.2500e-015
4.910e+000	5.5816e-006	-1.2193e+014	-1.2158e+014	1.2158e+014	5.2500e-015
4.920e+000	5.5834e-006	-1.2228e+014	-1.2193e+014	1.2193e+014	5.2500e-015
4.930e+000	5.5851e-006	-1.2262e+014	-1.2228e+014	1.2228e+014	5.2500e-015
4.940e+000	5.5868e-006	-1.2297e+014	-1.2262e+014	1.2262e+014	5.2500e-015
4.950e+000	5.5885e-006	-1.2332e+014	-1.2297e+014	1.2297e+014	5.2500e-015
4.960e+000	5.5902e-006	-1.2367e+014	-1.2332e+014	1.2332e+014	5.2500e-015
4.970e+000	5.5919e-006	-1.2402e+014	-1.2367e+014	1.2367e+014	5.2500e-015
4.980e+000	5.5936e-006	-1.2437e+014	-1.2402e+014	1.2402e+014	5.2500e-015
4.990e+000	5.5953e-006	-1.2472e+014	-1.2437e+014	1.2437e+014	5.2500e-015
5.000e+000	5.5970e-006	-1.2507e+014	-1.2472e+014	1.2472e+014	5.2500e-015
5.010e+000	5.5986e-006	-1.2542e+014	-1.2507e+014	1.2507e+014	5.2500e-015
5.020e+000	5.6003e-006	-1.2577e+014	-1.2542e+014	1.2542e+014	5.2500e-015
5.030e+000	5.6020e-006	-1.2612e+014	-1.2577e+014	1.2577e+014	5.2500e-015
5.040e+000	5.6036e-006	-1.2647e+014	-1.2612e+014	1.2612e+014	5.2500e-015
5.050e+000	5.6053e-006	-1.2682e+014	-1.2647e+014	1.2647e+014	5.2500e-015
5.060e+000	5.6069e-006	-1.2717e+014	-1.2682e+014	1.2682e+014	5.2500e-015
5.070e+000	5.6086e-006	-1.2752e+014	-1.2717e+014	1.2717e+014	5.2500e-015
5.080e+000	5.6102e-006	-1.2787e+014	-1.2752e+014	1.2752e+014	5.2500e-015
5.090e+000	5.6118e-006	-1.2822e+014	-1.2787e+014	1.2787e+014	5.2500e-015
5.100e+000	5.6135e-006	-1.2857e+014	-1.2822e+014	1.2822e+014	5.2500e-015
5.110e+000	5.6151e-006	-1.2892e+014	-1.2857e+014	1.2857e+014	5.2500e-015
5.120e+000	5.6167e-006	-1.2927e+014	-1.2892e+014	1.2892e+014	5.2500e-015
5.130e+000	5.6183e-006	-1.2962e+014	-1.2927e+014	1.2927e+014	5.2500e-015
5.140e+000	5.6200e-006	-1.2997e+014	-1.2962e+014	1.2962e+014	5.2500e-015
5.150e+000	5.6216e-006	-1.3032e+014	-1.2997e+014	1.2997e+014	5.2500e-015
5.160e+000	5.6232e-006	-1.3067e+014	-1.3032e+014	1.3032e+014	5.2500e-015
5.170e+000	5.6248e-006	-1.3102e+014	-1.3067e+014	1.3067e+014	5.2500e-015
5.180e+000	5.6264e-006	-1.3137e+014	-1.3102e+014	1.3102e+014	5.2500e-015
5.190e+000	5.6279e-006	-1.3172e+014	-1.3137e+014	1.3137e+014	5.2500e-015
5.200e+000	5.6295e-006	-1.3208e+014	-1.3172e+014	1.3172e+014	5.2500e-015
5.210e+000	5.6311e-006	-1.3243e+014	-1.3208e+014	1.3208e+014	5.2500e-015
5.220e+000	5.6327e-006	-1.3278e+014	-1.3243e+014	1.3243e+014	5.2500e-015
5.230e+000	5.6342e-006	-1.3313e+014	-1.3278e+014	1.3278e+014	5.2500e-015
5.240e+000	5.6358e-006	-1.3348e+014	-1.3313e+014	1.3313e+014	5.2500e-015
5.250e+000	5.6374e-006	-1.3383e+014	-1.3348e+014	1.3348e+014	5.2500e-015
5.260e+000	5.6389e-006	-1.3419e+014	-1.3383e+014	1.3383e+014	5.2500e-015
5.270e+000	5.6405e-006	-1.3454e+014	-1.3419e+014	1.3419e+014	5.2500e-015
5.280e+000	5.6420e-006	-1.3489e+014	-1.3454e+014	1.3454e+014	5.2500e-015
5.290e+000	5.6436e-006	-1.3524e+014	-1.3489e+014	1.3489e+014	5.2500e-015
5.300e+000	5.6451e-006	-1.3559e+014	-1.3524e+014	1.3524e+014	5.2500e-015
5.310e+000	5.6466e-006	-1.3595e+014	-1.3559e+014	1.3559e+014	5.2500e-015
5.320e+000	5.6482e-006	-1.3630e+014	-1.3595e+014	1.3595e+014	5.2500e-015
5.330e+000	5.6497e-006	-1.3665e+014	-1.3630e+014	1.3630e+014	5.2500e-015
5.340e+000	5.6512e-006	-1.3700e+014	-1.3665e+014	1.3665e+014	5.2500e-015
5.350e+000	5.6527e-006	-1.3736e+014	-1.3700e+014	1.3700e+014	5.2500e-015
5.360e+000	5.6542e-006	-1.3771e+014	-1.3736e+014	1.3736e+014	5.2500e-015
5.370e+000	5.6557e-006	-1.3806e+014	-1.3771e+014	1.3771e+014	5.2500e-015
5.380e+000	5.6573e-006	-1.3842e+014	-1.3806e+014	1.3806e+014	5.2500e-015
5.390e+000	5.6588e-006	-1.3877e+014	-1.3842e+014	1.3842e+014	5.2500e-015
5.400e+000	5.6602e-006	-1.3912e+014	-1.3877e+014	1.3877e+014	5.2500e-015
5.410e+000	5.6617e-006	-1.3948e+014	-1.3912e+014	1.3912e+014	5.2500e-015
5.420e+000	5.6632e-006	-1.3983e+014	-1.3948e+014	1.3948e+014	5.2500e-015
5.430e+000	5.6647e-006	-1.4018e+014	-1.3983e+014	1.3983e+014	5.2500e-015
5.440e+000	5.6662e-006	-1.4054e+014	-1.4018e+014	1.4018e+014	5.2500e-015
5.450e+000	5.6677e-006	-1.4089e+014	-1.4054e+014	1.4054e+014	5.2500e-015
5.460e+000	5.6691e-006	-1.4124e+014	-1.4089e+014	1.4089e+014	5.2500e-015
5.470e+000	5.6706e-006	-1.4160e+014	-1.4124e+014	1.4124e+014	5.2500e-015
5.480e+000	5.6721e-006	-1.4195e+014	-1.4160e+014	1.4160e+014	5.2500e-015
5.490e+000	5.6735e-006	-1.4231e+014	-1.4195e+014	1.4195e+014	5.2500e-015
5.500e+000	5.6750e-006	-1.4266e+014	-1.4231e+014	1.4231e+014	5.2500e-015
5.510e+000	5.6764e-006	-1.4302e+014	-1.4266e+014	1.4266e+014	5.2500e-015
5.520e+000	5.6779e-006	-1.4337e+014	-1.4302e+014	1.4302e+014	5.2500e-015
5.530e+000	5.6793e-006	-1.4372e+014	-1.4337e+014	1.4337e+014	5.2500e-015
5.540e+000	5.6808e-006	-1.4408e+014	-1.4372e+014	1.4372e+014	5.2500e-015
5.550e+000	5.6822e-006	-1.4443e+014	-1.4408e+014	1.4408e+014	5.2500e-015
5.560e+000	5.6836e-006	-1.4479e+014	-1.4443e+014	1.4443e+014	5.2500e-015
5.570e+000	5.6851e-006	-1.4514e+014	-1.4479e+014	1.4479e+014	5.2500e-015
5.580e+000	5.6865e-006	-1.4550e+014	-1.4514e+014	1.4514e+014	5.2500e-015
5.590e+000	5.6879e-006	-1.4585e+014	-1.4550e+014	1.4550e+014	5.2500e-015
5.600e+000	5.6893e-006	-1.4621e+014	-1.4585e+014	1.4585e+014	5.2500e-015
5.610e+000	5.6907e-006	-1.4656e+014	-1.4621e+014	1.4621e+014	5.2500e-015
5.620e+000	5.6921e-006	-1.4692e+014	-1.4656e+014	1.4656e+014	5.2500e-015
5.630e+000	5.6935e-006	-1.4727e+014	-1.4692e+014	1.4692e+014	5.2500e-015
5.640e+000	5.6949e-006	-1.4763e+014	-1.4727e+014	1.4727e+014	5.2500e-015
5.650e+000	5.6963e-006	-1.4798e+014	-1.4763e+014	1.4763e+014	5.2500e-015
5.660e+000	5.6977e-006	-1.4834e+014	-1.4798e+014	1.4798e+014	5.2500e-015
5.670e+000	5.6991e-006	-1.4870e+014	-1.4834e+014	1.4834e+014	5.2500e-015
5.680e+000	5.7005e-006	-1.4905e+014	-1.4870e+014	1.4870e+014	5.2500e-015
5.690e+000	5.7019e-006	-1.4941e+014	-1.4905e+014	1.4905e+014	5.2500e-015
5.700e+000	5.7033e-006	-1.4976e+014	-1.4941e+014	1.4941e+014	5.2500e-015
5.710e+000	5.7047e-006	-1.5012e+014	-1.4976e+014	1.4976e+014	5.2500e-015
5.720e+000	5.7060e-006	-1.5048e+014	-1.5012e+014	1.5012e+014	5.2500e-015
5.730e+000	5.7074e-006	-1.5083e+014	-1.5048e+014	1.5048e+014	5.2500e-015
5.740e+000	5.7088e-006	-1.5119e+014	-1.5083e+014	1.5083e+014	5.2500e-015
5.750e+000	5.7101e-006	-1.5154e+014	-1.5119e+014	1.5119e+014	5.2500e-015
5.760e+000	5.7115e-006	-1.5190e+014	-1.5154e+014	1.5154e+014	5.2500e-015
5.770e+000	5.7128e-006	-1.5226e+014	-1.5190e+014	1.5190e+014	5.2500e-015
5.780e+000	5.7142e-006	-1.5261e+014	-1.5226e+014	1.5226e+014	5.2500e-015
5.790e+000	5.7155e-006	-1.5297e+014	-1.5261e+014	1.5261e+014	5.2500e-015
5.800e+000	5.7169e-006	-1.5333e+014	-1.5297e+014	1.5297e+014	5.2500e-015
5.810e+000	5.7182e-006	-1.5369e+014	-1.5333e+014	1.5333e+014	5.2500e-015
5.820e+000	5.7196e-006	-1.5404e+014	-1.5369e+014	1.5368e+014	5.2500e-015
5.830e+000	5.7209e-006	-1.5440e+014	-1.5404e+014	1.5404e+014	5.2500e-015
5.840e+000	5.7222e-006	-1.5476e+014	-1.5440e+014	1.5440e+014	5.2500e-015
5.850e+000	5.7236e-006	-1.5511e+014	-1.5476e+014	1.5476e+014	5.2500e-015
5.860e+000	5.7249e-006	-1.5547e+014	-1.5511e+014	1.5511e+014	5.2500e-015
5.870e+000	5.7262e-006	-1.5583e+014	-1.5547e+014	1.5547e+014	5.2500e-015
5.880e+000	5.7275e-006	-1.5619e+014	-1.5583e+014	1.5583e+014	5.2500e-015
5.890e+000	5.7288e-006	-1.5654e+014	-1.5619e+014	1.5619e+014	5.2500e-015
5.900e+000	5.7302e-006	-1.5690e+014	-1.5654e+014	1.5654e+014	5.2500e-015
5.910e+000	5.7315e-006	-1.5726e+014	-1.5690e+014	1.5690e+014	5.2500e-015
5.920e+000	5.7328e-006	-1.5762e+014	-1.5726e+014	1.5726e+014	5.2500e-015
5.930e+000	5.7341e-006	-1.5797e+014	-1.5762e+014	1.5762e+014	5.2500e-015
5.940e+000	5.7354e-006	-1.5833e+014	-1.5797e+014	1.5797e+014	5.2500e-015
5.950e+000	5.7367e-006	-1.5869e+014	-1.5833e+014	1.5833e+014	5.2500e-015
5.960e+000	5.7380e-006	-1.5905e+014	-1.5869e+014	1.5869e+014	5.2500e-015
5.970e+000	5.7392e-006	-1.5941e+014	-1.5905e+014	1.5905e+014	5.2500e-015
5.980e+000	5.7405e-006	-1.5976e+014	-1.5941e+014	1.5941e+014	5.2500e-015
5.990e+000	5.7418e-006	-1.6012e+014	-1.5976e+014	1.5976e+014	5.2500e-015
6.000e+000	5.7431e-006	-1.6048e+014	-1.6012e+014	1.6012e+014	5.2500e-015
