Y (ang)	Ec (eV)	Ev (eV)	E (V/cm)	Ef (eV)	n (cm-3)	p (cm-3)	Nd - Na (cm-3)	el eval 1 (eV)	el eval 2 (eV)	el eval 3 (eV)	el eval 4 (eV)	el eval 5 (eV)	el eval 6 (eV)	el eval 7 (eV)	el eval 8 (eV)	el eval 9 (eV)	el eval 10 (eV)	el eval 11 (eV)	el eval 12 (eV)
0.000000e+000	6.00000000e-001	-2.80000000e+000	2.24048573e+006	-0.00000000e+000	1.8691e+008	1.0000e-010	0.0000e+000
1.000000e+001	1.38404857e+000	-2.71595143e+000	-4.08018520e+005	0.00000000e+000	1.2394e-005	1.0000e-010	-1.3848e+020
2.000000e+001	1.37124672e+000	-2.76375328e+000	-5.51829203e+005	0.00000000e+000	2.0666e-005	1.0000e-010	-7.3133e+018	-1.1902e-001	6.8480e-003	5.2966e-002	7.8509e-002	9.5915e-002	1.0906e-001	1.1958e-001	1.2836e-001	1.3587e-001	1.4243e-001	1.4829e-001	1.5390e-001
3.000000e+001	1.34406380e+000	-2.82593620e+000	-6.96756540e+005	0.00000000e+000	5.9143e-005	1.0000e-010	-7.3503e+018
4.000000e+001	1.30238815e+000	-2.90261185e+000	-8.42805077e+005	0.00000000e+000	2.9650e-004	1.0000e-010	-7.3874e+018
5.000000e+001	1.13410764e+000	-2.96589236e+000	-4.08018520e+005	0.00000000e+000	1.9907e-001	1.0000e-010	2.2051e+019
6.000000e+001	1.09330579e+000	-3.00669421e+000	-4.08018520e+005	0.00000000e+000	9.6484e-001	1.0000e-010	0.0000e+000
7.000000e+001	1.05250394e+000	-3.04749606e+000	-4.08018520e+005	0.00000000e+000	4.6762e+000	1.0000e-010	0.0000e+000
8.000000e+001	1.01170208e+000	-3.08829792e+000	-4.08018520e+005	0.00000000e+000	2.2664e+001	1.0000e-010	0.0000e+000
9.000000e+001	9.70900231e-001	-3.12909977e+000	-4.08018520e+005	0.00000000e+000	1.0984e+002	1.0000e-010	0.0000e+000
1.000000e+002	9.30098379e-001	-3.16990162e+000	-4.08018520e+005	0.00000000e+000	5.3238e+002	1.0000e-010	0.0000e+000
1.100000e+002	8.89296527e-001	-3.21070347e+000	-4.08018520e+005	0.00000000e+000	2.5803e+003	1.0000e-010	0.0000e+000
1.200000e+002	8.48494675e-001	-3.25150532e+000	-4.08018520e+005	0.00000000e+000	1.2506e+004	1.0000e-010	0.0000e+000
1.300000e+002	8.07692823e-001	-3.29230718e+000	-4.08018520e+005	0.00000000e+000	6.0628e+004	1.0000e-010	0.0000e+000
1.400000e+002	7.66890971e-001	-3.33310903e+000	-4.08018520e+005	0.00000000e+000	2.9443e+005	1.0000e-010	0.0000e+000
1.500000e+002	7.26089119e-001	-3.37391088e+000	-4.08018520e+005	0.00000000e+000	1.4480e+006	1.0000e-010	0.0000e+000
1.600000e+002	6.85287267e-001	-3.41471273e+000	-4.08018520e+005	0.00000000e+000	7.7249e+006	1.0000e-010	0.0000e+000
1.700000e+002	6.44485415e-001	-3.45551459e+000	-4.08018520e+005	0.00000000e+000	6.0019e+007	1.0000e-010	0.0000e+000
1.800000e+002	6.03683563e-001	-3.49631644e+000	-4.08018520e+005	0.00000000e+000	9.7273e+008	1.0000e-010	0.0000e+000
1.900000e+002	5.62881711e-001	-3.53711829e+000	-4.08018521e+005	0.00000000e+000	2.4105e+010	1.0000e-010	0.0000e+000
2.000000e+002	5.22079859e-001	-3.57792014e+000	-4.08018533e+005	0.00000000e+000	6.3362e+011	1.0000e-010	0.0000e+000
2.100000e+002	4.81278005e-001	-3.61872199e+000	-4.08018844e+005	0.00000000e+000	1.5904e+013	1.0000e-010	0.0000e+000
2.200000e+002	4.40476121e-001	-3.65952388e+000	-4.08026123e+005	0.00000000e+000	3.7207e+014	1.0000e-010	0.0000e+000
2.300000e+002	3.99673509e-001	-3.70032649e+000	-4.08183308e+005	0.00000000e+000	8.0351e+015	1.0000e-010	0.0000e+000
2.400000e+002	3.58855178e-001	-3.74114482e+000	-4.11293551e+005	0.00000000e+000	1.5899e+017	1.0000e-010	0.0000e+000
2.500000e+002	3.17725823e-001	-3.78227418e+000	-4.67269036e+005	0.00000000e+000	2.8614e+018	1.0000e-010	0.0000e+000
2.600000e+002	-2.89001081e-001	-3.68900108e+000	1.29770890e+006	0.00000000e+000	4.6467e+019	1.0000e-010	1.3848e+020
2.700000e+002	-1.59230190e-001	-3.55923019e+000	6.60306974e+005	0.00000000e+000	3.3464e+019	1.0000e-010	0.0000e+000
2.800000e+002	-9.31994930e-002	-3.49319949e+000	3.88636960e+005	0.00000000e+000	1.4263e+019	1.0000e-010	0.0000e+000
2.900000e+002	-5.43357969e-002	-3.45433580e+000	2.64897869e+005	0.00000000e+000	6.4964e+018	1.0000e-010	0.0000e+000
3.000000e+002	-2.78460100e-002	-3.42784601e+000	1.92834009e+005	0.00000000e+000	3.7835e+018	1.0000e-010	0.0000e+000
3.100000e+002	-8.56260907e-003	-3.40856261e+000	1.46494177e+005	0.00000000e+000	2.4330e+018	1.0000e-010	0.0000e+000
3.200000e+002	6.08680859e-003	-3.39391319e+000	1.16060521e+005	0.00000000e+000	1.5979e+018	1.0000e-010	0.0000e+000
3.300000e+002	1.76928607e-002	-3.38230714e+000	9.54600560e+004	0.00000000e+000	1.0816e+018	1.0000e-010	0.0000e+000
3.400000e+002	2.72388663e-002	-3.37276113e+000	8.08818812e+004	0.00000000e+000	7.6545e+017	1.0000e-010	0.0000e+000
3.500000e+002	3.53270544e-002	-3.36467295e+000	7.00782195e+004	0.00000000e+000	5.6728e+017	1.0000e-010	0.0000e+000
3.600000e+002	4.23348764e-002	-3.35766512e+000	6.17634654e+004	0.00000000e+000	4.3660e+017	1.0000e-010	0.0000e+000
3.700000e+002	4.85112229e-002	-3.35148878e+000	5.51893419e+004	0.00000000e+000	3.4521e+017	1.0000e-010	0.0000e+000
3.800000e+002	5.40301571e-002	-3.34596984e+000	4.98750099e+004	0.00000000e+000	2.7906e+017	1.0000e-010	0.0000e+000
3.900000e+002	5.90176581e-002	-3.34098234e+000	4.54867051e+004	0.00000000e+000	2.3044e+017	1.0000e-010	0.0000e+000
4.000000e+002	6.35663286e-002	-3.33643367e+000	4.17987830e+004	0.00000000e+000	1.9366e+017	1.0000e-010	0.0000e+000
4.100000e+002	6.77462069e-002	-3.33225379e+000	3.86613911e+004	0.00000000e+000	1.6476e+017	1.0000e-010	0.0000e+000
4.200000e+002	7.16123460e-002	-3.32838765e+000	3.59645555e+004	0.00000000e+000	1.4162e+017	1.0000e-010	0.0000e+000
4.300000e+002	7.52088016e-002	-3.32479120e+000	3.36195376e+004	0.00000000e+000	1.2315e+017	1.0000e-010	0.0000e+000
4.400000e+002	7.85707553e-002	-3.32142924e+000	3.15579341e+004	0.00000000e+000	1.0827e+017	1.0000e-010	0.0000e+000
4.500000e+002	8.17265488e-002	-3.31827345e+000	2.97315924e+004	0.00000000e+000	9.5914e+016	1.0000e-010	0.0000e+000
4.600000e+002	8.46997080e-002	-3.31530029e+000	2.81054628e+004	0.00000000e+000	8.5401e+016	1.0000e-010	0.0000e+000
4.700000e+002	8.75102543e-002	-3.31248975e+000	2.66496083e+004	0.00000000e+000	7.6459e+016	1.0000e-010	0.0000e+000
4.800000e+002	9.01752151e-002	-3.30982478e+000	2.53369947e+004	0.00000000e+000	6.8937e+016	1.0000e-010	0.0000e+000
4.900000e+002	9.27089146e-002	-3.30729109e+000	2.41455598e+004	0.00000000e+000	6.2574e+016	1.0000e-010	0.0000e+000
5.000000e+002	9.51234706e-002	-3.30487653e+000	2.30593250e+004	0.00000000e+000	5.7050e+016	1.0000e-010	0.0000e+000
5.100000e+002	9.74294031e-002	-3.30257060e+000	2.20664608e+004	0.00000000e+000	5.2146e+016	1.0000e-010	0.0000e+000
5.200000e+002	9.96360492e-002	-3.30036395e+000	2.11564378e+004	0.00000000e+000	4.7796e+016	1.0000e-010	0.0000e+000
5.300000e+002	1.01751693e-001	-3.29824831e+000	2.03188702e+004	0.00000000e+000	4.3991e+016	1.0000e-010	0.0000e+000
5.400000e+002	1.03783580e-001	-3.29621642e+000	1.95442904e+004	0.00000000e+000	4.0683e+016	1.0000e-010	0.0000e+000
5.500000e+002	1.05738009e-001	-3.29426199e+000	1.88252410e+004	0.00000000e+000	3.7767e+016	1.0000e-010	0.0000e+000
5.600000e+002	1.07620533e-001	-3.29237947e+000	1.81563293e+004	0.00000000e+000	3.5134e+016	1.0000e-010	0.0000e+000
5.700000e+002	1.09436166e-001	-3.29056383e+000	1.75332903e+004	0.00000000e+000	3.2725e+016	1.0000e-010	0.0000e+000
5.800000e+002	1.11189495e-001	-3.28881050e+000	1.69520010e+004	0.00000000e+000	3.0532e+016	1.0000e-010	0.0000e+000
5.900000e+002	1.12884695e-001	-3.28711530e+000	1.64081796e+004	0.00000000e+000	2.8565e+016	1.0000e-010	0.0000e+000
6.000000e+002	1.14525513e-001	-3.28547449e+000	1.58977422e+004	0.00000000e+000	2.6811e+016	1.0000e-010	0.0000e+000
6.100000e+002	1.16115287e-001	-3.28388471e+000	1.54172916e+004	0.00000000e+000	2.5237e+016	1.0000e-010	0.0000e+000
6.200000e+002	1.17657016e-001	-3.28234298e+000	1.49642753e+004	0.00000000e+000	2.3796e+016	1.0000e-010	0.0000e+000
6.300000e+002	1.19153444e-001	-3.28084656e+000	1.45367447e+004	0.00000000e+000	2.2457e+016	1.0000e-010	0.0000e+000
6.400000e+002	1.20607118e-001	-3.27939288e+000	1.41329586e+004	0.00000000e+000	2.1210e+016	1.0000e-010	0.0000e+000
6.500000e+002	1.22020414e-001	-3.27797959e+000	1.37511185e+004	0.00000000e+000	2.0058e+016	1.0000e-010	0.0000e+000
6.600000e+002	1.23395526e-001	-3.27660447e+000	1.33893497e+004	0.00000000e+000	1.9003e+016	1.0000e-010	0.0000e+000
6.700000e+002	1.24734461e-001	-3.27526554e+000	1.30458525e+004	0.00000000e+000	1.8044e+016	1.0000e-010	0.0000e+000
6.800000e+002	1.26039046e-001	-3.27396095e+000	1.27190685e+004	0.00000000e+000	1.7166e+016	1.0000e-010	0.0000e+000
6.900000e+002	1.27310953e-001	-3.27268905e+000	1.24077464e+004	0.00000000e+000	1.6354e+016	1.0000e-010	0.0000e+000
7.000000e+002	1.28551728e-001	-3.27144827e+000	1.21108921e+004	0.00000000e+000	1.5594e+016	1.0000e-010	0.0000e+000
7.100000e+002	1.29762817e-001	-3.27023718e+000	1.18276576e+004	0.00000000e+000	1.4879e+016	1.0000e-010	0.0000e+000
7.200000e+002	1.30945583e-001	-3.26905442e+000	1.15572401e+004	0.00000000e+000	1.4205e+016	1.0000e-010	0.0000e+000
7.300000e+002	1.32101307e-001	-3.26789869e+000	1.12988348e+004	0.00000000e+000	1.3575e+016	1.0000e-010	0.0000e+000
7.400000e+002	1.33231190e-001	-3.26676881e+000	1.10516386e+004	0.00000000e+000	1.2986e+016	1.0000e-010	0.0000e+000
7.500000e+002	1.34336354e-001	-3.26566365e+000	1.08148816e+004	0.00000000e+000	1.2438e+016	1.0000e-010	0.0000e+000
7.600000e+002	1.35417842e-001	-3.26458216e+000	1.05878534e+004	0.00000000e+000	1.1927e+016	1.0000e-010	0.0000e+000
7.700000e+002	1.36476628e-001	-3.26352337e+000	1.03699162e+004	0.00000000e+000	1.1449e+016	1.0000e-010	0.0000e+000
7.800000e+002	1.37513619e-001	-3.26248638e+000	1.01604953e+004	0.00000000e+000	1.1002e+016	1.0000e-010	0.0000e+000
7.900000e+002	1.38529669e-001	-3.26147033e+000	9.95906722e+003	0.00000000e+000	1.0582e+016	1.0000e-010	0.0000e+000
8.000000e+002	1.39525576e-001	-3.26047442e+000	9.76515154e+003	0.00000000e+000	1.0187e+016	1.0000e-010	0.0000e+000
8.100000e+002	1.40502091e-001	-3.25949791e+000	9.57831163e+003	0.00000000e+000	9.8154e+015	1.0000e-010	0.0000e+000
8.200000e+002	1.41459922e-001	-3.25854008e+000	9.39816234e+003	0.00000000e+000	9.4640e+015	1.0000e-010	0.0000e+000
8.300000e+002	1.42399738e-001	-3.25760026e+000	9.22437744e+003	0.00000000e+000	9.1297e+015	1.0000e-010	0.0000e+000
8.400000e+002	1.43322176e-001	-3.25667782e+000	9.05669039e+003	0.00000000e+000	8.8094e+015	1.0000e-010	0.0000e+000
8.500000e+002	1.44227845e-001	-3.25577216e+000	8.89488516e+003	0.00000000e+000	8.5005e+015	1.0000e-010	0.0000e+000
8.600000e+002	1.45117333e-001	-3.25488267e+000	8.73877811e+003	0.00000000e+000	8.2012e+015	1.0000e-010	0.0000e+000
8.700000e+002	1.45991211e-001	-3.25400879e+000	8.58819515e+003	0.00000000e+000	7.9110e+015	1.0000e-010	0.0000e+000
8.800000e+002	1.46850031e-001	-3.25314997e+000	8.44294984e+003	0.00000000e+000	7.6306e+015	1.0000e-010	0.0000e+000
8.900000e+002	1.47694326e-001	-3.25230567e+000	8.30282733e+003	0.00000000e+000	7.3615e+015	1.0000e-010	0.0000e+000
9.000000e+002	1.48524608e-001	-3.25147539e+000	8.16757697e+003	0.00000000e+000	7.1055e+015	1.0000e-010	0.0000e+000
9.100000e+002	1.49341366e-001	-3.25065863e+000	8.03691402e+003	0.00000000e+000	6.8644e+015	1.0000e-010	0.0000e+000
9.200000e+002	1.50145058e-001	-3.24985494e+000	7.91052897e+003	0.00000000e+000	6.6395e+015	1.0000e-010	0.0000e+000
9.300000e+002	1.50936110e-001	-3.24906389e+000	7.78810161e+003	0.00000000e+000	6.4315e+015	1.0000e-010	0.0000e+000
9.400000e+002	1.51714921e-001	-3.24828508e+000	7.66931486e+003	0.00000000e+000	6.2402e+015	1.0000e-010	0.0000e+000
9.500000e+002	1.52481852e-001	-3.24751815e+000	7.55387481e+003	0.00000000e+000	6.0643e+015	1.0000e-010	0.0000e+000
9.600000e+002	1.53237240e-001	-3.24676276e+000	7.44151860e+003	0.00000000e+000	5.9022e+015	1.0000e-010	0.0000e+000
9.700000e+002	1.53981391e-001	-3.24601861e+000	7.33202518e+003	0.00000000e+000	5.7518e+015	1.0000e-010	0.0000e+000
9.800000e+002	1.54714594e-001	-3.24528541e+000	7.22522307e+003	0.00000000e+000	5.6104e+015	1.0000e-010	0.0000e+000
9.900000e+002	1.55437116e-001	-3.24456288e+000	7.12099714e+003	0.00000000e+000	5.4751e+015	1.0000e-010	0.0000e+000
1.000000e+003	1.56149216e-001	-3.24385078e+000	7.01935671e+003	0.00000000e+000	5.3394e+015	1.0000e-010	0.0000e+000	-1.1902e-001	6.8480e-003	5.2966e-002	7.8509e-002	9.5915e-002	1.0906e-001	1.1958e-001	1.2836e-001	1.3587e-001	1.4243e-001	1.4829e-001	1.5390e-001
1.010000e+003	1.56851152e-001	-3.24314885e+000	6.92026304e+003	0.00000000e+000	5.2034e+015	1.0000e-010	0.0000e+000
1.020000e+003	1.57543178e-001	-3.24245682e+000	6.82378680e+003	0.00000000e+000	5.0660e+015	1.0000e-010	0.0000e+000
1.030000e+003	1.58225557e-001	-3.24177444e+000	6.72982379e+003	0.00000000e+000	4.9340e+015	1.0000e-010	0.0000e+000
1.040000e+003	1.58898539e-001	-3.24110146e+000	6.63827527e+003	0.00000000e+000	4.8072e+015	1.0000e-010	0.0000e+000
1.050000e+003	1.59562367e-001	-3.24043763e+000	6.54904762e+003	0.00000000e+000	4.6853e+015	1.0000e-010	0.0000e+000
1.060000e+003	1.60217271e-001	-3.23978273e+000	6.46205196e+003	0.00000000e+000	4.5681e+015	1.0000e-010	0.0000e+000
1.070000e+003	1.60863477e-001	-3.23913652e+000	6.37720392e+003	0.00000000e+000	4.4553e+015	1.0000e-010	0.0000e+000
1.080000e+003	1.61501197e-001	-3.23849880e+000	6.29442332e+003	0.00000000e+000	4.3468e+015	1.0000e-010	0.0000e+000
1.090000e+003	1.62130639e-001	-3.23786936e+000	6.21363392e+003	0.00000000e+000	4.2422e+015	1.0000e-010	0.0000e+000
1.100000e+003	1.62752003e-001	-3.23724800e+000	6.13476318e+003	0.00000000e+000	4.1414e+015	1.0000e-010	0.0000e+000
1.110000e+003	1.63365479e-001	-3.23663452e+000	6.05774203e+003	0.00000000e+000	4.0443e+015	1.0000e-010	0.0000e+000
1.120000e+003	1.63971253e-001	-3.23602875e+000	5.98250469e+003	0.00000000e+000	3.9506e+015	1.0000e-010	0.0000e+000
1.130000e+003	1.64569504e-001	-3.23543050e+000	5.90898845e+003	0.00000000e+000	3.8602e+015	1.0000e-010	0.0000e+000
1.140000e+003	1.65160402e-001	-3.23483960e+000	5.83713352e+003	0.00000000e+000	3.7730e+015	1.0000e-010	0.0000e+000
1.150000e+003	1.65744116e-001	-3.23425588e+000	5.76688282e+003	0.00000000e+000	3.6888e+015	1.0000e-010	0.0000e+000
1.160000e+003	1.66320804e-001	-3.23367920e+000	5.69818188e+003	0.00000000e+000	3.6074e+015	1.0000e-010	0.0000e+000
1.170000e+003	1.66890622e-001	-3.23310938e+000	5.63097865e+003	0.00000000e+000	3.5287e+015	1.0000e-010	0.0000e+000
1.180000e+003	1.67453720e-001	-3.23254628e+000	5.56522338e+003	0.00000000e+000	3.4527e+015	1.0000e-010	0.0000e+000
1.190000e+003	1.68010243e-001	-3.23198976e+000	5.50086852e+003	0.00000000e+000	3.3792e+015	1.0000e-010	0.0000e+000
1.200000e+003	1.68560329e-001	-3.23143967e+000	5.43786855e+003	0.00000000e+000	3.3080e+015	1.0000e-010	0.0000e+000
1.210000e+003	1.69104116e-001	-3.23089588e+000	5.37617993e+003	0.00000000e+000	3.2391e+015	1.0000e-010	0.0000e+000
1.220000e+003	1.69641734e-001	-3.23035827e+000	5.31576093e+003	0.00000000e+000	3.1725e+015	1.0000e-010	0.0000e+000
1.230000e+003	1.70173310e-001	-3.22982669e+000	5.25657160e+003	0.00000000e+000	3.1079e+015	1.0000e-010	0.0000e+000
1.240000e+003	1.70698967e-001	-3.22930103e+000	5.19857364e+003	0.00000000e+000	3.0453e+015	1.0000e-010	0.0000e+000
1.250000e+003	1.71218825e-001	-3.22878118e+000	5.14173030e+003	0.00000000e+000	2.9847e+015	1.0000e-010	0.0000e+000
1.260000e+003	1.71732998e-001	-3.22826700e+000	5.08600636e+003	0.00000000e+000	2.9259e+015	1.0000e-010	0.0000e+000
1.270000e+003	1.72241598e-001	-3.22775840e+000	5.03136800e+003	0.00000000e+000	2.8689e+015	1.0000e-010	0.0000e+000
1.280000e+003	1.72744735e-001	-3.22725526e+000	4.97778274e+003	0.00000000e+000	2.8136e+015	1.0000e-010	0.0000e+000
1.290000e+003	1.73242514e-001	-3.22675749e+000	4.92521939e+003	0.00000000e+000	2.7600e+015	1.0000e-010	0.0000e+000
1.300000e+003	1.73735035e-001	-3.22626496e+000	4.87364797e+003	0.00000000e+000	2.7079e+015	1.0000e-010	0.0000e+000
1.310000e+003	1.74222400e-001	-3.22577760e+000	4.82303968e+003	0.00000000e+000	2.6573e+015	1.0000e-010	0.0000e+000
1.320000e+003	1.74704704e-001	-3.22529530e+000	4.77336680e+003	0.00000000e+000	2.6082e+015	1.0000e-010	0.0000e+000
1.330000e+003	1.75182041e-001	-3.22481796e+000	4.72460268e+003	0.00000000e+000	2.5605e+015	1.0000e-010	0.0000e+000
1.340000e+003	1.75654501e-001	-3.22434550e+000	4.67672166e+003	0.00000000e+000	2.5141e+015	1.0000e-010	0.0000e+000
1.350000e+003	1.76122173e-001	-3.22387783e+000	4.62969903e+003	0.00000000e+000	2.4690e+015	1.0000e-010	0.0000e+000
1.360000e+003	1.76585143e-001	-3.22341486e+000	4.58351101e+003	0.00000000e+000	2.4252e+015	1.0000e-010	0.0000e+000
1.370000e+003	1.77043494e-001	-3.22295651e+000	4.53813468e+003	0.00000000e+000	2.3826e+015	1.0000e-010	0.0000e+000
1.380000e+003	1.77497308e-001	-3.22250269e+000	4.49354795e+003	0.00000000e+000	2.3411e+015	1.0000e-010	0.0000e+000
1.390000e+003	1.77946663e-001	-3.22205334e+000	4.44972952e+003	0.00000000e+000	2.3008e+015	1.0000e-010	0.0000e+000
1.400000e+003	1.78391636e-001	-3.22160836e+000	4.40665886e+003	0.00000000e+000	2.2615e+015	1.0000e-010	0.0000e+000
1.410000e+003	1.78832301e-001	-3.22116770e+000	4.36431614e+003	0.00000000e+000	2.2233e+015	1.0000e-010	0.0000e+000
1.420000e+003	1.79268733e-001	-3.22073127e+000	4.32268225e+003	0.00000000e+000	2.1860e+015	1.0000e-010	0.0000e+000
1.430000e+003	1.79701001e-001	-3.22029900e+000	4.28173873e+003	0.00000000e+000	2.1498e+015	1.0000e-010	0.0000e+000
1.440000e+003	1.80129175e-001	-3.21987082e+000	4.24146775e+003	0.00000000e+000	2.1145e+015	1.0000e-010	0.0000e+000
1.450000e+003	1.80553322e-001	-3.21944668e+000	4.20185210e+003	0.00000000e+000	2.0801e+015	1.0000e-010	0.0000e+000
1.460000e+003	1.80973507e-001	-3.21902649e+000	4.16287513e+003	0.00000000e+000	2.0465e+015	1.0000e-010	0.0000e+000
1.470000e+003	1.81389795e-001	-3.21861021e+000	4.12452078e+003	0.00000000e+000	2.0138e+015	1.0000e-010	0.0000e+000
1.480000e+003	1.81802247e-001	-3.21819775e+000	4.08677348e+003	0.00000000e+000	1.9820e+015	1.0000e-010	0.0000e+000
1.490000e+003	1.82210924e-001	-3.21778908e+000	4.04961822e+003	0.00000000e+000	1.9509e+015	1.0000e-010	0.0000e+000
1.500000e+003	1.82615886e-001	-3.21738411e+000	4.01304045e+003	0.00000000e+000	1.9206e+015	1.0000e-010	0.0000e+000
1.510000e+003	1.83017190e-001	-3.21698281e+000	3.97702609e+003	0.00000000e+000	1.8910e+015	1.0000e-010	0.0000e+000
1.520000e+003	1.83414893e-001	-3.21658511e+000	3.94156153e+003	0.00000000e+000	1.8621e+015	1.0000e-010	0.0000e+000
1.530000e+003	1.83809049e-001	-3.21619095e+000	3.90663359e+003	0.00000000e+000	1.8339e+015	1.0000e-010	0.0000e+000
1.540000e+003	1.84199712e-001	-3.21580029e+000	3.87222950e+003	0.00000000e+000	1.8064e+015	1.0000e-010	0.0000e+000
1.550000e+003	1.84586935e-001	-3.21541306e+000	3.83833688e+003	0.00000000e+000	1.7796e+015	1.0000e-010	0.0000e+000
1.560000e+003	1.84970769e-001	-3.21502923e+000	3.80494376e+003	0.00000000e+000	1.7533e+015	1.0000e-010	0.0000e+000
1.570000e+003	1.85351263e-001	-3.21464874e+000	3.77203853e+003	0.00000000e+000	1.7277e+015	1.0000e-010	0.0000e+000
1.580000e+003	1.85728467e-001	-3.21427153e+000	3.73960993e+003	0.00000000e+000	1.7027e+015	1.0000e-010	0.0000e+000
1.590000e+003	1.86102428e-001	-3.21389757e+000	3.70764705e+003	0.00000000e+000	1.6782e+015	1.0000e-010	0.0000e+000
1.600000e+003	1.86473193e-001	-3.21352681e+000	3.67613931e+003	0.00000000e+000	1.6543e+015	1.0000e-010	0.0000e+000
1.610000e+003	1.86840807e-001	-3.21315919e+000	3.64507643e+003	0.00000000e+000	1.6310e+015	1.0000e-010	0.0000e+000
1.620000e+003	1.87205314e-001	-3.21279469e+000	3.61444846e+003	0.00000000e+000	1.6081e+015	1.0000e-010	0.0000e+000
1.630000e+003	1.87566759e-001	-3.21243324e+000	3.58424572e+003	0.00000000e+000	1.5858e+015	1.0000e-010	0.0000e+000
1.640000e+003	1.87925184e-001	-3.21207482e+000	3.55445885e+003	0.00000000e+000	1.5640e+015	1.0000e-010	0.0000e+000
1.650000e+003	1.88280630e-001	-3.21171937e+000	3.52507872e+003	0.00000000e+000	1.5426e+015	1.0000e-010	0.0000e+000
1.660000e+003	1.88633137e-001	-3.21136686e+000	3.49609648e+003	0.00000000e+000	1.5217e+015	1.0000e-010	0.0000e+000
1.670000e+003	1.88982747e-001	-3.21101725e+000	3.46750355e+003	0.00000000e+000	1.5013e+015	1.0000e-010	0.0000e+000
1.680000e+003	1.89329497e-001	-3.21067050e+000	3.43929158e+003	0.00000000e+000	1.4813e+015	1.0000e-010	0.0000e+000
1.690000e+003	1.89673427e-001	-3.21032657e+000	3.41145244e+003	0.00000000e+000	1.4617e+015	1.0000e-010	0.0000e+000
1.700000e+003	1.90014572e-001	-3.20998543e+000	3.38397826e+003	0.00000000e+000	1.4425e+015	1.0000e-010	0.0000e+000
1.710000e+003	1.90352970e-001	-3.20964703e+000	3.35686136e+003	0.00000000e+000	1.4238e+015	1.0000e-010	0.0000e+000
1.720000e+003	1.90688656e-001	-3.20931134e+000	3.33009430e+003	0.00000000e+000	1.4054e+015	1.0000e-010	0.0000e+000
1.730000e+003	1.91021665e-001	-3.20897833e+000	3.30366983e+003	0.00000000e+000	1.3874e+015	1.0000e-010	0.0000e+000
1.740000e+003	1.91352032e-001	-3.20864797e+000	3.27758089e+003	0.00000000e+000	1.3698e+015	1.0000e-010	0.0000e+000
1.750000e+003	1.91679790e-001	-3.20832021e+000	3.25182063e+003	0.00000000e+000	1.3525e+015	1.0000e-010	0.0000e+000
1.760000e+003	1.92004972e-001	-3.20799503e+000	3.22638236e+003	0.00000000e+000	1.3356e+015	1.0000e-010	0.0000e+000
1.770000e+003	1.92327611e-001	-3.20767239e+000	3.20125960e+003	0.00000000e+000	1.3191e+015	1.0000e-010	0.0000e+000
1.780000e+003	1.92647737e-001	-3.20735226e+000	3.17644601e+003	0.00000000e+000	1.3028e+015	1.0000e-010	0.0000e+000
1.790000e+003	1.92965381e-001	-3.20703462e+000	3.15193545e+003	0.00000000e+000	1.2869e+015	1.0000e-010	0.0000e+000
1.800000e+003	1.93280575e-001	-3.20671943e+000	3.12772191e+003	0.00000000e+000	1.2713e+015	1.0000e-010	0.0000e+000
1.810000e+003	1.93593347e-001	-3.20640665e+000	3.10379955e+003	0.00000000e+000	1.2560e+015	1.0000e-010	0.0000e+000
1.820000e+003	1.93903727e-001	-3.20609627e+000	3.08016269e+003	0.00000000e+000	1.2410e+015	1.0000e-010	0.0000e+000
1.830000e+003	1.94211743e-001	-3.20578826e+000	3.05680578e+003	0.00000000e+000	1.2263e+015	1.0000e-010	0.0000e+000
1.840000e+003	1.94517424e-001	-3.20548258e+000	3.03372342e+003	0.00000000e+000	1.2119e+015	1.0000e-010	0.0000e+000
1.850000e+003	1.94820796e-001	-3.20517920e+000	3.01091035e+003	0.00000000e+000	1.1978e+015	1.0000e-010	0.0000e+000
1.860000e+003	1.95121887e-001	-3.20487811e+000	2.98836144e+003	0.00000000e+000	1.1839e+015	1.0000e-010	0.0000e+000
1.870000e+003	1.95420723e-001	-3.20457928e+000	2.96607168e+003	0.00000000e+000	1.1703e+015	1.0000e-010	0.0000e+000
1.880000e+003	1.95717330e-001	-3.20428267e+000	2.94403619e+003	0.00000000e+000	1.1570e+015	1.0000e-010	0.0000e+000
1.890000e+003	1.96011734e-001	-3.20398827e+000	2.92225023e+003	0.00000000e+000	1.1439e+015	1.0000e-010	0.0000e+000
1.900000e+003	1.96303959e-001	-3.20369604e+000	2.90070914e+003	0.00000000e+000	1.1310e+015	1.0000e-010	0.0000e+000
1.910000e+003	1.96594030e-001	-3.20340597e+000	2.87940840e+003	0.00000000e+000	1.1184e+015	1.0000e-010	0.0000e+000
1.920000e+003	1.96881971e-001	-3.20311803e+000	2.85834359e+003	0.00000000e+000	1.1060e+015	1.0000e-010	0.0000e+000
1.930000e+003	1.97167805e-001	-3.20283219e+000	2.83751040e+003	0.00000000e+000	1.0938e+015	1.0000e-010	0.0000e+000
1.940000e+003	1.97451556e-001	-3.20254844e+000	2.81690463e+003	0.00000000e+000	1.0819e+015	1.0000e-010	0.0000e+000
1.950000e+003	1.97733247e-001	-3.20226675e+000	2.79652217e+003	0.00000000e+000	1.0702e+015	1.0000e-010	0.0000e+000
1.960000e+003	1.98012899e-001	-3.20198710e+000	2.77635900e+003	0.00000000e+000	1.0587e+015	1.0000e-010	0.0000e+000
1.970000e+003	1.98290535e-001	-3.20170947e+000	2.75641121e+003	0.00000000e+000	1.0473e+015	1.0000e-010	0.0000e+000
1.980000e+003	1.98566176e-001	-3.20143382e+000	2.73667499e+003	0.00000000e+000	1.0362e+015	1.0000e-010	0.0000e+000
1.990000e+003	1.98839843e-001	-3.20116016e+000	2.71714659e+003	0.00000000e+000	1.0253e+015	1.0000e-010	0.0000e+000
2.000000e+003	1.99111558e-001	-3.20088844e+000	2.69782236e+003	0.00000000e+000	1.0146e+015	1.0000e-010	0.0000e+000
2.010000e+003	1.99381340e-001	-3.20061866e+000	2.67869875e+003	0.00000000e+000	1.0041e+015	1.0000e-010	0.0000e+000
2.020000e+003	1.99649210e-001	-3.20035079e+000	2.65977227e+003	0.00000000e+000	9.9372e+014	1.0000e-010	0.0000e+000
2.030000e+003	1.99915187e-001	-3.20008481e+000	2.64103951e+003	0.00000000e+000	9.8355e+014	1.0000e-010	0.0000e+000
2.040000e+003	2.00179291e-001	-3.19982071e+000	2.62249716e+003	0.00000000e+000	9.7355e+014	1.0000e-010	0.0000e+000
2.050000e+003	2.00441541e-001	-3.19955846e+000	2.60414195e+003	0.00000000e+000	9.6372e+014	1.0000e-010	0.0000e+000
2.060000e+003	2.00701955e-001	-3.19929804e+000	2.58597071e+003	0.00000000e+000	9.5406e+014	1.0000e-010	0.0000e+000
2.070000e+003	2.00960552e-001	-3.19903945e+000	2.56798033e+003	0.00000000e+000	9.4457e+014	1.0000e-010	0.0000e+000
2.080000e+003	2.01217350e-001	-3.19878265e+000	2.55016777e+003	0.00000000e+000	9.3523e+014	1.0000e-010	0.0000e+000
2.090000e+003	2.01472367e-001	-3.19852763e+000	2.53253006e+003	0.00000000e+000	9.2605e+014	1.0000e-010	0.0000e+000
2.100000e+003	2.01725620e-001	-3.19827438e+000	2.51506429e+003	0.00000000e+000	9.1702e+014	1.0000e-010	0.0000e+000
2.110000e+003	2.01977127e-001	-3.19802287e+000	2.49776761e+003	0.00000000e+000	9.0814e+014	1.0000e-010	0.0000e+000
2.120000e+003	2.02226903e-001	-3.19777310e+000	2.48063725e+003	0.00000000e+000	8.9941e+014	1.0000e-010	0.0000e+000
2.130000e+003	2.02474967e-001	-3.19752503e+000	2.46367048e+003	0.00000000e+000	8.9082e+014	1.0000e-010	0.0000e+000
2.140000e+003	2.02721334e-001	-3.19727867e+000	2.44686463e+003	0.00000000e+000	8.8237e+014	1.0000e-010	0.0000e+000
2.150000e+003	2.02966021e-001	-3.19703398e+000	2.43021709e+003	0.00000000e+000	8.7406e+014	1.0000e-010	0.0000e+000
2.160000e+003	2.03209042e-001	-3.19679096e+000	2.41372532e+003	0.00000000e+000	8.6588e+014	1.0000e-010	0.0000e+000
2.170000e+003	2.03450415e-001	-3.19654959e+000	2.39738681e+003	0.00000000e+000	8.5783e+014	1.0000e-010	0.0000e+000
2.180000e+003	2.03690153e-001	-3.19630985e+000	2.38119912e+003	0.00000000e+000	8.4992e+014	1.0000e-010	0.0000e+000
2.190000e+003	2.03928273e-001	-3.19607173e+000	2.36515984e+003	0.00000000e+000	8.4212e+014	1.0000e-010	0.0000e+000
2.200000e+003	2.04164789e-001	-3.19583521e+000	2.34926663e+003	0.00000000e+000	8.3445e+014	1.0000e-010	0.0000e+000
2.210000e+003	2.04399716e-001	-3.19560028e+000	2.33351720e+003	0.00000000e+000	8.2690e+014	1.0000e-010	0.0000e+000
2.220000e+003	2.04633068e-001	-3.19536693e+000	2.31790929e+003	0.00000000e+000	8.1947e+014	1.0000e-010	0.0000e+000
2.230000e+003	2.04864859e-001	-3.19513514e+000	2.30244070e+003	0.00000000e+000	8.1216e+014	1.0000e-010	0.0000e+000
2.240000e+003	2.05095103e-001	-3.19490490e+000	2.28710926e+003	0.00000000e+000	8.0496e+014	1.0000e-010	0.0000e+000
2.250000e+003	2.05323814e-001	-3.19467619e+000	2.27191286e+003	0.00000000e+000	7.9787e+014	1.0000e-010	0.0000e+000
2.260000e+003	2.05551005e-001	-3.19444900e+000	2.25684942e+003	0.00000000e+000	7.9088e+014	1.0000e-010	0.0000e+000
2.270000e+003	2.05776690e-001	-3.19422331e+000	2.24191691e+003	0.00000000e+000	7.8401e+014	1.0000e-010	0.0000e+000
2.280000e+003	2.06000882e-001	-3.19399912e+000	2.22711334e+003	0.00000000e+000	7.7724e+014	1.0000e-010	0.0000e+000
2.290000e+003	2.06223593e-001	-3.19377641e+000	2.21243676e+003	0.00000000e+000	7.7057e+014	1.0000e-010	0.0000e+000
2.300000e+003	2.06444837e-001	-3.19355516e+000	2.19788524e+003	0.00000000e+000	7.6401e+014	1.0000e-010	0.0000e+000
2.310000e+003	2.06664625e-001	-3.19333537e+000	2.18345690e+003	0.00000000e+000	7.5754e+014	1.0000e-010	0.0000e+000
2.320000e+003	2.06882971e-001	-3.19311703e+000	2.16914992e+003	0.00000000e+000	7.5117e+014	1.0000e-010	0.0000e+000
2.330000e+003	2.07099886e-001	-3.19290011e+000	2.15496248e+003	0.00000000e+000	7.4489e+014	1.0000e-010	0.0000e+000
2.340000e+003	2.07315382e-001	-3.19268462e+000	2.14089282e+003	0.00000000e+000	7.3871e+014	1.0000e-010	0.0000e+000
2.350000e+003	2.07529471e-001	-3.19247053e+000	2.12693918e+003	0.00000000e+000	7.3261e+014	1.0000e-010	0.0000e+000
2.360000e+003	2.07742165e-001	-3.19225783e+000	2.11309988e+003	0.00000000e+000	7.2661e+014	1.0000e-010	0.0000e+000
2.370000e+003	2.07953475e-001	-3.19204652e+000	2.09937324e+003	0.00000000e+000	7.2070e+014	1.0000e-010	0.0000e+000
2.380000e+003	2.08163413e-001	-3.19183659e+000	2.08575761e+003	0.00000000e+000	7.1487e+014	1.0000e-010	0.0000e+000
2.390000e+003	2.08371988e-001	-3.19162801e+000	2.07225140e+003	0.00000000e+000	7.0912e+014	1.0000e-010	0.0000e+000
2.400000e+003	2.08579213e-001	-3.19142079e+000	2.05885302e+003	0.00000000e+000	7.0346e+014	1.0000e-010	0.0000e+000
2.410000e+003	2.08785099e-001	-3.19121490e+000	2.04556091e+003	0.00000000e+000	6.9788e+014	1.0000e-010	0.0000e+000
2.420000e+003	2.08989655e-001	-3.19101035e+000	2.03237357e+003	0.00000000e+000	6.9238e+014	1.0000e-010	0.0000e+000
2.430000e+003	2.09192892e-001	-3.19080711e+000	2.01928950e+003	0.00000000e+000	6.8696e+014	1.0000e-010	0.0000e+000
2.440000e+003	2.09394821e-001	-3.19060518e+000	2.00630722e+003	0.00000000e+000	6.8161e+014	1.0000e-010	0.0000e+000
2.450000e+003	2.09595452e-001	-3.19040455e+000	1.99342531e+003	0.00000000e+000	6.7634e+014	1.0000e-010	0.0000e+000
2.460000e+003	2.09794794e-001	-3.19020521e+000	1.98064235e+003	0.00000000e+000	6.7115e+014	1.0000e-010	0.0000e+000
2.470000e+003	2.09992859e-001	-3.19000714e+000	1.96795694e+003	0.00000000e+000	6.6602e+014	1.0000e-010	0.0000e+000
2.480000e+003	2.10189654e-001	-3.18981035e+000	1.95536774e+003	0.00000000e+000	6.6097e+014	1.0000e-010	0.0000e+000
2.490000e+003	2.10385191e-001	-3.18961481e+000	1.94287340e+003	0.00000000e+000	6.5599e+014	1.0000e-010	0.0000e+000
2.500000e+003	2.10579478e-001	-3.18942052e+000	1.93047261e+003	0.00000000e+000	6.5108e+014	1.0000e-010	0.0000e+000
2.510000e+003	2.10772526e-001	-3.18922747e+000	1.91816408e+003	0.00000000e+000	6.4624e+014	1.0000e-010	0.0000e+000
2.520000e+003	2.10964342e-001	-3.18903566e+000	1.90594653e+003	0.00000000e+000	6.4146e+014	1.0000e-010	0.0000e+000
2.530000e+003	2.11154937e-001	-3.18884506e+000	1.89381873e+003	0.00000000e+000	6.3675e+014	1.0000e-010	0.0000e+000
2.540000e+003	2.11344319e-001	-3.18865568e+000	1.88177944e+003	0.00000000e+000	6.3210e+014	1.0000e-010	0.0000e+000
2.550000e+003	2.11532497e-001	-3.18846750e+000	1.86982748e+003	0.00000000e+000	6.2752e+014	1.0000e-010	0.0000e+000
2.560000e+003	2.11719479e-001	-3.18828052e+000	1.85796164e+003	0.00000000e+000	6.2299e+014	1.0000e-010	0.0000e+000
2.570000e+003	2.11905276e-001	-3.18809472e+000	1.84618078e+003	0.00000000e+000	6.1853e+014	1.0000e-010	0.0000e+000
2.580000e+003	2.12089894e-001	-3.18791011e+000	1.83448376e+003	0.00000000e+000	6.1413e+014	1.0000e-010	0.0000e+000
2.590000e+003	2.12273342e-001	-3.18772666e+000	1.82286944e+003	0.00000000e+000	6.0979e+014	1.0000e-010	0.0000e+000
2.600000e+003	2.12455629e-001	-3.18754437e+000	1.81133672e+003	0.00000000e+000	6.0550e+014	1.0000e-010	0.0000e+000
2.610000e+003	2.12636763e-001	-3.18736324e+000	1.79988453e+003	0.00000000e+000	6.0127e+014	1.0000e-010	0.0000e+000
2.620000e+003	2.12816751e-001	-3.18718325e+000	1.78851180e+003	0.00000000e+000	5.9710e+014	1.0000e-010	0.0000e+000
2.630000e+003	2.12995602e-001	-3.18700440e+000	1.77721747e+003	0.00000000e+000	5.9299e+014	1.0000e-010	0.0000e+000
2.640000e+003	2.13173324e-001	-3.18682668e+000	1.76600053e+003	0.00000000e+000	5.8892e+014	1.0000e-010	0.0000e+000
2.650000e+003	2.13349924e-001	-3.18665008e+000	1.75485994e+003	0.00000000e+000	5.8491e+014	1.0000e-010	0.0000e+000
2.660000e+003	2.13525410e-001	-3.18647459e+000	1.74379473e+003	0.00000000e+000	5.8096e+014	1.0000e-010	0.0000e+000
2.670000e+003	2.13699789e-001	-3.18630021e+000	1.73280390e+003	0.00000000e+000	5.7705e+014	1.0000e-010	0.0000e+000
2.680000e+003	2.13873070e-001	-3.18612693e+000	1.72188649e+003	0.00000000e+000	5.7320e+014	1.0000e-010	0.0000e+000
2.690000e+003	2.14045259e-001	-3.18595474e+000	1.71104156e+003	0.00000000e+000	5.6939e+014	1.0000e-010	0.0000e+000
2.700000e+003	2.14216363e-001	-3.18578364e+000	1.70026817e+003	0.00000000e+000	5.6563e+014	1.0000e-010	0.0000e+000
2.710000e+003	2.14386389e-001	-3.18561361e+000	1.68956540e+003	0.00000000e+000	5.6193e+014	1.0000e-010	0.0000e+000
2.720000e+003	2.14555346e-001	-3.18544465e+000	1.67893235e+003	0.00000000e+000	5.5827e+014	1.0000e-010	0.0000e+000
2.730000e+003	2.14723239e-001	-3.18527676e+000	1.66836813e+003	0.00000000e+000	5.5465e+014	1.0000e-010	0.0000e+000
2.740000e+003	2.14890076e-001	-3.18510992e+000	1.65787188e+003	0.00000000e+000	5.5108e+014	1.0000e-010	0.0000e+000
2.750000e+003	2.15055863e-001	-3.18494414e+000	1.64744271e+003	0.00000000e+000	5.4756e+014	1.0000e-010	0.0000e+000
2.760000e+003	2.15220608e-001	-3.18477939e+000	1.63707980e+003	0.00000000e+000	5.4408e+014	1.0000e-010	0.0000e+000
2.770000e+003	2.15384316e-001	-3.18461568e+000	1.62678230e+003	0.00000000e+000	5.4065e+014	1.0000e-010	0.0000e+000
2.780000e+003	2.15546994e-001	-3.18445301e+000	1.61654940e+003	0.00000000e+000	5.3726e+014	1.0000e-010	0.0000e+000
2.790000e+003	2.15708649e-001	-3.18429135e+000	1.60638029e+003	0.00000000e+000	5.3391e+014	1.0000e-010	0.0000e+000
2.800000e+003	2.15869287e-001	-3.18413071e+000	1.59627417e+003	0.00000000e+000	5.3060e+014	1.0000e-010	0.0000e+000
2.810000e+003	2.16028914e-001	-3.18397109e+000	1.58623025e+003	0.00000000e+000	5.2733e+014	1.0000e-010	0.0000e+000
2.820000e+003	2.16187537e-001	-3.18381246e+000	1.57624778e+003	0.00000000e+000	5.2411e+014	1.0000e-010	0.0000e+000
2.830000e+003	2.16345162e-001	-3.18365484e+000	1.56632599e+003	0.00000000e+000	5.2092e+014	1.0000e-010	0.0000e+000
2.840000e+003	2.16501795e-001	-3.18349821e+000	1.55646413e+003	0.00000000e+000	5.1777e+014	1.0000e-010	0.0000e+000
2.850000e+003	2.16657441e-001	-3.18334256e+000	1.54666146e+003	0.00000000e+000	5.1467e+014	1.0000e-010	0.0000e+000
2.860000e+003	2.16812107e-001	-3.18318789e+000	1.53691727e+003	0.00000000e+000	5.1160e+014	1.0000e-010	0.0000e+000
2.870000e+003	2.16965799e-001	-3.18303420e+000	1.52723084e+003	0.00000000e+000	5.0856e+014	1.0000e-010	0.0000e+000
2.880000e+003	2.17118522e-001	-3.18288148e+000	1.51760146e+003	0.00000000e+000	5.0557e+014	1.0000e-010	0.0000e+000
2.890000e+003	2.17270282e-001	-3.18272972e+000	1.50802844e+003	0.00000000e+000	5.0261e+014	1.0000e-010	0.0000e+000
2.900000e+003	2.17421085e-001	-3.18257892e+000	1.49851111e+003	0.00000000e+000	4.9969e+014	1.0000e-010	0.0000e+000
2.910000e+003	2.17570936e-001	-3.18242906e+000	1.48904878e+003	0.00000000e+000	4.9680e+014	1.0000e-010	0.0000e+000
2.920000e+003	2.17719841e-001	-3.18228016e+000	1.47964079e+003	0.00000000e+000	4.9394e+014	1.0000e-010	0.0000e+000
2.930000e+003	2.17867805e-001	-3.18213220e+000	1.47028650e+003	0.00000000e+000	4.9113e+014	1.0000e-010	0.0000e+000
2.940000e+003	2.18014834e-001	-3.18198517e+000	1.46098526e+003	0.00000000e+000	4.8834e+014	1.0000e-010	0.0000e+000
2.950000e+003	2.18160932e-001	-3.18183907e+000	1.45173644e+003	0.00000000e+000	4.8559e+014	1.0000e-010	0.0000e+000
2.960000e+003	2.18306106e-001	-3.18169389e+000	1.44253940e+003	0.00000000e+000	4.8287e+014	1.0000e-010	0.0000e+000
2.970000e+003	2.18450360e-001	-3.18154964e+000	1.43339355e+003	0.00000000e+000	4.8018e+014	1.0000e-010	0.0000e+000
2.980000e+003	2.18593699e-001	-3.18140630e+000	1.42429826e+003	0.00000000e+000	4.7753e+014	1.0000e-010	0.0000e+000
2.990000e+003	2.18736129e-001	-3.18126387e+000	1.41525295e+003	0.00000000e+000	4.7490e+014	1.0000e-010	0.0000e+000
3.000000e+003	2.18877654e-001	-3.18112235e+000	1.40625702e+003	0.00000000e+000	4.7231e+014	1.0000e-010	0.0000e+000
3.010000e+003	2.19018280e-001	-3.18098172e+000	1.39730989e+003	0.00000000e+000	4.6975e+014	1.0000e-010	0.0000e+000
3.020000e+003	2.19158011e-001	-3.18084199e+000	1.38841099e+003	0.00000000e+000	4.6722e+014	1.0000e-010	0.0000e+000
3.030000e+003	2.19296852e-001	-3.18070315e+000	1.37955975e+003	0.00000000e+000	4.6471e+014	1.0000e-010	0.0000e+000
3.040000e+003	2.19434808e-001	-3.18056519e+000	1.37075562e+003	0.00000000e+000	4.6224e+014	1.0000e-010	0.0000e+000
3.050000e+003	2.19571884e-001	-3.18042812e+000	1.36199805e+003	0.00000000e+000	4.5979e+014	1.0000e-010	0.0000e+000
3.060000e+003	2.19708083e-001	-3.18029192e+000	1.35328650e+003	0.00000000e+000	4.5738e+014	1.0000e-010	0.0000e+000
3.070000e+003	2.19843412e-001	-3.18015659e+000	1.34462043e+003	0.00000000e+000	4.5499e+014	1.0000e-010	0.0000e+000
3.080000e+003	2.19977874e-001	-3.18002213e+000	1.33599932e+003	0.00000000e+000	4.5263e+014	1.0000e-010	0.0000e+000
3.090000e+003	2.20111474e-001	-3.17988853e+000	1.32742265e+003	0.00000000e+000	4.5030e+014	1.0000e-010	0.0000e+000
3.100000e+003	2.20244216e-001	-3.17975578e+000	1.31888990e+003	0.00000000e+000	4.4799e+014	1.0000e-010	0.0000e+000
3.110000e+003	2.20376105e-001	-3.17962389e+000	1.31040057e+003	0.00000000e+000	4.4571e+014	1.0000e-010	0.0000e+000
3.120000e+003	2.20507145e-001	-3.17949285e+000	1.30195417e+003	0.00000000e+000	4.4346e+014	1.0000e-010	0.0000e+000
3.130000e+003	2.20637341e-001	-3.17936266e+000	1.29355019e+003	0.00000000e+000	4.4123e+014	1.0000e-010	0.0000e+000
3.140000e+003	2.20766696e-001	-3.17923330e+000	1.28518816e+003	0.00000000e+000	4.3903e+014	1.0000e-010	0.0000e+000
3.150000e+003	2.20895215e-001	-3.17910479e+000	1.27686760e+003	0.00000000e+000	4.3685e+014	1.0000e-010	0.0000e+000
3.160000e+003	2.21022901e-001	-3.17897710e+000	1.26858804e+003	0.00000000e+000	4.3470e+014	1.0000e-010	0.0000e+000
3.170000e+003	2.21149760e-001	-3.17885024e+000	1.26034900e+003	0.00000000e+000	4.3257e+014	1.0000e-010	0.0000e+000
3.180000e+003	2.21275795e-001	-3.17872421e+000	1.25215003e+003	0.00000000e+000	4.3047e+014	1.0000e-010	0.0000e+000
3.190000e+003	2.21401010e-001	-3.17859899e+000	1.24399068e+003	0.00000000e+000	4.2839e+014	1.0000e-010	0.0000e+000
3.200000e+003	2.21525409e-001	-3.17847459e+000	1.23587050e+003	0.00000000e+000	4.2633e+014	1.0000e-010	0.0000e+000
3.210000e+003	2.21648996e-001	-3.17835100e+000	1.22778904e+003	0.00000000e+000	4.2430e+014	1.0000e-010	0.0000e+000
3.220000e+003	2.21771775e-001	-3.17822822e+000	1.21974588e+003	0.00000000e+000	4.2229e+014	1.0000e-010	0.0000e+000
3.230000e+003	2.21893750e-001	-3.17810625e+000	1.21174057e+003	0.00000000e+000	4.2030e+014	1.0000e-010	0.0000e+000
3.240000e+003	2.22014924e-001	-3.17798508e+000	1.20377270e+003	0.00000000e+000	4.1833e+014	1.0000e-010	0.0000e+000
3.250000e+003	2.22135301e-001	-3.17786470e+000	1.19584184e+003	0.00000000e+000	4.1639e+014	1.0000e-010	0.0000e+000
3.260000e+003	2.22254885e-001	-3.17774511e+000	1.18794759e+003	0.00000000e+000	4.1447e+014	1.0000e-010	0.0000e+000
3.270000e+003	2.22373680e-001	-3.17762632e+000	1.18008953e+003	0.00000000e+000	4.1257e+014	1.0000e-010	0.0000e+000
3.280000e+003	2.22491689e-001	-3.17750831e+000	1.17226725e+003	0.00000000e+000	4.1069e+014	1.0000e-010	0.0000e+000
3.290000e+003	2.22608916e-001	-3.17739108e+000	1.16448037e+003	0.00000000e+000	4.0883e+014	1.0000e-010	0.0000e+000
3.300000e+003	2.22725364e-001	-3.17727464e+000	1.15672848e+003	0.00000000e+000	4.0699e+014	1.0000e-010	0.0000e+000
3.310000e+003	2.22841036e-001	-3.17715896e+000	1.14901120e+003	0.00000000e+000	4.0517e+014	1.0000e-010	0.0000e+000
3.320000e+003	2.22955938e-001	-3.17704406e+000	1.14132815e+003	0.00000000e+000	4.0338e+014	1.0000e-010	0.0000e+000
3.330000e+003	2.23070070e-001	-3.17692993e+000	1.13367894e+003	0.00000000e+000	4.0160e+014	1.0000e-010	0.0000e+000
3.340000e+003	2.23183438e-001	-3.17681656e+000	1.12606319e+003	0.00000000e+000	3.9984e+014	1.0000e-010	0.0000e+000
3.350000e+003	2.23296045e-001	-3.17670396e+000	1.11848056e+003	0.00000000e+000	3.9811e+014	1.0000e-010	0.0000e+000
3.360000e+003	2.23407893e-001	-3.17659211e+000	1.11093065e+003	0.00000000e+000	3.9639e+014	1.0000e-010	0.0000e+000
3.370000e+003	2.23518986e-001	-3.17648101e+000	1.10341312e+003	0.00000000e+000	3.9469e+014	1.0000e-010	0.0000e+000
3.380000e+003	2.23629327e-001	-3.17637067e+000	1.09592761e+003	0.00000000e+000	3.9301e+014	1.0000e-010	0.0000e+000
3.390000e+003	2.23738920e-001	-3.17626108e+000	1.08847376e+003	0.00000000e+000	3.9134e+014	1.0000e-010	0.0000e+000
3.400000e+003	2.23847767e-001	-3.17615223e+000	1.08105123e+003	0.00000000e+000	3.8970e+014	1.0000e-010	0.0000e+000
3.410000e+003	2.23955872e-001	-3.17604413e+000	1.07365968e+003	0.00000000e+000	3.8807e+014	1.0000e-010	0.0000e+000
3.420000e+003	2.24063238e-001	-3.17593676e+000	1.06629876e+003	0.00000000e+000	3.8646e+014	1.0000e-010	0.0000e+000
3.430000e+003	2.24169868e-001	-3.17583013e+000	1.05896814e+003	0.00000000e+000	3.8487e+014	1.0000e-010	0.0000e+000
3.440000e+003	2.24275765e-001	-3.17572424e+000	1.05166748e+003	0.00000000e+000	3.8330e+014	1.0000e-010	0.0000e+000
3.450000e+003	2.24380932e-001	-3.17561907e+000	1.04439646e+003	0.00000000e+000	3.8174e+014	1.0000e-010	0.0000e+000
3.460000e+003	2.24485371e-001	-3.17551463e+000	1.03715476e+003	0.00000000e+000	3.8021e+014	1.0000e-010	0.0000e+000
3.470000e+003	2.24589087e-001	-3.17541091e+000	1.02994206e+003	0.00000000e+000	3.7868e+014	1.0000e-010	0.0000e+000
3.480000e+003	2.24692081e-001	-3.17530792e+000	1.02275803e+003	0.00000000e+000	3.7718e+014	1.0000e-010	0.0000e+000
3.490000e+003	2.24794357e-001	-3.17520564e+000	1.01560236e+003	0.00000000e+000	3.7569e+014	1.0000e-010	0.0000e+000
3.500000e+003	2.24895917e-001	-3.17510408e+000	1.00847476e+003	0.00000000e+000	3.7421e+014	1.0000e-010	0.0000e+000
3.510000e+003	2.24996765e-001	-3.17500324e+000	1.00137490e+003	0.00000000e+000	3.7276e+014	1.0000e-010	0.0000e+000
3.520000e+003	2.25096902e-001	-3.17490310e+000	9.94302493e+002	0.00000000e+000	3.7132e+014	1.0000e-010	0.0000e+000
3.530000e+003	2.25196332e-001	-3.17480367e+000	9.87257233e+002	0.00000000e+000	3.6989e+014	1.0000e-010	0.0000e+000
3.540000e+003	2.25295058e-001	-3.17470494e+000	9.80238828e+002	0.00000000e+000	3.6848e+014	1.0000e-010	0.0000e+000
3.550000e+003	2.25393082e-001	-3.17460692e+000	9.73246984e+002	0.00000000e+000	3.6709e+014	1.0000e-010	0.0000e+000
3.560000e+003	2.25490407e-001	-3.17450959e+000	9.66281412e+002	0.00000000e+000	3.6571e+014	1.0000e-010	0.0000e+000
3.570000e+003	2.25587035e-001	-3.17441297e+000	9.59341828e+002	0.00000000e+000	3.6434e+014	1.0000e-010	0.0000e+000
3.580000e+003	2.25682969e-001	-3.17431703e+000	9.52427947e+002	0.00000000e+000	3.6299e+014	1.0000e-010	0.0000e+000
3.590000e+003	2.25778212e-001	-3.17422179e+000	9.45539492e+002	0.00000000e+000	3.6166e+014	1.0000e-010	0.0000e+000
3.600000e+003	2.25872766e-001	-3.17412723e+000	9.38676186e+002	0.00000000e+000	3.6034e+014	1.0000e-010	0.0000e+000
3.610000e+003	2.25966633e-001	-3.17403337e+000	9.31837754e+002	0.00000000e+000	3.5903e+014	1.0000e-010	0.0000e+000
3.620000e+003	2.26059817e-001	-3.17394018e+000	9.25023928e+002	0.00000000e+000	3.5774e+014	1.0000e-010	0.0000e+000
3.630000e+003	2.26152319e-001	-3.17384768e+000	9.18234439e+002	0.00000000e+000	3.5646e+014	1.0000e-010	0.0000e+000
3.640000e+003	2.26244143e-001	-3.17375586e+000	9.11469022e+002	0.00000000e+000	3.5520e+014	1.0000e-010	0.0000e+000
3.650000e+003	2.26335290e-001	-3.17366471e+000	9.04727417e+002	0.00000000e+000	3.5395e+014	1.0000e-010	0.0000e+000
3.660000e+003	2.26425763e-001	-3.17357424e+000	8.98009363e+002	0.00000000e+000	3.5271e+014	1.0000e-010	0.0000e+000
3.670000e+003	2.26515563e-001	-3.17348444e+000	8.91314605e+002	0.00000000e+000	3.5149e+014	1.0000e-010	0.0000e+000
3.680000e+003	2.26604695e-001	-3.17339531e+000	8.84642890e+002	0.00000000e+000	3.5028e+014	1.0000e-010	0.0000e+000
3.690000e+003	2.26693159e-001	-3.17330684e+000	8.77993965e+002	0.00000000e+000	3.4908e+014	1.0000e-010	0.0000e+000
3.700000e+003	2.26780959e-001	-3.17321904e+000	8.71367584e+002	0.00000000e+000	3.4790e+014	1.0000e-010	0.0000e+000
3.710000e+003	2.26868095e-001	-3.17313190e+000	8.64763500e+002	0.00000000e+000	3.4673e+014	1.0000e-010	0.0000e+000
3.720000e+003	2.26954572e-001	-3.17304543e+000	8.58181470e+002	0.00000000e+000	3.4557e+014	1.0000e-010	0.0000e+000
3.730000e+003	2.27040390e-001	-3.17295961e+000	8.51621254e+002	0.00000000e+000	3.4442e+014	1.0000e-010	0.0000e+000
3.740000e+003	2.27125552e-001	-3.17287445e+000	8.45082613e+002	0.00000000e+000	3.4329e+014	1.0000e-010	0.0000e+000
3.750000e+003	2.27210060e-001	-3.17278994e+000	8.38565311e+002	0.00000000e+000	3.4217e+014	1.0000e-010	0.0000e+000
3.760000e+003	2.27293917e-001	-3.17270608e+000	8.32069115e+002	0.00000000e+000	3.4106e+014	1.0000e-010	0.0000e+000
3.770000e+003	2.27377124e-001	-3.17262288e+000	8.25593794e+002	0.00000000e+000	3.3997e+014	1.0000e-010	0.0000e+000
3.780000e+003	2.27459683e-001	-3.17254032e+000	8.19139120e+002	0.00000000e+000	3.3888e+014	1.0000e-010	0.0000e+000
3.790000e+003	2.27541597e-001	-3.17245840e+000	8.12704865e+002	0.00000000e+000	3.3781e+014	1.0000e-010	0.0000e+000
3.800000e+003	2.27622867e-001	-3.17237713e+000	8.06290805e+002	0.00000000e+000	3.3675e+014	1.0000e-010	0.0000e+000
3.810000e+003	2.27703497e-001	-3.17229650e+000	7.99896720e+002	0.00000000e+000	3.3570e+014	1.0000e-010	0.0000e+000
3.820000e+003	2.27783486e-001	-3.17221651e+000	7.93522387e+002	0.00000000e+000	3.3467e+014	1.0000e-010	0.0000e+000
3.830000e+003	2.27862838e-001	-3.17213716e+000	7.87167591e+002	0.00000000e+000	3.3364e+014	1.0000e-010	0.0000e+000
3.840000e+003	2.27941555e-001	-3.17205844e+000	7.80832115e+002	0.00000000e+000	3.3263e+014	1.0000e-010	0.0000e+000
3.850000e+003	2.28019638e-001	-3.17198036e+000	7.74515746e+002	0.00000000e+000	3.3162e+014	1.0000e-010	0.0000e+000
3.860000e+003	2.28097090e-001	-3.17190291e+000	7.68218272e+002	0.00000000e+000	3.3063e+014	1.0000e-010	0.0000e+000
3.870000e+003	2.28173912e-001	-3.17182609e+000	7.61939484e+002	0.00000000e+000	3.2965e+014	1.0000e-010	0.0000e+000
3.880000e+003	2.28250106e-001	-3.17174989e+000	7.55679174e+002	0.00000000e+000	3.2868e+014	1.0000e-010	0.0000e+000
3.890000e+003	2.28325674e-001	-3.17167433e+000	7.49437137e+002	0.00000000e+000	3.2772e+014	1.0000e-010	0.0000e+000
3.900000e+003	2.28400617e-001	-3.17159938e+000	7.43213169e+002	0.00000000e+000	3.2677e+014	1.0000e-010	0.0000e+000
3.910000e+003	2.28474939e-001	-3.17152506e+000	7.37007068e+002	0.00000000e+000	3.2583e+014	1.0000e-010	0.0000e+000
3.920000e+003	2.28548639e-001	-3.17145136e+000	7.30818636e+002	0.00000000e+000	3.2490e+014	1.0000e-010	0.0000e+000
3.930000e+003	2.28621721e-001	-3.17137828e+000	7.24647672e+002	0.00000000e+000	3.2399e+014	1.0000e-010	0.0000e+000
3.940000e+003	2.28694186e-001	-3.17130581e+000	7.18493982e+002	0.00000000e+000	3.2308e+014	1.0000e-010	0.0000e+000
3.950000e+003	2.28766035e-001	-3.17123396e+000	7.12357372e+002	0.00000000e+000	3.2218e+014	1.0000e-010	0.0000e+000
3.960000e+003	2.28837271e-001	-3.17116273e+000	7.06237647e+002	0.00000000e+000	3.2130e+014	1.0000e-010	0.0000e+000
3.970000e+003	2.28907895e-001	-3.17109211e+000	7.00134618e+002	0.00000000e+000	3.2042e+014	1.0000e-010	0.0000e+000
3.980000e+003	2.28977908e-001	-3.17102209e+000	6.94048095e+002	0.00000000e+000	3.1955e+014	1.0000e-010	0.0000e+000
3.990000e+003	2.29047313e-001	-3.17095269e+000	6.87977890e+002	0.00000000e+000	3.1870e+014	1.0000e-010	0.0000e+000
4.000000e+003	2.29116111e-001	-3.17088389e+000	6.81923818e+002	0.00000000e+000	3.1785e+014	1.0000e-010	0.0000e+000
4.010000e+003	2.29184303e-001	-3.17081570e+000	6.75885695e+002	0.00000000e+000	3.1701e+014	1.0000e-010	0.0000e+000
4.020000e+003	2.29251892e-001	-3.17074811e+000	6.69863337e+002	0.00000000e+000	3.1619e+014	1.0000e-010	0.0000e+000
4.030000e+003	2.29318878e-001	-3.17068112e+000	6.63856564e+002	0.00000000e+000	3.1537e+014	1.0000e-010	0.0000e+000
4.040000e+003	2.29385264e-001	-3.17061474e+000	6.57865195e+002	0.00000000e+000	3.1456e+014	1.0000e-010	0.0000e+000
4.050000e+003	2.29451050e-001	-3.17054895e+000	6.51889054e+002	0.00000000e+000	3.1376e+014	1.0000e-010	0.0000e+000
4.060000e+003	2.29516239e-001	-3.17048376e+000	6.45927964e+002	0.00000000e+000	3.1297e+014	1.0000e-010	0.0000e+000
4.070000e+003	2.29580832e-001	-3.17041917e+000	6.39981749e+002	0.00000000e+000	3.1219e+014	1.0000e-010	0.0000e+000
4.080000e+003	2.29644830e-001	-3.17035517e+000	6.34050236e+002	0.00000000e+000	3.1142e+014	1.0000e-010	0.0000e+000
4.090000e+003	2.29708235e-001	-3.17029176e+000	6.28133253e+002	0.00000000e+000	3.1065e+014	1.0000e-010	0.0000e+000
4.100000e+003	2.29771049e-001	-3.17022895e+000	6.22230629e+002	0.00000000e+000	3.0990e+014	1.0000e-010	0.0000e+000
4.110000e+003	2.29833272e-001	-3.17016673e+000	6.16342196e+002	0.00000000e+000	3.0915e+014	1.0000e-010	0.0000e+000
4.120000e+003	2.29894906e-001	-3.17010509e+000	6.10467784e+002	0.00000000e+000	3.0842e+014	1.0000e-010	0.0000e+000
4.130000e+003	2.29955953e-001	-3.17004405e+000	6.04607227e+002	0.00000000e+000	3.0769e+014	1.0000e-010	0.0000e+000
4.140000e+003	2.30016413e-001	-3.16998359e+000	5.98760361e+002	0.00000000e+000	3.0697e+014	1.0000e-010	0.0000e+000
4.150000e+003	2.30076290e-001	-3.16992371e+000	5.92927021e+002	0.00000000e+000	3.0626e+014	1.0000e-010	0.0000e+000
4.160000e+003	2.30135582e-001	-3.16986442e+000	5.87107045e+002	0.00000000e+000	3.0556e+014	1.0000e-010	0.0000e+000
4.170000e+003	2.30194293e-001	-3.16980571e+000	5.81300271e+002	0.00000000e+000	3.0487e+014	1.0000e-010	0.0000e+000
4.180000e+003	2.30252423e-001	-3.16974758e+000	5.75506540e+002	0.00000000e+000	3.0418e+014	1.0000e-010	0.0000e+000
4.190000e+003	2.30309974e-001	-3.16969003e+000	5.69725692e+002	0.00000000e+000	3.0351e+014	1.0000e-010	0.0000e+000
4.200000e+003	2.30366946e-001	-3.16963305e+000	5.63957569e+002	0.00000000e+000	3.0284e+014	1.0000e-010	0.0000e+000
4.210000e+003	2.30423342e-001	-3.16957666e+000	5.58202016e+002	0.00000000e+000	3.0218e+014	1.0000e-010	0.0000e+000
4.220000e+003	2.30479162e-001	-3.16952084e+000	5.52458878e+002	0.00000000e+000	3.0153e+014	1.0000e-010	0.0000e+000
4.230000e+003	2.30534408e-001	-3.16946559e+000	5.46727999e+002	0.00000000e+000	3.0088e+014	1.0000e-010	0.0000e+000
4.240000e+003	2.30589081e-001	-3.16941092e+000	5.41009227e+002	0.00000000e+000	3.0025e+014	1.0000e-010	0.0000e+000
4.250000e+003	2.30643182e-001	-3.16935682e+000	5.35302411e+002	0.00000000e+000	2.9962e+014	1.0000e-010	0.0000e+000
4.260000e+003	2.30696712e-001	-3.16930329e+000	5.29607399e+002	0.00000000e+000	2.9900e+014	1.0000e-010	0.0000e+000
4.270000e+003	2.30749673e-001	-3.16925033e+000	5.23924042e+002	0.00000000e+000	2.9839e+014	1.0000e-010	0.0000e+000
4.280000e+003	2.30802065e-001	-3.16919793e+000	5.18252191e+002	0.00000000e+000	2.9778e+014	1.0000e-010	0.0000e+000
4.290000e+003	2.30853890e-001	-3.16914611e+000	5.12591699e+002	0.00000000e+000	2.9719e+014	1.0000e-010	0.0000e+000
4.300000e+003	2.30905150e-001	-3.16909485e+000	5.06942420e+002	0.00000000e+000	2.9660e+014	1.0000e-010	0.0000e+000
4.310000e+003	2.30955844e-001	-3.16904416e+000	5.01304208e+002	0.00000000e+000	2.9602e+014	1.0000e-010	0.0000e+000
4.320000e+003	2.31005974e-001	-3.16899403e+000	4.95676919e+002	0.00000000e+000	2.9544e+014	1.0000e-010	0.0000e+000
4.330000e+003	2.31055542e-001	-3.16894446e+000	4.90060408e+002	0.00000000e+000	2.9488e+014	1.0000e-010	0.0000e+000
4.340000e+003	2.31104548e-001	-3.16889545e+000	4.84454535e+002	0.00000000e+000	2.9432e+014	1.0000e-010	0.0000e+000
4.350000e+003	2.31152993e-001	-3.16884701e+000	4.78859157e+002	0.00000000e+000	2.9377e+014	1.0000e-010	0.0000e+000
4.360000e+003	2.31200879e-001	-3.16879912e+000	4.73274133e+002	0.00000000e+000	2.9322e+014	1.0000e-010	0.0000e+000
4.370000e+003	2.31248207e-001	-3.16875179e+000	4.67699325e+002	0.00000000e+000	2.9269e+014	1.0000e-010	0.0000e+000
4.380000e+003	2.31294977e-001	-3.16870502e+000	4.62134593e+002	0.00000000e+000	2.9216e+014	1.0000e-010	0.0000e+000
4.390000e+003	2.31341190e-001	-3.16865881e+000	4.56579800e+002	0.00000000e+000	2.9164e+014	1.0000e-010	0.0000e+000
4.400000e+003	2.31386848e-001	-3.16861315e+000	4.51034809e+002	0.00000000e+000	2.9112e+014	1.0000e-010	0.0000e+000
4.410000e+003	2.31431952e-001	-3.16856805e+000	4.45499484e+002	0.00000000e+000	2.9061e+014	1.0000e-010	0.0000e+000
4.420000e+003	2.31476501e-001	-3.16852350e+000	4.39973689e+002	0.00000000e+000	2.9011e+014	1.0000e-010	0.0000e+000
4.430000e+003	2.31520499e-001	-3.16847950e+000	4.34457291e+002	0.00000000e+000	2.8962e+014	1.0000e-010	0.0000e+000
4.440000e+003	2.31563945e-001	-3.16843606e+000	4.28950155e+002	0.00000000e+000	2.8913e+014	1.0000e-010	0.0000e+000
4.450000e+003	2.31606840e-001	-3.16839316e+000	4.23452150e+002	0.00000000e+000	2.8865e+014	1.0000e-010	0.0000e+000
4.460000e+003	2.31649185e-001	-3.16835082e+000	4.17963143e+002	0.00000000e+000	2.8818e+014	1.0000e-010	0.0000e+000
4.470000e+003	2.31690981e-001	-3.16830902e+000	4.12483003e+002	0.00000000e+000	2.8772e+014	1.0000e-010	0.0000e+000
4.480000e+003	2.31732229e-001	-3.16826777e+000	4.07011600e+002	0.00000000e+000	2.8726e+014	1.0000e-010	0.0000e+000
4.490000e+003	2.31772931e-001	-3.16822707e+000	4.01548804e+002	0.00000000e+000	2.8681e+014	1.0000e-010	0.0000e+000
4.500000e+003	2.31813085e-001	-3.16818691e+000	3.96094487e+002	0.00000000e+000	2.8636e+014	1.0000e-010	0.0000e+000
4.510000e+003	2.31852695e-001	-3.16814731e+000	3.90648521e+002	0.00000000e+000	2.8592e+014	1.0000e-010	0.0000e+000
4.520000e+003	2.31891760e-001	-3.16810824e+000	3.85210777e+002	0.00000000e+000	2.8549e+014	1.0000e-010	0.0000e+000
4.530000e+003	2.31930281e-001	-3.16806972e+000	3.79781130e+002	0.00000000e+000	2.8507e+014	1.0000e-010	0.0000e+000
4.540000e+003	2.31968259e-001	-3.16803174e+000	3.74359454e+002	0.00000000e+000	2.8465e+014	1.0000e-010	0.0000e+000
4.550000e+003	2.32005695e-001	-3.16799431e+000	3.68945623e+002	0.00000000e+000	2.8424e+014	1.0000e-010	0.0000e+000
4.560000e+003	2.32042589e-001	-3.16795741e+000	3.63539513e+002	0.00000000e+000	2.8383e+014	1.0000e-010	0.0000e+000
4.570000e+003	2.32078943e-001	-3.16792106e+000	3.58141000e+002	0.00000000e+000	2.8343e+014	1.0000e-010	0.0000e+000
4.580000e+003	2.32114758e-001	-3.16788524e+000	3.52749961e+002	0.00000000e+000	2.8304e+014	1.0000e-010	0.0000e+000
4.590000e+003	2.32150033e-001	-3.16784997e+000	3.47366272e+002	0.00000000e+000	2.8265e+014	1.0000e-010	0.0000e+000
4.600000e+003	2.32184769e-001	-3.16781523e+000	3.41989813e+002	0.00000000e+000	2.8227e+014	1.0000e-010	0.0000e+000
4.610000e+003	2.32218968e-001	-3.16778103e+000	3.36620461e+002	0.00000000e+000	2.8190e+014	1.0000e-010	0.0000e+000
4.620000e+003	2.32252630e-001	-3.16774737e+000	3.31258096e+002	0.00000000e+000	2.8153e+014	1.0000e-010	0.0000e+000
4.630000e+003	2.32285756e-001	-3.16771424e+000	3.25902598e+002	0.00000000e+000	2.8117e+014	1.0000e-010	0.0000e+000
4.640000e+003	2.32318346e-001	-3.16768165e+000	3.20553847e+002	0.00000000e+000	2.8082e+014	1.0000e-010	0.0000e+000
4.650000e+003	2.32350402e-001	-3.16764960e+000	3.15211725e+002	0.00000000e+000	2.8047e+014	1.0000e-010	0.0000e+000
4.660000e+003	2.32381923e-001	-3.16761808e+000	3.09876112e+002	0.00000000e+000	2.8013e+014	1.0000e-010	0.0000e+000
4.670000e+003	2.32412910e-001	-3.16758709e+000	3.04546890e+002	0.00000000e+000	2.7979e+014	1.0000e-010	0.0000e+000
4.680000e+003	2.32443365e-001	-3.16755663e+000	2.99223943e+002	0.00000000e+000	2.7946e+014	1.0000e-010	0.0000e+000
4.690000e+003	2.32473288e-001	-3.16752671e+000	2.93907154e+002	0.00000000e+000	2.7914e+014	1.0000e-010	0.0000e+000
4.700000e+003	2.32502678e-001	-3.16749732e+000	2.88596405e+002	0.00000000e+000	2.7882e+014	1.0000e-010	0.0000e+000
4.710000e+003	2.32531538e-001	-3.16746846e+000	2.83291582e+002	0.00000000e+000	2.7851e+014	1.0000e-010	0.0000e+000
4.720000e+003	2.32559867e-001	-3.16744013e+000	2.77992569e+002	0.00000000e+000	2.7821e+014	1.0000e-010	0.0000e+000
4.730000e+003	2.32587666e-001	-3.16741233e+000	2.72699251e+002	0.00000000e+000	2.7791e+014	1.0000e-010	0.0000e+000
4.740000e+003	2.32614936e-001	-3.16738506e+000	2.67411513e+002	0.00000000e+000	2.7762e+014	1.0000e-010	0.0000e+000
4.750000e+003	2.32641677e-001	-3.16735832e+000	2.62129243e+002	0.00000000e+000	2.7733e+014	1.0000e-010	0.0000e+000
4.760000e+003	2.32667890e-001	-3.16733211e+000	2.56852326e+002	0.00000000e+000	2.7705e+014	1.0000e-010	0.0000e+000
4.770000e+003	2.32693576e-001	-3.16730642e+000	2.51580649e+002	0.00000000e+000	2.7677e+014	1.0000e-010	0.0000e+000
4.780000e+003	2.32718734e-001	-3.16728127e+000	2.46314099e+002	0.00000000e+000	2.7650e+014	1.0000e-010	0.0000e+000
4.790000e+003	2.32743365e-001	-3.16725664e+000	2.41052565e+002	0.00000000e+000	2.7624e+014	1.0000e-010	0.0000e+000
4.800000e+003	2.32767470e-001	-3.16723253e+000	2.35795935e+002	0.00000000e+000	2.7598e+014	1.0000e-010	0.0000e+000
4.810000e+003	2.32791050e-001	-3.16720895e+000	2.30544098e+002	0.00000000e+000	2.7573e+014	1.0000e-010	0.0000e+000
4.820000e+003	2.32814104e-001	-3.16718590e+000	2.25296941e+002	0.00000000e+000	2.7548e+014	1.0000e-010	0.0000e+000
4.830000e+003	2.32836634e-001	-3.16716337e+000	2.20054356e+002	0.00000000e+000	2.7524e+014	1.0000e-010	0.0000e+000
4.840000e+003	2.32858639e-001	-3.16714136e+000	2.14816231e+002	0.00000000e+000	2.7501e+014	1.0000e-010	0.0000e+000
4.850000e+003	2.32880121e-001	-3.16711988e+000	2.09582457e+002	0.00000000e+000	2.7478e+014	1.0000e-010	0.0000e+000
4.860000e+003	2.32901079e-001	-3.16709892e+000	2.04352924e+002	0.00000000e+000	2.7456e+014	1.0000e-010	0.0000e+000
4.870000e+003	2.32921515e-001	-3.16707849e+000	1.99127524e+002	0.00000000e+000	2.7434e+014	1.0000e-010	0.0000e+000
4.880000e+003	2.32941427e-001	-3.16705857e+000	1.93906147e+002	0.00000000e+000	2.7413e+014	1.0000e-010	0.0000e+000
4.890000e+003	2.32960818e-001	-3.16703918e+000	1.88688684e+002	0.00000000e+000	2.7393e+014	1.0000e-010	0.0000e+000
4.900000e+003	2.32979687e-001	-3.16702031e+000	1.83475029e+002	0.00000000e+000	2.7373e+014	1.0000e-010	0.0000e+000
4.910000e+003	2.32998034e-001	-3.16700197e+000	1.78265072e+002	0.00000000e+000	2.7353e+014	1.0000e-010	0.0000e+000
4.920000e+003	2.33015861e-001	-3.16698414e+000	1.73058707e+002	0.00000000e+000	2.7334e+014	1.0000e-010	0.0000e+000
4.930000e+003	2.33033167e-001	-3.16696683e+000	1.67855826e+002	0.00000000e+000	2.7316e+014	1.0000e-010	0.0000e+000
4.940000e+003	2.33049952e-001	-3.16695005e+000	1.62656321e+002	0.00000000e+000	2.7298e+014	1.0000e-010	0.0000e+000
4.950000e+003	2.33066218e-001	-3.16693378e+000	1.57460088e+002	0.00000000e+000	2.7281e+014	1.0000e-010	0.0000e+000
4.960000e+003	2.33081964e-001	-3.16691804e+000	1.52267018e+002	0.00000000e+000	2.7264e+014	1.0000e-010	0.0000e+000
4.970000e+003	2.33097191e-001	-3.16690281e+000	1.47077006e+002	0.00000000e+000	2.7248e+014	1.0000e-010	0.0000e+000
4.980000e+003	2.33111898e-001	-3.16688810e+000	1.41889946e+002	0.00000000e+000	2.7233e+014	1.0000e-010	0.0000e+000
4.990000e+003	2.33126087e-001	-3.16687391e+000	1.36705732e+002	0.00000000e+000	2.7218e+014	1.0000e-010	0.0000e+000
5.000000e+003	2.33139758e-001	-3.16686024e+000	1.31524259e+002	0.00000000e+000	2.7204e+014	1.0000e-010	0.0000e+000
5.010000e+003	2.33152910e-001	-3.16684709e+000	1.26345421e+002	0.00000000e+000	2.7190e+014	1.0000e-010	0.0000e+000
5.020000e+003	2.33165545e-001	-3.16683446e+000	1.21169114e+002	0.00000000e+000	2.7176e+014	1.0000e-010	0.0000e+000
5.030000e+003	2.33177662e-001	-3.16682234e+000	1.15995232e+002	0.00000000e+000	2.7164e+014	1.0000e-010	0.0000e+000
5.040000e+003	2.33189261e-001	-3.16681074e+000	1.10823671e+002	0.00000000e+000	2.7152e+014	1.0000e-010	0.0000e+000
5.050000e+003	2.33200344e-001	-3.16679966e+000	1.05654327e+002	0.00000000e+000	2.7140e+014	1.0000e-010	0.0000e+000
5.060000e+003	2.33210909e-001	-3.16678909e+000	1.00487095e+002	0.00000000e+000	2.7129e+014	1.0000e-010	0.0000e+000
5.070000e+003	2.33220958e-001	-3.16677904e+000	9.53218707e+001	0.00000000e+000	2.7118e+014	1.0000e-010	0.0000e+000
5.080000e+003	2.33230490e-001	-3.16676951e+000	9.01585509e+001	0.00000000e+000	2.7108e+014	1.0000e-010	0.0000e+000
5.090000e+003	2.33239506e-001	-3.16676049e+000	8.49970315e+001	0.00000000e+000	2.7099e+014	1.0000e-010	0.0000e+000
5.100000e+003	2.33248005e-001	-3.16675199e+000	7.98372088e+001	0.00000000e+000	2.7090e+014	1.0000e-010	0.0000e+000
5.110000e+003	2.33255989e-001	-3.16674401e+000	7.46789794e+001	0.00000000e+000	2.7082e+014	1.0000e-010	0.0000e+000
5.120000e+003	2.33263457e-001	-3.16673654e+000	6.95222398e+001	0.00000000e+000	2.7074e+014	1.0000e-010	0.0000e+000
5.130000e+003	2.33270409e-001	-3.16672959e+000	6.43668868e+001	0.00000000e+000	2.7066e+014	1.0000e-010	0.0000e+000
5.140000e+003	2.33276846e-001	-3.16672315e+000	5.92128172e+001	0.00000000e+000	2.7060e+014	1.0000e-010	0.0000e+000
5.150000e+003	2.33282767e-001	-3.16671723e+000	5.40599280e+001	0.00000000e+000	2.7054e+014	1.0000e-010	0.0000e+000
5.160000e+003	2.33288173e-001	-3.16671183e+000	4.89081163e+001	0.00000000e+000	2.7048e+014	1.0000e-010	0.0000e+000
5.170000e+003	2.33293064e-001	-3.16670694e+000	4.37572791e+001	0.00000000e+000	2.7043e+014	1.0000e-010	0.0000e+000
5.180000e+003	2.33297440e-001	-3.16670256e+000	3.86073136e+001	0.00000000e+000	2.7038e+014	1.0000e-010	0.0000e+000
5.190000e+003	2.33301301e-001	-3.16669870e+000	3.34581172e+001	0.00000000e+000	2.7034e+014	1.0000e-010	0.0000e+000
5.200000e+003	2.33304646e-001	-3.16669535e+000	2.83095871e+001	0.00000000e+000	2.7031e+014	1.0000e-010	0.0000e+000
5.210000e+003	2.33307477e-001	-3.16669252e+000	2.31616209e+001	0.00000000e+000	2.7028e+014	1.0000e-010	0.0000e+000
5.220000e+003	2.33309794e-001	-3.16669021e+000	1.80141158e+001	0.00000000e+000	2.7025e+014	1.0000e-010	0.0000e+000
5.230000e+003	2.33311595e-001	-3.16668841e+000	1.28669694e+001	0.00000000e+000	2.7023e+014	1.0000e-010	0.0000e+000
5.240000e+003	2.33312882e-001	-3.16668712e+000	7.72007917e+000	0.00000000e+000	2.7022e+014	1.0000e-010	0.0000e+000
5.250000e+003	2.33313654e-001	-3.16668635e+000	2.57334265e+000	0.00000000e+000	2.7021e+014	1.0000e-010	0.0000e+000
5.260000e+003	2.33313911e-001	-3.16668609e+000	2.57334265e+000	0.00000000e+000	2.7021e+014	1.0000e-010	0.0000e+000
