Y (ang)	Ec (eV)	Ev (eV)	E (V/cm)	Ef (eV)	n (cm-3)	p (cm-3)	Nd - Na (cm-3)	el eval 1 (eV)	el eval 2 (eV)	el eval 3 (eV)	el eval 4 (eV)	el eval 5 (eV)	el eval 6 (eV)	el eval 7 (eV)	el eval 8 (eV)	el eval 9 (eV)	el eval 10 (eV)	el eval 11 (eV)	el eval 12 (eV)	el eval 13 (eV)
0.000000e+000	6.00000000e-001	-2.80000000e+000	1.95906942e+006	-0.00000000e+000	1.8691e+008	1.0000e-010	0.0000e+000
1.000000e+001	1.35590694e+000	-2.74409306e+000	-6.97040686e+005	0.00000000e+000	3.3554e-005	1.0000e-010	-1.3848e+020
2.000000e+001	1.28620287e+000	-2.81379713e+000	-6.97040686e+005	0.00000000e+000	2.1051e-003	1.0000e-010	0.0000e+000	-6.0158e-002	-4.3506e-002	2.8144e-002	6.4321e-002	8.6152e-002	1.0167e-001	1.1367e-001	1.2344e-001	1.3167e-001	1.3877e-001	1.4502e-001	1.5067e-001	1.5626e-001
3.000000e+001	1.21649880e+000	-2.88350120e+000	-6.97040686e+005	0.00000000e+000	1.0696e-001	1.0000e-010	0.0000e+000
4.000000e+001	1.14679474e+000	-2.95320526e+000	-6.97040686e+005	0.00000000e+000	7.2374e+000	1.0000e-010	0.0000e+000
5.000000e+001	1.07709067e+000	-3.02290933e+000	-6.97040686e+005	0.00000000e+000	4.7218e+002	1.0000e-010	0.0000e+000
6.000000e+001	1.00738660e+000	-3.09261340e+000	-6.97040686e+005	0.00000000e+000	2.8347e+004	1.0000e-010	0.0000e+000
7.000000e+001	9.37682530e-001	-3.16231747e+000	-6.97040686e+005	0.00000000e+000	1.5460e+006	1.0000e-010	0.0000e+000
8.000000e+001	8.67978461e-001	-3.23202154e+000	-6.97040686e+005	0.00000000e+000	7.6072e+007	1.0000e-010	0.0000e+000
9.000000e+001	7.98274393e-001	-3.30172561e+000	-6.97040686e+005	0.00000000e+000	3.3560e+009	1.0000e-010	0.0000e+000
1.000000e+002	7.28570324e-001	-3.37142968e+000	-6.97040689e+005	0.00000000e+000	1.3186e+011	1.0000e-010	0.0000e+000
1.100000e+002	6.58866255e-001	-3.44113374e+000	-6.97040778e+005	0.00000000e+000	4.5796e+012	1.0000e-010	0.0000e+000
1.200000e+002	5.89162177e-001	-3.51083782e+000	-6.97043506e+005	0.00000000e+000	1.3941e+014	1.0000e-010	0.0000e+000
1.300000e+002	5.19457827e-001	-3.58054217e+000	-6.97115551e+005	0.00000000e+000	3.6828e+015	1.0000e-010	0.0000e+000
1.400000e+002	4.49746272e-001	-3.65025373e+000	-6.98748355e+005	0.00000000e+000	8.3467e+016	1.0000e-010	0.0000e+000
1.500000e+002	3.79871436e-001	-3.72012856e+000	-7.30061206e+005	0.00000000e+000	1.6007e+018	1.0000e-010	0.0000e+000
1.600000e+002	-2.53134684e-001	-3.65313468e+000	1.44007263e+006	0.00000000e+000	2.5559e+019	1.0000e-010	1.3848e+020
1.700000e+002	-5.31274215e-002	-3.52312742e+000	9.86254911e+005	0.00000000e+000	1.0780e+019	1.0000e-010	-1.3181e+019
1.800000e+002	1.01498070e-001	-3.43850193e+000	6.98923271e+005	0.00000000e+000	1.8123e+018	1.0000e-010	-1.3329e+019
1.900000e+002	2.27390397e-001	-3.38260960e+000	4.38527555e+005	0.00000000e+000	1.8172e+017	1.0000e-010	-1.3478e+019
2.000000e+002	3.27243152e-001	-3.35275685e+000	1.77136514e+005	0.00000000e+000	1.3239e+016	1.0000e-010	-1.3626e+019
2.100000e+002	4.00956804e-001	-3.34904320e+000	-8.82695642e+004	0.00000000e+000	7.9337e+014	1.0000e-010	-1.3774e+019
2.200000e+002	4.48129847e-001	-3.37187015e+000	-3.57951519e+005	0.00000000e+000	1.6147e+014	1.0000e-010	-1.3922e+019
2.300000e+002	4.68334695e-001	-3.42166530e+000	-6.31997406e+005	0.00000000e+000	2.2950e+015	1.0000e-010	-1.4071e+019
2.400000e+002	4.61134955e-001	-3.49886505e+000	-9.11262028e+005	0.00000000e+000	4.6552e+016	1.0000e-010	-1.4219e+019
2.500000e+002	4.26008752e-001	-3.60399125e+000	-1.21227549e+006	0.00000000e+000	9.3592e+017	1.0000e-010	-1.4367e+019
2.600000e+002	-1.99218797e-001	-3.59921880e+000	8.46842831e+005	0.00000000e+000	1.7371e+019	1.0000e-010	1.2397e+020
2.700000e+002	-1.14534514e-001	-3.51453451e+000	5.00094489e+005	0.00000000e+000	1.8204e+019	1.0000e-010	0.0000e+000
2.800000e+002	-6.45250648e-002	-3.46452506e+000	3.03504987e+005	0.00000000e+000	1.0321e+019	1.0000e-010	0.0000e+000
2.900000e+002	-3.41745661e-002	-3.43417457e+000	2.07652586e+005	0.00000000e+000	5.0321e+018	1.0000e-010	0.0000e+000
3.000000e+002	-1.34093075e-002	-3.41340931e+000	1.55823070e+005	0.00000000e+000	2.7209e+018	1.0000e-010	0.0000e+000
3.100000e+002	2.17299947e-003	-3.39782700e+000	1.23166476e+005	0.00000000e+000	1.7143e+018	1.0000e-010	0.0000e+000
3.200000e+002	1.44896471e-002	-3.38551035e+000	1.00783123e+005	0.00000000e+000	1.1750e+018	1.0000e-010	0.0000e+000
3.300000e+002	2.45679594e-002	-3.37543204e+000	8.47898718e+004	0.00000000e+000	8.3953e+017	1.0000e-010	0.0000e+000
3.400000e+002	3.30469465e-002	-3.36695305e+000	7.30016676e+004	0.00000000e+000	6.1878e+017	1.0000e-010	0.0000e+000
3.500000e+002	4.03471133e-002	-3.35965289e+000	6.40411833e+004	0.00000000e+000	4.7033e+017	1.0000e-010	0.0000e+000
3.600000e+002	4.67512316e-002	-3.35324877e+000	5.70126357e+004	0.00000000e+000	3.6891e+017	1.0000e-010	0.0000e+000
3.700000e+002	5.24524952e-002	-3.34754750e+000	5.13524474e+004	0.00000000e+000	2.9708e+017	1.0000e-010	0.0000e+000
3.800000e+002	5.75877399e-002	-3.34241226e+000	4.67081389e+004	0.00000000e+000	2.4375e+017	1.0000e-010	0.0000e+000
3.900000e+002	6.22585538e-002	-3.33774145e+000	4.28359754e+004	0.00000000e+000	2.0322e+017	1.0000e-010	0.0000e+000
4.000000e+002	6.65421514e-002	-3.33345785e+000	3.95538575e+004	0.00000000e+000	1.7225e+017	1.0000e-010	0.0000e+000
4.100000e+002	7.04975371e-002	-3.32950246e+000	3.67323027e+004	0.00000000e+000	1.4807e+017	1.0000e-010	0.0000e+000
4.200000e+002	7.41707674e-002	-3.32582923e+000	3.42838508e+004	0.00000000e+000	1.2849e+017	1.0000e-010	0.0000e+000
4.300000e+002	7.75991525e-002	-3.32240085e+000	3.21434974e+004	0.00000000e+000	1.1232e+017	1.0000e-010	0.0000e+000
4.400000e+002	8.08135022e-002	-3.31918650e+000	3.02559546e+004	0.00000000e+000	9.9046e+016	1.0000e-010	0.0000e+000
4.500000e+002	8.38390977e-002	-3.31616090e+000	2.85754699e+004	0.00000000e+000	8.8179e+016	1.0000e-010	0.0000e+000
4.600000e+002	8.66966446e-002	-3.31330336e+000	2.70686534e+004	0.00000000e+000	7.9064e+016	1.0000e-010	0.0000e+000
4.700000e+002	8.94035100e-002	-3.31059649e+000	2.57120353e+004	0.00000000e+000	7.1181e+016	1.0000e-010	0.0000e+000
4.800000e+002	9.19747135e-002	-3.30802529e+000	2.44862699e+004	0.00000000e+000	6.4314e+016	1.0000e-010	0.0000e+000
4.900000e+002	9.44233405e-002	-3.30557666e+000	2.33728707e+004	0.00000000e+000	5.8416e+016	1.0000e-010	0.0000e+000
5.000000e+002	9.67606276e-002	-3.30323937e+000	2.23551669e+004	0.00000000e+000	5.3394e+016	1.0000e-010	0.0000e+000
5.100000e+002	9.89961443e-002	-3.30100386e+000	2.14203424e+004	0.00000000e+000	4.9045e+016	1.0000e-010	0.0000e+000
5.200000e+002	1.01138178e-001	-3.29886182e+000	2.05594524e+004	0.00000000e+000	4.5165e+016	1.0000e-010	0.0000e+000
5.300000e+002	1.03194124e-001	-3.29680588e+000	1.97654505e+004	0.00000000e+000	4.1655e+016	1.0000e-010	0.0000e+000
5.400000e+002	1.05170669e-001	-3.29482933e+000	1.90313271e+004	0.00000000e+000	3.8513e+016	1.0000e-010	0.0000e+000
5.500000e+002	1.07073801e-001	-3.29292620e+000	1.83498368e+004	0.00000000e+000	3.5751e+016	1.0000e-010	0.0000e+000
5.600000e+002	1.08908785e-001	-3.29109121e+000	1.77144613e+004	0.00000000e+000	3.3331e+016	1.0000e-010	0.0000e+000
5.700000e+002	1.10680231e-001	-3.28931977e+000	1.71202820e+004	0.00000000e+000	3.1169e+016	1.0000e-010	0.0000e+000
5.800000e+002	1.12392260e-001	-3.28760774e+000	1.65639074e+004	0.00000000e+000	2.9186e+016	1.0000e-010	0.0000e+000
5.900000e+002	1.14048650e-001	-3.28595135e+000	1.60426435e+004	0.00000000e+000	2.7344e+016	1.0000e-010	0.0000e+000
6.000000e+002	1.15652915e-001	-3.28434709e+000	1.55536796e+004	0.00000000e+000	2.5649e+016	1.0000e-010	0.0000e+000
6.100000e+002	1.17208283e-001	-3.28279172e+000	1.50938622e+004	0.00000000e+000	2.4120e+016	1.0000e-010	0.0000e+000
6.200000e+002	1.18717669e-001	-3.28128233e+000	1.46600438e+004	0.00000000e+000	2.2755e+016	1.0000e-010	0.0000e+000
6.300000e+002	1.20183673e-001	-3.27981633e+000	1.42495886e+004	0.00000000e+000	2.1530e+016	1.0000e-010	0.0000e+000
6.400000e+002	1.21608632e-001	-3.27839137e+000	1.38606127e+004	0.00000000e+000	2.0403e+016	1.0000e-010	0.0000e+000
6.500000e+002	1.22994693e-001	-3.27700531e+000	1.34918330e+004	0.00000000e+000	1.9343e+016	1.0000e-010	0.0000e+000
6.600000e+002	1.24343877e-001	-3.27565612e+000	1.31421869e+004	0.00000000e+000	1.8340e+016	1.0000e-010	0.0000e+000
6.700000e+002	1.25658095e-001	-3.27434190e+000	1.28104940e+004	0.00000000e+000	1.7398e+016	1.0000e-010	0.0000e+000
6.800000e+002	1.26939145e-001	-3.27306086e+000	1.24953412e+004	0.00000000e+000	1.6530e+016	1.0000e-010	0.0000e+000
6.900000e+002	1.28188679e-001	-3.27181132e+000	1.21951989e+004	0.00000000e+000	1.5742e+016	1.0000e-010	0.0000e+000
7.000000e+002	1.29408199e-001	-3.27059180e+000	1.19086465e+004	0.00000000e+000	1.5030e+016	1.0000e-010	0.0000e+000
7.100000e+002	1.30599063e-001	-3.26940094e+000	1.16345578e+004	0.00000000e+000	1.4376e+016	1.0000e-010	0.0000e+000
7.200000e+002	1.31762519e-001	-3.26823748e+000	1.13721548e+004	0.00000000e+000	1.3763e+016	1.0000e-010	0.0000e+000
7.300000e+002	1.32899735e-001	-3.26710027e+000	1.11209253e+004	0.00000000e+000	1.3177e+016	1.0000e-010	0.0000e+000
7.400000e+002	1.34011827e-001	-3.26598817e+000	1.08804669e+004	0.00000000e+000	1.2612e+016	1.0000e-010	0.0000e+000
7.500000e+002	1.35099874e-001	-3.26490013e+000	1.06503371e+004	0.00000000e+000	1.2070e+016	1.0000e-010	0.0000e+000
7.600000e+002	1.36164908e-001	-3.26383509e+000	1.04299671e+004	0.00000000e+000	1.1558e+016	1.0000e-010	0.0000e+000
7.700000e+002	1.37207904e-001	-3.26279210e+000	1.02186629e+004	0.00000000e+000	1.1083e+016	1.0000e-010	0.0000e+000
7.800000e+002	1.38229771e-001	-3.26177023e+000	1.00156650e+004	0.00000000e+000	1.0647e+016	1.0000e-010	0.0000e+000
7.900000e+002	1.39231337e-001	-3.26076866e+000	9.82024091e+003	0.00000000e+000	1.0250e+016	1.0000e-010	0.0000e+000
8.000000e+002	1.40213361e-001	-3.25978664e+000	9.63176564e+003	0.00000000e+000	9.8853e+015	1.0000e-010	0.0000e+000
8.100000e+002	1.41176538e-001	-3.25882346e+000	9.44976957e+003	0.00000000e+000	9.5456e+015	1.0000e-010	0.0000e+000
8.200000e+002	1.42121515e-001	-3.25787849e+000	9.27394371e+003	0.00000000e+000	9.2220e+015	1.0000e-010	0.0000e+000
8.300000e+002	1.43048909e-001	-3.25695109e+000	9.10410996e+003	0.00000000e+000	8.9078e+015	1.0000e-010	0.0000e+000
8.400000e+002	1.43959320e-001	-3.25604068e+000	8.94017067e+003	0.00000000e+000	8.5986e+015	1.0000e-010	0.0000e+000
8.500000e+002	1.44853337e-001	-3.25514666e+000	8.78205355e+003	0.00000000e+000	8.2932e+015	1.0000e-010	0.0000e+000
8.600000e+002	1.45731542e-001	-3.25426846e+000	8.62966472e+003	0.00000000e+000	7.9927e+015	1.0000e-010	0.0000e+000
8.700000e+002	1.46594509e-001	-3.25340549e+000	8.48285768e+003	0.00000000e+000	7.6998e+015	1.0000e-010	0.0000e+000
8.800000e+002	1.47442795e-001	-3.25255721e+000	8.34141999e+003	0.00000000e+000	7.4182e+015	1.0000e-010	0.0000e+000
8.900000e+002	1.48276937e-001	-3.25172306e+000	8.20507584e+003	0.00000000e+000	7.1511e+015	1.0000e-010	0.0000e+000
9.000000e+002	1.49097444e-001	-3.25090256e+000	8.07349985e+003	0.00000000e+000	6.9010e+015	1.0000e-010	0.0000e+000
9.100000e+002	1.49904794e-001	-3.25009521e+000	7.94633732e+003	0.00000000e+000	6.6697e+015	1.0000e-010	0.0000e+000
9.200000e+002	1.50699428e-001	-3.24930057e+000	7.82322597e+003	0.00000000e+000	6.4573e+015	1.0000e-010	0.0000e+000
9.300000e+002	1.51481751e-001	-3.24851825e+000	7.70381601e+003	0.00000000e+000	6.2633e+015	1.0000e-010	0.0000e+000
9.400000e+002	1.52252132e-001	-3.24774787e+000	7.58778422e+003	0.00000000e+000	6.0863e+015	1.0000e-010	0.0000e+000
9.500000e+002	1.53010911e-001	-3.24698909e+000	7.47485058e+003	0.00000000e+000	5.9240e+015	1.0000e-010	0.0000e+000
9.600000e+002	1.53758396e-001	-3.24624160e+000	7.36478084e+003	0.00000000e+000	5.7739e+015	1.0000e-010	0.0000e+000
9.700000e+002	1.54494874e-001	-3.24550513e+000	7.25739175e+003	0.00000000e+000	5.6334e+015	1.0000e-010	0.0000e+000
9.800000e+002	1.55220613e-001	-3.24477939e+000	7.15255422e+003	0.00000000e+000	5.4996e+015	1.0000e-010	0.0000e+000
9.900000e+002	1.55935868e-001	-3.24406413e+000	7.05019664e+003	0.00000000e+000	5.3695e+015	1.0000e-010	0.0000e+000
1.000000e+003	1.56640888e-001	-3.24335911e+000	6.95034620e+003	0.00000000e+000	5.2378e+015	1.0000e-010	0.0000e+000	-6.0158e-002	-4.3506e-002	2.8144e-002	6.4321e-002	8.6152e-002	1.0167e-001	1.1367e-001	1.2344e-001	1.3167e-001	1.3877e-001	1.4502e-001	1.5067e-001	1.5626e-001
1.010000e+003	1.57335923e-001	-3.24266408e+000	6.85309340e+003	0.00000000e+000	5.1045e+015	1.0000e-010	0.0000e+000
1.020000e+003	1.58021232e-001	-3.24197877e+000	6.75838480e+003	0.00000000e+000	4.9709e+015	1.0000e-010	0.0000e+000
1.030000e+003	1.58697070e-001	-3.24130293e+000	6.66612005e+003	0.00000000e+000	4.8427e+015	1.0000e-010	0.0000e+000
1.040000e+003	1.59363682e-001	-3.24063632e+000	6.57620399e+003	0.00000000e+000	4.7194e+015	1.0000e-010	0.0000e+000
1.050000e+003	1.60021303e-001	-3.23997870e+000	6.48854637e+003	0.00000000e+000	4.6009e+015	1.0000e-010	0.0000e+000
1.060000e+003	1.60670157e-001	-3.23932984e+000	6.40306147e+003	0.00000000e+000	4.4869e+015	1.0000e-010	0.0000e+000
1.070000e+003	1.61310464e-001	-3.23868954e+000	6.31966787e+003	0.00000000e+000	4.3771e+015	1.0000e-010	0.0000e+000
1.080000e+003	1.61942430e-001	-3.23805757e+000	6.23828815e+003	0.00000000e+000	4.2714e+015	1.0000e-010	0.0000e+000
1.090000e+003	1.62566259e-001	-3.23743374e+000	6.15884869e+003	0.00000000e+000	4.1696e+015	1.0000e-010	0.0000e+000
1.100000e+003	1.63182144e-001	-3.23681786e+000	6.08127939e+003	0.00000000e+000	4.0715e+015	1.0000e-010	0.0000e+000
1.110000e+003	1.63790272e-001	-3.23620973e+000	6.00551349e+003	0.00000000e+000	3.9768e+015	1.0000e-010	0.0000e+000
1.120000e+003	1.64390823e-001	-3.23560918e+000	5.93148738e+003	0.00000000e+000	3.8855e+015	1.0000e-010	0.0000e+000
1.130000e+003	1.64983972e-001	-3.23501603e+000	5.85914039e+003	0.00000000e+000	3.7974e+015	1.0000e-010	0.0000e+000
1.140000e+003	1.65569886e-001	-3.23443011e+000	5.78841464e+003	0.00000000e+000	3.7123e+015	1.0000e-010	0.0000e+000
1.150000e+003	1.66148728e-001	-3.23385127e+000	5.71925488e+003	0.00000000e+000	3.6301e+015	1.0000e-010	0.0000e+000
1.160000e+003	1.66720653e-001	-3.23327935e+000	5.65160835e+003	0.00000000e+000	3.5507e+015	1.0000e-010	0.0000e+000
1.170000e+003	1.67285814e-001	-3.23271419e+000	5.58542462e+003	0.00000000e+000	3.4739e+015	1.0000e-010	0.0000e+000
1.180000e+003	1.67844356e-001	-3.23215564e+000	5.52065548e+003	0.00000000e+000	3.3997e+015	1.0000e-010	0.0000e+000
1.190000e+003	1.68396422e-001	-3.23160358e+000	5.45725481e+003	0.00000000e+000	3.3279e+015	1.0000e-010	0.0000e+000
1.200000e+003	1.68942147e-001	-3.23105785e+000	5.39517848e+003	0.00000000e+000	3.2584e+015	1.0000e-010	0.0000e+000
1.210000e+003	1.69481665e-001	-3.23051833e+000	5.33438423e+003	0.00000000e+000	3.1911e+015	1.0000e-010	0.0000e+000
1.220000e+003	1.70015104e-001	-3.22998490e+000	5.27483157e+003	0.00000000e+000	3.1259e+015	1.0000e-010	0.0000e+000
1.230000e+003	1.70542587e-001	-3.22945741e+000	5.21648170e+003	0.00000000e+000	3.0628e+015	1.0000e-010	0.0000e+000
1.240000e+003	1.71064235e-001	-3.22893576e+000	5.15929744e+003	0.00000000e+000	3.0016e+015	1.0000e-010	0.0000e+000
1.250000e+003	1.71580165e-001	-3.22841984e+000	5.10324309e+003	0.00000000e+000	2.9423e+015	1.0000e-010	0.0000e+000
1.260000e+003	1.72090489e-001	-3.22790951e+000	5.04828442e+003	0.00000000e+000	2.8848e+015	1.0000e-010	0.0000e+000
1.270000e+003	1.72595318e-001	-3.22740468e+000	4.99438856e+003	0.00000000e+000	2.8290e+015	1.0000e-010	0.0000e+000
1.280000e+003	1.73094756e-001	-3.22690524e+000	4.94152392e+003	0.00000000e+000	2.7749e+015	1.0000e-010	0.0000e+000
1.290000e+003	1.73588909e-001	-3.22641109e+000	4.88966018e+003	0.00000000e+000	2.7223e+015	1.0000e-010	0.0000e+000
1.300000e+003	1.74077875e-001	-3.22592213e+000	4.83876817e+003	0.00000000e+000	2.6713e+015	1.0000e-010	0.0000e+000
1.310000e+003	1.74561752e-001	-3.22543825e+000	4.78881985e+003	0.00000000e+000	2.6218e+015	1.0000e-010	0.0000e+000
1.320000e+003	1.75040634e-001	-3.22495937e+000	4.73978827e+003	0.00000000e+000	2.5737e+015	1.0000e-010	0.0000e+000
1.330000e+003	1.75514612e-001	-3.22448539e+000	4.69164745e+003	0.00000000e+000	2.5269e+015	1.0000e-010	0.0000e+000
1.340000e+003	1.75983777e-001	-3.22401622e+000	4.64437242e+003	0.00000000e+000	2.4815e+015	1.0000e-010	0.0000e+000
1.350000e+003	1.76448214e-001	-3.22355179e+000	4.59793911e+003	0.00000000e+000	2.4373e+015	1.0000e-010	0.0000e+000
1.360000e+003	1.76908008e-001	-3.22309199e+000	4.55232435e+003	0.00000000e+000	2.3944e+015	1.0000e-010	0.0000e+000
1.370000e+003	1.77363241e-001	-3.22263676e+000	4.50750579e+003	0.00000000e+000	2.3526e+015	1.0000e-010	0.0000e+000
1.380000e+003	1.77813991e-001	-3.22218601e+000	4.46346191e+003	0.00000000e+000	2.3119e+015	1.0000e-010	0.0000e+000
1.390000e+003	1.78260338e-001	-3.22173966e+000	4.42017194e+003	0.00000000e+000	2.2723e+015	1.0000e-010	0.0000e+000
1.400000e+003	1.78702355e-001	-3.22129765e+000	4.37761585e+003	0.00000000e+000	2.2338e+015	1.0000e-010	0.0000e+000
1.410000e+003	1.79140116e-001	-3.22085988e+000	4.33577431e+003	0.00000000e+000	2.1963e+015	1.0000e-010	0.0000e+000
1.420000e+003	1.79573694e-001	-3.22042631e+000	4.29462867e+003	0.00000000e+000	2.1598e+015	1.0000e-010	0.0000e+000
1.430000e+003	1.80003157e-001	-3.21999684e+000	4.25416091e+003	0.00000000e+000	2.1242e+015	1.0000e-010	0.0000e+000
1.440000e+003	1.80428573e-001	-3.21957143e+000	4.21435362e+003	0.00000000e+000	2.0896e+015	1.0000e-010	0.0000e+000
1.450000e+003	1.80850008e-001	-3.21914999e+000	4.17519001e+003	0.00000000e+000	2.0558e+015	1.0000e-010	0.0000e+000
1.460000e+003	1.81267527e-001	-3.21873247e+000	4.13665383e+003	0.00000000e+000	2.0228e+015	1.0000e-010	0.0000e+000
1.470000e+003	1.81681192e-001	-3.21831881e+000	4.09872937e+003	0.00000000e+000	1.9907e+015	1.0000e-010	0.0000e+000
1.480000e+003	1.82091065e-001	-3.21790893e+000	4.06140144e+003	0.00000000e+000	1.9594e+015	1.0000e-010	0.0000e+000
1.490000e+003	1.82497206e-001	-3.21750279e+000	4.02465536e+003	0.00000000e+000	1.9289e+015	1.0000e-010	0.0000e+000
1.500000e+003	1.82899671e-001	-3.21710033e+000	3.98847692e+003	0.00000000e+000	1.8991e+015	1.0000e-010	0.0000e+000
1.510000e+003	1.83298519e-001	-3.21670148e+000	3.95285236e+003	0.00000000e+000	1.8700e+015	1.0000e-010	0.0000e+000
1.520000e+003	1.83693804e-001	-3.21630620e+000	3.91776836e+003	0.00000000e+000	1.8416e+015	1.0000e-010	0.0000e+000
1.530000e+003	1.84085581e-001	-3.21591442e+000	3.88321204e+003	0.00000000e+000	1.8139e+015	1.0000e-010	0.0000e+000
1.540000e+003	1.84473902e-001	-3.21552610e+000	3.84917091e+003	0.00000000e+000	1.7869e+015	1.0000e-010	0.0000e+000
1.550000e+003	1.84858819e-001	-3.21514118e+000	3.81563288e+003	0.00000000e+000	1.7605e+015	1.0000e-010	0.0000e+000
1.560000e+003	1.85240382e-001	-3.21475962e+000	3.78258621e+003	0.00000000e+000	1.7347e+015	1.0000e-010	0.0000e+000
1.570000e+003	1.85618641e-001	-3.21438136e+000	3.75001955e+003	0.00000000e+000	1.7095e+015	1.0000e-010	0.0000e+000
1.580000e+003	1.85993643e-001	-3.21400636e+000	3.71792189e+003	0.00000000e+000	1.6849e+015	1.0000e-010	0.0000e+000
1.590000e+003	1.86365435e-001	-3.21363456e+000	3.68628254e+003	0.00000000e+000	1.6608e+015	1.0000e-010	0.0000e+000
1.600000e+003	1.86734063e-001	-3.21326594e+000	3.65509113e+003	0.00000000e+000	1.6373e+015	1.0000e-010	0.0000e+000
1.610000e+003	1.87099573e-001	-3.21290043e+000	3.62433763e+003	0.00000000e+000	1.6143e+015	1.0000e-010	0.0000e+000
1.620000e+003	1.87462006e-001	-3.21253799e+000	3.59401227e+003	0.00000000e+000	1.5919e+015	1.0000e-010	0.0000e+000
1.630000e+003	1.87821408e-001	-3.21217859e+000	3.56410558e+003	0.00000000e+000	1.5699e+015	1.0000e-010	0.0000e+000
1.640000e+003	1.88177818e-001	-3.21182218e+000	3.53460837e+003	0.00000000e+000	1.5484e+015	1.0000e-010	0.0000e+000
1.650000e+003	1.88531279e-001	-3.21146872e+000	3.50551172e+003	0.00000000e+000	1.5274e+015	1.0000e-010	0.0000e+000
1.660000e+003	1.88881830e-001	-3.21111817e+000	3.47680696e+003	0.00000000e+000	1.5068e+015	1.0000e-010	0.0000e+000
1.670000e+003	1.89229511e-001	-3.21077049e+000	3.44848566e+003	0.00000000e+000	1.4867e+015	1.0000e-010	0.0000e+000
1.680000e+003	1.89574359e-001	-3.21042564e+000	3.42053963e+003	0.00000000e+000	1.4670e+015	1.0000e-010	0.0000e+000
1.690000e+003	1.89916413e-001	-3.21008359e+000	3.39296093e+003	0.00000000e+000	1.4477e+015	1.0000e-010	0.0000e+000
1.700000e+003	1.90255709e-001	-3.20974429e+000	3.36574183e+003	0.00000000e+000	1.4288e+015	1.0000e-010	0.0000e+000
1.710000e+003	1.90592284e-001	-3.20940772e+000	3.33887480e+003	0.00000000e+000	1.4103e+015	1.0000e-010	0.0000e+000
1.720000e+003	1.90926171e-001	-3.20907383e+000	3.31235254e+003	0.00000000e+000	1.3922e+015	1.0000e-010	0.0000e+000
1.730000e+003	1.91257406e-001	-3.20874259e+000	3.28616793e+003	0.00000000e+000	1.3745e+015	1.0000e-010	0.0000e+000
1.740000e+003	1.91586023e-001	-3.20841398e+000	3.26031406e+003	0.00000000e+000	1.3572e+015	1.0000e-010	0.0000e+000
1.750000e+003	1.91912055e-001	-3.20808795e+000	3.23478420e+003	0.00000000e+000	1.3402e+015	1.0000e-010	0.0000e+000
1.760000e+003	1.92235533e-001	-3.20776447e+000	3.20957180e+003	0.00000000e+000	1.3235e+015	1.0000e-010	0.0000e+000
1.770000e+003	1.92556490e-001	-3.20744351e+000	3.18467048e+003	0.00000000e+000	1.3072e+015	1.0000e-010	0.0000e+000
1.780000e+003	1.92874957e-001	-3.20712504e+000	3.16007403e+003	0.00000000e+000	1.2912e+015	1.0000e-010	0.0000e+000
1.790000e+003	1.93190965e-001	-3.20680904e+000	3.13577641e+003	0.00000000e+000	1.2755e+015	1.0000e-010	0.0000e+000
1.800000e+003	1.93504542e-001	-3.20649546e+000	3.11177174e+003	0.00000000e+000	1.2601e+015	1.0000e-010	0.0000e+000
1.810000e+003	1.93815719e-001	-3.20618428e+000	3.08805427e+003	0.00000000e+000	1.2450e+015	1.0000e-010	0.0000e+000
1.820000e+003	1.94124525e-001	-3.20587548e+000	3.06461843e+003	0.00000000e+000	1.2302e+015	1.0000e-010	0.0000e+000
1.830000e+003	1.94430987e-001	-3.20556901e+000	3.04145877e+003	0.00000000e+000	1.2157e+015	1.0000e-010	0.0000e+000
1.840000e+003	1.94735133e-001	-3.20526487e+000	3.01856998e+003	0.00000000e+000	1.2015e+015	1.0000e-010	0.0000e+000
1.850000e+003	1.95036990e-001	-3.20496301e+000	2.99594689e+003	0.00000000e+000	1.1876e+015	1.0000e-010	0.0000e+000
1.860000e+003	1.95336584e-001	-3.20466342e+000	2.97358447e+003	0.00000000e+000	1.1739e+015	1.0000e-010	0.0000e+000
1.870000e+003	1.95633943e-001	-3.20436606e+000	2.95147779e+003	0.00000000e+000	1.1605e+015	1.0000e-010	0.0000e+000
1.880000e+003	1.95929090e-001	-3.20407091e+000	2.92962207e+003	0.00000000e+000	1.1473e+015	1.0000e-010	0.0000e+000
1.890000e+003	1.96222053e-001	-3.20377795e+000	2.90801262e+003	0.00000000e+000	1.1344e+015	1.0000e-010	0.0000e+000
1.900000e+003	1.96512854e-001	-3.20348715e+000	2.88664489e+003	0.00000000e+000	1.1217e+015	1.0000e-010	0.0000e+000
1.910000e+003	1.96801518e-001	-3.20319848e+000	2.86551443e+003	0.00000000e+000	1.1092e+015	1.0000e-010	0.0000e+000
1.920000e+003	1.97088070e-001	-3.20291193e+000	2.84461689e+003	0.00000000e+000	1.0970e+015	1.0000e-010	0.0000e+000
1.930000e+003	1.97372532e-001	-3.20262747e+000	2.82394803e+003	0.00000000e+000	1.0850e+015	1.0000e-010	0.0000e+000
1.940000e+003	1.97654926e-001	-3.20234507e+000	2.80350372e+003	0.00000000e+000	1.0732e+015	1.0000e-010	0.0000e+000
1.950000e+003	1.97935277e-001	-3.20206472e+000	2.78327992e+003	0.00000000e+000	1.0616e+015	1.0000e-010	0.0000e+000
1.960000e+003	1.98213605e-001	-3.20178640e+000	2.76327269e+003	0.00000000e+000	1.0503e+015	1.0000e-010	0.0000e+000
1.970000e+003	1.98489932e-001	-3.20151007e+000	2.74347817e+003	0.00000000e+000	1.0391e+015	1.0000e-010	0.0000e+000
1.980000e+003	1.98764280e-001	-3.20123572e+000	2.72389261e+003	0.00000000e+000	1.0281e+015	1.0000e-010	0.0000e+000
1.990000e+003	1.99036669e-001	-3.20096333e+000	2.70451232e+003	0.00000000e+000	1.0174e+015	1.0000e-010	0.0000e+000
2.000000e+003	1.99307120e-001	-3.20069288e+000	2.68533373e+003	0.00000000e+000	1.0068e+015	1.0000e-010	0.0000e+000
2.010000e+003	1.99575654e-001	-3.20042435e+000	2.66635332e+003	0.00000000e+000	9.9637e+014	1.0000e-010	0.0000e+000
2.020000e+003	1.99842289e-001	-3.20015771e+000	2.64756766e+003	0.00000000e+000	9.8615e+014	1.0000e-010	0.0000e+000
2.030000e+003	2.00107046e-001	-3.19989295e+000	2.62897342e+003	0.00000000e+000	9.7610e+014	1.0000e-010	0.0000e+000
2.040000e+003	2.00369943e-001	-3.19963006e+000	2.61056730e+003	0.00000000e+000	9.6623e+014	1.0000e-010	0.0000e+000
2.050000e+003	2.00631000e-001	-3.19936900e+000	2.59234612e+003	0.00000000e+000	9.5652e+014	1.0000e-010	0.0000e+000
2.060000e+003	2.00890234e-001	-3.19910977e+000	2.57430674e+003	0.00000000e+000	9.4697e+014	1.0000e-010	0.0000e+000
2.070000e+003	2.01147665e-001	-3.19885233e+000	2.55644610e+003	0.00000000e+000	9.3759e+014	1.0000e-010	0.0000e+000
2.080000e+003	2.01403310e-001	-3.19859669e+000	2.53876121e+003	0.00000000e+000	9.2837e+014	1.0000e-010	0.0000e+000
2.090000e+003	2.01657186e-001	-3.19834281e+000	2.52124915e+003	0.00000000e+000	9.1930e+014	1.0000e-010	0.0000e+000
2.100000e+003	2.01909311e-001	-3.19809069e+000	2.50390704e+003	0.00000000e+000	9.1037e+014	1.0000e-010	0.0000e+000
2.110000e+003	2.02159701e-001	-3.19784030e+000	2.48673209e+003	0.00000000e+000	9.0160e+014	1.0000e-010	0.0000e+000
2.120000e+003	2.02408375e-001	-3.19759163e+000	2.46972156e+003	0.00000000e+000	8.9297e+014	1.0000e-010	0.0000e+000
2.130000e+003	2.02655347e-001	-3.19734465e+000	2.45287275e+003	0.00000000e+000	8.8448e+014	1.0000e-010	0.0000e+000
2.140000e+003	2.02900634e-001	-3.19709937e+000	2.43618306e+003	0.00000000e+000	8.7613e+014	1.0000e-010	0.0000e+000
2.150000e+003	2.03144252e-001	-3.19685575e+000	2.41964990e+003	0.00000000e+000	8.6791e+014	1.0000e-010	0.0000e+000
2.160000e+003	2.03386217e-001	-3.19661378e+000	2.40327077e+003	0.00000000e+000	8.5983e+014	1.0000e-010	0.0000e+000
2.170000e+003	2.03626544e-001	-3.19637346e+000	2.38704320e+003	0.00000000e+000	8.5187e+014	1.0000e-010	0.0000e+000
2.180000e+003	2.03865249e-001	-3.19613475e+000	2.37096477e+003	0.00000000e+000	8.4404e+014	1.0000e-010	0.0000e+000
2.190000e+003	2.04102345e-001	-3.19589765e+000	2.35503313e+003	0.00000000e+000	8.3634e+014	1.0000e-010	0.0000e+000
2.200000e+003	2.04337849e-001	-3.19566215e+000	2.33924596e+003	0.00000000e+000	8.2875e+014	1.0000e-010	0.0000e+000
2.210000e+003	2.04571773e-001	-3.19542823e+000	2.32360100e+003	0.00000000e+000	8.2129e+014	1.0000e-010	0.0000e+000
2.220000e+003	2.04804133e-001	-3.19519587e+000	2.30809603e+003	0.00000000e+000	8.1394e+014	1.0000e-010	0.0000e+000
2.230000e+003	2.05034943e-001	-3.19496506e+000	2.29272887e+003	0.00000000e+000	8.0670e+014	1.0000e-010	0.0000e+000
2.240000e+003	2.05264216e-001	-3.19473578e+000	2.27749740e+003	0.00000000e+000	7.9958e+014	1.0000e-010	0.0000e+000
2.250000e+003	2.05491966e-001	-3.19450803e+000	2.26239952e+003	0.00000000e+000	7.9257e+014	1.0000e-010	0.0000e+000
2.260000e+003	2.05718205e-001	-3.19428179e+000	2.24743319e+003	0.00000000e+000	7.8566e+014	1.0000e-010	0.0000e+000
2.270000e+003	2.05942949e-001	-3.19405705e+000	2.23259641e+003	0.00000000e+000	7.7886e+014	1.0000e-010	0.0000e+000
2.280000e+003	2.06166208e-001	-3.19383379e+000	2.21788721e+003	0.00000000e+000	7.7217e+014	1.0000e-010	0.0000e+000
2.290000e+003	2.06387997e-001	-3.19361200e+000	2.20330366e+003	0.00000000e+000	7.6557e+014	1.0000e-010	0.0000e+000
2.300000e+003	2.06608328e-001	-3.19339167e+000	2.18884388e+003	0.00000000e+000	7.5907e+014	1.0000e-010	0.0000e+000
2.310000e+003	2.06827212e-001	-3.19317279e+000	2.17450600e+003	0.00000000e+000	7.5267e+014	1.0000e-010	0.0000e+000
2.320000e+003	2.07044662e-001	-3.19295534e+000	2.16028822e+003	0.00000000e+000	7.4637e+014	1.0000e-010	0.0000e+000
2.330000e+003	2.07260691e-001	-3.19273931e+000	2.14618876e+003	0.00000000e+000	7.4016e+014	1.0000e-010	0.0000e+000
2.340000e+003	2.07475310e-001	-3.19252469e+000	2.13220586e+003	0.00000000e+000	7.3404e+014	1.0000e-010	0.0000e+000
2.350000e+003	2.07688531e-001	-3.19231147e+000	2.11833782e+003	0.00000000e+000	7.2801e+014	1.0000e-010	0.0000e+000
2.360000e+003	2.07900365e-001	-3.19209964e+000	2.10458295e+003	0.00000000e+000	7.2207e+014	1.0000e-010	0.0000e+000
2.370000e+003	2.08110823e-001	-3.19188918e+000	2.09093960e+003	0.00000000e+000	7.1622e+014	1.0000e-010	0.0000e+000
2.380000e+003	2.08319917e-001	-3.19168008e+000	2.07740615e+003	0.00000000e+000	7.1045e+014	1.0000e-010	0.0000e+000
2.390000e+003	2.08527657e-001	-3.19147234e+000	2.06398102e+003	0.00000000e+000	7.0476e+014	1.0000e-010	0.0000e+000
2.400000e+003	2.08734056e-001	-3.19126594e+000	2.05066265e+003	0.00000000e+000	6.9916e+014	1.0000e-010	0.0000e+000
2.410000e+003	2.08939122e-001	-3.19106088e+000	2.03744950e+003	0.00000000e+000	6.9363e+014	1.0000e-010	0.0000e+000
2.420000e+003	2.09142867e-001	-3.19085713e+000	2.02434008e+003	0.00000000e+000	6.8819e+014	1.0000e-010	0.0000e+000
2.430000e+003	2.09345301e-001	-3.19065470e+000	2.01133292e+003	0.00000000e+000	6.8282e+014	1.0000e-010	0.0000e+000
2.440000e+003	2.09546434e-001	-3.19045357e+000	1.99842656e+003	0.00000000e+000	6.7753e+014	1.0000e-010	0.0000e+000
2.450000e+003	2.09746277e-001	-3.19025372e+000	1.98561958e+003	0.00000000e+000	6.7231e+014	1.0000e-010	0.0000e+000
2.460000e+003	2.09944839e-001	-3.19005516e+000	1.97291059e+003	0.00000000e+000	6.6717e+014	1.0000e-010	0.0000e+000
2.470000e+003	2.10142130e-001	-3.18985787e+000	1.96029823e+003	0.00000000e+000	6.6210e+014	1.0000e-010	0.0000e+000
2.480000e+003	2.10338160e-001	-3.18966184e+000	1.94778114e+003	0.00000000e+000	6.5710e+014	1.0000e-010	0.0000e+000
2.490000e+003	2.10532938e-001	-3.18946706e+000	1.93535800e+003	0.00000000e+000	6.5216e+014	1.0000e-010	0.0000e+000
2.500000e+003	2.10726473e-001	-3.18927353e+000	1.92302752e+003	0.00000000e+000	6.4730e+014	1.0000e-010	0.0000e+000
2.510000e+003	2.10918776e-001	-3.18908122e+000	1.91078842e+003	0.00000000e+000	6.4250e+014	1.0000e-010	0.0000e+000
2.520000e+003	2.11109855e-001	-3.18889014e+000	1.89863945e+003	0.00000000e+000	6.3777e+014	1.0000e-010	0.0000e+000
2.530000e+003	2.11299719e-001	-3.18870028e+000	1.88657938e+003	0.00000000e+000	6.3311e+014	1.0000e-010	0.0000e+000
2.540000e+003	2.11488377e-001	-3.18851162e+000	1.87460700e+003	0.00000000e+000	6.2850e+014	1.0000e-010	0.0000e+000
2.550000e+003	2.11675838e-001	-3.18832416e+000	1.86272112e+003	0.00000000e+000	6.2396e+014	1.0000e-010	0.0000e+000
2.560000e+003	2.11862110e-001	-3.18813789e+000	1.85092057e+003	0.00000000e+000	6.1948e+014	1.0000e-010	0.0000e+000
2.570000e+003	2.12047202e-001	-3.18795280e+000	1.83920421e+003	0.00000000e+000	6.1506e+014	1.0000e-010	0.0000e+000
2.580000e+003	2.12231122e-001	-3.18776888e+000	1.82757091e+003	0.00000000e+000	6.1070e+014	1.0000e-010	0.0000e+000
2.590000e+003	2.12413879e-001	-3.18758612e+000	1.81601955e+003	0.00000000e+000	6.0640e+014	1.0000e-010	0.0000e+000
2.600000e+003	2.12595481e-001	-3.18740452e+000	1.80454906e+003	0.00000000e+000	6.0216e+014	1.0000e-010	0.0000e+000
2.610000e+003	2.12775936e-001	-3.18722406e+000	1.79315836e+003	0.00000000e+000	5.9797e+014	1.0000e-010	0.0000e+000
2.620000e+003	2.12955252e-001	-3.18704475e+000	1.78184639e+003	0.00000000e+000	5.9384e+014	1.0000e-010	0.0000e+000
2.630000e+003	2.13133437e-001	-3.18686656e+000	1.77061212e+003	0.00000000e+000	5.8976e+014	1.0000e-010	0.0000e+000
2.640000e+003	2.13310498e-001	-3.18668950e+000	1.75945454e+003	0.00000000e+000	5.8573e+014	1.0000e-010	0.0000e+000
2.650000e+003	2.13486443e-001	-3.18651356e+000	1.74837263e+003	0.00000000e+000	5.8176e+014	1.0000e-010	0.0000e+000
2.660000e+003	2.13661281e-001	-3.18633872e+000	1.73736541e+003	0.00000000e+000	5.7784e+014	1.0000e-010	0.0000e+000
2.670000e+003	2.13835017e-001	-3.18616498e+000	1.72643193e+003	0.00000000e+000	5.7397e+014	1.0000e-010	0.0000e+000
2.680000e+003	2.14007660e-001	-3.18599234e+000	1.71557121e+003	0.00000000e+000	5.7015e+014	1.0000e-010	0.0000e+000
2.690000e+003	2.14179217e-001	-3.18582078e+000	1.70478233e+003	0.00000000e+000	5.6638e+014	1.0000e-010	0.0000e+000
2.700000e+003	2.14349696e-001	-3.18565030e+000	1.69406436e+003	0.00000000e+000	5.6265e+014	1.0000e-010	0.0000e+000
2.710000e+003	2.14519102e-001	-3.18548090e+000	1.68341639e+003	0.00000000e+000	5.5898e+014	1.0000e-010	0.0000e+000
2.720000e+003	2.14687444e-001	-3.18531256e+000	1.67283754e+003	0.00000000e+000	5.5535e+014	1.0000e-010	0.0000e+000
2.730000e+003	2.14854728e-001	-3.18514527e+000	1.66232692e+003	0.00000000e+000	5.5177e+014	1.0000e-010	0.0000e+000
2.740000e+003	2.15020960e-001	-3.18497904e+000	1.65188367e+003	0.00000000e+000	5.4823e+014	1.0000e-010	0.0000e+000
2.750000e+003	2.15186149e-001	-3.18481385e+000	1.64150693e+003	0.00000000e+000	5.4474e+014	1.0000e-010	0.0000e+000
2.760000e+003	2.15350299e-001	-3.18464970e+000	1.63119587e+003	0.00000000e+000	5.4129e+014	1.0000e-010	0.0000e+000
2.770000e+003	2.15513419e-001	-3.18448658e+000	1.62094967e+003	0.00000000e+000	5.3789e+014	1.0000e-010	0.0000e+000
2.780000e+003	2.15675514e-001	-3.18432449e+000	1.61076752e+003	0.00000000e+000	5.3453e+014	1.0000e-010	0.0000e+000
2.790000e+003	2.15836591e-001	-3.18416341e+000	1.60064861e+003	0.00000000e+000	5.3121e+014	1.0000e-010	0.0000e+000
2.800000e+003	2.15996655e-001	-3.18400334e+000	1.59059215e+003	0.00000000e+000	5.2793e+014	1.0000e-010	0.0000e+000
2.810000e+003	2.16155715e-001	-3.18384429e+000	1.58059739e+003	0.00000000e+000	5.2469e+014	1.0000e-010	0.0000e+000
2.820000e+003	2.16313774e-001	-3.18368623e+000	1.57066354e+003	0.00000000e+000	5.2149e+014	1.0000e-010	0.0000e+000
2.830000e+003	2.16470841e-001	-3.18352916e+000	1.56078986e+003	0.00000000e+000	5.1833e+014	1.0000e-010	0.0000e+000
2.840000e+003	2.16626920e-001	-3.18337308e+000	1.55097562e+003	0.00000000e+000	5.1521e+014	1.0000e-010	0.0000e+000
2.850000e+003	2.16782017e-001	-3.18321798e+000	1.54122008e+003	0.00000000e+000	5.1213e+014	1.0000e-010	0.0000e+000
2.860000e+003	2.16936139e-001	-3.18306386e+000	1.53152253e+003	0.00000000e+000	5.0909e+014	1.0000e-010	0.0000e+000
2.870000e+003	2.17089292e-001	-3.18291071e+000	1.52188225e+003	0.00000000e+000	5.0608e+014	1.0000e-010	0.0000e+000
2.880000e+003	2.17241480e-001	-3.18275852e+000	1.51229857e+003	0.00000000e+000	5.0311e+014	1.0000e-010	0.0000e+000
2.890000e+003	2.17392710e-001	-3.18260729e+000	1.50277078e+003	0.00000000e+000	5.0018e+014	1.0000e-010	0.0000e+000
2.900000e+003	2.17542987e-001	-3.18245701e+000	1.49329821e+003	0.00000000e+000	4.9728e+014	1.0000e-010	0.0000e+000
2.910000e+003	2.17692317e-001	-3.18230768e+000	1.48388021e+003	0.00000000e+000	4.9441e+014	1.0000e-010	0.0000e+000
2.920000e+003	2.17840705e-001	-3.18215930e+000	1.47451611e+003	0.00000000e+000	4.9158e+014	1.0000e-010	0.0000e+000
2.930000e+003	2.17988156e-001	-3.18201184e+000	1.46520526e+003	0.00000000e+000	4.8879e+014	1.0000e-010	0.0000e+000
2.940000e+003	2.18134677e-001	-3.18186532e+000	1.45594704e+003	0.00000000e+000	4.8603e+014	1.0000e-010	0.0000e+000
2.950000e+003	2.18280271e-001	-3.18171973e+000	1.44674081e+003	0.00000000e+000	4.8330e+014	1.0000e-010	0.0000e+000
2.960000e+003	2.18424945e-001	-3.18157505e+000	1.43758596e+003	0.00000000e+000	4.8060e+014	1.0000e-010	0.0000e+000
2.970000e+003	2.18568704e-001	-3.18143130e+000	1.42848187e+003	0.00000000e+000	4.7794e+014	1.0000e-010	0.0000e+000
2.980000e+003	2.18711552e-001	-3.18128845e+000	1.41942796e+003	0.00000000e+000	4.7530e+014	1.0000e-010	0.0000e+000
2.990000e+003	2.18853495e-001	-3.18114650e+000	1.41042361e+003	0.00000000e+000	4.7270e+014	1.0000e-010	0.0000e+000
3.000000e+003	2.18994537e-001	-3.18100546e+000	1.40146826e+003	0.00000000e+000	4.7013e+014	1.0000e-010	0.0000e+000
3.010000e+003	2.19134684e-001	-3.18086532e+000	1.39256133e+003	0.00000000e+000	4.6759e+014	1.0000e-010	0.0000e+000
3.020000e+003	2.19273940e-001	-3.18072606e+000	1.38370225e+003	0.00000000e+000	4.6507e+014	1.0000e-010	0.0000e+000
3.030000e+003	2.19412311e-001	-3.18058769e+000	1.37489045e+003	0.00000000e+000	4.6259e+014	1.0000e-010	0.0000e+000
3.040000e+003	2.19549800e-001	-3.18045020e+000	1.36612540e+003	0.00000000e+000	4.6014e+014	1.0000e-010	0.0000e+000
3.050000e+003	2.19686412e-001	-3.18031359e+000	1.35740654e+003	0.00000000e+000	4.5771e+014	1.0000e-010	0.0000e+000
3.060000e+003	2.19822153e-001	-3.18017785e+000	1.34873334e+003	0.00000000e+000	4.5532e+014	1.0000e-010	0.0000e+000
3.070000e+003	2.19957026e-001	-3.18004297e+000	1.34010528e+003	0.00000000e+000	4.5295e+014	1.0000e-010	0.0000e+000
3.080000e+003	2.20091037e-001	-3.17990896e+000	1.33152182e+003	0.00000000e+000	4.5061e+014	1.0000e-010	0.0000e+000
3.090000e+003	2.20224189e-001	-3.17977581e+000	1.32298246e+003	0.00000000e+000	4.4829e+014	1.0000e-010	0.0000e+000
3.100000e+003	2.20356487e-001	-3.17964351e+000	1.31448669e+003	0.00000000e+000	4.4600e+014	1.0000e-010	0.0000e+000
3.110000e+003	2.20487936e-001	-3.17951206e+000	1.30603400e+003	0.00000000e+000	4.4374e+014	1.0000e-010	0.0000e+000
3.120000e+003	2.20618539e-001	-3.17938146e+000	1.29762392e+003	0.00000000e+000	4.4150e+014	1.0000e-010	0.0000e+000
3.130000e+003	2.20748302e-001	-3.17925170e+000	1.28925594e+003	0.00000000e+000	4.3929e+014	1.0000e-010	0.0000e+000
3.140000e+003	2.20877227e-001	-3.17912277e+000	1.28092958e+003	0.00000000e+000	4.3711e+014	1.0000e-010	0.0000e+000
3.150000e+003	2.21005320e-001	-3.17899468e+000	1.27264438e+003	0.00000000e+000	4.3495e+014	1.0000e-010	0.0000e+000
3.160000e+003	2.21132585e-001	-3.17886742e+000	1.26439987e+003	0.00000000e+000	4.3281e+014	1.0000e-010	0.0000e+000
3.170000e+003	2.21259025e-001	-3.17874098e+000	1.25619559e+003	0.00000000e+000	4.3070e+014	1.0000e-010	0.0000e+000
3.180000e+003	2.21384644e-001	-3.17861536e+000	1.24803107e+003	0.00000000e+000	4.2861e+014	1.0000e-010	0.0000e+000
3.190000e+003	2.21509447e-001	-3.17849055e+000	1.23990587e+003	0.00000000e+000	4.2655e+014	1.0000e-010	0.0000e+000
3.200000e+003	2.21633438e-001	-3.17836656e+000	1.23181955e+003	0.00000000e+000	4.2451e+014	1.0000e-010	0.0000e+000
3.210000e+003	2.21756620e-001	-3.17824338e+000	1.22377167e+003	0.00000000e+000	4.2249e+014	1.0000e-010	0.0000e+000
3.220000e+003	2.21878997e-001	-3.17812100e+000	1.21576179e+003	0.00000000e+000	4.2050e+014	1.0000e-010	0.0000e+000
3.230000e+003	2.22000573e-001	-3.17799943e+000	1.20778949e+003	0.00000000e+000	4.1852e+014	1.0000e-010	0.0000e+000
3.240000e+003	2.22121352e-001	-3.17787865e+000	1.19985436e+003	0.00000000e+000	4.1657e+014	1.0000e-010	0.0000e+000
3.250000e+003	2.22241337e-001	-3.17775866e+000	1.19195596e+003	0.00000000e+000	4.1464e+014	1.0000e-010	0.0000e+000
3.260000e+003	2.22360533e-001	-3.17763947e+000	1.18409390e+003	0.00000000e+000	4.1274e+014	1.0000e-010	0.0000e+000
3.270000e+003	2.22478942e-001	-3.17752106e+000	1.17626777e+003	0.00000000e+000	4.1085e+014	1.0000e-010	0.0000e+000
3.280000e+003	2.22596569e-001	-3.17740343e+000	1.16847717e+003	0.00000000e+000	4.0898e+014	1.0000e-010	0.0000e+000
3.290000e+003	2.22713417e-001	-3.17728658e+000	1.16072170e+003	0.00000000e+000	4.0714e+014	1.0000e-010	0.0000e+000
3.300000e+003	2.22829489e-001	-3.17717051e+000	1.15300097e+003	0.00000000e+000	4.0532e+014	1.0000e-010	0.0000e+000
3.310000e+003	2.22944789e-001	-3.17705521e+000	1.14531460e+003	0.00000000e+000	4.0351e+014	1.0000e-010	0.0000e+000
3.320000e+003	2.23059321e-001	-3.17694068e+000	1.13766221e+003	0.00000000e+000	4.0173e+014	1.0000e-010	0.0000e+000
3.330000e+003	2.23173087e-001	-3.17682691e+000	1.13004342e+003	0.00000000e+000	3.9997e+014	1.0000e-010	0.0000e+000
3.340000e+003	2.23286091e-001	-3.17671391e+000	1.12245786e+003	0.00000000e+000	3.9822e+014	1.0000e-010	0.0000e+000
3.350000e+003	2.23398337e-001	-3.17660166e+000	1.11490516e+003	0.00000000e+000	3.9650e+014	1.0000e-010	0.0000e+000
3.360000e+003	2.23509828e-001	-3.17649017e+000	1.10738497e+003	0.00000000e+000	3.9479e+014	1.0000e-010	0.0000e+000
3.370000e+003	2.23620566e-001	-3.17637943e+000	1.09989692e+003	0.00000000e+000	3.9310e+014	1.0000e-010	0.0000e+000
3.380000e+003	2.23730556e-001	-3.17626944e+000	1.09244066e+003	0.00000000e+000	3.9143e+014	1.0000e-010	0.0000e+000
3.390000e+003	2.23839800e-001	-3.17616020e+000	1.08501585e+003	0.00000000e+000	3.8978e+014	1.0000e-010	0.0000e+000
3.400000e+003	2.23948301e-001	-3.17605170e+000	1.07762213e+003	0.00000000e+000	3.8815e+014	1.0000e-010	0.0000e+000
3.410000e+003	2.24056064e-001	-3.17594394e+000	1.07025916e+003	0.00000000e+000	3.8654e+014	1.0000e-010	0.0000e+000
3.420000e+003	2.24163090e-001	-3.17583691e+000	1.06292662e+003	0.00000000e+000	3.8494e+014	1.0000e-010	0.0000e+000
3.430000e+003	2.24269382e-001	-3.17573062e+000	1.05562416e+003	0.00000000e+000	3.8336e+014	1.0000e-010	0.0000e+000
3.440000e+003	2.24374945e-001	-3.17562506e+000	1.04835146e+003	0.00000000e+000	3.8180e+014	1.0000e-010	0.0000e+000
3.450000e+003	2.24479780e-001	-3.17552022e+000	1.04110819e+003	0.00000000e+000	3.8025e+014	1.0000e-010	0.0000e+000
3.460000e+003	2.24583891e-001	-3.17541611e+000	1.03389404e+003	0.00000000e+000	3.7872e+014	1.0000e-010	0.0000e+000
3.470000e+003	2.24687280e-001	-3.17531272e+000	1.02670867e+003	0.00000000e+000	3.7721e+014	1.0000e-010	0.0000e+000
3.480000e+003	2.24789951e-001	-3.17521005e+000	1.01955179e+003	0.00000000e+000	3.7572e+014	1.0000e-010	0.0000e+000
3.490000e+003	2.24891906e-001	-3.17510809e+000	1.01242308e+003	0.00000000e+000	3.7424e+014	1.0000e-010	0.0000e+000
3.500000e+003	2.24993148e-001	-3.17500685e+000	1.00532223e+003	0.00000000e+000	3.7278e+014	1.0000e-010	0.0000e+000
3.510000e+003	2.25093681e-001	-3.17490632e+000	9.98248938e+002	0.00000000e+000	3.7133e+014	1.0000e-010	0.0000e+000
3.520000e+003	2.25193505e-001	-3.17480649e+000	9.91202908e+002	0.00000000e+000	3.6990e+014	1.0000e-010	0.0000e+000
3.530000e+003	2.25292626e-001	-3.17470737e+000	9.84183842e+002	0.00000000e+000	3.6848e+014	1.0000e-010	0.0000e+000
3.540000e+003	2.25391044e-001	-3.17460896e+000	9.77191447e+002	0.00000000e+000	3.6708e+014	1.0000e-010	0.0000e+000
3.550000e+003	2.25488763e-001	-3.17451124e+000	9.70225433e+002	0.00000000e+000	3.6570e+014	1.0000e-010	0.0000e+000
3.560000e+003	2.25585786e-001	-3.17441421e+000	9.63285513e+002	0.00000000e+000	3.6433e+014	1.0000e-010	0.0000e+000
3.570000e+003	2.25682114e-001	-3.17431789e+000	9.56371405e+002	0.00000000e+000	3.6297e+014	1.0000e-010	0.0000e+000
3.580000e+003	2.25777752e-001	-3.17422225e+000	9.49482827e+002	0.00000000e+000	3.6163e+014	1.0000e-010	0.0000e+000
3.590000e+003	2.25872700e-001	-3.17412730e+000	9.42619503e+002	0.00000000e+000	3.6031e+014	1.0000e-010	0.0000e+000
3.600000e+003	2.25966962e-001	-3.17403304e+000	9.35781158e+002	0.00000000e+000	3.5900e+014	1.0000e-010	0.0000e+000
3.610000e+003	2.26060540e-001	-3.17393946e+000	9.28967522e+002	0.00000000e+000	3.5770e+014	1.0000e-010	0.0000e+000
3.620000e+003	2.26153437e-001	-3.17384656e+000	9.22178326e+002	0.00000000e+000	3.5642e+014	1.0000e-010	0.0000e+000
3.630000e+003	2.26245654e-001	-3.17375435e+000	9.15413305e+002	0.00000000e+000	3.5515e+014	1.0000e-010	0.0000e+000
3.640000e+003	2.26337196e-001	-3.17366280e+000	9.08672197e+002	0.00000000e+000	3.5389e+014	1.0000e-010	0.0000e+000
3.650000e+003	2.26428063e-001	-3.17357194e+000	9.01954741e+002	0.00000000e+000	3.5265e+014	1.0000e-010	0.0000e+000
3.660000e+003	2.26518258e-001	-3.17348174e+000	8.95260681e+002	0.00000000e+000	3.5142e+014	1.0000e-010	0.0000e+000
3.670000e+003	2.26607785e-001	-3.17339222e+000	8.88589763e+002	0.00000000e+000	3.5021e+014	1.0000e-010	0.0000e+000
3.680000e+003	2.26696644e-001	-3.17330336e+000	8.81941735e+002	0.00000000e+000	3.4901e+014	1.0000e-010	0.0000e+000
3.690000e+003	2.26784838e-001	-3.17321516e+000	8.75316348e+002	0.00000000e+000	3.4782e+014	1.0000e-010	0.0000e+000
3.700000e+003	2.26872369e-001	-3.17312763e+000	8.68713356e+002	0.00000000e+000	3.4664e+014	1.0000e-010	0.0000e+000
3.710000e+003	2.26959241e-001	-3.17304076e+000	8.62132514e+002	0.00000000e+000	3.4548e+014	1.0000e-010	0.0000e+000
3.720000e+003	2.27045454e-001	-3.17295455e+000	8.55573583e+002	0.00000000e+000	3.4433e+014	1.0000e-010	0.0000e+000
3.730000e+003	2.27131011e-001	-3.17286899e+000	8.49036322e+002	0.00000000e+000	3.4319e+014	1.0000e-010	0.0000e+000
3.740000e+003	2.27215915e-001	-3.17278409e+000	8.42520496e+002	0.00000000e+000	3.4207e+014	1.0000e-010	0.0000e+000
3.750000e+003	2.27300167e-001	-3.17269983e+000	8.36025871e+002	0.00000000e+000	3.4095e+014	1.0000e-010	0.0000e+000
3.760000e+003	2.27383770e-001	-3.17261623e+000	8.29552214e+002	0.00000000e+000	3.3985e+014	1.0000e-010	0.0000e+000
3.770000e+003	2.27466725e-001	-3.17253328e+000	8.23099298e+002	0.00000000e+000	3.3876e+014	1.0000e-010	0.0000e+000
3.780000e+003	2.27549035e-001	-3.17245097e+000	8.16666894e+002	0.00000000e+000	3.3769e+014	1.0000e-010	0.0000e+000
3.790000e+003	2.27630701e-001	-3.17236930e+000	8.10254778e+002	0.00000000e+000	3.3662e+014	1.0000e-010	0.0000e+000
3.800000e+003	2.27711727e-001	-3.17228827e+000	8.03862727e+002	0.00000000e+000	3.3557e+014	1.0000e-010	0.0000e+000
3.810000e+003	2.27792113e-001	-3.17220789e+000	7.97490522e+002	0.00000000e+000	3.3453e+014	1.0000e-010	0.0000e+000
3.820000e+003	2.27871862e-001	-3.17212814e+000	7.91137943e+002	0.00000000e+000	3.3350e+014	1.0000e-010	0.0000e+000
3.830000e+003	2.27950976e-001	-3.17204902e+000	7.84804776e+002	0.00000000e+000	3.3248e+014	1.0000e-010	0.0000e+000
3.840000e+003	2.28029456e-001	-3.17197054e+000	7.78490805e+002	0.00000000e+000	3.3147e+014	1.0000e-010	0.0000e+000
3.850000e+003	2.28107306e-001	-3.17189269e+000	7.72195819e+002	0.00000000e+000	3.3047e+014	1.0000e-010	0.0000e+000
3.860000e+003	2.28184525e-001	-3.17181547e+000	7.65919608e+002	0.00000000e+000	3.2949e+014	1.0000e-010	0.0000e+000
3.870000e+003	2.28261117e-001	-3.17173888e+000	7.59661964e+002	0.00000000e+000	3.2851e+014	1.0000e-010	0.0000e+000
3.880000e+003	2.28337083e-001	-3.17166292e+000	7.53422681e+002	0.00000000e+000	3.2755e+014	1.0000e-010	0.0000e+000
3.890000e+003	2.28412426e-001	-3.17158757e+000	7.47201555e+002	0.00000000e+000	3.2659e+014	1.0000e-010	0.0000e+000
3.900000e+003	2.28487146e-001	-3.17151285e+000	7.40998385e+002	0.00000000e+000	3.2565e+014	1.0000e-010	0.0000e+000
3.910000e+003	2.28561246e-001	-3.17143875e+000	7.34812969e+002	0.00000000e+000	3.2472e+014	1.0000e-010	0.0000e+000
3.920000e+003	2.28634727e-001	-3.17136527e+000	7.28645109e+002	0.00000000e+000	3.2380e+014	1.0000e-010	0.0000e+000
3.930000e+003	2.28707591e-001	-3.17129241e+000	7.22494610e+002	0.00000000e+000	3.2289e+014	1.0000e-010	0.0000e+000
3.940000e+003	2.28779841e-001	-3.17122016e+000	7.16361275e+002	0.00000000e+000	3.2199e+014	1.0000e-010	0.0000e+000
3.950000e+003	2.28851477e-001	-3.17114852e+000	7.10244912e+002	0.00000000e+000	3.2110e+014	1.0000e-010	0.0000e+000
3.960000e+003	2.28922501e-001	-3.17107750e+000	7.04145330e+002	0.00000000e+000	3.2021e+014	1.0000e-010	0.0000e+000
3.970000e+003	2.28992916e-001	-3.17100708e+000	6.98062339e+002	0.00000000e+000	3.1934e+014	1.0000e-010	0.0000e+000
3.980000e+003	2.29062722e-001	-3.17093728e+000	6.91995752e+002	0.00000000e+000	3.1848e+014	1.0000e-010	0.0000e+000
3.990000e+003	2.29131922e-001	-3.17086808e+000	6.85945381e+002	0.00000000e+000	3.1763e+014	1.0000e-010	0.0000e+000
4.000000e+003	2.29200516e-001	-3.17079948e+000	6.79911043e+002	0.00000000e+000	3.1679e+014	1.0000e-010	0.0000e+000
4.010000e+003	2.29268507e-001	-3.17073149e+000	6.73892555e+002	0.00000000e+000	3.1596e+014	1.0000e-010	0.0000e+000
4.020000e+003	2.29335897e-001	-3.17066410e+000	6.67889735e+002	0.00000000e+000	3.1513e+014	1.0000e-010	0.0000e+000
4.030000e+003	2.29402686e-001	-3.17059731e+000	6.61902403e+002	0.00000000e+000	3.1432e+014	1.0000e-010	0.0000e+000
4.040000e+003	2.29468876e-001	-3.17053112e+000	6.55930381e+002	0.00000000e+000	3.1352e+014	1.0000e-010	0.0000e+000
4.050000e+003	2.29534469e-001	-3.17046553e+000	6.49973493e+002	0.00000000e+000	3.1272e+014	1.0000e-010	0.0000e+000
4.060000e+003	2.29599466e-001	-3.17040053e+000	6.44031562e+002	0.00000000e+000	3.1194e+014	1.0000e-010	0.0000e+000
4.070000e+003	2.29663869e-001	-3.17033613e+000	6.38104416e+002	0.00000000e+000	3.1116e+014	1.0000e-010	0.0000e+000
4.080000e+003	2.29727680e-001	-3.17027232e+000	6.32191882e+002	0.00000000e+000	3.1040e+014	1.0000e-010	0.0000e+000
4.090000e+003	2.29790899e-001	-3.17020910e+000	6.26293789e+002	0.00000000e+000	3.0964e+014	1.0000e-010	0.0000e+000
4.100000e+003	2.29853528e-001	-3.17014647e+000	6.20409967e+002	0.00000000e+000	3.0889e+014	1.0000e-010	0.0000e+000
4.110000e+003	2.29915569e-001	-3.17008443e+000	6.14540249e+002	0.00000000e+000	3.0815e+014	1.0000e-010	0.0000e+000
4.120000e+003	2.29977023e-001	-3.17002298e+000	6.08684467e+002	0.00000000e+000	3.0742e+014	1.0000e-010	0.0000e+000
4.130000e+003	2.30037892e-001	-3.16996211e+000	6.02842456e+002	0.00000000e+000	3.0669e+014	1.0000e-010	0.0000e+000
4.140000e+003	2.30098176e-001	-3.16990182e+000	5.97014053e+002	0.00000000e+000	3.0598e+014	1.0000e-010	0.0000e+000
4.150000e+003	2.30157878e-001	-3.16984212e+000	5.91199094e+002	0.00000000e+000	3.0527e+014	1.0000e-010	0.0000e+000
4.160000e+003	2.30216997e-001	-3.16978300e+000	5.85397418e+002	0.00000000e+000	3.0458e+014	1.0000e-010	0.0000e+000
4.170000e+003	2.30275537e-001	-3.16972446e+000	5.79608864e+002	0.00000000e+000	3.0389e+014	1.0000e-010	0.0000e+000
4.180000e+003	2.30333498e-001	-3.16966650e+000	5.73833274e+002	0.00000000e+000	3.0321e+014	1.0000e-010	0.0000e+000
4.190000e+003	2.30390881e-001	-3.16960912e+000	5.68070490e+002	0.00000000e+000	3.0253e+014	1.0000e-010	0.0000e+000
4.200000e+003	2.30447688e-001	-3.16955231e+000	5.62320355e+002	0.00000000e+000	3.0187e+014	1.0000e-010	0.0000e+000
4.210000e+003	2.30503920e-001	-3.16949608e+000	5.56582713e+002	0.00000000e+000	3.0121e+014	1.0000e-010	0.0000e+000
4.220000e+003	2.30559579e-001	-3.16944042e+000	5.50857412e+002	0.00000000e+000	3.0057e+014	1.0000e-010	0.0000e+000
4.230000e+003	2.30614665e-001	-3.16938534e+000	5.45144296e+002	0.00000000e+000	2.9993e+014	1.0000e-010	0.0000e+000
4.240000e+003	2.30669179e-001	-3.16933082e+000	5.39443216e+002	0.00000000e+000	2.9929e+014	1.0000e-010	0.0000e+000
4.250000e+003	2.30723123e-001	-3.16927688e+000	5.33754019e+002	0.00000000e+000	2.9867e+014	1.0000e-010	0.0000e+000
4.260000e+003	2.30776499e-001	-3.16922350e+000	5.28076557e+002	0.00000000e+000	2.9805e+014	1.0000e-010	0.0000e+000
4.270000e+003	2.30829306e-001	-3.16917069e+000	5.22410680e+002	0.00000000e+000	2.9745e+014	1.0000e-010	0.0000e+000
4.280000e+003	2.30881547e-001	-3.16911845e+000	5.16756240e+002	0.00000000e+000	2.9685e+014	1.0000e-010	0.0000e+000
4.290000e+003	2.30933223e-001	-3.16906678e+000	5.11113093e+002	0.00000000e+000	2.9625e+014	1.0000e-010	0.0000e+000
4.300000e+003	2.30984334e-001	-3.16901567e+000	5.05481091e+002	0.00000000e+000	2.9567e+014	1.0000e-010	0.0000e+000
4.310000e+003	2.31034882e-001	-3.16896512e+000	4.99860090e+002	0.00000000e+000	2.9509e+014	1.0000e-010	0.0000e+000
4.320000e+003	2.31084868e-001	-3.16891513e+000	4.94249948e+002	0.00000000e+000	2.9452e+014	1.0000e-010	0.0000e+000
4.330000e+003	2.31134293e-001	-3.16886571e+000	4.88650521e+002	0.00000000e+000	2.9396e+014	1.0000e-010	0.0000e+000
4.340000e+003	2.31183158e-001	-3.16881684e+000	4.83061668e+002	0.00000000e+000	2.9340e+014	1.0000e-010	0.0000e+000
4.350000e+003	2.31231465e-001	-3.16876854e+000	4.77483248e+002	0.00000000e+000	2.9286e+014	1.0000e-010	0.0000e+000
4.360000e+003	2.31279213e-001	-3.16872079e+000	4.71915122e+002	0.00000000e+000	2.9232e+014	1.0000e-010	0.0000e+000
4.370000e+003	2.31326404e-001	-3.16867360e+000	4.66357151e+002	0.00000000e+000	2.9178e+014	1.0000e-010	0.0000e+000
4.380000e+003	2.31373040e-001	-3.16862696e+000	4.60809198e+002	0.00000000e+000	2.9126e+014	1.0000e-010	0.0000e+000
4.390000e+003	2.31419121e-001	-3.16858088e+000	4.55271124e+002	0.00000000e+000	2.9074e+014	1.0000e-010	0.0000e+000
4.400000e+003	2.31464648e-001	-3.16853535e+000	4.49742795e+002	0.00000000e+000	2.9023e+014	1.0000e-010	0.0000e+000
4.410000e+003	2.31509623e-001	-3.16849038e+000	4.44224076e+002	0.00000000e+000	2.8972e+014	1.0000e-010	0.0000e+000
4.420000e+003	2.31554045e-001	-3.16844596e+000	4.38714831e+002	0.00000000e+000	2.8922e+014	1.0000e-010	0.0000e+000
4.430000e+003	2.31597916e-001	-3.16840208e+000	4.33214928e+002	0.00000000e+000	2.8873e+014	1.0000e-010	0.0000e+000
4.440000e+003	2.31641238e-001	-3.16835876e+000	4.27724233e+002	0.00000000e+000	2.8825e+014	1.0000e-010	0.0000e+000
4.450000e+003	2.31684010e-001	-3.16831599e+000	4.22242615e+002	0.00000000e+000	2.8777e+014	1.0000e-010	0.0000e+000
4.460000e+003	2.31726235e-001	-3.16827377e+000	4.16769943e+002	0.00000000e+000	2.8730e+014	1.0000e-010	0.0000e+000
4.470000e+003	2.31767912e-001	-3.16823209e+000	4.11306087e+002	0.00000000e+000	2.8684e+014	1.0000e-010	0.0000e+000
4.480000e+003	2.31809042e-001	-3.16819096e+000	4.05850917e+002	0.00000000e+000	2.8639e+014	1.0000e-010	0.0000e+000
4.490000e+003	2.31849627e-001	-3.16815037e+000	4.00404304e+002	0.00000000e+000	2.8594e+014	1.0000e-010	0.0000e+000
4.500000e+003	2.31889668e-001	-3.16811033e+000	3.94966120e+002	0.00000000e+000	2.8549e+014	1.0000e-010	0.0000e+000
4.510000e+003	2.31929164e-001	-3.16807084e+000	3.89536239e+002	0.00000000e+000	2.8506e+014	1.0000e-010	0.0000e+000
4.520000e+003	2.31968118e-001	-3.16803188e+000	3.84114533e+002	0.00000000e+000	2.8463e+014	1.0000e-010	0.0000e+000
4.530000e+003	2.32006529e-001	-3.16799347e+000	3.78700877e+002	0.00000000e+000	2.8421e+014	1.0000e-010	0.0000e+000
4.540000e+003	2.32044399e-001	-3.16795560e+000	3.73295145e+002	0.00000000e+000	2.8379e+014	1.0000e-010	0.0000e+000
4.550000e+003	2.32081729e-001	-3.16791827e+000	3.67897214e+002	0.00000000e+000	2.8338e+014	1.0000e-010	0.0000e+000
4.560000e+003	2.32118519e-001	-3.16788148e+000	3.62506959e+002	0.00000000e+000	2.8298e+014	1.0000e-010	0.0000e+000
4.570000e+003	2.32154769e-001	-3.16784523e+000	3.57124257e+002	0.00000000e+000	2.8258e+014	1.0000e-010	0.0000e+000
4.580000e+003	2.32190482e-001	-3.16780952e+000	3.51748985e+002	0.00000000e+000	2.8219e+014	1.0000e-010	0.0000e+000
4.590000e+003	2.32225657e-001	-3.16777434e+000	3.46381023e+002	0.00000000e+000	2.8181e+014	1.0000e-010	0.0000e+000
4.600000e+003	2.32260295e-001	-3.16773971e+000	3.41020248e+002	0.00000000e+000	2.8143e+014	1.0000e-010	0.0000e+000
4.610000e+003	2.32294397e-001	-3.16770560e+000	3.35666539e+002	0.00000000e+000	2.8106e+014	1.0000e-010	0.0000e+000
4.620000e+003	2.32327964e-001	-3.16767204e+000	3.30319778e+002	0.00000000e+000	2.8069e+014	1.0000e-010	0.0000e+000
4.630000e+003	2.32360995e-001	-3.16763900e+000	3.24979844e+002	0.00000000e+000	2.8034e+014	1.0000e-010	0.0000e+000
4.640000e+003	2.32393493e-001	-3.16760651e+000	3.19646618e+002	0.00000000e+000	2.7998e+014	1.0000e-010	0.0000e+000
4.650000e+003	2.32425458e-001	-3.16757454e+000	3.14319983e+002	0.00000000e+000	2.7964e+014	1.0000e-010	0.0000e+000
4.660000e+003	2.32456890e-001	-3.16754311e+000	3.08999820e+002	0.00000000e+000	2.7930e+014	1.0000e-010	0.0000e+000
4.670000e+003	2.32487790e-001	-3.16751221e+000	3.03686012e+002	0.00000000e+000	2.7896e+014	1.0000e-010	0.0000e+000
4.680000e+003	2.32518159e-001	-3.16748184e+000	2.98378443e+002	0.00000000e+000	2.7864e+014	1.0000e-010	0.0000e+000
4.690000e+003	2.32547997e-001	-3.16745200e+000	2.93076996e+002	0.00000000e+000	2.7832e+014	1.0000e-010	0.0000e+000
4.700000e+003	2.32577304e-001	-3.16742270e+000	2.87781556e+002	0.00000000e+000	2.7800e+014	1.0000e-010	0.0000e+000
4.710000e+003	2.32606082e-001	-3.16739392e+000	2.82492007e+002	0.00000000e+000	2.7769e+014	1.0000e-010	0.0000e+000
4.720000e+003	2.32634332e-001	-3.16736567e+000	2.77208235e+002	0.00000000e+000	2.7739e+014	1.0000e-010	0.0000e+000
4.730000e+003	2.32662052e-001	-3.16733795e+000	2.71930126e+002	0.00000000e+000	2.7709e+014	1.0000e-010	0.0000e+000
4.740000e+003	2.32689245e-001	-3.16731075e+000	2.66657566e+002	0.00000000e+000	2.7680e+014	1.0000e-010	0.0000e+000
4.750000e+003	2.32715911e-001	-3.16728409e+000	2.61390442e+002	0.00000000e+000	2.7651e+014	1.0000e-010	0.0000e+000
4.760000e+003	2.32742050e-001	-3.16725795e+000	2.56128641e+002	0.00000000e+000	2.7623e+014	1.0000e-010	0.0000e+000
4.770000e+003	2.32767663e-001	-3.16723234e+000	2.50872050e+002	0.00000000e+000	2.7596e+014	1.0000e-010	0.0000e+000
4.780000e+003	2.32792750e-001	-3.16720725e+000	2.45620558e+002	0.00000000e+000	2.7569e+014	1.0000e-010	0.0000e+000
4.790000e+003	2.32817312e-001	-3.16718269e+000	2.40374052e+002	0.00000000e+000	2.7543e+014	1.0000e-010	0.0000e+000
4.800000e+003	2.32841350e-001	-3.16715865e+000	2.35132423e+002	0.00000000e+000	2.7518e+014	1.0000e-010	0.0000e+000
4.810000e+003	2.32864863e-001	-3.16713514e+000	2.29895559e+002	0.00000000e+000	2.7493e+014	1.0000e-010	0.0000e+000
4.820000e+003	2.32887853e-001	-3.16711215e+000	2.24663350e+002	0.00000000e+000	2.7468e+014	1.0000e-010	0.0000e+000
4.830000e+003	2.32910319e-001	-3.16708968e+000	2.19435686e+002	0.00000000e+000	2.7444e+014	1.0000e-010	0.0000e+000
4.840000e+003	2.32932262e-001	-3.16706774e+000	2.14212458e+002	0.00000000e+000	2.7421e+014	1.0000e-010	0.0000e+000
4.850000e+003	2.32953684e-001	-3.16704632e+000	2.08993555e+002	0.00000000e+000	2.7398e+014	1.0000e-010	0.0000e+000
4.860000e+003	2.32974583e-001	-3.16702542e+000	2.03778871e+002	0.00000000e+000	2.7376e+014	1.0000e-010	0.0000e+000
4.870000e+003	2.32994961e-001	-3.16700504e+000	1.98568295e+002	0.00000000e+000	2.7355e+014	1.0000e-010	0.0000e+000
4.880000e+003	2.33014818e-001	-3.16698518e+000	1.93361719e+002	0.00000000e+000	2.7334e+014	1.0000e-010	0.0000e+000
4.890000e+003	2.33034154e-001	-3.16696585e+000	1.88159037e+002	0.00000000e+000	2.7313e+014	1.0000e-010	0.0000e+000
4.900000e+003	2.33052970e-001	-3.16694703e+000	1.82960139e+002	0.00000000e+000	2.7293e+014	1.0000e-010	0.0000e+000
4.910000e+003	2.33071266e-001	-3.16692873e+000	1.77764920e+002	0.00000000e+000	2.7274e+014	1.0000e-010	0.0000e+000
4.920000e+003	2.33089042e-001	-3.16691096e+000	1.72573272e+002	0.00000000e+000	2.7255e+014	1.0000e-010	0.0000e+000
4.930000e+003	2.33106300e-001	-3.16689370e+000	1.67385089e+002	0.00000000e+000	2.7237e+014	1.0000e-010	0.0000e+000
4.940000e+003	2.33123038e-001	-3.16687696e+000	1.62200263e+002	0.00000000e+000	2.7219e+014	1.0000e-010	0.0000e+000
4.950000e+003	2.33139258e-001	-3.16686074e+000	1.57018690e+002	0.00000000e+000	2.7202e+014	1.0000e-010	0.0000e+000
4.960000e+003	2.33154960e-001	-3.16684504e+000	1.51840263e+002	0.00000000e+000	2.7186e+014	1.0000e-010	0.0000e+000
4.970000e+003	2.33170144e-001	-3.16682986e+000	1.46664876e+002	0.00000000e+000	2.7170e+014	1.0000e-010	0.0000e+000
4.980000e+003	2.33184811e-001	-3.16681519e+000	1.41492425e+002	0.00000000e+000	2.7154e+014	1.0000e-010	0.0000e+000
4.990000e+003	2.33198960e-001	-3.16680104e+000	1.36322804e+002	0.00000000e+000	2.7140e+014	1.0000e-010	0.0000e+000
5.000000e+003	2.33212592e-001	-3.16678741e+000	1.31155908e+002	0.00000000e+000	2.7125e+014	1.0000e-010	0.0000e+000
5.010000e+003	2.33225708e-001	-3.16677429e+000	1.25991633e+002	0.00000000e+000	2.7111e+014	1.0000e-010	0.0000e+000
5.020000e+003	2.33238307e-001	-3.16676169e+000	1.20829875e+002	0.00000000e+000	2.7098e+014	1.0000e-010	0.0000e+000
5.030000e+003	2.33250390e-001	-3.16674961e+000	1.15670528e+002	0.00000000e+000	2.7086e+014	1.0000e-010	0.0000e+000
5.040000e+003	2.33261957e-001	-3.16673804e+000	1.10513489e+002	0.00000000e+000	2.7073e+014	1.0000e-010	0.0000e+000
5.050000e+003	2.33273008e-001	-3.16672699e+000	1.05358654e+002	0.00000000e+000	2.7062e+014	1.0000e-010	0.0000e+000
5.060000e+003	2.33283544e-001	-3.16671646e+000	1.00205920e+002	0.00000000e+000	2.7051e+014	1.0000e-010	0.0000e+000
5.070000e+003	2.33293565e-001	-3.16670644e+000	9.50551824e+001	0.00000000e+000	2.7040e+014	1.0000e-010	0.0000e+000
5.080000e+003	2.33303070e-001	-3.16669693e+000	8.99063384e+001	0.00000000e+000	2.7030e+014	1.0000e-010	0.0000e+000
5.090000e+003	2.33312061e-001	-3.16668794e+000	8.47592848e+001	0.00000000e+000	2.7021e+014	1.0000e-010	0.0000e+000
5.100000e+003	2.33320537e-001	-3.16667946e+000	7.96139185e+001	0.00000000e+000	2.7012e+014	1.0000e-010	0.0000e+000
5.110000e+003	2.33328498e-001	-3.16667150e+000	7.44701364e+001	0.00000000e+000	2.7004e+014	1.0000e-010	0.0000e+000
5.120000e+003	2.33335945e-001	-3.16666405e+000	6.93278359e+001	0.00000000e+000	2.6996e+014	1.0000e-010	0.0000e+000
5.130000e+003	2.33342878e-001	-3.16665712e+000	6.41869142e+001	0.00000000e+000	2.6989e+014	1.0000e-010	0.0000e+000
5.140000e+003	2.33349297e-001	-3.16665070e+000	5.90472688e+001	0.00000000e+000	2.6982e+014	1.0000e-010	0.0000e+000
5.150000e+003	2.33355201e-001	-3.16664480e+000	5.39087972e+001	0.00000000e+000	2.6976e+014	1.0000e-010	0.0000e+000
5.160000e+003	2.33360592e-001	-3.16663941e+000	4.87713970e+001	0.00000000e+000	2.6970e+014	1.0000e-010	0.0000e+000
5.170000e+003	2.33365469e-001	-3.16663453e+000	4.36349659e+001	0.00000000e+000	2.6965e+014	1.0000e-010	0.0000e+000
5.180000e+003	2.33369833e-001	-3.16663017e+000	3.84994016e+001	0.00000000e+000	2.6961e+014	1.0000e-010	0.0000e+000
5.190000e+003	2.33373683e-001	-3.16662632e+000	3.33646022e+001	0.00000000e+000	2.6957e+014	1.0000e-010	0.0000e+000
5.200000e+003	2.33377019e-001	-3.16662298e+000	2.82304653e+001	0.00000000e+000	2.6953e+014	1.0000e-010	0.0000e+000
5.210000e+003	2.33379842e-001	-3.16662016e+000	2.30968891e+001	0.00000000e+000	2.6950e+014	1.0000e-010	0.0000e+000
5.220000e+003	2.33382152e-001	-3.16661785e+000	1.79637716e+001	0.00000000e+000	2.6948e+014	1.0000e-010	0.0000e+000
5.230000e+003	2.33383948e-001	-3.16661605e+000	1.28310107e+001	0.00000000e+000	2.6946e+014	1.0000e-010	0.0000e+000
5.240000e+003	2.33385232e-001	-3.16661477e+000	7.69850450e+000	0.00000000e+000	2.6945e+014	1.0000e-010	0.0000e+000
5.250000e+003	2.33386001e-001	-3.16661400e+000	2.56615119e+000	0.00000000e+000	2.6944e+014	1.0000e-010	0.0000e+000
5.260000e+003	2.33386258e-001	-3.16661374e+000	2.56615119e+000	0.00000000e+000	2.6944e+014	1.0000e-010	0.0000e+000
