Y (ang)	Ec (eV)	Ev (eV)	E (V/cm)	Ef (eV)	n (cm-3)	p (cm-3)	Nd - Na (cm-3)	el eval 1 (eV)	el eval 2 (eV)	el eval 3 (eV)	el eval 4 (eV)	el eval 5 (eV)	el eval 6 (eV)	el eval 7 (eV)	el eval 8 (eV)	el eval 9 (eV)	el eval 10 (eV)	el eval 11 (eV)	el eval 12 (eV)	el eval 13 (eV)
0.000000e+000	6.00000000e-001	-2.80000000e+000	1.91695788e+006	-0.00000000e+000	1.8691e+008	1.0000e-010	0.0000e+000
1.000000e+001	1.35169579e+000	-2.74830421e+000	-7.40290373e+005	0.00000000e+000	3.8969e-005	1.0000e-010	-1.3848e+020
2.000000e+001	1.27766675e+000	-2.82233325e+000	-7.40290373e+005	0.00000000e+000	5.9963e-002	1.0000e-010	0.0000e+000	-6.0459e-002	-3.9962e-002	2.8034e-002	6.4258e-002	8.6107e-002	1.0163e-001	1.1364e-001	1.2341e-001	1.3164e-001	1.3874e-001	1.4499e-001	1.5070e-001	1.5647e-001
3.000000e+001	1.20363771e+000	-2.89636229e+000	-7.40290373e+005	0.00000000e+000	3.7233e+000	1.0000e-010	0.0000e+000
4.000000e+001	1.12960868e+000	-2.97039132e+000	-7.40290373e+005	0.00000000e+000	2.6211e+002	1.0000e-010	0.0000e+000
5.000000e+001	1.05557964e+000	-3.04442036e+000	-7.40290373e+005	0.00000000e+000	1.6850e+004	1.0000e-010	0.0000e+000
6.000000e+001	9.81550601e-001	-3.11844940e+000	-7.40290373e+005	0.00000000e+000	9.7980e+005	1.0000e-010	0.0000e+000
7.000000e+001	9.07521564e-001	-3.19247844e+000	-7.40290373e+005	0.00000000e+000	5.1231e+007	1.0000e-010	0.0000e+000
8.000000e+001	8.33492527e-001	-3.26650747e+000	-7.40290373e+005	0.00000000e+000	2.3936e+009	1.0000e-010	0.0000e+000
9.000000e+001	7.59463489e-001	-3.34053651e+000	-7.40290375e+005	0.00000000e+000	9.9232e+010	1.0000e-010	0.0000e+000
1.000000e+002	6.85434452e-001	-3.41456555e+000	-7.40290446e+005	0.00000000e+000	3.6215e+012	1.0000e-010	0.0000e+000
1.100000e+002	6.11405407e-001	-3.48859459e+000	-7.40292701e+005	0.00000000e+000	1.1529e+014	1.0000e-010	0.0000e+000
1.200000e+002	5.37376137e-001	-3.56262386e+000	-7.40354677e+005	0.00000000e+000	3.1681e+015	1.0000e-010	0.0000e+000
1.300000e+002	4.63340669e-001	-3.63665933e+000	-7.41806426e+005	0.00000000e+000	7.4211e+016	1.0000e-010	0.0000e+000
1.400000e+002	3.89160027e-001	-3.71083997e+000	-7.70366253e+005	0.00000000e+000	1.4599e+018	1.0000e-010	0.0000e+000
1.500000e+002	-2.47876598e-001	-3.64787660e+000	1.43622170e+006	0.00000000e+000	2.3701e+019	1.0000e-010	1.3848e+020
1.600000e+002	-5.33453377e-002	-3.51698170e+000	1.01356386e+006	0.00000000e+000	1.0340e+019	1.0000e-010	-1.1977e+019
1.700000e+002	9.89201390e-002	-3.42835259e+000	7.50167898e+005	0.00000000e+000	1.7901e+018	1.0000e-010	-1.2099e+019
1.800000e+002	2.24846020e-001	-3.36606307e+000	5.13978504e+005	0.00000000e+000	1.8335e+017	1.0000e-010	-1.2222e+019
1.900000e+002	3.27152961e-001	-3.32739249e+000	2.77558780e+005	0.00000000e+000	1.3489e+016	1.0000e-010	-1.2344e+019
2.000000e+002	4.05817930e-001	-3.31236389e+000	3.78770985e+004	0.00000000e+000	7.9752e+014	1.0000e-010	-1.2467e+019
2.100000e+002	4.60514731e-001	-3.32130345e+000	-2.05321036e+005	0.00000000e+000	4.5891e+013	1.0000e-010	-1.2589e+019
2.200000e+002	4.90891718e-001	-3.35456283e+000	-4.52076838e+005	0.00000000e+000	9.6807e+013	1.0000e-010	-1.2712e+019
2.300000e+002	4.96593125e-001	-3.41249778e+000	-7.02452748e+005	0.00000000e+000	2.0226e+015	1.0000e-010	-1.2834e+019
2.400000e+002	4.77256941e-001	-3.49547033e+000	-9.57256607e+005	0.00000000e+000	4.4083e+016	1.0000e-010	-1.2957e+019
2.500000e+002	4.32440371e-001	-3.60392326e+000	-1.23286900e+006	0.00000000e+000	9.2388e+017	1.0000e-010	-1.3079e+019
2.600000e+002	-1.99937437e-001	-3.59993744e+000	8.50219345e+005	0.00000000e+000	1.7467e+019	1.0000e-010	1.2528e+020
2.700000e+002	-1.14915503e-001	-3.51491550e+000	5.01603971e+005	0.00000000e+000	1.8302e+019	1.0000e-010	0.0000e+000
2.800000e+002	-6.47551057e-002	-3.46475511e+000	3.04204905e+005	0.00000000e+000	1.0363e+019	1.0000e-010	0.0000e+000
2.900000e+002	-3.43346152e-002	-3.43433462e+000	2.08061222e+005	0.00000000e+000	5.0475e+018	1.0000e-010	0.0000e+000
3.000000e+002	-1.35284930e-002	-3.41352849e+000	1.56092081e+005	0.00000000e+000	2.7283e+018	1.0000e-010	0.0000e+000
3.100000e+002	2.08071518e-003	-3.39791928e+000	1.23347912e+005	0.00000000e+000	1.7190e+018	1.0000e-010	0.0000e+000
3.200000e+002	1.44155064e-002	-3.38558449e+000	1.00907983e+005	0.00000000e+000	1.1780e+018	1.0000e-010	0.0000e+000
3.300000e+002	2.45063047e-002	-3.37549370e+000	8.48788715e+004	0.00000000e+000	8.4144e+017	1.0000e-010	0.0000e+000
3.400000e+002	3.29941918e-002	-3.36700581e+000	7.30677227e+004	0.00000000e+000	6.2001e+017	1.0000e-010	0.0000e+000
3.500000e+002	4.03009641e-002	-3.35969904e+000	6.40919433e+004	0.00000000e+000	4.7115e+017	1.0000e-010	0.0000e+000
3.600000e+002	4.67101584e-002	-3.35328984e+000	5.70526203e+004	0.00000000e+000	3.6949e+017	1.0000e-010	0.0000e+000
3.700000e+002	5.24154205e-002	-3.34758458e+000	5.13845557e+004	0.00000000e+000	2.9751e+017	1.0000e-010	0.0000e+000
3.800000e+002	5.75538760e-002	-3.34244612e+000	4.67344071e+004	0.00000000e+000	2.4407e+017	1.0000e-010	0.0000e+000
3.900000e+002	6.22273167e-002	-3.33777268e+000	4.28578034e+004	0.00000000e+000	2.0346e+017	1.0000e-010	0.0000e+000
4.000000e+002	6.65130971e-002	-3.33348690e+000	3.95721528e+004	0.00000000e+000	1.7244e+017	1.0000e-010	0.0000e+000
4.100000e+002	7.04703123e-002	-3.32952969e+000	3.67477127e+004	0.00000000e+000	1.4823e+017	1.0000e-010	0.0000e+000
4.200000e+002	7.41450836e-002	-3.32585492e+000	3.42969332e+004	0.00000000e+000	1.2862e+017	1.0000e-010	0.0000e+000
4.300000e+002	7.75747769e-002	-3.32242522e+000	3.21547190e+004	0.00000000e+000	1.1242e+017	1.0000e-010	0.0000e+000
4.400000e+002	8.07902488e-002	-3.31920975e+000	3.02656276e+004	0.00000000e+000	9.9133e+016	1.0000e-010	0.0000e+000
4.500000e+002	8.38168116e-002	-3.31618319e+000	2.85837755e+004	0.00000000e+000	8.8255e+016	1.0000e-010	0.0000e+000
4.600000e+002	8.66751891e-002	-3.31332481e+000	2.70757458e+004	0.00000000e+000	7.9131e+016	1.0000e-010	0.0000e+000
4.700000e+002	8.93827637e-002	-3.31061724e+000	2.57181053e+004	0.00000000e+000	7.1238e+016	1.0000e-010	0.0000e+000
4.800000e+002	9.19545743e-002	-3.30804543e+000	2.44915073e+004	0.00000000e+000	6.4360e+016	1.0000e-010	0.0000e+000
4.900000e+002	9.44037250e-002	-3.30559628e+000	2.33773932e+004	0.00000000e+000	5.8456e+016	1.0000e-010	0.0000e+000
5.000000e+002	9.67414643e-002	-3.30325854e+000	2.23590105e+004	0.00000000e+000	5.3432e+016	1.0000e-010	0.0000e+000
5.100000e+002	9.89773653e-002	-3.30102263e+000	2.14235263e+004	0.00000000e+000	4.9081e+016	1.0000e-010	0.0000e+000
5.200000e+002	1.01119718e-001	-3.29888028e+000	2.05620432e+004	0.00000000e+000	4.5198e+016	1.0000e-010	0.0000e+000
5.300000e+002	1.03175922e-001	-3.29682408e+000	1.97675592e+004	0.00000000e+000	4.1681e+016	1.0000e-010	0.0000e+000
5.400000e+002	1.05152678e-001	-3.29484732e+000	1.90330494e+004	0.00000000e+000	3.8534e+016	1.0000e-010	0.0000e+000
5.500000e+002	1.07055983e-001	-3.29294402e+000	1.83512031e+004	0.00000000e+000	3.5770e+016	1.0000e-010	0.0000e+000
5.600000e+002	1.08891103e-001	-3.29110890e+000	1.77154468e+004	0.00000000e+000	3.3352e+016	1.0000e-010	0.0000e+000
5.700000e+002	1.10662648e-001	-3.28933735e+000	1.71208646e+004	0.00000000e+000	3.1191e+016	1.0000e-010	0.0000e+000
5.800000e+002	1.12374735e-001	-3.28762527e+000	1.65641167e+004	0.00000000e+000	2.9206e+016	1.0000e-010	0.0000e+000
5.900000e+002	1.14031146e-001	-3.28596885e+000	1.60425593e+004	0.00000000e+000	2.7359e+016	1.0000e-010	0.0000e+000
6.000000e+002	1.15635402e-001	-3.28436460e+000	1.55533842e+004	0.00000000e+000	2.5660e+016	1.0000e-010	0.0000e+000
6.100000e+002	1.17190741e-001	-3.28280926e+000	1.50933890e+004	0.00000000e+000	2.4129e+016	1.0000e-010	0.0000e+000
6.200000e+002	1.18700080e-001	-3.28129992e+000	1.46593657e+004	0.00000000e+000	2.2766e+016	1.0000e-010	0.0000e+000
6.300000e+002	1.20166016e-001	-3.27983398e+000	1.42486515e+004	0.00000000e+000	2.1543e+016	1.0000e-010	0.0000e+000
6.400000e+002	1.21590881e-001	-3.27840912e+000	1.38593878e+004	0.00000000e+000	2.0418e+016	1.0000e-010	0.0000e+000
6.500000e+002	1.22976820e-001	-3.27702318e+000	1.34903489e+004	0.00000000e+000	1.9357e+016	1.0000e-010	0.0000e+000
6.600000e+002	1.24325855e-001	-3.27567415e+000	1.31405197e+004	0.00000000e+000	1.8349e+016	1.0000e-010	0.0000e+000
6.700000e+002	1.25639907e-001	-3.27436009e+000	1.28087255e+004	0.00000000e+000	1.7403e+016	1.0000e-010	0.0000e+000
6.800000e+002	1.26920779e-001	-3.27307922e+000	1.24935131e+004	0.00000000e+000	1.6533e+016	1.0000e-010	0.0000e+000
6.900000e+002	1.28170131e-001	-3.27182987e+000	1.21932917e+004	0.00000000e+000	1.5746e+016	1.0000e-010	0.0000e+000
7.000000e+002	1.29389460e-001	-3.27061054e+000	1.19065950e+004	0.00000000e+000	1.5037e+016	1.0000e-010	0.0000e+000
7.100000e+002	1.30580119e-001	-3.26941988e+000	1.16322922e+004	0.00000000e+000	1.4387e+016	1.0000e-010	0.0000e+000
7.200000e+002	1.31743349e-001	-3.26825665e+000	1.13696435e+004	0.00000000e+000	1.3776e+016	1.0000e-010	0.0000e+000
7.300000e+002	1.32880313e-001	-3.26711969e+000	1.11181975e+004	0.00000000e+000	1.3188e+016	1.0000e-010	0.0000e+000
7.400000e+002	1.33992133e-001	-3.26600787e+000	1.08776047e+004	0.00000000e+000	1.2619e+016	1.0000e-010	0.0000e+000
7.500000e+002	1.35079893e-001	-3.26492011e+000	1.06474420e+004	0.00000000e+000	1.2071e+016	1.0000e-010	0.0000e+000
7.600000e+002	1.36144637e-001	-3.26385536e+000	1.04271183e+004	0.00000000e+000	1.1555e+016	1.0000e-010	0.0000e+000
7.700000e+002	1.37187349e-001	-3.26281265e+000	1.02158840e+004	0.00000000e+000	1.1078e+016	1.0000e-010	0.0000e+000
7.800000e+002	1.38208938e-001	-3.26179106e+000	1.00129138e+004	0.00000000e+000	1.0645e+016	1.0000e-010	0.0000e+000
7.900000e+002	1.39210229e-001	-3.26078977e+000	9.81742282e+003	0.00000000e+000	1.0253e+016	1.0000e-010	0.0000e+000
8.000000e+002	1.40191971e-001	-3.25980803e+000	9.62876679e+003	0.00000000e+000	9.8944e+015	1.0000e-010	0.0000e+000
8.100000e+002	1.41154848e-001	-3.25884515e+000	9.44649575e+003	0.00000000e+000	9.5597e+015	1.0000e-010	0.0000e+000
8.200000e+002	1.42099498e-001	-3.25790050e+000	9.27035405e+003	0.00000000e+000	9.2383e+015	1.0000e-010	0.0000e+000
8.300000e+002	1.43026533e-001	-3.25697347e+000	9.10023610e+003	0.00000000e+000	8.9223e+015	1.0000e-010	0.0000e+000
8.400000e+002	1.43936557e-001	-3.25606344e+000	8.93611815e+003	0.00000000e+000	8.6076e+015	1.0000e-010	0.0000e+000
8.500000e+002	1.44830168e-001	-3.25516983e+000	8.77798719e+003	0.00000000e+000	8.2935e+015	1.0000e-010	0.0000e+000
8.600000e+002	1.45707967e-001	-3.25429203e+000	8.62578361e+003	0.00000000e+000	7.9825e+015	1.0000e-010	0.0000e+000
8.700000e+002	1.46570545e-001	-3.25342945e+000	8.47936632e+003	0.00000000e+000	7.6790e+015	1.0000e-010	0.0000e+000
8.800000e+002	1.47418482e-001	-3.25258152e+000	8.33850192e+003	0.00000000e+000	7.3877e+015	1.0000e-010	0.0000e+000
8.900000e+002	1.48252332e-001	-3.25174767e+000	8.20287394e+003	0.00000000e+000	7.1131e+015	1.0000e-010	0.0000e+000
9.000000e+002	1.49072620e-001	-3.25092738e+000	8.07210533e+003	0.00000000e+000	6.8583e+015	1.0000e-010	0.0000e+000
9.100000e+002	1.49879830e-001	-3.25012017e+000	7.94578710e+003	0.00000000e+000	6.6251e+015	1.0000e-010	0.0000e+000
9.200000e+002	1.50674409e-001	-3.24932559e+000	7.82350681e+003	0.00000000e+000	6.4135e+015	1.0000e-010	0.0000e+000
9.300000e+002	1.51456760e-001	-3.24854324e+000	7.70487297e+003	0.00000000e+000	6.2224e+015	1.0000e-010	0.0000e+000
9.400000e+002	1.52227247e-001	-3.24777275e+000	7.58953082e+003	0.00000000e+000	6.0500e+015	1.0000e-010	0.0000e+000
9.500000e+002	1.52986200e-001	-3.24701380e+000	7.47717848e+003	0.00000000e+000	5.8933e+015	1.0000e-010	0.0000e+000
9.600000e+002	1.53733918e-001	-3.24626608e+000	7.36756726e+003	0.00000000e+000	5.7497e+015	1.0000e-010	0.0000e+000
9.700000e+002	1.54470675e-001	-3.24552933e+000	7.26050338e+003	0.00000000e+000	5.6162e+015	1.0000e-010	0.0000e+000
9.800000e+002	1.55196725e-001	-3.24480328e+000	7.15584666e+003	0.00000000e+000	5.4900e+015	1.0000e-010	0.0000e+000
9.900000e+002	1.55912310e-001	-3.24408769e+000	7.05350834e+003	0.00000000e+000	5.3683e+015	1.0000e-010	0.0000e+000
1.000000e+003	1.56617660e-001	-3.24338234e+000	6.95359223e+003	0.00000000e+000	5.2411e+015	1.0000e-010	0.0000e+000	-6.0459e-002	-3.9962e-002	2.8034e-002	6.4258e-002	8.6107e-002	1.0163e-001	1.1364e-001	1.2341e-001	1.3164e-001	1.3874e-001	1.4499e-001	1.5070e-001	1.5647e-001
1.010000e+003	1.57313020e-001	-3.24268698e+000	6.85625324e+003	0.00000000e+000	5.1089e+015	1.0000e-010	0.0000e+000
1.020000e+003	1.57998645e-001	-3.24200136e+000	6.76146185e+003	0.00000000e+000	4.9752e+015	1.0000e-010	0.0000e+000
1.030000e+003	1.58674791e-001	-3.24132521e+000	6.66911755e+003	0.00000000e+000	4.8468e+015	1.0000e-010	0.0000e+000
1.040000e+003	1.59341703e-001	-3.24065830e+000	6.57912502e+003	0.00000000e+000	4.7234e+015	1.0000e-010	0.0000e+000
1.050000e+003	1.59999615e-001	-3.24000038e+000	6.49139383e+003	0.00000000e+000	4.6047e+015	1.0000e-010	0.0000e+000
1.060000e+003	1.60648755e-001	-3.23935125e+000	6.40583813e+003	0.00000000e+000	4.4905e+015	1.0000e-010	0.0000e+000
1.070000e+003	1.61289339e-001	-3.23871066e+000	6.32237635e+003	0.00000000e+000	4.3807e+015	1.0000e-010	0.0000e+000
1.080000e+003	1.61921576e-001	-3.23807842e+000	6.24093096e+003	0.00000000e+000	4.2748e+015	1.0000e-010	0.0000e+000
1.090000e+003	1.62545669e-001	-3.23745433e+000	6.16142821e+003	0.00000000e+000	4.1729e+015	1.0000e-010	0.0000e+000
1.100000e+003	1.63161812e-001	-3.23683819e+000	6.08379788e+003	0.00000000e+000	4.0746e+015	1.0000e-010	0.0000e+000
1.110000e+003	1.63770192e-001	-3.23622981e+000	6.00797311e+003	0.00000000e+000	3.9799e+015	1.0000e-010	0.0000e+000
1.120000e+003	1.64370989e-001	-3.23562901e+000	5.93389018e+003	0.00000000e+000	3.8884e+015	1.0000e-010	0.0000e+000
1.130000e+003	1.64964378e-001	-3.23503562e+000	5.86148833e+003	0.00000000e+000	3.8002e+015	1.0000e-010	0.0000e+000
1.140000e+003	1.65550527e-001	-3.23444947e+000	5.79070960e+003	0.00000000e+000	3.7150e+015	1.0000e-010	0.0000e+000
1.150000e+003	1.66129598e-001	-3.23387040e+000	5.72149865e+003	0.00000000e+000	3.6328e+015	1.0000e-010	0.0000e+000
1.160000e+003	1.66701748e-001	-3.23329825e+000	5.65380263e+003	0.00000000e+000	3.5533e+015	1.0000e-010	0.0000e+000
1.170000e+003	1.67267128e-001	-3.23273287e+000	5.58757105e+003	0.00000000e+000	3.4764e+015	1.0000e-010	0.0000e+000
1.180000e+003	1.67825885e-001	-3.23217411e+000	5.52275561e+003	0.00000000e+000	3.4021e+015	1.0000e-010	0.0000e+000
1.190000e+003	1.68378161e-001	-3.23162184e+000	5.45931015e+003	0.00000000e+000	3.3302e+015	1.0000e-010	0.0000e+000
1.200000e+003	1.68924092e-001	-3.23107591e+000	5.39719044e+003	0.00000000e+000	3.2606e+015	1.0000e-010	0.0000e+000
1.210000e+003	1.69463811e-001	-3.23053619e+000	5.33635419e+003	0.00000000e+000	3.1932e+015	1.0000e-010	0.0000e+000
1.220000e+003	1.69997446e-001	-3.23000255e+000	5.27676084e+003	0.00000000e+000	3.1280e+015	1.0000e-010	0.0000e+000
1.230000e+003	1.70525122e-001	-3.22947488e+000	5.21837154e+003	0.00000000e+000	3.0648e+015	1.0000e-010	0.0000e+000
1.240000e+003	1.71046960e-001	-3.22895304e+000	5.16114905e+003	0.00000000e+000	3.0036e+015	1.0000e-010	0.0000e+000
1.250000e+003	1.71563074e-001	-3.22843693e+000	5.10505764e+003	0.00000000e+000	2.9442e+015	1.0000e-010	0.0000e+000
1.260000e+003	1.72073580e-001	-3.22792642e+000	5.05006301e+003	0.00000000e+000	2.8866e+015	1.0000e-010	0.0000e+000
1.270000e+003	1.72578587e-001	-3.22742141e+000	4.99613225e+003	0.00000000e+000	2.8308e+015	1.0000e-010	0.0000e+000
1.280000e+003	1.73078200e-001	-3.22692180e+000	4.94323375e+003	0.00000000e+000	2.7766e+015	1.0000e-010	0.0000e+000
1.290000e+003	1.73572523e-001	-3.22642748e+000	4.89133712e+003	0.00000000e+000	2.7240e+015	1.0000e-010	0.0000e+000
1.300000e+003	1.74061657e-001	-3.22593834e+000	4.84041318e+003	0.00000000e+000	2.6730e+015	1.0000e-010	0.0000e+000
1.310000e+003	1.74545698e-001	-3.22545430e+000	4.79043384e+003	0.00000000e+000	2.6234e+015	1.0000e-010	0.0000e+000
1.320000e+003	1.75024742e-001	-3.22497526e+000	4.74137210e+003	0.00000000e+000	2.5753e+015	1.0000e-010	0.0000e+000
1.330000e+003	1.75498879e-001	-3.22450112e+000	4.69320198e+003	0.00000000e+000	2.5285e+015	1.0000e-010	0.0000e+000
1.340000e+003	1.75968199e-001	-3.22403180e+000	4.64589845e+003	0.00000000e+000	2.4830e+015	1.0000e-010	0.0000e+000
1.350000e+003	1.76432789e-001	-3.22356721e+000	4.59943742e+003	0.00000000e+000	2.4388e+015	1.0000e-010	0.0000e+000
1.360000e+003	1.76892733e-001	-3.22310727e+000	4.55379570e+003	0.00000000e+000	2.3958e+015	1.0000e-010	0.0000e+000
1.370000e+003	1.77348112e-001	-3.22265189e+000	4.50895091e+003	0.00000000e+000	2.3539e+015	1.0000e-010	0.0000e+000
1.380000e+003	1.77799007e-001	-3.22220099e+000	4.46488149e+003	0.00000000e+000	2.3132e+015	1.0000e-010	0.0000e+000
1.390000e+003	1.78245495e-001	-3.22175450e+000	4.42156666e+003	0.00000000e+000	2.2736e+015	1.0000e-010	0.0000e+000
1.400000e+003	1.78687652e-001	-3.22131235e+000	4.37898636e+003	0.00000000e+000	2.2351e+015	1.0000e-010	0.0000e+000
1.410000e+003	1.79125551e-001	-3.22087445e+000	4.33712124e+003	0.00000000e+000	2.1975e+015	1.0000e-010	0.0000e+000
1.420000e+003	1.79559263e-001	-3.22044074e+000	4.29595262e+003	0.00000000e+000	2.1610e+015	1.0000e-010	0.0000e+000
1.430000e+003	1.79988858e-001	-3.22001114e+000	4.25546247e+003	0.00000000e+000	2.1254e+015	1.0000e-010	0.0000e+000
1.440000e+003	1.80414404e-001	-3.21958560e+000	4.21563337e+003	0.00000000e+000	2.0907e+015	1.0000e-010	0.0000e+000
1.450000e+003	1.80835968e-001	-3.21916403e+000	4.17644848e+003	0.00000000e+000	2.0569e+015	1.0000e-010	0.0000e+000
1.460000e+003	1.81253612e-001	-3.21874639e+000	4.13789155e+003	0.00000000e+000	2.0239e+015	1.0000e-010	0.0000e+000
1.470000e+003	1.81667402e-001	-3.21833260e+000	4.09994685e+003	0.00000000e+000	1.9918e+015	1.0000e-010	0.0000e+000
1.480000e+003	1.82077396e-001	-3.21792260e+000	4.06259918e+003	0.00000000e+000	1.9604e+015	1.0000e-010	0.0000e+000
1.490000e+003	1.82483656e-001	-3.21751634e+000	4.02583384e+003	0.00000000e+000	1.9299e+015	1.0000e-010	0.0000e+000
1.500000e+003	1.82886240e-001	-3.21711376e+000	3.98963659e+003	0.00000000e+000	1.9001e+015	1.0000e-010	0.0000e+000
1.510000e+003	1.83285203e-001	-3.21671480e+000	3.95399368e+003	0.00000000e+000	1.8710e+015	1.0000e-010	0.0000e+000
1.520000e+003	1.83680603e-001	-3.21631940e+000	3.91889176e+003	0.00000000e+000	1.8426e+015	1.0000e-010	0.0000e+000
1.530000e+003	1.84072492e-001	-3.21592751e+000	3.88431795e+003	0.00000000e+000	1.8148e+015	1.0000e-010	0.0000e+000
1.540000e+003	1.84460924e-001	-3.21553908e+000	3.85025972e+003	0.00000000e+000	1.7878e+015	1.0000e-010	0.0000e+000
1.550000e+003	1.84845950e-001	-3.21515405e+000	3.81670499e+003	0.00000000e+000	1.7614e+015	1.0000e-010	0.0000e+000
1.560000e+003	1.85227620e-001	-3.21477238e+000	3.78364200e+003	0.00000000e+000	1.7355e+015	1.0000e-010	0.0000e+000
1.570000e+003	1.85605984e-001	-3.21439402e+000	3.75105940e+003	0.00000000e+000	1.7103e+015	1.0000e-010	0.0000e+000
1.580000e+003	1.85981090e-001	-3.21401891e+000	3.71894614e+003	0.00000000e+000	1.6857e+015	1.0000e-010	0.0000e+000
1.590000e+003	1.86352985e-001	-3.21364702e+000	3.68729155e+003	0.00000000e+000	1.6616e+015	1.0000e-010	0.0000e+000
1.600000e+003	1.86721714e-001	-3.21327829e+000	3.65608524e+003	0.00000000e+000	1.6381e+015	1.0000e-010	0.0000e+000
1.610000e+003	1.87087323e-001	-3.21291268e+000	3.62531716e+003	0.00000000e+000	1.6151e+015	1.0000e-010	0.0000e+000
1.620000e+003	1.87449854e-001	-3.21255015e+000	3.59497754e+003	0.00000000e+000	1.5926e+015	1.0000e-010	0.0000e+000
1.630000e+003	1.87809352e-001	-3.21219065e+000	3.56505690e+003	0.00000000e+000	1.5706e+015	1.0000e-010	0.0000e+000
1.640000e+003	1.88165858e-001	-3.21183414e+000	3.53554605e+003	0.00000000e+000	1.5491e+015	1.0000e-010	0.0000e+000
1.650000e+003	1.88519412e-001	-3.21148059e+000	3.50643604e+003	0.00000000e+000	1.5281e+015	1.0000e-010	0.0000e+000
1.660000e+003	1.88870056e-001	-3.21112994e+000	3.47771820e+003	0.00000000e+000	1.5075e+015	1.0000e-010	0.0000e+000
1.670000e+003	1.89217828e-001	-3.21078217e+000	3.44938409e+003	0.00000000e+000	1.4873e+015	1.0000e-010	0.0000e+000
1.680000e+003	1.89562766e-001	-3.21043723e+000	3.42142554e+003	0.00000000e+000	1.4676e+015	1.0000e-010	0.0000e+000
1.690000e+003	1.89904909e-001	-3.21009509e+000	3.39383456e+003	0.00000000e+000	1.4483e+015	1.0000e-010	0.0000e+000
1.700000e+003	1.90244292e-001	-3.20975571e+000	3.36660343e+003	0.00000000e+000	1.4294e+015	1.0000e-010	0.0000e+000
1.710000e+003	1.90580952e-001	-3.20941905e+000	3.33972463e+003	0.00000000e+000	1.4110e+015	1.0000e-010	0.0000e+000
1.720000e+003	1.90914925e-001	-3.20908508e+000	3.31319082e+003	0.00000000e+000	1.3928e+015	1.0000e-010	0.0000e+000
1.730000e+003	1.91246244e-001	-3.20875376e+000	3.28699491e+003	0.00000000e+000	1.3751e+015	1.0000e-010	0.0000e+000
1.740000e+003	1.91574944e-001	-3.20842506e+000	3.26112996e+003	0.00000000e+000	1.3577e+015	1.0000e-010	0.0000e+000
1.750000e+003	1.91901056e-001	-3.20809894e+000	3.23558923e+003	0.00000000e+000	1.3407e+015	1.0000e-010	0.0000e+000
1.760000e+003	1.92224615e-001	-3.20777538e+000	3.21036618e+003	0.00000000e+000	1.3240e+015	1.0000e-010	0.0000e+000
1.770000e+003	1.92545652e-001	-3.20745435e+000	3.18545442e+003	0.00000000e+000	1.3077e+015	1.0000e-010	0.0000e+000
1.780000e+003	1.92864197e-001	-3.20713580e+000	3.16084773e+003	0.00000000e+000	1.2917e+015	1.0000e-010	0.0000e+000
1.790000e+003	1.93180282e-001	-3.20681972e+000	3.13654007e+003	0.00000000e+000	1.2760e+015	1.0000e-010	0.0000e+000
1.800000e+003	1.93493936e-001	-3.20650606e+000	3.11252554e+003	0.00000000e+000	1.2606e+015	1.0000e-010	0.0000e+000
1.810000e+003	1.93805189e-001	-3.20619481e+000	3.08879842e+003	0.00000000e+000	1.2455e+015	1.0000e-010	0.0000e+000
1.820000e+003	1.94114069e-001	-3.20588593e+000	3.06535309e+003	0.00000000e+000	1.2307e+015	1.0000e-010	0.0000e+000
1.830000e+003	1.94420604e-001	-3.20557940e+000	3.04218413e+003	0.00000000e+000	1.2162e+015	1.0000e-010	0.0000e+000
1.840000e+003	1.94724822e-001	-3.20527518e+000	3.01928621e+003	0.00000000e+000	1.2020e+015	1.0000e-010	0.0000e+000
1.850000e+003	1.95026751e-001	-3.20497325e+000	2.99665416e+003	0.00000000e+000	1.1880e+015	1.0000e-010	0.0000e+000
1.860000e+003	1.95326416e-001	-3.20467358e+000	2.97428294e+003	0.00000000e+000	1.1744e+015	1.0000e-010	0.0000e+000
1.870000e+003	1.95623845e-001	-3.20437616e+000	2.95216763e+003	0.00000000e+000	1.1609e+015	1.0000e-010	0.0000e+000
1.880000e+003	1.95919061e-001	-3.20408094e+000	2.93030342e+003	0.00000000e+000	1.1477e+015	1.0000e-010	0.0000e+000
1.890000e+003	1.96212092e-001	-3.20378791e+000	2.90868565e+003	0.00000000e+000	1.1348e+015	1.0000e-010	0.0000e+000
1.900000e+003	1.96502960e-001	-3.20349704e+000	2.88730974e+003	0.00000000e+000	1.1221e+015	1.0000e-010	0.0000e+000
1.910000e+003	1.96791691e-001	-3.20320831e+000	2.86617124e+003	0.00000000e+000	1.1096e+015	1.0000e-010	0.0000e+000
1.920000e+003	1.97078308e-001	-3.20292169e+000	2.84526581e+003	0.00000000e+000	1.0974e+015	1.0000e-010	0.0000e+000
1.930000e+003	1.97362835e-001	-3.20263716e+000	2.82458920e+003	0.00000000e+000	1.0854e+015	1.0000e-010	0.0000e+000
1.940000e+003	1.97645294e-001	-3.20235471e+000	2.80413727e+003	0.00000000e+000	1.0736e+015	1.0000e-010	0.0000e+000
1.950000e+003	1.97925708e-001	-3.20207429e+000	2.78390599e+003	0.00000000e+000	1.0620e+015	1.0000e-010	0.0000e+000
1.960000e+003	1.98204098e-001	-3.20179590e+000	2.76389139e+003	0.00000000e+000	1.0507e+015	1.0000e-010	0.0000e+000
1.970000e+003	1.98480487e-001	-3.20151951e+000	2.74408964e+003	0.00000000e+000	1.0395e+015	1.0000e-010	0.0000e+000
1.980000e+003	1.98754896e-001	-3.20124510e+000	2.72449697e+003	0.00000000e+000	1.0285e+015	1.0000e-010	0.0000e+000
1.990000e+003	1.99027346e-001	-3.20097265e+000	2.70510969e+003	0.00000000e+000	1.0177e+015	1.0000e-010	0.0000e+000
2.000000e+003	1.99297857e-001	-3.20070214e+000	2.68592423e+003	0.00000000e+000	1.0071e+015	1.0000e-010	0.0000e+000
2.010000e+003	1.99566449e-001	-3.20043355e+000	2.66693706e+003	0.00000000e+000	9.9672e+014	1.0000e-010	0.0000e+000
2.020000e+003	1.99833143e-001	-3.20016686e+000	2.64814476e+003	0.00000000e+000	9.8649e+014	1.0000e-010	0.0000e+000
2.030000e+003	2.00097958e-001	-3.19990204e+000	2.62954397e+003	0.00000000e+000	9.7644e+014	1.0000e-010	0.0000e+000
2.040000e+003	2.00360912e-001	-3.19963909e+000	2.61113143e+003	0.00000000e+000	9.6656e+014	1.0000e-010	0.0000e+000
2.050000e+003	2.00622025e-001	-3.19937797e+000	2.59290392e+003	0.00000000e+000	9.5684e+014	1.0000e-010	0.0000e+000
2.060000e+003	2.00881316e-001	-3.19911868e+000	2.57485831e+003	0.00000000e+000	9.4730e+014	1.0000e-010	0.0000e+000
2.070000e+003	2.01138801e-001	-3.19886120e+000	2.55699155e+003	0.00000000e+000	9.3791e+014	1.0000e-010	0.0000e+000
2.080000e+003	2.01394501e-001	-3.19860550e+000	2.53930063e+003	0.00000000e+000	9.2868e+014	1.0000e-010	0.0000e+000
2.090000e+003	2.01648431e-001	-3.19835157e+000	2.52178264e+003	0.00000000e+000	9.1960e+014	1.0000e-010	0.0000e+000
2.100000e+003	2.01900609e-001	-3.19809939e+000	2.50443469e+003	0.00000000e+000	9.1068e+014	1.0000e-010	0.0000e+000
2.110000e+003	2.02151052e-001	-3.19784895e+000	2.48725399e+003	0.00000000e+000	9.0190e+014	1.0000e-010	0.0000e+000
2.120000e+003	2.02399778e-001	-3.19760022e+000	2.47023780e+003	0.00000000e+000	8.9326e+014	1.0000e-010	0.0000e+000
2.130000e+003	2.02646802e-001	-3.19735320e+000	2.45338343e+003	0.00000000e+000	8.8477e+014	1.0000e-010	0.0000e+000
2.140000e+003	2.02892140e-001	-3.19710786e+000	2.43668825e+003	0.00000000e+000	8.7641e+014	1.0000e-010	0.0000e+000
2.150000e+003	2.03135809e-001	-3.19686419e+000	2.42014969e+003	0.00000000e+000	8.6819e+014	1.0000e-010	0.0000e+000
2.160000e+003	2.03377824e-001	-3.19662218e+000	2.40376524e+003	0.00000000e+000	8.6010e+014	1.0000e-010	0.0000e+000
2.170000e+003	2.03618200e-001	-3.19638180e+000	2.38753243e+003	0.00000000e+000	8.5214e+014	1.0000e-010	0.0000e+000
2.180000e+003	2.03856953e-001	-3.19614305e+000	2.37144884e+003	0.00000000e+000	8.4431e+014	1.0000e-010	0.0000e+000
2.190000e+003	2.04094098e-001	-3.19590590e+000	2.35551212e+003	0.00000000e+000	8.3660e+014	1.0000e-010	0.0000e+000
2.200000e+003	2.04329650e-001	-3.19567035e+000	2.33971994e+003	0.00000000e+000	8.2901e+014	1.0000e-010	0.0000e+000
2.210000e+003	2.04563622e-001	-3.19543638e+000	2.32407005e+003	0.00000000e+000	8.2154e+014	1.0000e-010	0.0000e+000
2.220000e+003	2.04796029e-001	-3.19520397e+000	2.30856021e+003	0.00000000e+000	8.1419e+014	1.0000e-010	0.0000e+000
2.230000e+003	2.05026885e-001	-3.19497312e+000	2.29318827e+003	0.00000000e+000	8.0695e+014	1.0000e-010	0.0000e+000
2.240000e+003	2.05256203e-001	-3.19474380e+000	2.27795207e+003	0.00000000e+000	7.9983e+014	1.0000e-010	0.0000e+000
2.250000e+003	2.05483999e-001	-3.19451600e+000	2.26284954e+003	0.00000000e+000	7.9281e+014	1.0000e-010	0.0000e+000
2.260000e+003	2.05710284e-001	-3.19428972e+000	2.24787863e+003	0.00000000e+000	7.8590e+014	1.0000e-010	0.0000e+000
2.270000e+003	2.05935071e-001	-3.19406493e+000	2.23303732e+003	0.00000000e+000	7.7910e+014	1.0000e-010	0.0000e+000
2.280000e+003	2.06158375e-001	-3.19384162e+000	2.21832366e+003	0.00000000e+000	7.7240e+014	1.0000e-010	0.0000e+000
2.290000e+003	2.06380208e-001	-3.19361979e+000	2.20373572e+003	0.00000000e+000	7.6580e+014	1.0000e-010	0.0000e+000
2.300000e+003	2.06600581e-001	-3.19339942e+000	2.18927160e+003	0.00000000e+000	7.5930e+014	1.0000e-010	0.0000e+000
2.310000e+003	2.06819508e-001	-3.19318049e+000	2.17492945e+003	0.00000000e+000	7.5290e+014	1.0000e-010	0.0000e+000
2.320000e+003	2.07037001e-001	-3.19296300e+000	2.16070746e+003	0.00000000e+000	7.4659e+014	1.0000e-010	0.0000e+000
2.330000e+003	2.07253072e-001	-3.19274693e+000	2.14660384e+003	0.00000000e+000	7.4038e+014	1.0000e-010	0.0000e+000
2.340000e+003	2.07467732e-001	-3.19253227e+000	2.13261684e+003	0.00000000e+000	7.3425e+014	1.0000e-010	0.0000e+000
2.350000e+003	2.07680994e-001	-3.19231901e+000	2.11874476e+003	0.00000000e+000	7.2822e+014	1.0000e-010	0.0000e+000
2.360000e+003	2.07892869e-001	-3.19210713e+000	2.10498590e+003	0.00000000e+000	7.2228e+014	1.0000e-010	0.0000e+000
2.370000e+003	2.08103367e-001	-3.19189663e+000	2.09133861e+003	0.00000000e+000	7.1642e+014	1.0000e-010	0.0000e+000
2.380000e+003	2.08312501e-001	-3.19168750e+000	2.07780128e+003	0.00000000e+000	7.1065e+014	1.0000e-010	0.0000e+000
2.390000e+003	2.08520281e-001	-3.19147972e+000	2.06437232e+003	0.00000000e+000	7.0496e+014	1.0000e-010	0.0000e+000
2.400000e+003	2.08726718e-001	-3.19127328e+000	2.05105017e+003	0.00000000e+000	6.9935e+014	1.0000e-010	0.0000e+000
2.410000e+003	2.08931823e-001	-3.19106818e+000	2.03783329e+003	0.00000000e+000	6.9383e+014	1.0000e-010	0.0000e+000
2.420000e+003	2.09135607e-001	-3.19086439e+000	2.02472019e+003	0.00000000e+000	6.8838e+014	1.0000e-010	0.0000e+000
2.430000e+003	2.09338079e-001	-3.19066192e+000	2.01170939e+003	0.00000000e+000	6.8301e+014	1.0000e-010	0.0000e+000
2.440000e+003	2.09539250e-001	-3.19046075e+000	1.99879944e+003	0.00000000e+000	6.7772e+014	1.0000e-010	0.0000e+000
2.450000e+003	2.09739130e-001	-3.19026087e+000	1.98598892e+003	0.00000000e+000	6.7250e+014	1.0000e-010	0.0000e+000
2.460000e+003	2.09937728e-001	-3.19006227e+000	1.97327644e+003	0.00000000e+000	6.6735e+014	1.0000e-010	0.0000e+000
2.470000e+003	2.10135056e-001	-3.18986494e+000	1.96066063e+003	0.00000000e+000	6.6228e+014	1.0000e-010	0.0000e+000
2.480000e+003	2.10331122e-001	-3.18966888e+000	1.94814013e+003	0.00000000e+000	6.5727e+014	1.0000e-010	0.0000e+000
2.490000e+003	2.10525936e-001	-3.18947406e+000	1.93571363e+003	0.00000000e+000	6.5234e+014	1.0000e-010	0.0000e+000
2.500000e+003	2.10719508e-001	-3.18928049e+000	1.92337982e+003	0.00000000e+000	6.4747e+014	1.0000e-010	0.0000e+000
2.510000e+003	2.10911846e-001	-3.18908815e+000	1.91113744e+003	0.00000000e+000	6.4267e+014	1.0000e-010	0.0000e+000
2.520000e+003	2.11102959e-001	-3.18889704e+000	1.89898523e+003	0.00000000e+000	6.3794e+014	1.0000e-010	0.0000e+000
2.530000e+003	2.11292858e-001	-3.18870714e+000	1.88692196e+003	0.00000000e+000	6.3327e+014	1.0000e-010	0.0000e+000
2.540000e+003	2.11481550e-001	-3.18851845e+000	1.87494641e+003	0.00000000e+000	6.2867e+014	1.0000e-010	0.0000e+000
2.550000e+003	2.11669045e-001	-3.18833096e+000	1.86305741e+003	0.00000000e+000	6.2412e+014	1.0000e-010	0.0000e+000
2.560000e+003	2.11855350e-001	-3.18814465e+000	1.85125377e+003	0.00000000e+000	6.1964e+014	1.0000e-010	0.0000e+000
2.570000e+003	2.12040476e-001	-3.18795952e+000	1.83953436e+003	0.00000000e+000	6.1522e+014	1.0000e-010	0.0000e+000
2.580000e+003	2.12224429e-001	-3.18777557e+000	1.82789805e+003	0.00000000e+000	6.1086e+014	1.0000e-010	0.0000e+000
2.590000e+003	2.12407219e-001	-3.18759278e+000	1.81634372e+003	0.00000000e+000	6.0656e+014	1.0000e-010	0.0000e+000
2.600000e+003	2.12588853e-001	-3.18741115e+000	1.80487029e+003	0.00000000e+000	6.0231e+014	1.0000e-010	0.0000e+000
2.610000e+003	2.12769340e-001	-3.18723066e+000	1.79347668e+003	0.00000000e+000	5.9812e+014	1.0000e-010	0.0000e+000
2.620000e+003	2.12948688e-001	-3.18705131e+000	1.78216184e+003	0.00000000e+000	5.9398e+014	1.0000e-010	0.0000e+000
2.630000e+003	2.13126904e-001	-3.18687310e+000	1.77092473e+003	0.00000000e+000	5.8990e+014	1.0000e-010	0.0000e+000
2.640000e+003	2.13303997e-001	-3.18669600e+000	1.75976434e+003	0.00000000e+000	5.8588e+014	1.0000e-010	0.0000e+000
2.650000e+003	2.13479973e-001	-3.18652003e+000	1.74867966e+003	0.00000000e+000	5.8190e+014	1.0000e-010	0.0000e+000
2.660000e+003	2.13654841e-001	-3.18634516e+000	1.73766970e+003	0.00000000e+000	5.7798e+014	1.0000e-010	0.0000e+000
2.670000e+003	2.13828608e-001	-3.18617139e+000	1.72673350e+003	0.00000000e+000	5.7411e+014	1.0000e-010	0.0000e+000
2.680000e+003	2.14001281e-001	-3.18599872e+000	1.71587010e+003	0.00000000e+000	5.7029e+014	1.0000e-010	0.0000e+000
2.690000e+003	2.14172868e-001	-3.18582713e+000	1.70507857e+003	0.00000000e+000	5.6651e+014	1.0000e-010	0.0000e+000
2.700000e+003	2.14343376e-001	-3.18565662e+000	1.69435798e+003	0.00000000e+000	5.6279e+014	1.0000e-010	0.0000e+000
2.710000e+003	2.14512812e-001	-3.18548719e+000	1.68370743e+003	0.00000000e+000	5.5911e+014	1.0000e-010	0.0000e+000
2.720000e+003	2.14681183e-001	-3.18531882e+000	1.67312601e+003	0.00000000e+000	5.5548e+014	1.0000e-010	0.0000e+000
2.730000e+003	2.14848495e-001	-3.18515150e+000	1.66261286e+003	0.00000000e+000	5.5190e+014	1.0000e-010	0.0000e+000
2.740000e+003	2.15014757e-001	-3.18498524e+000	1.65216710e+003	0.00000000e+000	5.4836e+014	1.0000e-010	0.0000e+000
2.750000e+003	2.15179973e-001	-3.18482003e+000	1.64178788e+003	0.00000000e+000	5.4487e+014	1.0000e-010	0.0000e+000
2.760000e+003	2.15344152e-001	-3.18465585e+000	1.63147438e+003	0.00000000e+000	5.4142e+014	1.0000e-010	0.0000e+000
2.770000e+003	2.15507300e-001	-3.18449270e+000	1.62122575e+003	0.00000000e+000	5.3802e+014	1.0000e-010	0.0000e+000
2.780000e+003	2.15669422e-001	-3.18433058e+000	1.61104119e+003	0.00000000e+000	5.3465e+014	1.0000e-010	0.0000e+000
2.790000e+003	2.15830526e-001	-3.18416947e+000	1.60091991e+003	0.00000000e+000	5.3133e+014	1.0000e-010	0.0000e+000
2.800000e+003	2.15990618e-001	-3.18400938e+000	1.59086111e+003	0.00000000e+000	5.2805e+014	1.0000e-010	0.0000e+000
2.810000e+003	2.16149704e-001	-3.18385030e+000	1.58086402e+003	0.00000000e+000	5.2481e+014	1.0000e-010	0.0000e+000
2.820000e+003	2.16307791e-001	-3.18369221e+000	1.57092787e+003	0.00000000e+000	5.2161e+014	1.0000e-010	0.0000e+000
2.830000e+003	2.16464884e-001	-3.18353512e+000	1.56105192e+003	0.00000000e+000	5.1845e+014	1.0000e-010	0.0000e+000
2.840000e+003	2.16620989e-001	-3.18337901e+000	1.55123542e+003	0.00000000e+000	5.1533e+014	1.0000e-010	0.0000e+000
2.850000e+003	2.16776112e-001	-3.18322389e+000	1.54147766e+003	0.00000000e+000	5.1225e+014	1.0000e-010	0.0000e+000
2.860000e+003	2.16930260e-001	-3.18306974e+000	1.53177790e+003	0.00000000e+000	5.0920e+014	1.0000e-010	0.0000e+000
2.870000e+003	2.17083438e-001	-3.18291656e+000	1.52213544e+003	0.00000000e+000	5.0620e+014	1.0000e-010	0.0000e+000
2.880000e+003	2.17235651e-001	-3.18276435e+000	1.51254959e+003	0.00000000e+000	5.0322e+014	1.0000e-010	0.0000e+000
2.890000e+003	2.17386906e-001	-3.18261309e+000	1.50301966e+003	0.00000000e+000	5.0029e+014	1.0000e-010	0.0000e+000
2.900000e+003	2.17537208e-001	-3.18246279e+000	1.49354498e+003	0.00000000e+000	4.9739e+014	1.0000e-010	0.0000e+000
2.910000e+003	2.17686563e-001	-3.18231344e+000	1.48412488e+003	0.00000000e+000	4.9452e+014	1.0000e-010	0.0000e+000
2.920000e+003	2.17834975e-001	-3.18216502e+000	1.47475870e+003	0.00000000e+000	4.9169e+014	1.0000e-010	0.0000e+000
2.930000e+003	2.17982451e-001	-3.18201755e+000	1.46544580e+003	0.00000000e+000	4.8890e+014	1.0000e-010	0.0000e+000
2.940000e+003	2.18128996e-001	-3.18187100e+000	1.45618555e+003	0.00000000e+000	4.8613e+014	1.0000e-010	0.0000e+000
2.950000e+003	2.18274614e-001	-3.18172539e+000	1.44697730e+003	0.00000000e+000	4.8340e+014	1.0000e-010	0.0000e+000
2.960000e+003	2.18419312e-001	-3.18158069e+000	1.43782046e+003	0.00000000e+000	4.8070e+014	1.0000e-010	0.0000e+000
2.970000e+003	2.18563094e-001	-3.18143691e+000	1.42871440e+003	0.00000000e+000	4.7804e+014	1.0000e-010	0.0000e+000
2.980000e+003	2.18705966e-001	-3.18129403e+000	1.41965852e+003	0.00000000e+000	4.7540e+014	1.0000e-010	0.0000e+000
2.990000e+003	2.18847931e-001	-3.18115207e+000	1.41065224e+003	0.00000000e+000	4.7280e+014	1.0000e-010	0.0000e+000
3.000000e+003	2.18988997e-001	-3.18101100e+000	1.40169497e+003	0.00000000e+000	4.7023e+014	1.0000e-010	0.0000e+000
3.010000e+003	2.19129166e-001	-3.18087083e+000	1.39278614e+003	0.00000000e+000	4.6768e+014	1.0000e-010	0.0000e+000
3.020000e+003	2.19268445e-001	-3.18073156e+000	1.38392517e+003	0.00000000e+000	4.6517e+014	1.0000e-010	0.0000e+000
3.030000e+003	2.19406837e-001	-3.18059316e+000	1.37511151e+003	0.00000000e+000	4.6269e+014	1.0000e-010	0.0000e+000
3.040000e+003	2.19544348e-001	-3.18045565e+000	1.36634461e+003	0.00000000e+000	4.6023e+014	1.0000e-010	0.0000e+000
3.050000e+003	2.19680983e-001	-3.18031902e+000	1.35762392e+003	0.00000000e+000	4.5781e+014	1.0000e-010	0.0000e+000
3.060000e+003	2.19816745e-001	-3.18018325e+000	1.34894890e+003	0.00000000e+000	4.5541e+014	1.0000e-010	0.0000e+000
3.070000e+003	2.19951640e-001	-3.18004836e+000	1.34031904e+003	0.00000000e+000	4.5304e+014	1.0000e-010	0.0000e+000
3.080000e+003	2.20085672e-001	-3.17991433e+000	1.33173380e+003	0.00000000e+000	4.5070e+014	1.0000e-010	0.0000e+000
3.090000e+003	2.20218845e-001	-3.17978115e+000	1.32319268e+003	0.00000000e+000	4.4838e+014	1.0000e-010	0.0000e+000
3.100000e+003	2.20351165e-001	-3.17964884e+000	1.31469516e+003	0.00000000e+000	4.4609e+014	1.0000e-010	0.0000e+000
3.110000e+003	2.20482634e-001	-3.17951737e+000	1.30624074e+003	0.00000000e+000	4.4383e+014	1.0000e-010	0.0000e+000
3.120000e+003	2.20613258e-001	-3.17938674e+000	1.29782893e+003	0.00000000e+000	4.4159e+014	1.0000e-010	0.0000e+000
3.130000e+003	2.20743041e-001	-3.17925696e+000	1.28945925e+003	0.00000000e+000	4.3938e+014	1.0000e-010	0.0000e+000
3.140000e+003	2.20871987e-001	-3.17912801e+000	1.28113121e+003	0.00000000e+000	4.3720e+014	1.0000e-010	0.0000e+000
3.150000e+003	2.21000100e-001	-3.17899990e+000	1.27284434e+003	0.00000000e+000	4.3504e+014	1.0000e-010	0.0000e+000
3.160000e+003	2.21127385e-001	-3.17887262e+000	1.26459817e+003	0.00000000e+000	4.3290e+014	1.0000e-010	0.0000e+000
3.170000e+003	2.21253845e-001	-3.17874616e+000	1.25639224e+003	0.00000000e+000	4.3079e+014	1.0000e-010	0.0000e+000
3.180000e+003	2.21379484e-001	-3.17862052e+000	1.24822609e+003	0.00000000e+000	4.2870e+014	1.0000e-010	0.0000e+000
3.190000e+003	2.21504306e-001	-3.17849569e+000	1.24009927e+003	0.00000000e+000	4.2663e+014	1.0000e-010	0.0000e+000
3.200000e+003	2.21628316e-001	-3.17837168e+000	1.23201135e+003	0.00000000e+000	4.2459e+014	1.0000e-010	0.0000e+000
3.210000e+003	2.21751517e-001	-3.17824848e+000	1.22396188e+003	0.00000000e+000	4.2257e+014	1.0000e-010	0.0000e+000
3.220000e+003	2.21873914e-001	-3.17812609e+000	1.21595043e+003	0.00000000e+000	4.2058e+014	1.0000e-010	0.0000e+000
3.230000e+003	2.21995509e-001	-3.17800449e+000	1.20797657e+003	0.00000000e+000	4.1860e+014	1.0000e-010	0.0000e+000
3.240000e+003	2.22116306e-001	-3.17788369e+000	1.20003989e+003	0.00000000e+000	4.1665e+014	1.0000e-010	0.0000e+000
3.250000e+003	2.22236310e-001	-3.17776369e+000	1.19213996e+003	0.00000000e+000	4.1472e+014	1.0000e-010	0.0000e+000
3.260000e+003	2.22355524e-001	-3.17764448e+000	1.18427637e+003	0.00000000e+000	4.1281e+014	1.0000e-010	0.0000e+000
3.270000e+003	2.22473952e-001	-3.17752605e+000	1.17644873e+003	0.00000000e+000	4.1093e+014	1.0000e-010	0.0000e+000
3.280000e+003	2.22591597e-001	-3.17740840e+000	1.16865663e+003	0.00000000e+000	4.0906e+014	1.0000e-010	0.0000e+000
3.290000e+003	2.22708462e-001	-3.17729154e+000	1.16089967e+003	0.00000000e+000	4.0722e+014	1.0000e-010	0.0000e+000
3.300000e+003	2.22824552e-001	-3.17717545e+000	1.15317747e+003	0.00000000e+000	4.0539e+014	1.0000e-010	0.0000e+000
3.310000e+003	2.22939870e-001	-3.17706013e+000	1.14548964e+003	0.00000000e+000	4.0359e+014	1.0000e-010	0.0000e+000
3.320000e+003	2.23054419e-001	-3.17694558e+000	1.13783579e+003	0.00000000e+000	4.0180e+014	1.0000e-010	0.0000e+000
3.330000e+003	2.23168203e-001	-3.17683180e+000	1.13021557e+003	0.00000000e+000	4.0004e+014	1.0000e-010	0.0000e+000
3.340000e+003	2.23281224e-001	-3.17671878e+000	1.12262858e+003	0.00000000e+000	3.9830e+014	1.0000e-010	0.0000e+000
3.350000e+003	2.23393487e-001	-3.17660651e+000	1.11507446e+003	0.00000000e+000	3.9657e+014	1.0000e-010	0.0000e+000
3.360000e+003	2.23504995e-001	-3.17649501e+000	1.10755286e+003	0.00000000e+000	3.9486e+014	1.0000e-010	0.0000e+000
3.370000e+003	2.23615750e-001	-3.17638425e+000	1.10006342e+003	0.00000000e+000	3.9317e+014	1.0000e-010	0.0000e+000
3.380000e+003	2.23725756e-001	-3.17627424e+000	1.09260578e+003	0.00000000e+000	3.9151e+014	1.0000e-010	0.0000e+000
3.390000e+003	2.23835017e-001	-3.17616498e+000	1.08517959e+003	0.00000000e+000	3.8985e+014	1.0000e-010	0.0000e+000
3.400000e+003	2.23943535e-001	-3.17605647e+000	1.07778450e+003	0.00000000e+000	3.8822e+014	1.0000e-010	0.0000e+000
3.410000e+003	2.24051313e-001	-3.17594869e+000	1.07042019e+003	0.00000000e+000	3.8661e+014	1.0000e-010	0.0000e+000
3.420000e+003	2.24158355e-001	-3.17584164e+000	1.06308630e+003	0.00000000e+000	3.8501e+014	1.0000e-010	0.0000e+000
3.430000e+003	2.24264664e-001	-3.17573534e+000	1.05578251e+003	0.00000000e+000	3.8343e+014	1.0000e-010	0.0000e+000
3.440000e+003	2.24370242e-001	-3.17562976e+000	1.04850849e+003	0.00000000e+000	3.8187e+014	1.0000e-010	0.0000e+000
3.450000e+003	2.24475093e-001	-3.17552491e+000	1.04126390e+003	0.00000000e+000	3.8032e+014	1.0000e-010	0.0000e+000
3.460000e+003	2.24579219e-001	-3.17542078e+000	1.03404844e+003	0.00000000e+000	3.7879e+014	1.0000e-010	0.0000e+000
3.470000e+003	2.24682624e-001	-3.17531738e+000	1.02686179e+003	0.00000000e+000	3.7728e+014	1.0000e-010	0.0000e+000
3.480000e+003	2.24785310e-001	-3.17521469e+000	1.01970362e+003	0.00000000e+000	3.7578e+014	1.0000e-010	0.0000e+000
3.490000e+003	2.24887281e-001	-3.17511272e+000	1.01257363e+003	0.00000000e+000	3.7430e+014	1.0000e-010	0.0000e+000
3.500000e+003	2.24988538e-001	-3.17501146e+000	1.00547152e+003	0.00000000e+000	3.7284e+014	1.0000e-010	0.0000e+000
3.510000e+003	2.25089085e-001	-3.17491091e+000	9.98396968e+002	0.00000000e+000	3.7139e+014	1.0000e-010	0.0000e+000
3.520000e+003	2.25188925e-001	-3.17481108e+000	9.91349690e+002	0.00000000e+000	3.6996e+014	1.0000e-010	0.0000e+000
3.530000e+003	2.25288060e-001	-3.17471194e+000	9.84329384e+002	0.00000000e+000	3.6855e+014	1.0000e-010	0.0000e+000
3.540000e+003	2.25386493e-001	-3.17461351e+000	9.77335757e+002	0.00000000e+000	3.6715e+014	1.0000e-010	0.0000e+000
3.550000e+003	2.25484226e-001	-3.17451577e+000	9.70368521e+002	0.00000000e+000	3.6576e+014	1.0000e-010	0.0000e+000
3.560000e+003	2.25581263e-001	-3.17441874e+000	9.63427387e+002	0.00000000e+000	3.6439e+014	1.0000e-010	0.0000e+000
3.570000e+003	2.25677606e-001	-3.17432239e+000	9.56512072e+002	0.00000000e+000	3.6304e+014	1.0000e-010	0.0000e+000
3.580000e+003	2.25773257e-001	-3.17422674e+000	9.49622297e+002	0.00000000e+000	3.6169e+014	1.0000e-010	0.0000e+000
3.590000e+003	2.25868219e-001	-3.17413178e+000	9.42757783e+002	0.00000000e+000	3.6037e+014	1.0000e-010	0.0000e+000
3.600000e+003	2.25962495e-001	-3.17403750e+000	9.35918257e+002	0.00000000e+000	3.5906e+014	1.0000e-010	0.0000e+000
3.610000e+003	2.26056087e-001	-3.17394391e+000	9.29103447e+002	0.00000000e+000	3.5776e+014	1.0000e-010	0.0000e+000
3.620000e+003	2.26148997e-001	-3.17385100e+000	9.22313086e+002	0.00000000e+000	3.5648e+014	1.0000e-010	0.0000e+000
3.630000e+003	2.26241229e-001	-3.17375877e+000	9.15546906e+002	0.00000000e+000	3.5521e+014	1.0000e-010	0.0000e+000
3.640000e+003	2.26332783e-001	-3.17366722e+000	9.08804647e+002	0.00000000e+000	3.5395e+014	1.0000e-010	0.0000e+000
3.650000e+003	2.26423664e-001	-3.17357634e+000	9.02086048e+002	0.00000000e+000	3.5271e+014	1.0000e-010	0.0000e+000
3.660000e+003	2.26513872e-001	-3.17348613e+000	8.95390853e+002	0.00000000e+000	3.5148e+014	1.0000e-010	0.0000e+000
3.670000e+003	2.26603412e-001	-3.17339659e+000	8.88718806e+002	0.00000000e+000	3.5027e+014	1.0000e-010	0.0000e+000
3.680000e+003	2.26692283e-001	-3.17330772e+000	8.82069656e+002	0.00000000e+000	3.4906e+014	1.0000e-010	0.0000e+000
3.690000e+003	2.26780490e-001	-3.17321951e+000	8.75443155e+002	0.00000000e+000	3.4787e+014	1.0000e-010	0.0000e+000
3.700000e+003	2.26868035e-001	-3.17313197e+000	8.68839056e+002	0.00000000e+000	3.4670e+014	1.0000e-010	0.0000e+000
3.710000e+003	2.26954919e-001	-3.17304508e+000	8.62257114e+002	0.00000000e+000	3.4554e+014	1.0000e-010	0.0000e+000
3.720000e+003	2.27041144e-001	-3.17295886e+000	8.55697089e+002	0.00000000e+000	3.4438e+014	1.0000e-010	0.0000e+000
3.730000e+003	2.27126714e-001	-3.17287329e+000	8.49158742e+002	0.00000000e+000	3.4325e+014	1.0000e-010	0.0000e+000
3.740000e+003	2.27211630e-001	-3.17278837e+000	8.42641836e+002	0.00000000e+000	3.4212e+014	1.0000e-010	0.0000e+000
3.750000e+003	2.27295894e-001	-3.17270411e+000	8.36146137e+002	0.00000000e+000	3.4101e+014	1.0000e-010	0.0000e+000
3.760000e+003	2.27379509e-001	-3.17262049e+000	8.29671413e+002	0.00000000e+000	3.3991e+014	1.0000e-010	0.0000e+000
3.770000e+003	2.27462476e-001	-3.17253752e+000	8.23217436e+002	0.00000000e+000	3.3882e+014	1.0000e-010	0.0000e+000
3.780000e+003	2.27544798e-001	-3.17245520e+000	8.16783978e+002	0.00000000e+000	3.3774e+014	1.0000e-010	0.0000e+000
3.790000e+003	2.27626476e-001	-3.17237352e+000	8.10370814e+002	0.00000000e+000	3.3668e+014	1.0000e-010	0.0000e+000
3.800000e+003	2.27707513e-001	-3.17229249e+000	8.03977721e+002	0.00000000e+000	3.3562e+014	1.0000e-010	0.0000e+000
3.810000e+003	2.27787911e-001	-3.17221209e+000	7.97604480e+002	0.00000000e+000	3.3458e+014	1.0000e-010	0.0000e+000
3.820000e+003	2.27867671e-001	-3.17213233e+000	7.91250872e+002	0.00000000e+000	3.3355e+014	1.0000e-010	0.0000e+000
3.830000e+003	2.27946796e-001	-3.17205320e+000	7.84916680e+002	0.00000000e+000	3.3253e+014	1.0000e-010	0.0000e+000
3.840000e+003	2.28025288e-001	-3.17197471e+000	7.78601691e+002	0.00000000e+000	3.3152e+014	1.0000e-010	0.0000e+000
3.850000e+003	2.28103148e-001	-3.17189685e+000	7.72305692e+002	0.00000000e+000	3.3052e+014	1.0000e-010	0.0000e+000
3.860000e+003	2.28180379e-001	-3.17181962e+000	7.66028475e+002	0.00000000e+000	3.2954e+014	1.0000e-010	0.0000e+000
3.870000e+003	2.28256982e-001	-3.17174302e+000	7.59769830e+002	0.00000000e+000	3.2856e+014	1.0000e-010	0.0000e+000
3.880000e+003	2.28332959e-001	-3.17166704e+000	7.53529551e+002	0.00000000e+000	3.2760e+014	1.0000e-010	0.0000e+000
3.890000e+003	2.28408312e-001	-3.17159169e+000	7.47307436e+002	0.00000000e+000	3.2665e+014	1.0000e-010	0.0000e+000
3.900000e+003	2.28483042e-001	-3.17151696e+000	7.41103280e+002	0.00000000e+000	3.2570e+014	1.0000e-010	0.0000e+000
3.910000e+003	2.28557153e-001	-3.17144285e+000	7.34916885e+002	0.00000000e+000	3.2477e+014	1.0000e-010	0.0000e+000
3.920000e+003	2.28630644e-001	-3.17136936e+000	7.28748051e+002	0.00000000e+000	3.2385e+014	1.0000e-010	0.0000e+000
3.930000e+003	2.28703519e-001	-3.17129648e+000	7.22596583e+002	0.00000000e+000	3.2294e+014	1.0000e-010	0.0000e+000
3.940000e+003	2.28775779e-001	-3.17122422e+000	7.16462284e+002	0.00000000e+000	3.2204e+014	1.0000e-010	0.0000e+000
3.950000e+003	2.28847425e-001	-3.17115257e+000	7.10344963e+002	0.00000000e+000	3.2114e+014	1.0000e-010	0.0000e+000
3.960000e+003	2.28918460e-001	-3.17108154e+000	7.04244427e+002	0.00000000e+000	3.2026e+014	1.0000e-010	0.0000e+000
3.970000e+003	2.28988884e-001	-3.17101112e+000	6.98160487e+002	0.00000000e+000	3.1939e+014	1.0000e-010	0.0000e+000
3.980000e+003	2.29058700e-001	-3.17094130e+000	6.92092956e+002	0.00000000e+000	3.1853e+014	1.0000e-010	0.0000e+000
3.990000e+003	2.29127909e-001	-3.17087209e+000	6.86041646e+002	0.00000000e+000	3.1768e+014	1.0000e-010	0.0000e+000
4.000000e+003	2.29196513e-001	-3.17080349e+000	6.80006374e+002	0.00000000e+000	3.1684e+014	1.0000e-010	0.0000e+000
4.010000e+003	2.29264514e-001	-3.17073549e+000	6.73986956e+002	0.00000000e+000	3.1601e+014	1.0000e-010	0.0000e+000
4.020000e+003	2.29331913e-001	-3.17066809e+000	6.67983211e+002	0.00000000e+000	3.1518e+014	1.0000e-010	0.0000e+000
4.030000e+003	2.29398711e-001	-3.17060129e+000	6.61994958e+002	0.00000000e+000	3.1437e+014	1.0000e-010	0.0000e+000
4.040000e+003	2.29464911e-001	-3.17053509e+000	6.56022020e+002	0.00000000e+000	3.1357e+014	1.0000e-010	0.0000e+000
4.050000e+003	2.29530513e-001	-3.17046949e+000	6.50064220e+002	0.00000000e+000	3.1277e+014	1.0000e-010	0.0000e+000
4.060000e+003	2.29595519e-001	-3.17040448e+000	6.44121382e+002	0.00000000e+000	3.1199e+014	1.0000e-010	0.0000e+000
4.070000e+003	2.29659931e-001	-3.17034007e+000	6.38193333e+002	0.00000000e+000	3.1121e+014	1.0000e-010	0.0000e+000
4.080000e+003	2.29723751e-001	-3.17027625e+000	6.32279900e+002	0.00000000e+000	3.1044e+014	1.0000e-010	0.0000e+000
4.090000e+003	2.29786979e-001	-3.17021302e+000	6.26380913e+002	0.00000000e+000	3.0968e+014	1.0000e-010	0.0000e+000
4.100000e+003	2.29849617e-001	-3.17015038e+000	6.20496201e+002	0.00000000e+000	3.0893e+014	1.0000e-010	0.0000e+000
4.110000e+003	2.29911666e-001	-3.17008833e+000	6.14625596e+002	0.00000000e+000	3.0819e+014	1.0000e-010	0.0000e+000
4.120000e+003	2.29973129e-001	-3.17002687e+000	6.08768932e+002	0.00000000e+000	3.0746e+014	1.0000e-010	0.0000e+000
4.130000e+003	2.30034006e-001	-3.16996599e+000	6.02926044e+002	0.00000000e+000	3.0674e+014	1.0000e-010	0.0000e+000
4.140000e+003	2.30094298e-001	-3.16990570e+000	5.97096766e+002	0.00000000e+000	3.0602e+014	1.0000e-010	0.0000e+000
4.150000e+003	2.30154008e-001	-3.16984599e+000	5.91280936e+002	0.00000000e+000	3.0532e+014	1.0000e-010	0.0000e+000
4.160000e+003	2.30213136e-001	-3.16978686e+000	5.85478394e+002	0.00000000e+000	3.0462e+014	1.0000e-010	0.0000e+000
4.170000e+003	2.30271684e-001	-3.16972832e+000	5.79688977e+002	0.00000000e+000	3.0393e+014	1.0000e-010	0.0000e+000
4.180000e+003	2.30329653e-001	-3.16967035e+000	5.73912528e+002	0.00000000e+000	3.0325e+014	1.0000e-010	0.0000e+000
4.190000e+003	2.30387044e-001	-3.16961296e+000	5.68148888e+002	0.00000000e+000	3.0258e+014	1.0000e-010	0.0000e+000
4.200000e+003	2.30443859e-001	-3.16955614e+000	5.62397901e+002	0.00000000e+000	3.0191e+014	1.0000e-010	0.0000e+000
4.210000e+003	2.30500099e-001	-3.16949990e+000	5.56659412e+002	0.00000000e+000	3.0126e+014	1.0000e-010	0.0000e+000
4.220000e+003	2.30555765e-001	-3.16944424e+000	5.50933265e+002	0.00000000e+000	3.0061e+014	1.0000e-010	0.0000e+000
4.230000e+003	2.30610858e-001	-3.16938914e+000	5.45219309e+002	0.00000000e+000	2.9997e+014	1.0000e-010	0.0000e+000
4.240000e+003	2.30665380e-001	-3.16933462e+000	5.39517391e+002	0.00000000e+000	2.9934e+014	1.0000e-010	0.0000e+000
4.250000e+003	2.30719332e-001	-3.16928067e+000	5.33827360e+002	0.00000000e+000	2.9871e+014	1.0000e-010	0.0000e+000
4.260000e+003	2.30772715e-001	-3.16922729e+000	5.28149066e+002	0.00000000e+000	2.9810e+014	1.0000e-010	0.0000e+000
4.270000e+003	2.30825530e-001	-3.16917447e+000	5.22482361e+002	0.00000000e+000	2.9749e+014	1.0000e-010	0.0000e+000
4.280000e+003	2.30877778e-001	-3.16912222e+000	5.16827097e+002	0.00000000e+000	2.9689e+014	1.0000e-010	0.0000e+000
4.290000e+003	2.30929460e-001	-3.16907054e+000	5.11183128e+002	0.00000000e+000	2.9630e+014	1.0000e-010	0.0000e+000
4.300000e+003	2.30980579e-001	-3.16901942e+000	5.05550308e+002	0.00000000e+000	2.9571e+014	1.0000e-010	0.0000e+000
4.310000e+003	2.31031134e-001	-3.16896887e+000	4.99928492e+002	0.00000000e+000	2.9513e+014	1.0000e-010	0.0000e+000
4.320000e+003	2.31081127e-001	-3.16891887e+000	4.94317538e+002	0.00000000e+000	2.9456e+014	1.0000e-010	0.0000e+000
4.330000e+003	2.31130558e-001	-3.16886944e+000	4.88717302e+002	0.00000000e+000	2.9400e+014	1.0000e-010	0.0000e+000
4.340000e+003	2.31179430e-001	-3.16882057e+000	4.83127643e+002	0.00000000e+000	2.9344e+014	1.0000e-010	0.0000e+000
4.350000e+003	2.31227743e-001	-3.16877226e+000	4.77548420e+002	0.00000000e+000	2.9290e+014	1.0000e-010	0.0000e+000
4.360000e+003	2.31275498e-001	-3.16872450e+000	4.71979494e+002	0.00000000e+000	2.9236e+014	1.0000e-010	0.0000e+000
4.370000e+003	2.31322696e-001	-3.16867730e+000	4.66420725e+002	0.00000000e+000	2.9182e+014	1.0000e-010	0.0000e+000
4.380000e+003	2.31369338e-001	-3.16863066e+000	4.60871977e+002	0.00000000e+000	2.9130e+014	1.0000e-010	0.0000e+000
4.390000e+003	2.31415425e-001	-3.16858458e+000	4.55333112e+002	0.00000000e+000	2.9078e+014	1.0000e-010	0.0000e+000
4.400000e+003	2.31460958e-001	-3.16853904e+000	4.49803994e+002	0.00000000e+000	2.9027e+014	1.0000e-010	0.0000e+000
4.410000e+003	2.31505939e-001	-3.16849406e+000	4.44284488e+002	0.00000000e+000	2.8976e+014	1.0000e-010	0.0000e+000
4.420000e+003	2.31550367e-001	-3.16844963e+000	4.38774459e+002	0.00000000e+000	2.8926e+014	1.0000e-010	0.0000e+000
4.430000e+003	2.31594245e-001	-3.16840576e+000	4.33273775e+002	0.00000000e+000	2.8877e+014	1.0000e-010	0.0000e+000
4.440000e+003	2.31637572e-001	-3.16836243e+000	4.27782301e+002	0.00000000e+000	2.8829e+014	1.0000e-010	0.0000e+000
4.450000e+003	2.31680350e-001	-3.16831965e+000	4.22299907e+002	0.00000000e+000	2.8781e+014	1.0000e-010	0.0000e+000
4.460000e+003	2.31722580e-001	-3.16827742e+000	4.16826462e+002	0.00000000e+000	2.8734e+014	1.0000e-010	0.0000e+000
4.470000e+003	2.31764263e-001	-3.16823574e+000	4.11361834e+002	0.00000000e+000	2.8688e+014	1.0000e-010	0.0000e+000
4.480000e+003	2.31805399e-001	-3.16819460e+000	4.05905895e+002	0.00000000e+000	2.8643e+014	1.0000e-010	0.0000e+000
4.490000e+003	2.31845990e-001	-3.16815401e+000	4.00458516e+002	0.00000000e+000	2.8598e+014	1.0000e-010	0.0000e+000
4.500000e+003	2.31886035e-001	-3.16811396e+000	3.95019568e+002	0.00000000e+000	2.8553e+014	1.0000e-010	0.0000e+000
4.510000e+003	2.31925537e-001	-3.16807446e+000	3.89588925e+002	0.00000000e+000	2.8510e+014	1.0000e-010	0.0000e+000
4.520000e+003	2.31964496e-001	-3.16803550e+000	3.84166460e+002	0.00000000e+000	2.8467e+014	1.0000e-010	0.0000e+000
4.530000e+003	2.32002913e-001	-3.16799709e+000	3.78752046e+002	0.00000000e+000	2.8425e+014	1.0000e-010	0.0000e+000
4.540000e+003	2.32040788e-001	-3.16795921e+000	3.73345559e+002	0.00000000e+000	2.8383e+014	1.0000e-010	0.0000e+000
4.550000e+003	2.32078123e-001	-3.16792188e+000	3.67946875e+002	0.00000000e+000	2.8342e+014	1.0000e-010	0.0000e+000
4.560000e+003	2.32114917e-001	-3.16788508e+000	3.62555869e+002	0.00000000e+000	2.8302e+014	1.0000e-010	0.0000e+000
4.570000e+003	2.32151173e-001	-3.16784883e+000	3.57172418e+002	0.00000000e+000	2.8262e+014	1.0000e-010	0.0000e+000
4.580000e+003	2.32186890e-001	-3.16781311e+000	3.51796400e+002	0.00000000e+000	2.8223e+014	1.0000e-010	0.0000e+000
4.590000e+003	2.32222070e-001	-3.16777793e+000	3.46427692e+002	0.00000000e+000	2.8185e+014	1.0000e-010	0.0000e+000
4.600000e+003	2.32256713e-001	-3.16774329e+000	3.41066174e+002	0.00000000e+000	2.8147e+014	1.0000e-010	0.0000e+000
4.610000e+003	2.32290819e-001	-3.16770918e+000	3.35711725e+002	0.00000000e+000	2.8110e+014	1.0000e-010	0.0000e+000
4.620000e+003	2.32324390e-001	-3.16767561e+000	3.30364224e+002	0.00000000e+000	2.8073e+014	1.0000e-010	0.0000e+000
4.630000e+003	2.32357427e-001	-3.16764257e+000	3.25023553e+002	0.00000000e+000	2.8037e+014	1.0000e-010	0.0000e+000
4.640000e+003	2.32389929e-001	-3.16761007e+000	3.19689592e+002	0.00000000e+000	2.8002e+014	1.0000e-010	0.0000e+000
4.650000e+003	2.32421898e-001	-3.16757810e+000	3.14362223e+002	0.00000000e+000	2.7968e+014	1.0000e-010	0.0000e+000
4.660000e+003	2.32453334e-001	-3.16754667e+000	3.09041328e+002	0.00000000e+000	2.7934e+014	1.0000e-010	0.0000e+000
4.670000e+003	2.32484238e-001	-3.16751576e+000	3.03726791e+002	0.00000000e+000	2.7900e+014	1.0000e-010	0.0000e+000
4.680000e+003	2.32514611e-001	-3.16748539e+000	2.98418493e+002	0.00000000e+000	2.7867e+014	1.0000e-010	0.0000e+000
4.690000e+003	2.32544453e-001	-3.16745555e+000	2.93116319e+002	0.00000000e+000	2.7835e+014	1.0000e-010	0.0000e+000
4.700000e+003	2.32573765e-001	-3.16742624e+000	2.87820154e+002	0.00000000e+000	2.7804e+014	1.0000e-010	0.0000e+000
4.710000e+003	2.32602547e-001	-3.16739745e+000	2.82529882e+002	0.00000000e+000	2.7773e+014	1.0000e-010	0.0000e+000
4.720000e+003	2.32630800e-001	-3.16736920e+000	2.77245388e+002	0.00000000e+000	2.7743e+014	1.0000e-010	0.0000e+000
4.730000e+003	2.32658524e-001	-3.16734148e+000	2.71966559e+002	0.00000000e+000	2.7713e+014	1.0000e-010	0.0000e+000
4.740000e+003	2.32685721e-001	-3.16731428e+000	2.66693280e+002	0.00000000e+000	2.7684e+014	1.0000e-010	0.0000e+000
4.750000e+003	2.32712390e-001	-3.16728761e+000	2.61425438e+002	0.00000000e+000	2.7655e+014	1.0000e-010	0.0000e+000
4.760000e+003	2.32738533e-001	-3.16726147e+000	2.56162921e+002	0.00000000e+000	2.7627e+014	1.0000e-010	0.0000e+000
4.770000e+003	2.32764149e-001	-3.16723585e+000	2.50905615e+002	0.00000000e+000	2.7600e+014	1.0000e-010	0.0000e+000
4.780000e+003	2.32789240e-001	-3.16721076e+000	2.45653410e+002	0.00000000e+000	2.7573e+014	1.0000e-010	0.0000e+000
4.790000e+003	2.32813805e-001	-3.16718620e+000	2.40406193e+002	0.00000000e+000	2.7547e+014	1.0000e-010	0.0000e+000
4.800000e+003	2.32837846e-001	-3.16716215e+000	2.35163853e+002	0.00000000e+000	2.7521e+014	1.0000e-010	0.0000e+000
4.810000e+003	2.32861362e-001	-3.16713864e+000	2.29926280e+002	0.00000000e+000	2.7496e+014	1.0000e-010	0.0000e+000
4.820000e+003	2.32884355e-001	-3.16711565e+000	2.24693363e+002	0.00000000e+000	2.7472e+014	1.0000e-010	0.0000e+000
4.830000e+003	2.32906824e-001	-3.16709318e+000	2.19464992e+002	0.00000000e+000	2.7448e+014	1.0000e-010	0.0000e+000
4.840000e+003	2.32928770e-001	-3.16707123e+000	2.14241058e+002	0.00000000e+000	2.7425e+014	1.0000e-010	0.0000e+000
4.850000e+003	2.32950194e-001	-3.16704981e+000	2.09021451e+002	0.00000000e+000	2.7402e+014	1.0000e-010	0.0000e+000
4.860000e+003	2.32971097e-001	-3.16702890e+000	2.03806063e+002	0.00000000e+000	2.7380e+014	1.0000e-010	0.0000e+000
4.870000e+003	2.32991477e-001	-3.16700852e+000	1.98594785e+002	0.00000000e+000	2.7358e+014	1.0000e-010	0.0000e+000
4.880000e+003	2.33011337e-001	-3.16698866e+000	1.93387508e+002	0.00000000e+000	2.7337e+014	1.0000e-010	0.0000e+000
4.890000e+003	2.33030675e-001	-3.16696932e+000	1.88184126e+002	0.00000000e+000	2.7317e+014	1.0000e-010	0.0000e+000
4.900000e+003	2.33049494e-001	-3.16695051e+000	1.82984529e+002	0.00000000e+000	2.7297e+014	1.0000e-010	0.0000e+000
4.910000e+003	2.33067792e-001	-3.16693221e+000	1.77788612e+002	0.00000000e+000	2.7278e+014	1.0000e-010	0.0000e+000
4.920000e+003	2.33085571e-001	-3.16691443e+000	1.72596267e+002	0.00000000e+000	2.7259e+014	1.0000e-010	0.0000e+000
4.930000e+003	2.33102831e-001	-3.16689717e+000	1.67407387e+002	0.00000000e+000	2.7241e+014	1.0000e-010	0.0000e+000
4.940000e+003	2.33119572e-001	-3.16688043e+000	1.62221867e+002	0.00000000e+000	2.7223e+014	1.0000e-010	0.0000e+000
4.950000e+003	2.33135794e-001	-3.16686421e+000	1.57039599e+002	0.00000000e+000	2.7206e+014	1.0000e-010	0.0000e+000
4.960000e+003	2.33151498e-001	-3.16684850e+000	1.51860478e+002	0.00000000e+000	2.7189e+014	1.0000e-010	0.0000e+000
4.970000e+003	2.33166684e-001	-3.16683332e+000	1.46684399e+002	0.00000000e+000	2.7173e+014	1.0000e-010	0.0000e+000
4.980000e+003	2.33181352e-001	-3.16681865e+000	1.41511256e+002	0.00000000e+000	2.7158e+014	1.0000e-010	0.0000e+000
4.990000e+003	2.33195503e-001	-3.16680450e+000	1.36340943e+002	0.00000000e+000	2.7143e+014	1.0000e-010	0.0000e+000
5.000000e+003	2.33209137e-001	-3.16679086e+000	1.31173357e+002	0.00000000e+000	2.7129e+014	1.0000e-010	0.0000e+000
5.010000e+003	2.33222255e-001	-3.16677775e+000	1.26008392e+002	0.00000000e+000	2.7115e+014	1.0000e-010	0.0000e+000
5.020000e+003	2.33234856e-001	-3.16676514e+000	1.20845944e+002	0.00000000e+000	2.7102e+014	1.0000e-010	0.0000e+000
5.030000e+003	2.33246940e-001	-3.16675306e+000	1.15685909e+002	0.00000000e+000	2.7089e+014	1.0000e-010	0.0000e+000
5.040000e+003	2.33258509e-001	-3.16674149e+000	1.10528182e+002	0.00000000e+000	2.7077e+014	1.0000e-010	0.0000e+000
5.050000e+003	2.33269562e-001	-3.16673044e+000	1.05372660e+002	0.00000000e+000	2.7065e+014	1.0000e-010	0.0000e+000
5.060000e+003	2.33280099e-001	-3.16671990e+000	1.00219239e+002	0.00000000e+000	2.7054e+014	1.0000e-010	0.0000e+000
5.070000e+003	2.33290121e-001	-3.16670988e+000	9.50678154e+001	0.00000000e+000	2.7044e+014	1.0000e-010	0.0000e+000
5.080000e+003	2.33299628e-001	-3.16670037e+000	8.99182857e+001	0.00000000e+000	2.7034e+014	1.0000e-010	0.0000e+000
5.090000e+003	2.33308619e-001	-3.16669138e+000	8.47705469e+001	0.00000000e+000	2.7025e+014	1.0000e-010	0.0000e+000
5.100000e+003	2.33317096e-001	-3.16668290e+000	7.96244957e+001	0.00000000e+000	2.7016e+014	1.0000e-010	0.0000e+000
5.110000e+003	2.33325059e-001	-3.16667494e+000	7.44800293e+001	0.00000000e+000	2.7007e+014	1.0000e-010	0.0000e+000
5.120000e+003	2.33332507e-001	-3.16666749e+000	6.93370448e+001	0.00000000e+000	2.7000e+014	1.0000e-010	0.0000e+000
5.130000e+003	2.33339441e-001	-3.16666056e+000	6.41954395e+001	0.00000000e+000	2.6992e+014	1.0000e-010	0.0000e+000
5.140000e+003	2.33345860e-001	-3.16665414e+000	5.90551108e+001	0.00000000e+000	2.6986e+014	1.0000e-010	0.0000e+000
5.150000e+003	2.33351766e-001	-3.16664823e+000	5.39159562e+001	0.00000000e+000	2.6980e+014	1.0000e-010	0.0000e+000
5.160000e+003	2.33357157e-001	-3.16664284e+000	4.87778733e+001	0.00000000e+000	2.6974e+014	1.0000e-010	0.0000e+000
5.170000e+003	2.33362035e-001	-3.16663796e+000	4.36407598e+001	0.00000000e+000	2.6969e+014	1.0000e-010	0.0000e+000
5.180000e+003	2.33366399e-001	-3.16663360e+000	3.85045134e+001	0.00000000e+000	2.6964e+014	1.0000e-010	0.0000e+000
5.190000e+003	2.33370250e-001	-3.16662975e+000	3.33690320e+001	0.00000000e+000	2.6960e+014	1.0000e-010	0.0000e+000
5.200000e+003	2.33373586e-001	-3.16662641e+000	2.82342133e+001	0.00000000e+000	2.6957e+014	1.0000e-010	0.0000e+000
5.210000e+003	2.33376410e-001	-3.16662359e+000	2.30999555e+001	0.00000000e+000	2.6954e+014	1.0000e-010	0.0000e+000
5.220000e+003	2.33378720e-001	-3.16662128e+000	1.79661564e+001	0.00000000e+000	2.6951e+014	1.0000e-010	0.0000e+000
5.230000e+003	2.33380517e-001	-3.16661948e+000	1.28327140e+001	0.00000000e+000	2.6950e+014	1.0000e-010	0.0000e+000
5.240000e+003	2.33381800e-001	-3.16661820e+000	7.69952649e+000	0.00000000e+000	2.6948e+014	1.0000e-010	0.0000e+000
5.250000e+003	2.33382570e-001	-3.16661743e+000	2.56649185e+000	0.00000000e+000	2.6947e+014	1.0000e-010	0.0000e+000
5.260000e+003	2.33382826e-001	-3.16661717e+000	2.56649185e+000	0.00000000e+000	2.6947e+014	1.0000e-010	0.0000e+000
