Y (ang)	Ec (eV)	Ev (eV)	E (V/cm)	Ef (eV)	n (cm-3)	p (cm-3)	Nd - Na (cm-3)
0.000000e+000	-6.40000000e+000	-9.80000000e+000	3.82511815e+007	-7.00000000e+000	1.8691e+008	1.0000e-010	0.0000e+000
1.000000e+001	-2.01488185e+000	-6.11488185e+000	1.38406386e+007	0.00000000e+000	1.1622e+021	1.0000e-010	-1.3848e+020
2.000000e+001	-1.19081799e+000	-4.59081799e+000	6.05214824e+006	0.00000000e+000	5.2826e+020	1.0000e-010	1.3848e+020
3.000000e+001	-5.62269831e-001	-3.99143650e+000	2.67921350e+006	0.00000000e+000	1.7176e+020	1.0000e-010	-5.4742e+018
4.000000e+001	-2.71015148e-001	-3.72934848e+000	1.47002793e+006	0.00000000e+000	5.7998e+019	1.0000e-010	-5.4999e+018
5.000000e+001	-1.00679022e-001	-3.58817902e+000	1.09949926e+006	0.00000000e+000	1.3948e+019	1.0000e-010	-5.5256e+018
6.000000e+001	3.26042375e-002	-3.48406243e+000	9.83389981e+005	0.00000000e+000	5.8093e+017	1.0000e-010	-5.5514e+018
7.000000e+001	1.54276569e-001	-3.39155676e+000	8.77548025e+005	0.00000000e+000	5.7472e+015	1.0000e-010	-5.5771e+018
8.000000e+001	2.65364705e-001	-3.30963530e+000	7.71087676e+005	0.00000000e+000	7.8209e+013	1.0000e-010	-5.6029e+018
9.000000e+001	3.65806806e-001	-3.23835986e+000	6.63899539e+005	0.00000000e+000	1.6066e+012	1.0000e-010	-5.6286e+018
1.000000e+002	4.55530093e-001	-3.17780324e+000	5.55979758e+005	0.00000000e+000	4.9960e+010	1.0000e-010	-5.6543e+018
1.100000e+002	5.34461402e-001	-3.12803860e+000	4.47325871e+005	0.00000000e+000	2.3585e+009	1.0000e-010	-5.6801e+018
1.200000e+002	6.02527322e-001	-3.08913934e+000	3.37935436e+005	0.00000000e+000	1.6950e+008	1.0000e-010	-5.7058e+018
1.300000e+002	6.59654199e-001	-3.06117913e+000	2.27806002e+005	0.00000000e+000	1.8599e+007	1.0000e-010	-5.7315e+018
1.400000e+002	7.05768133e-001	-3.04423187e+000	1.16935104e+005	0.00000000e+000	3.1247e+006	1.0000e-010	-5.7573e+018
1.500000e+002	7.40794977e-001	-3.03837169e+000	5.32026814e+003	0.00000000e+000	8.0608e+005	1.0000e-010	-5.7830e+018
1.600000e+002	7.64660337e-001	-3.04367300e+000	-1.07040990e+005	0.00000000e+000	3.2023e+005	1.0000e-010	-5.8087e+018
1.700000e+002	7.77289571e-001	-3.06021043e+000	-2.20151168e+005	0.00000000e+000	1.9647e+005	1.0000e-010	-5.8345e+018
1.800000e+002	7.78607787e-001	-3.08805888e+000	-3.34012773e+005	0.00000000e+000	1.8670e+005	1.0000e-010	-5.8602e+018
1.900000e+002	7.68539844e-001	-3.12729349e+000	-4.48628323e+005	0.00000000e+000	2.7560e+005	1.0000e-010	-5.8859e+018
2.000000e+002	7.47010344e-001	-3.17798966e+000	-5.64000349e+005	0.00000000e+000	6.3382e+005	1.0000e-010	-5.9117e+018
2.100000e+002	7.13943643e-001	-3.24022302e+000	-6.80131393e+005	0.00000000e+000	2.2775e+006	1.0000e-010	-5.9374e+018
2.200000e+002	6.69263837e-001	-3.31406950e+000	-7.97024005e+005	0.00000000e+000	1.2825e+007	1.0000e-010	-5.9631e+018
2.300000e+002	6.12894770e-001	-3.39960523e+000	-9.14680752e+005	0.00000000e+000	1.1350e+008	1.0000e-010	-5.9889e+018
2.400000e+002	5.44760028e-001	-3.49690664e+000	-1.03310421e+006	0.00000000e+000	1.5835e+009	1.0000e-010	-6.0146e+018
2.500000e+002	4.64782940e-001	-3.60605039e+000	-1.15229696e+006	0.00000000e+000	3.4928e+010	1.0000e-010	-6.0404e+018
2.600000e+002	-1.87113423e-001	-3.58711342e+000	7.57104791e+005	0.00000000e+000	3.3699e+019	1.0000e-010	1.3242e+020
2.700000e+002	-1.11402944e-001	-3.51140294e+000	4.52429490e+005	0.00000000e+000	1.5996e+019	1.0000e-010	0.0000e+000
2.800000e+002	-6.61599946e-002	-3.46615999e+000	2.95324882e+005	0.00000000e+000	8.2480e+018	1.0000e-010	0.0000e+000
2.900000e+002	-3.66275064e-002	-3.43662751e+000	2.08335945e+005	0.00000000e+000	4.5669e+018	1.0000e-010	0.0000e+000
3.000000e+002	-1.57939119e-002	-3.41579391e+000	1.56672947e+005	0.00000000e+000	2.7123e+018	1.0000e-010	0.0000e+000
3.100000e+002	-1.26617134e-004	-3.40012662e+000	1.23826226e+005	0.00000000e+000	1.7245e+018	1.0000e-010	0.0000e+000
3.200000e+002	1.22560054e-002	-3.38774399e+000	1.01631157e+005	0.00000000e+000	1.1652e+018	1.0000e-010	0.0000e+000
3.300000e+002	2.24191211e-002	-3.37758088e+000	8.58446186e+004	0.00000000e+000	8.2880e+017	1.0000e-010	0.0000e+000
3.400000e+002	3.10035830e-002	-3.36899642e+000	7.41344856e+004	0.00000000e+000	6.1478e+017	1.0000e-010	0.0000e+000
3.500000e+002	3.84170316e-002	-3.36158297e+000	6.51458110e+004	0.00000000e+000	4.7191e+017	1.0000e-010	0.0000e+000
3.600000e+002	4.49316127e-002	-3.35506839e+000	5.80502640e+004	0.00000000e+000	3.7252e+017	1.0000e-010	0.0000e+000
3.700000e+002	5.07366391e-002	-3.34926336e+000	5.23181714e+004	0.00000000e+000	3.0094e+017	1.0000e-010	0.0000e+000
3.800000e+002	5.59684562e-002	-3.34403154e+000	4.75973464e+004	0.00000000e+000	2.4784e+017	1.0000e-010	0.0000e+000
3.900000e+002	6.07281908e-002	-3.33927181e+000	4.36455725e+004	0.00000000e+000	2.0747e+017	1.0000e-010	0.0000e+000
4.000000e+002	6.50927481e-002	-3.33490725e+000	4.02913249e+004	0.00000000e+000	1.7610e+017	1.0000e-010	0.0000e+000
4.100000e+002	6.91218806e-002	-3.33087812e+000	3.74100144e+004	0.00000000e+000	1.5127e+017	1.0000e-010	0.0000e+000
4.200000e+002	7.28628820e-002	-3.32713712e+000	3.49091138e+004	0.00000000e+000	1.3130e+017	1.0000e-010	0.0000e+000
4.300000e+002	7.63537934e-002	-3.32364621e+000	3.27185546e+004	0.00000000e+000	1.1500e+017	1.0000e-010	0.0000e+000
4.400000e+002	7.96256489e-002	-3.32037435e+000	3.07843534e+004	0.00000000e+000	1.0155e+017	1.0000e-010	0.0000e+000
4.500000e+002	8.27040842e-002	-3.31729592e+000	2.90642783e+004	0.00000000e+000	9.0304e+016	1.0000e-010	0.0000e+000
4.600000e+002	8.56105120e-002	-3.31438949e+000	2.75248348e+004	0.00000000e+000	8.0821e+016	1.0000e-010	0.0000e+000
4.700000e+002	8.83629955e-002	-3.31163700e+000	2.61391305e+004	0.00000000e+000	7.2750e+016	1.0000e-010	0.0000e+000
4.800000e+002	9.09769086e-002	-3.30902309e+000	2.48853321e+004	0.00000000e+000	6.5825e+016	1.0000e-010	0.0000e+000
4.900000e+002	9.34654418e-002	-3.30653456e+000	2.37455353e+004	0.00000000e+000	5.9840e+016	1.0000e-010	0.0000e+000
5.000000e+002	9.58399953e-002	-3.30416000e+000	2.27049221e+004	0.00000000e+000	5.4632e+016	1.0000e-010	0.0000e+000
5.100000e+002	9.81104875e-002	-3.30188951e+000	2.17511265e+004	0.00000000e+000	5.0074e+016	1.0000e-010	0.0000e+000
5.200000e+002	1.00285600e-001	-3.29971440e+000	2.08737486e+004	0.00000000e+000	4.6062e+016	1.0000e-010	0.0000e+000
5.300000e+002	1.02372975e-001	-3.29762702e+000	2.00639805e+004	0.00000000e+000	4.2513e+016	1.0000e-010	0.0000e+000
5.400000e+002	1.04379373e-001	-3.29562063e+000	1.93096992e+004	0.00000000e+000	3.9600e+016	1.0000e-010	0.0000e+000
5.500000e+002	1.06310343e-001	-3.29368966e+000	1.86097049e+004	0.00000000e+000	3.6750e+016	1.0000e-010	0.0000e+000
5.600000e+002	1.08171313e-001	-3.29182869e+000	1.79583293e+004	0.00000000e+000	3.4197e+016	1.0000e-010	0.0000e+000
5.700000e+002	1.09967146e-001	-3.29003285e+000	1.73506662e+004	0.00000000e+000	3.1902e+016	1.0000e-010	0.0000e+000
5.800000e+002	1.11702213e-001	-3.28829779e+000	1.67824482e+004	0.00000000e+000	2.9832e+016	1.0000e-010	0.0000e+000
5.900000e+002	1.13380458e-001	-3.28661954e+000	1.62499456e+004	0.00000000e+000	2.7956e+016	1.0000e-010	0.0000e+000
6.000000e+002	1.15005452e-001	-3.28499455e+000	1.57498846e+004	0.00000000e+000	2.6253e+016	1.0000e-010	0.0000e+000
6.100000e+002	1.16580441e-001	-3.28341956e+000	1.52793795e+004	0.00000000e+000	2.4702e+016	1.0000e-010	0.0000e+000
6.200000e+002	1.18108379e-001	-3.28189162e+000	1.48358770e+004	0.00000000e+000	2.3284e+016	1.0000e-010	0.0000e+000
6.300000e+002	1.19591967e-001	-3.28040803e+000	1.44171095e+004	0.00000000e+000	2.1985e+016	1.0000e-010	0.0000e+000
6.400000e+002	1.21033677e-001	-3.27896632e+000	1.40210566e+004	0.00000000e+000	2.0793e+016	1.0000e-010	0.0000e+000
6.500000e+002	1.22435783e-001	-3.27756422e+000	1.36459118e+004	0.00000000e+000	1.9695e+016	1.0000e-010	0.0000e+000
6.600000e+002	1.23800374e-001	-3.27619963e+000	1.32900555e+004	0.00000000e+000	1.8683e+016	1.0000e-010	0.0000e+000
6.700000e+002	1.25129380e-001	-3.27487062e+000	1.29520308e+004	0.00000000e+000	1.7746e+016	1.0000e-010	0.0000e+000
6.800000e+002	1.26424583e-001	-3.27357542e+000	1.26305241e+004	0.00000000e+000	1.6879e+016	1.0000e-010	0.0000e+000
6.900000e+002	1.27687635e-001	-3.27231236e+000	1.23243478e+004	0.00000000e+000	1.6074e+016	1.0000e-010	0.0000e+000
7.000000e+002	1.28920070e-001	-3.27107993e+000	1.20324252e+004	0.00000000e+000	1.5326e+016	1.0000e-010	0.0000e+000
7.100000e+002	1.30123313e-001	-3.26987669e+000	1.17537785e+004	0.00000000e+000	1.4629e+016	1.0000e-010	0.0000e+000
7.200000e+002	1.31298691e-001	-3.26870131e+000	1.14875169e+004	0.00000000e+000	1.3979e+016	1.0000e-010	0.0000e+000
7.300000e+002	1.32447442e-001	-3.26755256e+000	1.12328278e+004	0.00000000e+000	1.3371e+016	1.0000e-010	0.0000e+000
7.400000e+002	1.33570725e-001	-3.26642928e+000	1.09889681e+004	0.00000000e+000	1.2803e+016	1.0000e-010	0.0000e+000
7.500000e+002	1.34669622e-001	-3.26533038e+000	1.07552570e+004	0.00000000e+000	1.2270e+016	1.0000e-010	0.0000e+000
7.600000e+002	1.35745147e-001	-3.26425485e+000	1.05310695e+004	0.00000000e+000	1.1770e+016	1.0000e-010	0.0000e+000
7.700000e+002	1.36798254e-001	-3.26320175e+000	1.03158310e+004	0.00000000e+000	1.1300e+016	1.0000e-010	0.0000e+000
7.800000e+002	1.37829838e-001	-3.26217016e+000	1.01090122e+004	0.00000000e+000	1.0858e+016	1.0000e-010	0.0000e+000
7.900000e+002	1.38840739e-001	-3.26115926e+000	9.91012463e+003	0.00000000e+000	1.0442e+016	1.0000e-010	0.0000e+000
8.000000e+002	1.39831751e-001	-3.26016825e+000	9.71871695e+003	0.00000000e+000	1.0049e+016	1.0000e-010	0.0000e+000
8.100000e+002	1.40803623e-001	-3.25919638e+000	9.53437141e+003	0.00000000e+000	9.6782e+015	1.0000e-010	0.0000e+000
8.200000e+002	1.41757060e-001	-3.25824294e+000	9.35670080e+003	0.00000000e+000	9.3277e+015	1.0000e-010	0.0000e+000
8.300000e+002	1.42692730e-001	-3.25730727e+000	9.18534570e+003	0.00000000e+000	8.9962e+015	1.0000e-010	0.0000e+000
8.400000e+002	1.43611265e-001	-3.25638874e+000	9.01997205e+003	0.00000000e+000	8.6821e+015	1.0000e-010	0.0000e+000
8.500000e+002	1.44513262e-001	-3.25548674e+000	8.86026892e+003	0.00000000e+000	8.3844e+015	1.0000e-010	0.0000e+000
8.600000e+002	1.45399289e-001	-3.25460071e+000	8.70594657e+003	0.00000000e+000	8.1019e+015	1.0000e-010	0.0000e+000
8.700000e+002	1.46269883e-001	-3.25373012e+000	8.55673467e+003	0.00000000e+000	7.8336e+015	1.0000e-010	0.0000e+000
8.800000e+002	1.47125557e-001	-3.25287444e+000	8.41238068e+003	0.00000000e+000	7.5786e+015	1.0000e-010	0.0000e+000
8.900000e+002	1.47966795e-001	-3.25203321e+000	8.27264845e+003	0.00000000e+000	7.3360e+015	1.0000e-010	0.0000e+000
9.000000e+002	1.48794060e-001	-3.25120594e+000	8.13731687e+003	0.00000000e+000	7.1049e+015	1.0000e-010	0.0000e+000
9.100000e+002	1.49607792e-001	-3.25039221e+000	8.00617871e+003	0.00000000e+000	6.8848e+015	1.0000e-010	0.0000e+000
9.200000e+002	1.50408409e-001	-3.24959159e+000	7.87903957e+003	0.00000000e+000	6.6748e+015	1.0000e-010	0.0000e+000
9.300000e+002	1.51196313e-001	-3.24880369e+000	7.75571686e+003	0.00000000e+000	6.4745e+015	1.0000e-010	0.0000e+000
9.400000e+002	1.51971885e-001	-3.24802811e+000	7.63603895e+003	0.00000000e+000	6.2831e+015	1.0000e-010	0.0000e+000
9.500000e+002	1.52735489e-001	-3.24726451e+000	7.51984432e+003	0.00000000e+000	6.1002e+015	1.0000e-010	0.0000e+000
9.600000e+002	1.53487473e-001	-3.24651253e+000	7.40698089e+003	0.00000000e+000	5.9253e+015	1.0000e-010	0.0000e+000
9.700000e+002	1.54228171e-001	-3.24577183e+000	7.29730528e+003	0.00000000e+000	5.7580e+015	1.0000e-010	0.0000e+000
9.800000e+002	1.54957902e-001	-3.24504210e+000	7.19068222e+003	0.00000000e+000	5.5977e+015	1.0000e-010	0.0000e+000
9.900000e+002	1.55676970e-001	-3.24432303e+000	7.08698400e+003	0.00000000e+000	5.4442e+015	1.0000e-010	0.0000e+000
1.000000e+003	1.56385669e-001	-3.24361433e+000	6.98608992e+003	0.00000000e+000	5.2970e+015	1.0000e-010	0.0000e+000
1.010000e+003	1.57084278e-001	-3.24291572e+000	6.88788583e+003	0.00000000e+000	5.1557e+015	1.0000e-010	0.0000e+000
1.020000e+003	1.57773066e-001	-3.24222693e+000	6.79226369e+003	0.00000000e+000	5.0202e+015	1.0000e-010	0.0000e+000
1.030000e+003	1.58452293e-001	-3.24154771e+000	6.69912119e+003	0.00000000e+000	4.8900e+015	1.0000e-010	0.0000e+000
1.040000e+003	1.59122205e-001	-3.24087780e+000	6.60836131e+003	0.00000000e+000	4.7649e+015	1.0000e-010	0.0000e+000
1.050000e+003	1.59783041e-001	-3.24021696e+000	6.51989206e+003	0.00000000e+000	4.6446e+015	1.0000e-010	0.0000e+000
1.060000e+003	1.60435030e-001	-3.23956497e+000	6.43362612e+003	0.00000000e+000	4.5290e+015	1.0000e-010	0.0000e+000
1.070000e+003	1.61078393e-001	-3.23892161e+000	6.34948052e+003	0.00000000e+000	4.4177e+015	1.0000e-010	0.0000e+000
1.080000e+003	1.61713341e-001	-3.23828666e+000	6.26737645e+003	0.00000000e+000	4.3105e+015	1.0000e-010	0.0000e+000
1.090000e+003	1.62340078e-001	-3.23765992e+000	6.18723892e+003	0.00000000e+000	4.2072e+015	1.0000e-010	0.0000e+000
1.100000e+003	1.62958802e-001	-3.23704120e+000	6.10899657e+003	0.00000000e+000	4.1077e+015	1.0000e-010	0.0000e+000
1.110000e+003	1.63569702e-001	-3.23643030e+000	6.03258147e+003	0.00000000e+000	4.0118e+015	1.0000e-010	0.0000e+000
1.120000e+003	1.64172960e-001	-3.23582704e+000	5.95792887e+003	0.00000000e+000	3.9193e+015	1.0000e-010	0.0000e+000
1.130000e+003	1.64768753e-001	-3.23523125e+000	5.88497707e+003	0.00000000e+000	3.8300e+015	1.0000e-010	0.0000e+000
1.140000e+003	1.65357251e-001	-3.23464275e+000	5.81366719e+003	0.00000000e+000	3.7438e+015	1.0000e-010	0.0000e+000
1.150000e+003	1.65938617e-001	-3.23406138e+000	5.74394305e+003	0.00000000e+000	3.6605e+015	1.0000e-010	0.0000e+000
1.160000e+003	1.66513012e-001	-3.23348699e+000	5.67575100e+003	0.00000000e+000	3.5801e+015	1.0000e-010	0.0000e+000
1.170000e+003	1.67080587e-001	-3.23291941e+000	5.60903978e+003	0.00000000e+000	3.5024e+015	1.0000e-010	0.0000e+000
1.180000e+003	1.67641491e-001	-3.23235851e+000	5.54376038e+003	0.00000000e+000	3.4272e+015	1.0000e-010	0.0000e+000
1.190000e+003	1.68195867e-001	-3.23180413e+000	5.47986595e+003	0.00000000e+000	3.3545e+015	1.0000e-010	0.0000e+000
1.200000e+003	1.68743853e-001	-3.23125615e+000	5.41731163e+003	0.00000000e+000	3.2841e+015	1.0000e-010	0.0000e+000
1.210000e+003	1.69285584e-001	-3.23071442e+000	5.35605452e+003	0.00000000e+000	3.2160e+015	1.0000e-010	0.0000e+000
1.220000e+003	1.69821190e-001	-3.23017881e+000	5.29605347e+003	0.00000000e+000	3.1501e+015	1.0000e-010	0.0000e+000
1.230000e+003	1.70350795e-001	-3.22964920e+000	5.23726911e+003	0.00000000e+000	3.0862e+015	1.0000e-010	0.0000e+000
1.240000e+003	1.70874522e-001	-3.22912548e+000	5.17966366e+003	0.00000000e+000	3.0243e+015	1.0000e-010	0.0000e+000
1.250000e+003	1.71392489e-001	-3.22860751e+000	5.12320090e+003	0.00000000e+000	2.9643e+015	1.0000e-010	0.0000e+000
1.260000e+003	1.71904809e-001	-3.22809519e+000	5.06784607e+003	0.00000000e+000	2.9061e+015	1.0000e-010	0.0000e+000
1.270000e+003	1.72411593e-001	-3.22758841e+000	5.01356581e+003	0.00000000e+000	2.8497e+015	1.0000e-010	0.0000e+000
1.280000e+003	1.72912950e-001	-3.22708705e+000	4.96032809e+003	0.00000000e+000	2.7950e+015	1.0000e-010	0.0000e+000
1.290000e+003	1.73408983e-001	-3.22659102e+000	4.90810212e+003	0.00000000e+000	2.7419e+015	1.0000e-010	0.0000e+000
1.300000e+003	1.73899793e-001	-3.22610021e+000	4.85685833e+003	0.00000000e+000	2.6903e+015	1.0000e-010	0.0000e+000
1.310000e+003	1.74385479e-001	-3.22561452e+000	4.80656828e+003	0.00000000e+000	2.6402e+015	1.0000e-010	0.0000e+000
1.320000e+003	1.74866136e-001	-3.22513386e+000	4.75720461e+003	0.00000000e+000	2.5916e+015	1.0000e-010	0.0000e+000
1.330000e+003	1.75341856e-001	-3.22465814e+000	4.70874102e+003	0.00000000e+000	2.5443e+015	1.0000e-010	0.0000e+000
1.340000e+003	1.75812730e-001	-3.22418727e+000	4.66115216e+003	0.00000000e+000	2.4984e+015	1.0000e-010	0.0000e+000
1.350000e+003	1.76278845e-001	-3.22372115e+000	4.61441364e+003	0.00000000e+000	2.4538e+015	1.0000e-010	0.0000e+000
1.360000e+003	1.76740287e-001	-3.22325971e+000	4.56850198e+003	0.00000000e+000	2.4104e+015	1.0000e-010	0.0000e+000
1.370000e+003	1.77197137e-001	-3.22280286e+000	4.52339453e+003	0.00000000e+000	2.3681e+015	1.0000e-010	0.0000e+000
1.380000e+003	1.77649476e-001	-3.22235052e+000	4.47906947e+003	0.00000000e+000	2.3271e+015	1.0000e-010	0.0000e+000
1.390000e+003	1.78097383e-001	-3.22190262e+000	4.43550577e+003	0.00000000e+000	2.2871e+015	1.0000e-010	0.0000e+000
1.400000e+003	1.78540934e-001	-3.22145907e+000	4.39268312e+003	0.00000000e+000	2.2482e+015	1.0000e-010	0.0000e+000
1.410000e+003	1.78980202e-001	-3.22101980e+000	4.35058196e+003	0.00000000e+000	2.2103e+015	1.0000e-010	0.0000e+000
1.420000e+003	1.79415260e-001	-3.22058474e+000	4.30918338e+003	0.00000000e+000	2.1734e+015	1.0000e-010	0.0000e+000
1.430000e+003	1.79846179e-001	-3.22015382e+000	4.26846914e+003	0.00000000e+000	2.1375e+015	1.0000e-010	0.0000e+000
1.440000e+003	1.80273026e-001	-3.21972697e+000	4.22842162e+003	0.00000000e+000	2.1025e+015	1.0000e-010	0.0000e+000
1.450000e+003	1.80695868e-001	-3.21930413e+000	4.18902380e+003	0.00000000e+000	2.0684e+015	1.0000e-010	0.0000e+000
1.460000e+003	1.81114770e-001	-3.21888523e+000	4.15025924e+003	0.00000000e+000	2.0351e+015	1.0000e-010	0.0000e+000
1.470000e+003	1.81529796e-001	-3.21847020e+000	4.11211203e+003	0.00000000e+000	2.0027e+015	1.0000e-010	0.0000e+000
1.480000e+003	1.81941007e-001	-3.21805899e+000	4.07456680e+003	0.00000000e+000	1.9711e+015	1.0000e-010	0.0000e+000
1.490000e+003	1.82348464e-001	-3.21765154e+000	4.03760869e+003	0.00000000e+000	1.9403e+015	1.0000e-010	0.0000e+000
1.500000e+003	1.82752225e-001	-3.21724778e+000	4.00122331e+003	0.00000000e+000	1.9102e+015	1.0000e-010	0.0000e+000
1.510000e+003	1.83152347e-001	-3.21684765e+000	3.96539675e+003	0.00000000e+000	1.8809e+015	1.0000e-010	0.0000e+000
1.520000e+003	1.83548887e-001	-3.21645111e+000	3.93011554e+003	0.00000000e+000	1.8523e+015	1.0000e-010	0.0000e+000
1.530000e+003	1.83941898e-001	-3.21605810e+000	3.89536662e+003	0.00000000e+000	1.8243e+015	1.0000e-010	0.0000e+000
1.540000e+003	1.84331435e-001	-3.21566856e+000	3.86113738e+003	0.00000000e+000	1.7970e+015	1.0000e-010	0.0000e+000
1.550000e+003	1.84717549e-001	-3.21528245e+000	3.82741557e+003	0.00000000e+000	1.7704e+015	1.0000e-010	0.0000e+000
1.560000e+003	1.85100290e-001	-3.21489971e+000	3.79418934e+003	0.00000000e+000	1.7444e+015	1.0000e-010	0.0000e+000
1.570000e+003	1.85479709e-001	-3.21452029e+000	3.76144719e+003	0.00000000e+000	1.7190e+015	1.0000e-010	0.0000e+000
1.580000e+003	1.85855854e-001	-3.21414415e+000	3.72917799e+003	0.00000000e+000	1.6941e+015	1.0000e-010	0.0000e+000
1.590000e+003	1.86228772e-001	-3.21377123e+000	3.69737094e+003	0.00000000e+000	1.6699e+015	1.0000e-010	0.0000e+000
1.600000e+003	1.86598509e-001	-3.21340149e+000	3.66601556e+003	0.00000000e+000	1.6462e+015	1.0000e-010	0.0000e+000
1.610000e+003	1.86965110e-001	-3.21303489e+000	3.63510168e+003	0.00000000e+000	1.6230e+015	1.0000e-010	0.0000e+000
1.620000e+003	1.87328621e-001	-3.21267138e+000	3.60461944e+003	0.00000000e+000	1.6003e+015	1.0000e-010	0.0000e+000
1.630000e+003	1.87689083e-001	-3.21231092e+000	3.57455928e+003	0.00000000e+000	1.5782e+015	1.0000e-010	0.0000e+000
1.640000e+003	1.88046538e-001	-3.21195346e+000	3.54491191e+003	0.00000000e+000	1.5565e+015	1.0000e-010	0.0000e+000
1.650000e+003	1.88401030e-001	-3.21159897e+000	3.51566829e+003	0.00000000e+000	1.5353e+015	1.0000e-010	0.0000e+000
1.660000e+003	1.88752597e-001	-3.21124740e+000	3.48681967e+003	0.00000000e+000	1.5146e+015	1.0000e-010	0.0000e+000
1.670000e+003	1.89101278e-001	-3.21089872e+000	3.45835754e+003	0.00000000e+000	1.4943e+015	1.0000e-010	0.0000e+000
1.680000e+003	1.89447114e-001	-3.21055289e+000	3.43027362e+003	0.00000000e+000	1.4744e+015	1.0000e-010	0.0000e+000
1.690000e+003	1.89790142e-001	-3.21020986e+000	3.40255989e+003	0.00000000e+000	1.4550e+015	1.0000e-010	0.0000e+000
1.700000e+003	1.90130398e-001	-3.20986960e+000	3.37520853e+003	0.00000000e+000	1.4360e+015	1.0000e-010	0.0000e+000
1.710000e+003	1.90467918e-001	-3.20953208e+000	3.34821194e+003	0.00000000e+000	1.4173e+015	1.0000e-010	0.0000e+000
1.720000e+003	1.90802740e-001	-3.20919726e+000	3.32156274e+003	0.00000000e+000	1.3991e+015	1.0000e-010	0.0000e+000
1.730000e+003	1.91134896e-001	-3.20886510e+000	3.29525375e+003	0.00000000e+000	1.3812e+015	1.0000e-010	0.0000e+000
1.740000e+003	1.91464421e-001	-3.20853558e+000	3.26927799e+003	0.00000000e+000	1.3637e+015	1.0000e-010	0.0000e+000
1.750000e+003	1.91791349e-001	-3.20820865e+000	3.24362865e+003	0.00000000e+000	1.3466e+015	1.0000e-010	0.0000e+000
1.760000e+003	1.92115712e-001	-3.20788429e+000	3.21829911e+003	0.00000000e+000	1.3298e+015	1.0000e-010	0.0000e+000
1.770000e+003	1.92437542e-001	-3.20756246e+000	3.19328295e+003	0.00000000e+000	1.3134e+015	1.0000e-010	0.0000e+000
1.780000e+003	1.92756870e-001	-3.20724313e+000	3.16857390e+003	0.00000000e+000	1.2972e+015	1.0000e-010	0.0000e+000
1.790000e+003	1.93073728e-001	-3.20692627e+000	3.14416584e+003	0.00000000e+000	1.2814e+015	1.0000e-010	0.0000e+000
1.800000e+003	1.93388144e-001	-3.20661186e+000	3.12005284e+003	0.00000000e+000	1.2659e+015	1.0000e-010	0.0000e+000
1.810000e+003	1.93700149e-001	-3.20629985e+000	3.09622911e+003	0.00000000e+000	1.2507e+015	1.0000e-010	0.0000e+000
1.820000e+003	1.94009772e-001	-3.20599023e+000	3.07268901e+003	0.00000000e+000	1.2359e+015	1.0000e-010	0.0000e+000
1.830000e+003	1.94317041e-001	-3.20568296e+000	3.04942704e+003	0.00000000e+000	1.2213e+015	1.0000e-010	0.0000e+000
1.840000e+003	1.94621984e-001	-3.20537802e+000	3.02643785e+003	0.00000000e+000	1.2069e+015	1.0000e-010	0.0000e+000
1.850000e+003	1.94924628e-001	-3.20507537e+000	3.00371623e+003	0.00000000e+000	1.1929e+015	1.0000e-010	0.0000e+000
1.860000e+003	1.95224999e-001	-3.20477500e+000	2.98125707e+003	0.00000000e+000	1.1791e+015	1.0000e-010	0.0000e+000
1.870000e+003	1.95523125e-001	-3.20447687e+000	2.95905543e+003	0.00000000e+000	1.1656e+015	1.0000e-010	0.0000e+000
1.880000e+003	1.95819031e-001	-3.20418097e+000	2.93710646e+003	0.00000000e+000	1.1523e+015	1.0000e-010	0.0000e+000
1.890000e+003	1.96112741e-001	-3.20388726e+000	2.91540545e+003	0.00000000e+000	1.1393e+015	1.0000e-010	0.0000e+000
1.900000e+003	1.96404282e-001	-3.20359572e+000	2.89394779e+003	0.00000000e+000	1.1265e+015	1.0000e-010	0.0000e+000
1.910000e+003	1.96693677e-001	-3.20330632e+000	2.87272899e+003	0.00000000e+000	1.1140e+015	1.0000e-010	0.0000e+000
1.920000e+003	1.96980949e-001	-3.20301905e+000	2.85174468e+003	0.00000000e+000	1.1017e+015	1.0000e-010	0.0000e+000
1.930000e+003	1.97266124e-001	-3.20273388e+000	2.83099058e+003	0.00000000e+000	1.0896e+015	1.0000e-010	0.0000e+000
1.940000e+003	1.97549223e-001	-3.20245078e+000	2.81046251e+003	0.00000000e+000	1.0777e+015	1.0000e-010	0.0000e+000
1.950000e+003	1.97830269e-001	-3.20216973e+000	2.79015639e+003	0.00000000e+000	1.0661e+015	1.0000e-010	0.0000e+000
1.960000e+003	1.98109285e-001	-3.20189072e+000	2.77006826e+003	0.00000000e+000	1.0546e+015	1.0000e-010	0.0000e+000
1.970000e+003	1.98386292e-001	-3.20161371e+000	2.75019423e+003	0.00000000e+000	1.0434e+015	1.0000e-010	0.0000e+000
1.980000e+003	1.98661311e-001	-3.20133869e+000	2.73053050e+003	0.00000000e+000	1.0323e+015	1.0000e-010	0.0000e+000
1.990000e+003	1.98934364e-001	-3.20106564e+000	2.71107337e+003	0.00000000e+000	1.0215e+015	1.0000e-010	0.0000e+000
2.000000e+003	1.99205471e-001	-3.20079453e+000	2.69181922e+003	0.00000000e+000	1.0108e+015	1.0000e-010	0.0000e+000
2.010000e+003	1.99474653e-001	-3.20052535e+000	2.67276451e+003	0.00000000e+000	1.0004e+015	1.0000e-010	0.0000e+000
2.020000e+003	1.99741930e-001	-3.20025807e+000	2.65390578e+003	0.00000000e+000	9.9009e+014	1.0000e-010	0.0000e+000
2.030000e+003	2.00007320e-001	-3.19999268e+000	2.63523967e+003	0.00000000e+000	9.7997e+014	1.0000e-010	0.0000e+000
2.040000e+003	2.00270844e-001	-3.19972916e+000	2.61676286e+003	0.00000000e+000	9.7004e+014	1.0000e-010	0.0000e+000
2.050000e+003	2.00532521e-001	-3.19946748e+000	2.59847214e+003	0.00000000e+000	9.6027e+014	1.0000e-010	0.0000e+000
2.060000e+003	2.00792368e-001	-3.19920763e+000	2.58036434e+003	0.00000000e+000	9.5066e+014	1.0000e-010	0.0000e+000
2.070000e+003	2.01050404e-001	-3.19894960e+000	2.56243638e+003	0.00000000e+000	9.4122e+014	1.0000e-010	0.0000e+000
2.080000e+003	2.01306648e-001	-3.19869335e+000	2.54468524e+003	0.00000000e+000	9.3194e+014	1.0000e-010	0.0000e+000
2.090000e+003	2.01561117e-001	-3.19843888e+000	2.52710798e+003	0.00000000e+000	9.2281e+014	1.0000e-010	0.0000e+000
2.100000e+003	2.01813827e-001	-3.19818617e+000	2.50970170e+003	0.00000000e+000	9.1383e+014	1.0000e-010	0.0000e+000
2.110000e+003	2.02064797e-001	-3.19793520e+000	2.49246358e+003	0.00000000e+000	9.0500e+014	1.0000e-010	0.0000e+000
2.120000e+003	2.02314044e-001	-3.19768596e+000	2.47539086e+003	0.00000000e+000	8.9632e+014	1.0000e-010	0.0000e+000
2.130000e+003	2.02561583e-001	-3.19743842e+000	2.45848084e+003	0.00000000e+000	8.8778e+014	1.0000e-010	0.0000e+000
2.140000e+003	2.02807431e-001	-3.19719257e+000	2.44173087e+003	0.00000000e+000	8.7938e+014	1.0000e-010	0.0000e+000
2.150000e+003	2.03051604e-001	-3.19694840e+000	2.42513835e+003	0.00000000e+000	8.7111e+014	1.0000e-010	0.0000e+000
2.160000e+003	2.03294118e-001	-3.19670588e+000	2.40870076e+003	0.00000000e+000	8.6298e+014	1.0000e-010	0.0000e+000
2.170000e+003	2.03534988e-001	-3.19646501e+000	2.39241562e+003	0.00000000e+000	8.5497e+014	1.0000e-010	0.0000e+000
2.180000e+003	2.03774230e-001	-3.19622577e+000	2.37628048e+003	0.00000000e+000	8.4710e+014	1.0000e-010	0.0000e+000
2.190000e+003	2.04011858e-001	-3.19598814e+000	2.36029298e+003	0.00000000e+000	8.3935e+014	1.0000e-010	0.0000e+000
2.200000e+003	2.04247887e-001	-3.19575211e+000	2.34445078e+003	0.00000000e+000	8.3172e+014	1.0000e-010	0.0000e+000
2.210000e+003	2.04482332e-001	-3.19551767e+000	2.32875160e+003	0.00000000e+000	8.2421e+014	1.0000e-010	0.0000e+000
2.220000e+003	2.04715207e-001	-3.19528479e+000	2.31319320e+003	0.00000000e+000	8.1682e+014	1.0000e-010	0.0000e+000
2.230000e+003	2.04946526e-001	-3.19505347e+000	2.29777339e+003	0.00000000e+000	8.0954e+014	1.0000e-010	0.0000e+000
2.240000e+003	2.05176304e-001	-3.19482370e+000	2.28249004e+003	0.00000000e+000	8.0238e+014	1.0000e-010	0.0000e+000
2.250000e+003	2.05404553e-001	-3.19459545e+000	2.26734102e+003	0.00000000e+000	7.9533e+014	1.0000e-010	0.0000e+000
2.260000e+003	2.05631287e-001	-3.19436871e+000	2.25232429e+003	0.00000000e+000	7.8838e+014	1.0000e-010	0.0000e+000
2.270000e+003	2.05856519e-001	-3.19414348e+000	2.23743782e+003	0.00000000e+000	7.8154e+014	1.0000e-010	0.0000e+000
2.280000e+003	2.06080263e-001	-3.19391974e+000	2.22267964e+003	0.00000000e+000	7.7481e+014	1.0000e-010	0.0000e+000
2.290000e+003	2.06302531e-001	-3.19369747e+000	2.20804780e+003	0.00000000e+000	7.6817e+014	1.0000e-010	0.0000e+000
2.300000e+003	2.06523336e-001	-3.19347666e+000	2.19354040e+003	0.00000000e+000	7.6164e+014	1.0000e-010	0.0000e+000
2.310000e+003	2.06742690e-001	-3.19325731e+000	2.17915557e+003	0.00000000e+000	7.5521e+014	1.0000e-010	0.0000e+000
2.320000e+003	2.06960605e-001	-3.19303939e+000	2.16489149e+003	0.00000000e+000	7.4887e+014	1.0000e-010	0.0000e+000
2.330000e+003	2.07177095e-001	-3.19282291e+000	2.15074636e+003	0.00000000e+000	7.4262e+014	1.0000e-010	0.0000e+000
2.340000e+003	2.07392169e-001	-3.19260783e+000	2.13671842e+003	0.00000000e+000	7.3647e+014	1.0000e-010	0.0000e+000
2.350000e+003	2.07605841e-001	-3.19239416e+000	2.12280594e+003	0.00000000e+000	7.3041e+014	1.0000e-010	0.0000e+000
2.360000e+003	2.07818122e-001	-3.19218188e+000	2.10900724e+003	0.00000000e+000	7.2443e+014	1.0000e-010	0.0000e+000
2.370000e+003	2.08029022e-001	-3.19197098e+000	2.09532065e+003	0.00000000e+000	7.1855e+014	1.0000e-010	0.0000e+000
2.380000e+003	2.08238554e-001	-3.19176145e+000	2.08174455e+003	0.00000000e+000	7.1275e+014	1.0000e-010	0.0000e+000
2.390000e+003	2.08446729e-001	-3.19155327e+000	2.06827733e+003	0.00000000e+000	7.0703e+014	1.0000e-010	0.0000e+000
2.400000e+003	2.08653557e-001	-3.19134644e+000	2.05491742e+003	0.00000000e+000	7.0140e+014	1.0000e-010	0.0000e+000
2.410000e+003	2.08859048e-001	-3.19114095e+000	2.04166328e+003	0.00000000e+000	6.9584e+014	1.0000e-010	0.0000e+000
2.420000e+003	2.09063215e-001	-3.19093679e+000	2.02851341e+003	0.00000000e+000	6.9037e+014	1.0000e-010	0.0000e+000
2.430000e+003	2.09266066e-001	-3.19073393e+000	2.01546632e+003	0.00000000e+000	6.8497e+014	1.0000e-010	0.0000e+000
2.440000e+003	2.09467613e-001	-3.19053239e+000	2.00252054e+003	0.00000000e+000	6.7966e+014	1.0000e-010	0.0000e+000
2.450000e+003	2.09667865e-001	-3.19033214e+000	1.98967466e+003	0.00000000e+000	6.7441e+014	1.0000e-010	0.0000e+000
2.460000e+003	2.09866832e-001	-3.19013317e+000	1.97692727e+003	0.00000000e+000	6.6924e+014	1.0000e-010	0.0000e+000
2.470000e+003	2.10064525e-001	-3.18993548e+000	1.96427699e+003	0.00000000e+000	6.6414e+014	1.0000e-010	0.0000e+000
2.480000e+003	2.10260953e-001	-3.18973905e+000	1.95172246e+003	0.00000000e+000	6.5911e+014	1.0000e-010	0.0000e+000
2.490000e+003	2.10456125e-001	-3.18954388e+000	1.93926236e+003	0.00000000e+000	6.5416e+014	1.0000e-010	0.0000e+000
2.500000e+003	2.10650051e-001	-3.18934995e+000	1.92689537e+003	0.00000000e+000	6.4927e+014	1.0000e-010	0.0000e+000
2.510000e+003	2.10842741e-001	-3.18915726e+000	1.91462022e+003	0.00000000e+000	6.4445e+014	1.0000e-010	0.0000e+000
2.520000e+003	2.11034203e-001	-3.18896580e+000	1.90243565e+003	0.00000000e+000	6.3969e+014	1.0000e-010	0.0000e+000
2.530000e+003	2.11224446e-001	-3.18877555e+000	1.89034041e+003	0.00000000e+000	6.3500e+014	1.0000e-010	0.0000e+000
2.540000e+003	2.11413480e-001	-3.18858652e+000	1.87833329e+003	0.00000000e+000	6.3038e+014	1.0000e-010	0.0000e+000
2.550000e+003	2.11601314e-001	-3.18839869e+000	1.86641310e+003	0.00000000e+000	6.2581e+014	1.0000e-010	0.0000e+000
2.560000e+003	2.11787955e-001	-3.18821205e+000	1.85457865e+003	0.00000000e+000	6.2131e+014	1.0000e-010	0.0000e+000
2.570000e+003	2.11973413e-001	-3.18802659e+000	1.84282880e+003	0.00000000e+000	6.1687e+014	1.0000e-010	0.0000e+000
2.580000e+003	2.12157696e-001	-3.18784230e+000	1.83116241e+003	0.00000000e+000	6.1249e+014	1.0000e-010	0.0000e+000
2.590000e+003	2.12340812e-001	-3.18765919e+000	1.81957836e+003	0.00000000e+000	6.0816e+014	1.0000e-010	0.0000e+000
2.600000e+003	2.12522770e-001	-3.18747723e+000	1.80807556e+003	0.00000000e+000	6.0390e+014	1.0000e-010	0.0000e+000
2.610000e+003	2.12703577e-001	-3.18729642e+000	1.79665293e+003	0.00000000e+000	5.9969e+014	1.0000e-010	0.0000e+000
2.620000e+003	2.12883243e-001	-3.18711676e+000	1.78530941e+003	0.00000000e+000	5.9554e+014	1.0000e-010	0.0000e+000
2.630000e+003	2.13061774e-001	-3.18693823e+000	1.77404396e+003	0.00000000e+000	5.9144e+014	1.0000e-010	0.0000e+000
2.640000e+003	2.13239178e-001	-3.18676082e+000	1.76285555e+003	0.00000000e+000	5.8739e+014	1.0000e-010	0.0000e+000
2.650000e+003	2.13415463e-001	-3.18658454e+000	1.75174317e+003	0.00000000e+000	5.8340e+014	1.0000e-010	0.0000e+000
2.660000e+003	2.13590638e-001	-3.18640936e+000	1.74070584e+003	0.00000000e+000	5.7946e+014	1.0000e-010	0.0000e+000
2.670000e+003	2.13764708e-001	-3.18623529e+000	1.72974257e+003	0.00000000e+000	5.7557e+014	1.0000e-010	0.0000e+000
2.680000e+003	2.13937683e-001	-3.18606232e+000	1.71885242e+003	0.00000000e+000	5.7173e+014	1.0000e-010	0.0000e+000
2.690000e+003	2.14109568e-001	-3.18589043e+000	1.70803443e+003	0.00000000e+000	5.6795e+014	1.0000e-010	0.0000e+000
2.700000e+003	2.14280371e-001	-3.18571963e+000	1.69728768e+003	0.00000000e+000	5.6421e+014	1.0000e-010	0.0000e+000
2.710000e+003	2.14450100e-001	-3.18554990e+000	1.68661126e+003	0.00000000e+000	5.6051e+014	1.0000e-010	0.0000e+000
2.720000e+003	2.14618761e-001	-3.18538124e+000	1.67600426e+003	0.00000000e+000	5.5687e+014	1.0000e-010	0.0000e+000
2.730000e+003	2.14786362e-001	-3.18521364e+000	1.66546581e+003	0.00000000e+000	5.5327e+014	1.0000e-010	0.0000e+000
2.740000e+003	2.14952908e-001	-3.18504709e+000	1.65499503e+003	0.00000000e+000	5.4972e+014	1.0000e-010	0.0000e+000
2.750000e+003	2.15118408e-001	-3.18488159e+000	1.64459107e+003	0.00000000e+000	5.4621e+014	1.0000e-010	0.0000e+000
2.760000e+003	2.15282867e-001	-3.18471713e+000	1.63425308e+003	0.00000000e+000	5.4275e+014	1.0000e-010	0.0000e+000
2.770000e+003	2.15446292e-001	-3.18455371e+000	1.62398024e+003	0.00000000e+000	5.3933e+014	1.0000e-010	0.0000e+000
2.780000e+003	2.15608690e-001	-3.18439131e+000	1.61377173e+003	0.00000000e+000	5.3595e+014	1.0000e-010	0.0000e+000
2.790000e+003	2.15770067e-001	-3.18422993e+000	1.60362675e+003	0.00000000e+000	5.3261e+014	1.0000e-010	0.0000e+000
2.800000e+003	2.15930430e-001	-3.18406957e+000	1.59354450e+003	0.00000000e+000	5.2932e+014	1.0000e-010	0.0000e+000
2.810000e+003	2.16089784e-001	-3.18391022e+000	1.58352421e+003	0.00000000e+000	5.2607e+014	1.0000e-010	0.0000e+000
2.820000e+003	2.16248137e-001	-3.18375186e+000	1.57356511e+003	0.00000000e+000	5.2285e+014	1.0000e-010	0.0000e+000
2.830000e+003	2.16405493e-001	-3.18359451e+000	1.56366645e+003	0.00000000e+000	5.1968e+014	1.0000e-010	0.0000e+000
2.840000e+003	2.16561860e-001	-3.18343814e+000	1.55382747e+003	0.00000000e+000	5.1655e+014	1.0000e-010	0.0000e+000
2.850000e+003	2.16717243e-001	-3.18328276e+000	1.54404746e+003	0.00000000e+000	5.1345e+014	1.0000e-010	0.0000e+000
2.860000e+003	2.16871648e-001	-3.18312835e+000	1.53432568e+003	0.00000000e+000	5.1039e+014	1.0000e-010	0.0000e+000
2.870000e+003	2.17025080e-001	-3.18297492e+000	1.52466144e+003	0.00000000e+000	5.0737e+014	1.0000e-010	0.0000e+000
2.880000e+003	2.17177546e-001	-3.18282245e+000	1.51505402e+003	0.00000000e+000	5.0439e+014	1.0000e-010	0.0000e+000
2.890000e+003	2.17329052e-001	-3.18267095e+000	1.50550274e+003	0.00000000e+000	5.0144e+014	1.0000e-010	0.0000e+000
2.900000e+003	2.17479602e-001	-3.18252040e+000	1.49600692e+003	0.00000000e+000	4.9853e+014	1.0000e-010	0.0000e+000
2.910000e+003	2.17629203e-001	-3.18237080e+000	1.48656589e+003	0.00000000e+000	4.9566e+014	1.0000e-010	0.0000e+000
2.920000e+003	2.17777859e-001	-3.18222214e+000	1.47717900e+003	0.00000000e+000	4.9281e+014	1.0000e-010	0.0000e+000
2.930000e+003	2.17925577e-001	-3.18207442e+000	1.46784559e+003	0.00000000e+000	4.9001e+014	1.0000e-010	0.0000e+000
2.940000e+003	2.18072362e-001	-3.18192764e+000	1.45856502e+003	0.00000000e+000	4.8723e+014	1.0000e-010	0.0000e+000
2.950000e+003	2.18218218e-001	-3.18178178e+000	1.44933667e+003	0.00000000e+000	4.8449e+014	1.0000e-010	0.0000e+000
2.960000e+003	2.18363152e-001	-3.18163685e+000	1.44015991e+003	0.00000000e+000	4.8178e+014	1.0000e-010	0.0000e+000
2.970000e+003	2.18507168e-001	-3.18149283e+000	1.43103413e+003	0.00000000e+000	4.7910e+014	1.0000e-010	0.0000e+000
2.980000e+003	2.18650271e-001	-3.18134973e+000	1.42195872e+003	0.00000000e+000	4.7646e+014	1.0000e-010	0.0000e+000
2.990000e+003	2.18792467e-001	-3.18120753e+000	1.41293310e+003	0.00000000e+000	4.7385e+014	1.0000e-010	0.0000e+000
3.000000e+003	2.18933760e-001	-3.18106624e+000	1.40395667e+003	0.00000000e+000	4.7126e+014	1.0000e-010	0.0000e+000
3.010000e+003	2.19074156e-001	-3.18092584e+000	1.39502886e+003	0.00000000e+000	4.6871e+014	1.0000e-010	0.0000e+000
3.020000e+003	2.19213659e-001	-3.18078634e+000	1.38614909e+003	0.00000000e+000	4.6619e+014	1.0000e-010	0.0000e+000
3.030000e+003	2.19352274e-001	-3.18064773e+000	1.37731681e+003	0.00000000e+000	4.6370e+014	1.0000e-010	0.0000e+000
3.040000e+003	2.19490006e-001	-3.18050999e+000	1.36853146e+003	0.00000000e+000	4.6123e+014	1.0000e-010	0.0000e+000
3.050000e+003	2.19626859e-001	-3.18037314e+000	1.35979250e+003	0.00000000e+000	4.5880e+014	1.0000e-010	0.0000e+000
3.060000e+003	2.19762838e-001	-3.18023716e+000	1.35109938e+003	0.00000000e+000	4.5639e+014	1.0000e-010	0.0000e+000
3.070000e+003	2.19897948e-001	-3.18010205e+000	1.34245157e+003	0.00000000e+000	4.5401e+014	1.0000e-010	0.0000e+000
3.080000e+003	2.20032193e-001	-3.17996781e+000	1.33384855e+003	0.00000000e+000	4.5166e+014	1.0000e-010	0.0000e+000
3.090000e+003	2.20165578e-001	-3.17983442e+000	1.32528981e+003	0.00000000e+000	4.4934e+014	1.0000e-010	0.0000e+000
3.100000e+003	2.20298107e-001	-3.17970189e+000	1.31677483e+003	0.00000000e+000	4.4704e+014	1.0000e-010	0.0000e+000
3.110000e+003	2.20429784e-001	-3.17957022e+000	1.30830311e+003	0.00000000e+000	4.4477e+014	1.0000e-010	0.0000e+000
3.120000e+003	2.20560615e-001	-3.17943939e+000	1.29987416e+003	0.00000000e+000	4.4252e+014	1.0000e-010	0.0000e+000
3.130000e+003	2.20690602e-001	-3.17930940e+000	1.29148748e+003	0.00000000e+000	4.4030e+014	1.0000e-010	0.0000e+000
3.140000e+003	2.20819751e-001	-3.17918025e+000	1.28314260e+003	0.00000000e+000	4.3811e+014	1.0000e-010	0.0000e+000
3.150000e+003	2.20948065e-001	-3.17905193e+000	1.27483903e+003	0.00000000e+000	4.3594e+014	1.0000e-010	0.0000e+000
3.160000e+003	2.21075549e-001	-3.17892445e+000	1.26657631e+003	0.00000000e+000	4.3379e+014	1.0000e-010	0.0000e+000
3.170000e+003	2.21202207e-001	-3.17879779e+000	1.25835397e+003	0.00000000e+000	4.3167e+014	1.0000e-010	0.0000e+000
3.180000e+003	2.21328042e-001	-3.17867196e+000	1.25017156e+003	0.00000000e+000	4.2958e+014	1.0000e-010	0.0000e+000
3.190000e+003	2.21453059e-001	-3.17854694e+000	1.24202862e+003	0.00000000e+000	4.2751e+014	1.0000e-010	0.0000e+000
3.200000e+003	2.21577262e-001	-3.17842274e+000	1.23392470e+003	0.00000000e+000	4.2546e+014	1.0000e-010	0.0000e+000
3.210000e+003	2.21700655e-001	-3.17829935e+000	1.22585938e+003	0.00000000e+000	4.2343e+014	1.0000e-010	0.0000e+000
3.220000e+003	2.21823240e-001	-3.17817676e+000	1.21783221e+003	0.00000000e+000	4.2143e+014	1.0000e-010	0.0000e+000
3.230000e+003	2.21945024e-001	-3.17805498e+000	1.20984277e+003	0.00000000e+000	4.1945e+014	1.0000e-010	0.0000e+000
3.240000e+003	2.22066008e-001	-3.17793399e+000	1.20189062e+003	0.00000000e+000	4.1749e+014	1.0000e-010	0.0000e+000
3.250000e+003	2.22186197e-001	-3.17781380e+000	1.19397537e+003	0.00000000e+000	4.1555e+014	1.0000e-010	0.0000e+000
3.260000e+003	2.22305595e-001	-3.17769441e+000	1.18609658e+003	0.00000000e+000	4.1364e+014	1.0000e-010	0.0000e+000
3.270000e+003	2.22424204e-001	-3.17757580e+000	1.17825386e+003	0.00000000e+000	4.1174e+014	1.0000e-010	0.0000e+000
3.280000e+003	2.22542030e-001	-3.17745797e+000	1.17044680e+003	0.00000000e+000	4.0987e+014	1.0000e-010	0.0000e+000
3.290000e+003	2.22659074e-001	-3.17734093e+000	1.16267501e+003	0.00000000e+000	4.0802e+014	1.0000e-010	0.0000e+000
3.300000e+003	2.22775342e-001	-3.17722466e+000	1.15493810e+003	0.00000000e+000	4.0619e+014	1.0000e-010	0.0000e+000
3.310000e+003	2.22890836e-001	-3.17710916e+000	1.14723567e+003	0.00000000e+000	4.0438e+014	1.0000e-010	0.0000e+000
3.320000e+003	2.23005559e-001	-3.17699444e+000	1.13956735e+003	0.00000000e+000	4.0259e+014	1.0000e-010	0.0000e+000
3.330000e+003	2.23119516e-001	-3.17688048e+000	1.13193275e+003	0.00000000e+000	4.0082e+014	1.0000e-010	0.0000e+000
3.340000e+003	2.23232709e-001	-3.17676729e+000	1.12433151e+003	0.00000000e+000	3.9907e+014	1.0000e-010	0.0000e+000
3.350000e+003	2.23345142e-001	-3.17665486e+000	1.11676326e+003	0.00000000e+000	3.9733e+014	1.0000e-010	0.0000e+000
3.360000e+003	2.23456819e-001	-3.17654318e+000	1.10922763e+003	0.00000000e+000	3.9562e+014	1.0000e-010	0.0000e+000
3.370000e+003	2.23567741e-001	-3.17643226e+000	1.10172427e+003	0.00000000e+000	3.9393e+014	1.0000e-010	0.0000e+000
3.380000e+003	2.23677914e-001	-3.17632209e+000	1.09425281e+003	0.00000000e+000	3.9225e+014	1.0000e-010	0.0000e+000
3.390000e+003	2.23787339e-001	-3.17621266e+000	1.08681291e+003	0.00000000e+000	3.9060e+014	1.0000e-010	0.0000e+000
3.400000e+003	2.23896020e-001	-3.17610398e+000	1.07940422e+003	0.00000000e+000	3.8896e+014	1.0000e-010	0.0000e+000
3.410000e+003	2.24003961e-001	-3.17599604e+000	1.07202641e+003	0.00000000e+000	3.8734e+014	1.0000e-010	0.0000e+000
3.420000e+003	2.24111163e-001	-3.17588884e+000	1.06467912e+003	0.00000000e+000	3.8573e+014	1.0000e-010	0.0000e+000
3.430000e+003	2.24217631e-001	-3.17578237e+000	1.05736203e+003	0.00000000e+000	3.8415e+014	1.0000e-010	0.0000e+000
3.440000e+003	2.24323368e-001	-3.17567663e+000	1.05007480e+003	0.00000000e+000	3.8258e+014	1.0000e-010	0.0000e+000
3.450000e+003	2.24428375e-001	-3.17557162e+000	1.04281712e+003	0.00000000e+000	3.8103e+014	1.0000e-010	0.0000e+000
3.460000e+003	2.24532657e-001	-3.17546734e+000	1.03558865e+003	0.00000000e+000	3.7950e+014	1.0000e-010	0.0000e+000
3.470000e+003	2.24636216e-001	-3.17536378e+000	1.02838908e+003	0.00000000e+000	3.7798e+014	1.0000e-010	0.0000e+000
3.480000e+003	2.24739055e-001	-3.17526095e+000	1.02121809e+003	0.00000000e+000	3.7648e+014	1.0000e-010	0.0000e+000
3.490000e+003	2.24841176e-001	-3.17515882e+000	1.01407538e+003	0.00000000e+000	3.7499e+014	1.0000e-010	0.0000e+000
3.500000e+003	2.24942584e-001	-3.17505742e+000	1.00696063e+003	0.00000000e+000	3.7353e+014	1.0000e-010	0.0000e+000
3.510000e+003	2.25043280e-001	-3.17495672e+000	9.99873533e+002	0.00000000e+000	3.7207e+014	1.0000e-010	0.0000e+000
3.520000e+003	2.25143267e-001	-3.17485673e+000	9.92813797e+002	0.00000000e+000	3.7064e+014	1.0000e-010	0.0000e+000
3.530000e+003	2.25242549e-001	-3.17475745e+000	9.85781122e+002	0.00000000e+000	3.6922e+014	1.0000e-010	0.0000e+000
3.540000e+003	2.25341127e-001	-3.17465887e+000	9.78775212e+002	0.00000000e+000	3.6781e+014	1.0000e-010	0.0000e+000
3.550000e+003	2.25439004e-001	-3.17456100e+000	9.71795777e+002	0.00000000e+000	3.6642e+014	1.0000e-010	0.0000e+000
3.560000e+003	2.25536184e-001	-3.17446382e+000	9.64842529e+002	0.00000000e+000	3.6505e+014	1.0000e-010	0.0000e+000
3.570000e+003	2.25632668e-001	-3.17436733e+000	9.57915183e+002	0.00000000e+000	3.6369e+014	1.0000e-010	0.0000e+000
3.580000e+003	2.25728460e-001	-3.17427154e+000	9.51013458e+002	0.00000000e+000	3.6234e+014	1.0000e-010	0.0000e+000
3.590000e+003	2.25823561e-001	-3.17417644e+000	9.44137076e+002	0.00000000e+000	3.6101e+014	1.0000e-010	0.0000e+000
3.600000e+003	2.25917975e-001	-3.17408203e+000	9.37285761e+002	0.00000000e+000	3.5970e+014	1.0000e-010	0.0000e+000
3.610000e+003	2.26011703e-001	-3.17398830e+000	9.30459242e+002	0.00000000e+000	3.5839e+014	1.0000e-010	0.0000e+000
3.620000e+003	2.26104749e-001	-3.17389525e+000	9.23657248e+002	0.00000000e+000	3.5711e+014	1.0000e-010	0.0000e+000
3.630000e+003	2.26197115e-001	-3.17380289e+000	9.16879513e+002	0.00000000e+000	3.5583e+014	1.0000e-010	0.0000e+000
3.640000e+003	2.26288803e-001	-3.17371120e+000	9.10125774e+002	0.00000000e+000	3.5457e+014	1.0000e-010	0.0000e+000
3.650000e+003	2.26379816e-001	-3.17362018e+000	9.03395770e+002	0.00000000e+000	3.5333e+014	1.0000e-010	0.0000e+000
3.660000e+003	2.26470155e-001	-3.17352984e+000	8.96689242e+002	0.00000000e+000	3.5209e+014	1.0000e-010	0.0000e+000
3.670000e+003	2.26559824e-001	-3.17344018e+000	8.90005937e+002	0.00000000e+000	3.5087e+014	1.0000e-010	0.0000e+000
3.680000e+003	2.26648825e-001	-3.17335118e+000	8.83345600e+002	0.00000000e+000	3.4967e+014	1.0000e-010	0.0000e+000
3.690000e+003	2.26737159e-001	-3.17326284e+000	8.76707983e+002	0.00000000e+000	3.4848e+014	1.0000e-010	0.0000e+000
3.700000e+003	2.26824830e-001	-3.17317517e+000	8.70092837e+002	0.00000000e+000	3.4730e+014	1.0000e-010	0.0000e+000
3.710000e+003	2.26911839e-001	-3.17308816e+000	8.63499918e+002	0.00000000e+000	3.4613e+014	1.0000e-010	0.0000e+000
3.720000e+003	2.26998189e-001	-3.17300181e+000	8.56928984e+002	0.00000000e+000	3.4498e+014	1.0000e-010	0.0000e+000
3.730000e+003	2.27083882e-001	-3.17291612e+000	8.50379795e+002	0.00000000e+000	3.4383e+014	1.0000e-010	0.0000e+000
3.740000e+003	2.27168920e-001	-3.17283108e+000	8.43852113e+002	0.00000000e+000	3.4270e+014	1.0000e-010	0.0000e+000
3.750000e+003	2.27253305e-001	-3.17274669e+000	8.37345705e+002	0.00000000e+000	3.4159e+014	1.0000e-010	0.0000e+000
3.760000e+003	2.27337040e-001	-3.17266296e+000	8.30860336e+002	0.00000000e+000	3.4048e+014	1.0000e-010	0.0000e+000
3.770000e+003	2.27420126e-001	-3.17257987e+000	8.24395777e+002	0.00000000e+000	3.3939e+014	1.0000e-010	0.0000e+000
3.780000e+003	2.27502566e-001	-3.17249743e+000	8.17951801e+002	0.00000000e+000	3.3831e+014	1.0000e-010	0.0000e+000
3.790000e+003	2.27584361e-001	-3.17241564e+000	8.11528180e+002	0.00000000e+000	3.3724e+014	1.0000e-010	0.0000e+000
3.800000e+003	2.27665514e-001	-3.17233449e+000	8.05124693e+002	0.00000000e+000	3.3618e+014	1.0000e-010	0.0000e+000
3.810000e+003	2.27746026e-001	-3.17225397e+000	7.98741118e+002	0.00000000e+000	3.3514e+014	1.0000e-010	0.0000e+000
3.820000e+003	2.27825900e-001	-3.17217410e+000	7.92377235e+002	0.00000000e+000	3.3410e+014	1.0000e-010	0.0000e+000
3.830000e+003	2.27905138e-001	-3.17209486e+000	7.86032828e+002	0.00000000e+000	3.3308e+014	1.0000e-010	0.0000e+000
3.840000e+003	2.27983741e-001	-3.17201626e+000	7.79707682e+002	0.00000000e+000	3.3207e+014	1.0000e-010	0.0000e+000
3.850000e+003	2.28061712e-001	-3.17193829e+000	7.73401584e+002	0.00000000e+000	3.3107e+014	1.0000e-010	0.0000e+000
3.860000e+003	2.28139052e-001	-3.17186095e+000	7.67114323e+002	0.00000000e+000	3.3008e+014	1.0000e-010	0.0000e+000
3.870000e+003	2.28215763e-001	-3.17178424e+000	7.60845692e+002	0.00000000e+000	3.2910e+014	1.0000e-010	0.0000e+000
3.880000e+003	2.28291848e-001	-3.17170815e+000	7.54595482e+002	0.00000000e+000	3.2814e+014	1.0000e-010	0.0000e+000
3.890000e+003	2.28367308e-001	-3.17163269e+000	7.48363490e+002	0.00000000e+000	3.2718e+014	1.0000e-010	0.0000e+000
3.900000e+003	2.28442144e-001	-3.17155786e+000	7.42149511e+002	0.00000000e+000	3.2623e+014	1.0000e-010	0.0000e+000
3.910000e+003	2.28516359e-001	-3.17148364e+000	7.35953346e+002	0.00000000e+000	3.2530e+014	1.0000e-010	0.0000e+000
3.920000e+003	2.28589954e-001	-3.17141005e+000	7.29774796e+002	0.00000000e+000	3.2437e+014	1.0000e-010	0.0000e+000
3.930000e+003	2.28662932e-001	-3.17133707e+000	7.23613661e+002	0.00000000e+000	3.2346e+014	1.0000e-010	0.0000e+000
3.940000e+003	2.28735293e-001	-3.17126471e+000	7.17469749e+002	0.00000000e+000	3.2256e+014	1.0000e-010	0.0000e+000
3.950000e+003	2.28807040e-001	-3.17119296e+000	7.11342864e+002	0.00000000e+000	3.2166e+014	1.0000e-010	0.0000e+000
3.960000e+003	2.28878174e-001	-3.17112183e+000	7.05232814e+002	0.00000000e+000	3.2078e+014	1.0000e-010	0.0000e+000
3.970000e+003	2.28948698e-001	-3.17105130e+000	6.99139410e+002	0.00000000e+000	3.1990e+014	1.0000e-010	0.0000e+000
3.980000e+003	2.29018612e-001	-3.17098139e+000	6.93062462e+002	0.00000000e+000	3.1904e+014	1.0000e-010	0.0000e+000
3.990000e+003	2.29087918e-001	-3.17091208e+000	6.87001784e+002	0.00000000e+000	3.1819e+014	1.0000e-010	0.0000e+000
4.000000e+003	2.29156618e-001	-3.17084338e+000	6.80957191e+002	0.00000000e+000	3.1734e+014	1.0000e-010	0.0000e+000
4.010000e+003	2.29224714e-001	-3.17077529e+000	6.74928498e+002	0.00000000e+000	3.1651e+014	1.0000e-010	0.0000e+000
4.020000e+003	2.29292207e-001	-3.17070779e+000	6.68915525e+002	0.00000000e+000	3.1568e+014	1.0000e-010	0.0000e+000
4.030000e+003	2.29359098e-001	-3.17064090e+000	6.62918089e+002	0.00000000e+000	3.1487e+014	1.0000e-010	0.0000e+000
4.040000e+003	2.29425390e-001	-3.17057461e+000	6.56936014e+002	0.00000000e+000	3.1406e+014	1.0000e-010	0.0000e+000
4.050000e+003	2.29491083e-001	-3.17050892e+000	6.50969120e+002	0.00000000e+000	3.1326e+014	1.0000e-010	0.0000e+000
4.060000e+003	2.29556180e-001	-3.17044382e+000	6.45017232e+002	0.00000000e+000	3.1248e+014	1.0000e-010	0.0000e+000
4.070000e+003	2.29620682e-001	-3.17037932e+000	6.39080176e+002	0.00000000e+000	3.1170e+014	1.0000e-010	0.0000e+000
4.080000e+003	2.29684590e-001	-3.17031541e+000	6.33157778e+002	0.00000000e+000	3.1093e+014	1.0000e-010	0.0000e+000
4.090000e+003	2.29747906e-001	-3.17025209e+000	6.27249868e+002	0.00000000e+000	3.1017e+014	1.0000e-010	0.0000e+000
4.100000e+003	2.29810631e-001	-3.17018937e+000	6.21356275e+002	0.00000000e+000	3.0941e+014	1.0000e-010	0.0000e+000
4.110000e+003	2.29872767e-001	-3.17012723e+000	6.15476830e+002	0.00000000e+000	3.0867e+014	1.0000e-010	0.0000e+000
4.120000e+003	2.29934314e-001	-3.17006569e+000	6.09611367e+002	0.00000000e+000	3.0794e+014	1.0000e-010	0.0000e+000
4.130000e+003	2.29995275e-001	-3.17000472e+000	6.03759718e+002	0.00000000e+000	3.0721e+014	1.0000e-010	0.0000e+000
4.140000e+003	2.30055651e-001	-3.16994435e+000	5.97921719e+002	0.00000000e+000	3.0650e+014	1.0000e-010	0.0000e+000
4.150000e+003	2.30115443e-001	-3.16988456e+000	5.92097207e+002	0.00000000e+000	3.0579e+014	1.0000e-010	0.0000e+000
4.160000e+003	2.30174653e-001	-3.16982535e+000	5.86286020e+002	0.00000000e+000	3.0509e+014	1.0000e-010	0.0000e+000
4.170000e+003	2.30233282e-001	-3.16976672e+000	5.80487998e+002	0.00000000e+000	3.0440e+014	1.0000e-010	0.0000e+000
4.180000e+003	2.30291331e-001	-3.16970867e+000	5.74702979e+002	0.00000000e+000	3.0371e+014	1.0000e-010	0.0000e+000
4.190000e+003	2.30348801e-001	-3.16965120e+000	5.68930807e+002	0.00000000e+000	3.0304e+014	1.0000e-010	0.0000e+000
4.200000e+003	2.30405694e-001	-3.16959431e+000	5.63171323e+002	0.00000000e+000	3.0237e+014	1.0000e-010	0.0000e+000
4.210000e+003	2.30462011e-001	-3.16953799e+000	5.57424373e+002	0.00000000e+000	3.0172e+014	1.0000e-010	0.0000e+000
4.220000e+003	2.30517754e-001	-3.16948225e+000	5.51689801e+002	0.00000000e+000	3.0107e+014	1.0000e-010	0.0000e+000
4.230000e+003	2.30572923e-001	-3.16942708e+000	5.45967454e+002	0.00000000e+000	3.0042e+014	1.0000e-010	0.0000e+000
4.240000e+003	2.30627519e-001	-3.16937248e+000	5.40257179e+002	0.00000000e+000	2.9979e+014	1.0000e-010	0.0000e+000
4.250000e+003	2.30681545e-001	-3.16931845e+000	5.34558825e+002	0.00000000e+000	2.9916e+014	1.0000e-010	0.0000e+000
4.260000e+003	2.30735001e-001	-3.16926500e+000	5.28872241e+002	0.00000000e+000	2.9855e+014	1.0000e-010	0.0000e+000
4.270000e+003	2.30787888e-001	-3.16921211e+000	5.23197280e+002	0.00000000e+000	2.9794e+014	1.0000e-010	0.0000e+000
4.280000e+003	2.30840208e-001	-3.16915979e+000	5.17533791e+002	0.00000000e+000	2.9733e+014	1.0000e-010	0.0000e+000
4.290000e+003	2.30891961e-001	-3.16910804e+000	5.11881629e+002	0.00000000e+000	2.9674e+014	1.0000e-010	0.0000e+000
4.300000e+003	2.30943149e-001	-3.16905685e+000	5.06240648e+002	0.00000000e+000	2.9615e+014	1.0000e-010	0.0000e+000
4.310000e+003	2.30993773e-001	-3.16900623e+000	5.00610702e+002	0.00000000e+000	2.9557e+014	1.0000e-010	0.0000e+000
4.320000e+003	2.31043835e-001	-3.16895617e+000	4.94991648e+002	0.00000000e+000	2.9500e+014	1.0000e-010	0.0000e+000
4.330000e+003	2.31093334e-001	-3.16890667e+000	4.89383342e+002	0.00000000e+000	2.9444e+014	1.0000e-010	0.0000e+000
4.340000e+003	2.31142272e-001	-3.16885773e+000	4.83785643e+002	0.00000000e+000	2.9388e+014	1.0000e-010	0.0000e+000
4.350000e+003	2.31190651e-001	-3.16880935e+000	4.78198409e+002	0.00000000e+000	2.9333e+014	1.0000e-010	0.0000e+000
4.360000e+003	2.31238470e-001	-3.16876153e+000	4.72621501e+002	0.00000000e+000	2.9279e+014	1.0000e-010	0.0000e+000
4.370000e+003	2.31285733e-001	-3.16871427e+000	4.67054779e+002	0.00000000e+000	2.9225e+014	1.0000e-010	0.0000e+000
4.380000e+003	2.31332438e-001	-3.16866756e+000	4.61498105e+002	0.00000000e+000	2.9173e+014	1.0000e-010	0.0000e+000
4.390000e+003	2.31378588e-001	-3.16862141e+000	4.55951342e+002	0.00000000e+000	2.9121e+014	1.0000e-010	0.0000e+000
4.400000e+003	2.31424183e-001	-3.16857582e+000	4.50414353e+002	0.00000000e+000	2.9069e+014	1.0000e-010	0.0000e+000
4.410000e+003	2.31469224e-001	-3.16853078e+000	4.44887003e+002	0.00000000e+000	2.9019e+014	1.0000e-010	0.0000e+000
4.420000e+003	2.31513713e-001	-3.16848629e+000	4.39369156e+002	0.00000000e+000	2.8969e+014	1.0000e-010	0.0000e+000
4.430000e+003	2.31557650e-001	-3.16844235e+000	4.33860680e+002	0.00000000e+000	2.8920e+014	1.0000e-010	0.0000e+000
4.440000e+003	2.31601036e-001	-3.16839896e+000	4.28361440e+002	0.00000000e+000	2.8871e+014	1.0000e-010	0.0000e+000
4.450000e+003	2.31643872e-001	-3.16835613e+000	4.22871305e+002	0.00000000e+000	2.8823e+014	1.0000e-010	0.0000e+000
4.460000e+003	2.31686159e-001	-3.16831384e+000	4.17390143e+002	0.00000000e+000	2.8776e+014	1.0000e-010	0.0000e+000
4.470000e+003	2.31727898e-001	-3.16827210e+000	4.11917823e+002	0.00000000e+000	2.8730e+014	1.0000e-010	0.0000e+000
4.480000e+003	2.31769090e-001	-3.16823091e+000	4.06454216e+002	0.00000000e+000	2.8684e+014	1.0000e-010	0.0000e+000
4.490000e+003	2.31809736e-001	-3.16819026e+000	4.00999192e+002	0.00000000e+000	2.8639e+014	1.0000e-010	0.0000e+000
4.500000e+003	2.31849836e-001	-3.16815016e+000	3.95552623e+002	0.00000000e+000	2.8595e+014	1.0000e-010	0.0000e+000
4.510000e+003	2.31889391e-001	-3.16811061e+000	3.90114381e+002	0.00000000e+000	2.8551e+014	1.0000e-010	0.0000e+000
4.520000e+003	2.31928402e-001	-3.16807160e+000	3.84684340e+002	0.00000000e+000	2.8508e+014	1.0000e-010	0.0000e+000
4.530000e+003	2.31966871e-001	-3.16803313e+000	3.79262372e+002	0.00000000e+000	2.8465e+014	1.0000e-010	0.0000e+000
4.540000e+003	2.32004797e-001	-3.16799520e+000	3.73848353e+002	0.00000000e+000	2.8424e+014	1.0000e-010	0.0000e+000
4.550000e+003	2.32042182e-001	-3.16795782e+000	3.68442158e+002	0.00000000e+000	2.8383e+014	1.0000e-010	0.0000e+000
4.560000e+003	2.32079026e-001	-3.16792097e+000	3.63043662e+002	0.00000000e+000	2.8342e+014	1.0000e-010	0.0000e+000
4.570000e+003	2.32115330e-001	-3.16788467e+000	3.57652742e+002	0.00000000e+000	2.8302e+014	1.0000e-010	0.0000e+000
4.580000e+003	2.32151096e-001	-3.16784890e+000	3.52269275e+002	0.00000000e+000	2.8263e+014	1.0000e-010	0.0000e+000
4.590000e+003	2.32186323e-001	-3.16781368e+000	3.46893139e+002	0.00000000e+000	2.8225e+014	1.0000e-010	0.0000e+000
4.600000e+003	2.32221012e-001	-3.16777899e+000	3.41524211e+002	0.00000000e+000	2.8187e+014	1.0000e-010	0.0000e+000
4.610000e+003	2.32255164e-001	-3.16774484e+000	3.36162372e+002	0.00000000e+000	2.8150e+014	1.0000e-010	0.0000e+000
4.620000e+003	2.32288780e-001	-3.16771122e+000	3.30807501e+002	0.00000000e+000	2.8113e+014	1.0000e-010	0.0000e+000
4.630000e+003	2.32321861e-001	-3.16767814e+000	3.25459477e+002	0.00000000e+000	2.8077e+014	1.0000e-010	0.0000e+000
4.640000e+003	2.32354407e-001	-3.16764559e+000	3.20118182e+002	0.00000000e+000	2.8042e+014	1.0000e-010	0.0000e+000
4.650000e+003	2.32386419e-001	-3.16761358e+000	3.14783497e+002	0.00000000e+000	2.8007e+014	1.0000e-010	0.0000e+000
4.660000e+003	2.32417897e-001	-3.16758210e+000	3.09455303e+002	0.00000000e+000	2.7973e+014	1.0000e-010	0.0000e+000
4.670000e+003	2.32448843e-001	-3.16755116e+000	3.04133484e+002	0.00000000e+000	2.7940e+014	1.0000e-010	0.0000e+000
4.680000e+003	2.32479256e-001	-3.16752074e+000	2.98817922e+002	0.00000000e+000	2.7907e+014	1.0000e-010	0.0000e+000
4.690000e+003	2.32509138e-001	-3.16749086e+000	2.93508500e+002	0.00000000e+000	2.7875e+014	1.0000e-010	0.0000e+000
4.700000e+003	2.32538489e-001	-3.16746151e+000	2.88205103e+002	0.00000000e+000	2.7843e+014	1.0000e-010	0.0000e+000
4.710000e+003	2.32567309e-001	-3.16743269e+000	2.82907615e+002	0.00000000e+000	2.7812e+014	1.0000e-010	0.0000e+000
4.720000e+003	2.32595600e-001	-3.16740440e+000	2.77615922e+002	0.00000000e+000	2.7781e+014	1.0000e-010	0.0000e+000
4.730000e+003	2.32623362e-001	-3.16737664e+000	2.72329907e+002	0.00000000e+000	2.7752e+014	1.0000e-010	0.0000e+000
4.740000e+003	2.32650595e-001	-3.16734941e+000	2.67049458e+002	0.00000000e+000	2.7722e+014	1.0000e-010	0.0000e+000
4.750000e+003	2.32677300e-001	-3.16732270e+000	2.61774462e+002	0.00000000e+000	2.7694e+014	1.0000e-010	0.0000e+000
4.760000e+003	2.32703477e-001	-3.16729652e+000	2.56504803e+002	0.00000000e+000	2.7666e+014	1.0000e-010	0.0000e+000
4.770000e+003	2.32729128e-001	-3.16727087e+000	2.51240371e+002	0.00000000e+000	2.7638e+014	1.0000e-010	0.0000e+000
4.780000e+003	2.32754252e-001	-3.16724575e+000	2.45981052e+002	0.00000000e+000	2.7612e+014	1.0000e-010	0.0000e+000
4.790000e+003	2.32778850e-001	-3.16722115e+000	2.40726736e+002	0.00000000e+000	2.7585e+014	1.0000e-010	0.0000e+000
4.800000e+003	2.32802922e-001	-3.16719708e+000	2.35477309e+002	0.00000000e+000	2.7560e+014	1.0000e-010	0.0000e+000
4.810000e+003	2.32826470e-001	-3.16717353e+000	2.30232662e+002	0.00000000e+000	2.7534e+014	1.0000e-010	0.0000e+000
4.820000e+003	2.32849493e-001	-3.16715051e+000	2.24992684e+002	0.00000000e+000	2.7510e+014	1.0000e-010	0.0000e+000
4.830000e+003	2.32871993e-001	-3.16712801e+000	2.19757264e+002	0.00000000e+000	2.7486e+014	1.0000e-010	0.0000e+000
4.840000e+003	2.32893968e-001	-3.16710603e+000	2.14526293e+002	0.00000000e+000	2.7463e+014	1.0000e-010	0.0000e+000
4.850000e+003	2.32915421e-001	-3.16708458e+000	2.09299660e+002	0.00000000e+000	2.7440e+014	1.0000e-010	0.0000e+000
4.860000e+003	2.32936351e-001	-3.16706365e+000	2.04077258e+002	0.00000000e+000	2.7418e+014	1.0000e-010	0.0000e+000
4.870000e+003	2.32956759e-001	-3.16704324e+000	1.98858976e+002	0.00000000e+000	2.7396e+014	1.0000e-010	0.0000e+000
4.880000e+003	2.32976645e-001	-3.16702336e+000	1.93644707e+002	0.00000000e+000	2.7375e+014	1.0000e-010	0.0000e+000
4.890000e+003	2.32996009e-001	-3.16700399e+000	1.88434342e+002	0.00000000e+000	2.7354e+014	1.0000e-010	0.0000e+000
4.900000e+003	2.33014853e-001	-3.16698515e+000	1.83227774e+002	0.00000000e+000	2.7335e+014	1.0000e-010	0.0000e+000
4.910000e+003	2.33033175e-001	-3.16696682e+000	1.78024895e+002	0.00000000e+000	2.7315e+014	1.0000e-010	0.0000e+000
4.920000e+003	2.33050978e-001	-3.16694902e+000	1.72825597e+002	0.00000000e+000	2.7296e+014	1.0000e-010	0.0000e+000
4.930000e+003	2.33068260e-001	-3.16693174e+000	1.67629774e+002	0.00000000e+000	2.7278e+014	1.0000e-010	0.0000e+000
4.940000e+003	2.33085023e-001	-3.16691498e+000	1.62437318e+002	0.00000000e+000	2.7260e+014	1.0000e-010	0.0000e+000
4.950000e+003	2.33101267e-001	-3.16689873e+000	1.57248125e+002	0.00000000e+000	2.7243e+014	1.0000e-010	0.0000e+000
4.960000e+003	2.33116992e-001	-3.16688301e+000	1.52062087e+002	0.00000000e+000	2.7227e+014	1.0000e-010	0.0000e+000
4.970000e+003	2.33132198e-001	-3.16686780e+000	1.46879098e+002	0.00000000e+000	2.7211e+014	1.0000e-010	0.0000e+000
4.980000e+003	2.33146886e-001	-3.16685311e+000	1.41699053e+002	0.00000000e+000	2.7195e+014	1.0000e-010	0.0000e+000
4.990000e+003	2.33161056e-001	-3.16683894e+000	1.36521847e+002	0.00000000e+000	2.7180e+014	1.0000e-010	0.0000e+000
5.000000e+003	2.33174708e-001	-3.16682529e+000	1.31347374e+002	0.00000000e+000	2.7166e+014	1.0000e-010	0.0000e+000
5.010000e+003	2.33187843e-001	-3.16681216e+000	1.26175529e+002	0.00000000e+000	2.7152e+014	1.0000e-010	0.0000e+000
5.020000e+003	2.33200460e-001	-3.16679954e+000	1.21006208e+002	0.00000000e+000	2.7139e+014	1.0000e-010	0.0000e+000
5.030000e+003	2.33212561e-001	-3.16678744e+000	1.15839307e+002	0.00000000e+000	2.7126e+014	1.0000e-010	0.0000e+000
5.040000e+003	2.33224145e-001	-3.16677586e+000	1.10674719e+002	0.00000000e+000	2.7114e+014	1.0000e-010	0.0000e+000
5.050000e+003	2.33235212e-001	-3.16676479e+000	1.05512343e+002	0.00000000e+000	2.7103e+014	1.0000e-010	0.0000e+000
5.060000e+003	2.33245764e-001	-3.16675424e+000	1.00352072e+002	0.00000000e+000	2.7092e+014	1.0000e-010	0.0000e+000
5.070000e+003	2.33255799e-001	-3.16674420e+000	9.51938051e+001	0.00000000e+000	2.7081e+014	1.0000e-010	0.0000e+000
5.080000e+003	2.33265318e-001	-3.16673468e+000	9.00374367e+001	0.00000000e+000	2.7071e+014	1.0000e-010	0.0000e+000
5.090000e+003	2.33274322e-001	-3.16672568e+000	8.48828639e+001	0.00000000e+000	2.7062e+014	1.0000e-010	0.0000e+000
5.100000e+003	2.33282810e-001	-3.16671719e+000	7.97299832e+001	0.00000000e+000	2.7053e+014	1.0000e-010	0.0000e+000
5.110000e+003	2.33290783e-001	-3.16670922e+000	7.45786916e+001	0.00000000e+000	2.7044e+014	1.0000e-010	0.0000e+000
5.120000e+003	2.33298241e-001	-3.16670176e+000	6.94288857e+001	0.00000000e+000	2.7037e+014	1.0000e-010	0.0000e+000
5.130000e+003	2.33305184e-001	-3.16669482e+000	6.42804627e+001	0.00000000e+000	2.7029e+014	1.0000e-010	0.0000e+000
5.140000e+003	2.33311612e-001	-3.16668839e+000	5.91333198e+001	0.00000000e+000	2.7023e+014	1.0000e-010	0.0000e+000
5.150000e+003	2.33317525e-001	-3.16668247e+000	5.39873540e+001	0.00000000e+000	2.7016e+014	1.0000e-010	0.0000e+000
5.160000e+003	2.33322924e-001	-3.16667708e+000	4.88424627e+001	0.00000000e+000	2.7011e+014	1.0000e-010	0.0000e+000
5.170000e+003	2.33327808e-001	-3.16667219e+000	4.36985434e+001	0.00000000e+000	2.7006e+014	1.0000e-010	0.0000e+000
5.180000e+003	2.33332178e-001	-3.16666782e+000	3.85554936e+001	0.00000000e+000	2.7001e+014	1.0000e-010	0.0000e+000
5.190000e+003	2.33336034e-001	-3.16666397e+000	3.34132107e+001	0.00000000e+000	2.6997e+014	1.0000e-010	0.0000e+000
5.200000e+003	2.33339375e-001	-3.16666062e+000	2.82715923e+001	0.00000000e+000	2.6994e+014	1.0000e-010	0.0000e+000
5.210000e+003	2.33342202e-001	-3.16665780e+000	2.31305363e+001	0.00000000e+000	2.6991e+014	1.0000e-010	0.0000e+000
5.220000e+003	2.33344515e-001	-3.16665548e+000	1.79899402e+001	0.00000000e+000	2.6988e+014	1.0000e-010	0.0000e+000
5.230000e+003	2.33346314e-001	-3.16665369e+000	1.28497018e+001	0.00000000e+000	2.6986e+014	1.0000e-010	0.0000e+000
5.240000e+003	2.33347599e-001	-3.16665240e+000	7.70971888e+000	0.00000000e+000	2.6985e+014	1.0000e-010	0.0000e+000
5.250000e+003	2.33348370e-001	-3.16665163e+000	2.56988926e+000	0.00000000e+000	2.6984e+014	1.0000e-010	0.0000e+000
5.260000e+003	2.33348627e-001	-3.16665137e+000	2.56988926e+000	0.00000000e+000	2.6984e+014	1.0000e-010	0.0000e+000
