Y (ang)	Ec (eV)	Ev (eV)	E (V/cm)	Ef (eV)	n (cm-3)	p (cm-3)	Nd - Na (cm-3)
0.000000e+000	-6.40000000e+000	-9.80000000e+000	3.74652328e+007	-7.00000000e+000	1.8691e+008	1.0000e-010	0.0000e+000
1.000000e+001	-2.09347672e+000	-6.19347672e+000	1.16906782e+007	0.00000000e+000	1.2308e+021	1.0000e-010	-1.3848e+020
2.000000e+001	-9.24408903e-001	-5.02440890e+000	4.61983986e+006	0.00000000e+000	3.6145e+020	1.0000e-010	0.0000e+000
3.000000e+001	-4.62424917e-001	-4.56242492e+000	2.11051895e+006	0.00000000e+000	1.2827e+020	1.0000e-010	0.0000e+000
4.000000e+001	-2.51373022e-001	-4.35137302e+000	1.09510730e+006	0.00000000e+000	5.1906e+019	1.0000e-010	0.0000e+000
5.000000e+001	-1.41862292e-001	-4.24186229e+000	6.55287111e+005	0.00000000e+000	2.2483e+019	1.0000e-010	0.0000e+000
6.000000e+001	-7.63335808e-002	-4.17633358e+000	4.63956971e+005	0.00000000e+000	9.7805e+018	1.0000e-010	0.0000e+000
7.000000e+001	-2.99378837e-002	-4.12993788e+000	3.87613055e+005	0.00000000e+000	3.9026e+018	1.0000e-010	0.0000e+000
8.000000e+001	8.82342178e-003	-4.09117658e+000	3.62131920e+005	0.00000000e+000	1.3026e+018	1.0000e-010	0.0000e+000
9.000000e+001	4.50366138e-002	-4.05496339e+000	3.54872524e+005	0.00000000e+000	3.7109e+017	1.0000e-010	0.0000e+000
1.000000e+002	8.05238662e-002	-4.01947613e+000	3.52952860e+005	0.00000000e+000	9.8131e+016	1.0000e-010	0.0000e+000
1.100000e+002	1.15819152e-001	-3.98418085e+000	3.52455197e+005	0.00000000e+000	2.5440e+016	1.0000e-010	0.0000e+000
1.200000e+002	1.51064672e-001	-3.94893533e+000	3.52327894e+005	0.00000000e+000	6.5075e+015	1.0000e-010	0.0000e+000
1.300000e+002	1.86297461e-001	-3.91370254e+000	3.52295314e+005	0.00000000e+000	1.6654e+015	1.0000e-010	0.0000e+000
1.400000e+002	-3.38473007e-001	-3.73847301e+000	1.44540123e+006	0.00000000e+000	8.0608e+019	1.0000e-010	1.3848e+020
1.500000e+002	-1.71532884e-001	-3.59953288e+000	7.80140214e+005	0.00000000e+000	2.9715e+019	1.0000e-010	-5.2547e+018
1.600000e+002	-7.11188624e-002	-3.52711886e+000	5.08821379e+005	0.00000000e+000	8.9790e+018	1.0000e-010	-5.2784e+018
1.700000e+002	2.16327547e-003	-3.48183672e+000	3.77333770e+005	0.00000000e+000	1.6073e+018	1.0000e-010	-5.3022e+018
1.800000e+002	6.22966525e-002	-3.44970335e+000	2.72117121e+005	0.00000000e+000	1.9562e+017	1.0000e-010	-5.3259e+018
1.900000e+002	1.11908365e-001	-3.42809164e+000	1.69402688e+005	0.00000000e+000	2.9595e+016	1.0000e-010	-5.3496e+018
2.000000e+002	1.51248633e-001	-3.41675137e+000	6.64594366e+004	0.00000000e+000	6.4614e+015	1.0000e-010	-5.3733e+018
2.100000e+002	1.80294577e-001	-3.41570542e+000	-3.70735881e+004	0.00000000e+000	2.1007e+015	1.0000e-010	-5.3970e+018
2.200000e+002	1.98987218e-001	-3.42501278e+000	-1.41261257e+005	0.00000000e+000	1.0194e+015	1.0000e-010	-5.4207e+018
2.300000e+002	2.07261093e-001	-3.44473891e+000	-2.46121082e+005	0.00000000e+000	7.4021e+014	1.0000e-010	-5.4445e+018
2.400000e+002	2.05048984e-001	-3.47495102e+000	-3.51661856e+005	0.00000000e+000	8.0634e+014	1.0000e-010	-5.4682e+018
2.500000e+002	1.92282799e-001	-3.51571720e+000	-4.57894403e+005	0.00000000e+000	1.3212e+015	1.0000e-010	-5.4919e+018
2.600000e+002	-9.99066416e-002	-3.49990664e+000	4.10283631e+005	0.00000000e+000	1.3805e+019	1.0000e-010	5.9106e+019
2.700000e+002	-5.88782785e-002	-3.45887828e+000	2.72542502e+005	0.00000000e+000	7.2314e+018	1.0000e-010	0.0000e+000
2.800000e+002	-3.16240283e-002	-3.43162403e+000	1.95134708e+005	0.00000000e+000	4.0639e+018	1.0000e-010	0.0000e+000
2.900000e+002	-1.21105575e-002	-3.41211056e+000	1.48474166e+005	0.00000000e+000	2.4497e+018	1.0000e-010	0.0000e+000
3.000000e+002	2.73685906e-003	-3.39726314e+000	1.18398809e+005	0.00000000e+000	1.5790e+018	1.0000e-010	0.0000e+000
3.100000e+002	1.45767399e-002	-3.38542326e+000	9.78366705e+004	0.00000000e+000	1.0795e+018	1.0000e-010	0.0000e+000
3.200000e+002	2.43604070e-002	-3.37563959e+000	8.30695056e+004	0.00000000e+000	7.7528e+017	1.0000e-010	0.0000e+000
3.300000e+002	3.26673576e-002	-3.36733264e+000	7.20289311e+004	0.00000000e+000	5.7963e+017	1.0000e-010	0.0000e+000
3.400000e+002	3.98702507e-002	-3.36012975e+000	6.34995875e+004	0.00000000e+000	4.4779e+017	1.0000e-010	0.0000e+000
3.500000e+002	4.62202094e-002	-3.35377979e+000	5.67309589e+004	0.00000000e+000	3.5535e+017	1.0000e-010	0.0000e+000
3.600000e+002	5.18933053e-002	-3.34810669e+000	5.12388968e+004	0.00000000e+000	2.8833e+017	1.0000e-010	0.0000e+000
3.700000e+002	5.70171950e-002	-3.34298281e+000	4.66990288e+004	0.00000000e+000	2.3834e+017	1.0000e-010	0.0000e+000
3.800000e+002	6.16870979e-002	-3.33831290e+000	4.28867973e+004	0.00000000e+000	2.0014e+017	1.0000e-010	0.0000e+000
3.900000e+002	6.59757776e-002	-3.33402422e+000	3.96422734e+004	0.00000000e+000	1.7034e+017	1.0000e-010	0.0000e+000
4.000000e+002	6.99400049e-002	-3.33006000e+000	3.68487125e+004	0.00000000e+000	1.4666e+017	1.0000e-010	0.0000e+000
4.100000e+002	7.36248762e-002	-3.32637512e+000	3.44190347e+004	0.00000000e+000	1.2756e+017	1.0000e-010	0.0000e+000
4.200000e+002	7.70667797e-002	-3.32293322e+000	3.22870426e+004	0.00000000e+000	1.1193e+017	1.0000e-010	0.0000e+000
4.300000e+002	8.02954839e-002	-3.31970452e+000	3.04015619e+004	0.00000000e+000	9.8988e+016	1.0000e-010	0.0000e+000
4.400000e+002	8.33356401e-002	-3.31666436e+000	2.87224357e+004	0.00000000e+000	8.8154e+016	1.0000e-010	0.0000e+000
4.500000e+002	8.62078837e-002	-3.31379212e+000	2.72177291e+004	0.00000000e+000	7.8997e+016	1.0000e-010	0.0000e+000
4.600000e+002	8.89296566e-002	-3.31107034e+000	2.58617384e+004	0.00000000e+000	7.1190e+016	1.0000e-010	0.0000e+000
4.700000e+002	9.15158304e-002	-3.30848417e+000	2.46335492e+004	0.00000000e+000	6.4480e+016	1.0000e-010	0.0000e+000
4.800000e+002	9.39791853e-002	-3.30602081e+000	2.35159761e+004	0.00000000e+000	5.8673e+016	1.0000e-010	0.0000e+000
4.900000e+002	9.63307829e-002	-3.30366922e+000	2.24947700e+004	0.00000000e+000	5.3613e+016	1.0000e-010	0.0000e+000
5.000000e+002	9.85802599e-002	-3.30141974e+000	2.15580191e+004	0.00000000e+000	4.9180e+016	1.0000e-010	0.0000e+000
5.100000e+002	1.00736062e-001	-3.29926394e+000	2.06956906e+004	0.00000000e+000	4.5272e+016	1.0000e-010	0.0000e+000
5.200000e+002	1.02805631e-001	-3.29719437e+000	1.98992748e+004	0.00000000e+000	4.1812e+016	1.0000e-010	0.0000e+000
5.300000e+002	1.04795558e-001	-3.29520444e+000	1.91570393e+004	0.00000000e+000	3.8967e+016	1.0000e-010	0.0000e+000
5.400000e+002	1.06711262e-001	-3.29328874e+000	1.84678170e+004	0.00000000e+000	3.6184e+016	1.0000e-010	0.0000e+000
5.500000e+002	1.08558044e-001	-3.29144196e+000	1.78261130e+004	0.00000000e+000	3.3690e+016	1.0000e-010	0.0000e+000
5.600000e+002	1.10340655e-001	-3.28965934e+000	1.72271663e+004	0.00000000e+000	3.1445e+016	1.0000e-010	0.0000e+000
5.700000e+002	1.12063372e-001	-3.28793663e+000	1.66668313e+004	0.00000000e+000	2.9418e+016	1.0000e-010	0.0000e+000
5.800000e+002	1.13730055e-001	-3.28626994e+000	1.61414813e+004	0.00000000e+000	2.7581e+016	1.0000e-010	0.0000e+000
5.900000e+002	1.15344203e-001	-3.28465580e+000	1.56479301e+004	0.00000000e+000	2.5912e+016	1.0000e-010	0.0000e+000
6.000000e+002	1.16908996e-001	-3.28309100e+000	1.51833668e+004	0.00000000e+000	2.4390e+016	1.0000e-010	0.0000e+000
6.100000e+002	1.18427333e-001	-3.28157267e+000	1.47453025e+004	0.00000000e+000	2.2998e+016	1.0000e-010	0.0000e+000
6.200000e+002	1.19901863e-001	-3.28009814e+000	1.43315250e+004	0.00000000e+000	2.1723e+016	1.0000e-010	0.0000e+000
6.300000e+002	1.21335016e-001	-3.27866498e+000	1.39400617e+004	0.00000000e+000	2.0552e+016	1.0000e-010	0.0000e+000
6.400000e+002	1.22729022e-001	-3.27727098e+000	1.35691482e+004	0.00000000e+000	1.9473e+016	1.0000e-010	0.0000e+000
6.500000e+002	1.24085937e-001	-3.27591406e+000	1.32172010e+004	0.00000000e+000	1.8477e+016	1.0000e-010	0.0000e+000
6.600000e+002	1.25407657e-001	-3.27459234e+000	1.28827954e+004	0.00000000e+000	1.7556e+016	1.0000e-010	0.0000e+000
6.700000e+002	1.26695936e-001	-3.27330406e+000	1.25646457e+004	0.00000000e+000	1.6703e+016	1.0000e-010	0.0000e+000
6.800000e+002	1.27952401e-001	-3.27204760e+000	1.22615891e+004	0.00000000e+000	1.5911e+016	1.0000e-010	0.0000e+000
6.900000e+002	1.29178560e-001	-3.27082144e+000	1.19725709e+004	0.00000000e+000	1.5174e+016	1.0000e-010	0.0000e+000
7.000000e+002	1.30375817e-001	-3.26962418e+000	1.16966325e+004	0.00000000e+000	1.4487e+016	1.0000e-010	0.0000e+000
7.100000e+002	1.31545480e-001	-3.26845452e+000	1.14329006e+004	0.00000000e+000	1.3846e+016	1.0000e-010	0.0000e+000
7.200000e+002	1.32688770e-001	-3.26731123e+000	1.11805780e+004	0.00000000e+000	1.3247e+016	1.0000e-010	0.0000e+000
7.300000e+002	1.33806828e-001	-3.26619317e+000	1.09389353e+004	0.00000000e+000	1.2686e+016	1.0000e-010	0.0000e+000
7.400000e+002	1.34900722e-001	-3.26509928e+000	1.07073041e+004	0.00000000e+000	1.2161e+016	1.0000e-010	0.0000e+000
7.500000e+002	1.35971452e-001	-3.26402855e+000	1.04850706e+004	0.00000000e+000	1.1667e+016	1.0000e-010	0.0000e+000
7.600000e+002	1.37019959e-001	-3.26298004e+000	1.02716701e+004	0.00000000e+000	1.1204e+016	1.0000e-010	0.0000e+000
7.700000e+002	1.38047126e-001	-3.26195287e+000	1.00665823e+004	0.00000000e+000	1.0767e+016	1.0000e-010	0.0000e+000
7.800000e+002	1.39053784e-001	-3.26094622e+000	9.86932703e+003	0.00000000e+000	1.0356e+016	1.0000e-010	0.0000e+000
7.900000e+002	1.40040717e-001	-3.25995928e+000	9.67946029e+003	0.00000000e+000	9.9680e+015	1.0000e-010	0.0000e+000
8.000000e+002	1.41008663e-001	-3.25899134e+000	9.49657107e+003	0.00000000e+000	9.6017e+015	1.0000e-010	0.0000e+000
8.100000e+002	1.41958320e-001	-3.25804168e+000	9.32027827e+003	0.00000000e+000	9.2554e+015	1.0000e-010	0.0000e+000
8.200000e+002	1.42890348e-001	-3.25710965e+000	9.15022805e+003	0.00000000e+000	8.9277e+015	1.0000e-010	0.0000e+000
8.300000e+002	1.43805371e-001	-3.25619463e+000	8.98609143e+003	0.00000000e+000	8.6172e+015	1.0000e-010	0.0000e+000
8.400000e+002	1.44703980e-001	-3.25529602e+000	8.82756215e+003	0.00000000e+000	8.3228e+015	1.0000e-010	0.0000e+000
8.500000e+002	1.45586736e-001	-3.25441326e+000	8.67435471e+003	0.00000000e+000	8.0434e+015	1.0000e-010	0.0000e+000
8.600000e+002	1.46454172e-001	-3.25354583e+000	8.52620269e+003	0.00000000e+000	7.7780e+015	1.0000e-010	0.0000e+000
8.700000e+002	1.47306792e-001	-3.25269321e+000	8.38285716e+003	0.00000000e+000	7.5257e+015	1.0000e-010	0.0000e+000
8.800000e+002	1.48145078e-001	-3.25185492e+000	8.24408524e+003	0.00000000e+000	7.2855e+015	1.0000e-010	0.0000e+000
8.900000e+002	1.48969486e-001	-3.25103051e+000	8.10966889e+003	0.00000000e+000	7.0569e+015	1.0000e-010	0.0000e+000
9.000000e+002	1.49780453e-001	-3.25021955e+000	7.97940367e+003	0.00000000e+000	6.8389e+015	1.0000e-010	0.0000e+000
9.100000e+002	1.50578393e-001	-3.24942161e+000	7.85309776e+003	0.00000000e+000	6.6311e+015	1.0000e-010	0.0000e+000
9.200000e+002	1.51363703e-001	-3.24863630e+000	7.73057097e+003	0.00000000e+000	6.4327e+015	1.0000e-010	0.0000e+000
9.300000e+002	1.52136760e-001	-3.24786324e+000	7.61165389e+003	0.00000000e+000	6.2432e+015	1.0000e-010	0.0000e+000
9.400000e+002	1.52897926e-001	-3.24710207e+000	7.49618707e+003	0.00000000e+000	6.0620e+015	1.0000e-010	0.0000e+000
9.500000e+002	1.53647544e-001	-3.24635246e+000	7.38402031e+003	0.00000000e+000	5.8888e+015	1.0000e-010	0.0000e+000
9.600000e+002	1.54385946e-001	-3.24561405e+000	7.27501201e+003	0.00000000e+000	5.7230e+015	1.0000e-010	0.0000e+000
9.700000e+002	1.55113447e-001	-3.24488655e+000	7.16902855e+003	0.00000000e+000	5.5641e+015	1.0000e-010	0.0000e+000
9.800000e+002	1.55830350e-001	-3.24416965e+000	7.06594375e+003	0.00000000e+000	5.4120e+015	1.0000e-010	0.0000e+000
9.900000e+002	1.56536945e-001	-3.24346306e+000	6.96563834e+003	0.00000000e+000	5.2661e+015	1.0000e-010	0.0000e+000
1.000000e+003	1.57233509e-001	-3.24276649e+000	6.86799950e+003	0.00000000e+000	5.1261e+015	1.0000e-010	0.0000e+000
1.010000e+003	1.57920309e-001	-3.24207969e+000	6.77292044e+003	0.00000000e+000	4.9917e+015	1.0000e-010	0.0000e+000
1.020000e+003	1.58597601e-001	-3.24140240e+000	6.68030000e+003	0.00000000e+000	4.8626e+015	1.0000e-010	0.0000e+000
1.030000e+003	1.59265631e-001	-3.24073437e+000	6.59004226e+003	0.00000000e+000	4.7385e+015	1.0000e-010	0.0000e+000
1.040000e+003	1.59924635e-001	-3.24007537e+000	6.50205625e+003	0.00000000e+000	4.6193e+015	1.0000e-010	0.0000e+000
1.050000e+003	1.60574840e-001	-3.23942516e+000	6.41625558e+003	0.00000000e+000	4.5045e+015	1.0000e-010	0.0000e+000
1.060000e+003	1.61216466e-001	-3.23878353e+000	6.33255820e+003	0.00000000e+000	4.3941e+015	1.0000e-010	0.0000e+000
1.070000e+003	1.61849722e-001	-3.23815028e+000	6.25088612e+003	0.00000000e+000	4.2878e+015	1.0000e-010	0.0000e+000
1.080000e+003	1.62474810e-001	-3.23752519e+000	6.17116515e+003	0.00000000e+000	4.1854e+015	1.0000e-010	0.0000e+000
1.090000e+003	1.63091927e-001	-3.23690807e+000	6.09332468e+003	0.00000000e+000	4.0866e+015	1.0000e-010	0.0000e+000
1.100000e+003	1.63701259e-001	-3.23629874e+000	6.01729745e+003	0.00000000e+000	3.9914e+015	1.0000e-010	0.0000e+000
1.110000e+003	1.64302989e-001	-3.23569701e+000	5.94301940e+003	0.00000000e+000	3.8996e+015	1.0000e-010	0.0000e+000
1.120000e+003	1.64897291e-001	-3.23510271e+000	5.87042942e+003	0.00000000e+000	3.8110e+015	1.0000e-010	0.0000e+000
1.130000e+003	1.65484334e-001	-3.23451567e+000	5.79946923e+003	0.00000000e+000	3.7254e+015	1.0000e-010	0.0000e+000
1.140000e+003	1.66064281e-001	-3.23393572e+000	5.73008319e+003	0.00000000e+000	3.6428e+015	1.0000e-010	0.0000e+000
1.150000e+003	1.66637289e-001	-3.23336271e+000	5.66221817e+003	0.00000000e+000	3.5629e+015	1.0000e-010	0.0000e+000
1.160000e+003	1.67203511e-001	-3.23279649e+000	5.59582340e+003	0.00000000e+000	3.4857e+015	1.0000e-010	0.0000e+000
1.170000e+003	1.67763093e-001	-3.23223691e+000	5.53085034e+003	0.00000000e+000	3.4111e+015	1.0000e-010	0.0000e+000
1.180000e+003	1.68316178e-001	-3.23168382e+000	5.46725257e+003	0.00000000e+000	3.3389e+015	1.0000e-010	0.0000e+000
1.190000e+003	1.68862904e-001	-3.23113710e+000	5.40498567e+003	0.00000000e+000	3.2690e+015	1.0000e-010	0.0000e+000
1.200000e+003	1.69403402e-001	-3.23059660e+000	5.34400708e+003	0.00000000e+000	3.2014e+015	1.0000e-010	0.0000e+000
1.210000e+003	1.69937803e-001	-3.23006220e+000	5.28427609e+003	0.00000000e+000	3.1359e+015	1.0000e-010	0.0000e+000
1.220000e+003	1.70466231e-001	-3.22953377e+000	5.22575363e+003	0.00000000e+000	3.0724e+015	1.0000e-010	0.0000e+000
1.230000e+003	1.70988806e-001	-3.22901119e+000	5.16840227e+003	0.00000000e+000	3.0110e+015	1.0000e-010	0.0000e+000
1.240000e+003	1.71505646e-001	-3.22849435e+000	5.11218611e+003	0.00000000e+000	2.9514e+015	1.0000e-010	0.0000e+000
1.250000e+003	1.72016865e-001	-3.22798314e+000	5.05707070e+003	0.00000000e+000	2.8936e+015	1.0000e-010	0.0000e+000
1.260000e+003	1.72522572e-001	-3.22747743e+000	5.00302296e+003	0.00000000e+000	2.8375e+015	1.0000e-010	0.0000e+000
1.270000e+003	1.73022874e-001	-3.22697713e+000	4.95001113e+003	0.00000000e+000	2.7831e+015	1.0000e-010	0.0000e+000
1.280000e+003	1.73517875e-001	-3.22648212e+000	4.89800468e+003	0.00000000e+000	2.7303e+015	1.0000e-010	0.0000e+000
1.290000e+003	1.74007676e-001	-3.22599232e+000	4.84697429e+003	0.00000000e+000	2.6791e+015	1.0000e-010	0.0000e+000
1.300000e+003	1.74492373e-001	-3.22550763e+000	4.79689175e+003	0.00000000e+000	2.6293e+015	1.0000e-010	0.0000e+000
1.310000e+003	1.74972062e-001	-3.22502794e+000	4.74772994e+003	0.00000000e+000	2.5810e+015	1.0000e-010	0.0000e+000
1.320000e+003	1.75446835e-001	-3.22455316e+000	4.69946274e+003	0.00000000e+000	2.5340e+015	1.0000e-010	0.0000e+000
1.330000e+003	1.75916782e-001	-3.22408322e+000	4.65206503e+003	0.00000000e+000	2.4884e+015	1.0000e-010	0.0000e+000
1.340000e+003	1.76381988e-001	-3.22361801e+000	4.60551262e+003	0.00000000e+000	2.4440e+015	1.0000e-010	0.0000e+000
1.350000e+003	1.76842539e-001	-3.22315746e+000	4.55978220e+003	0.00000000e+000	2.4009e+015	1.0000e-010	0.0000e+000
1.360000e+003	1.77298518e-001	-3.22270148e+000	4.51485129e+003	0.00000000e+000	2.3589e+015	1.0000e-010	0.0000e+000
1.370000e+003	1.77750003e-001	-3.22225000e+000	4.47069826e+003	0.00000000e+000	2.3180e+015	1.0000e-010	0.0000e+000
1.380000e+003	1.78197073e-001	-3.22180293e+000	4.42730222e+003	0.00000000e+000	2.2783e+015	1.0000e-010	0.0000e+000
1.390000e+003	1.78639803e-001	-3.22136020e+000	4.38464303e+003	0.00000000e+000	2.2396e+015	1.0000e-010	0.0000e+000
1.400000e+003	1.79078267e-001	-3.22092173e+000	4.34270127e+003	0.00000000e+000	2.2019e+015	1.0000e-010	0.0000e+000
1.410000e+003	1.79512537e-001	-3.22048746e+000	4.30145818e+003	0.00000000e+000	2.1653e+015	1.0000e-010	0.0000e+000
1.420000e+003	1.79942683e-001	-3.22005732e+000	4.26089564e+003	0.00000000e+000	2.1295e+015	1.0000e-010	0.0000e+000
1.430000e+003	1.80368773e-001	-3.21963123e+000	4.22099617e+003	0.00000000e+000	2.0947e+015	1.0000e-010	0.0000e+000
1.440000e+003	1.80790872e-001	-3.21920913e+000	4.18174287e+003	0.00000000e+000	2.0608e+015	1.0000e-010	0.0000e+000
1.450000e+003	1.81209046e-001	-3.21879095e+000	4.14311941e+003	0.00000000e+000	2.0277e+015	1.0000e-010	0.0000e+000
1.460000e+003	1.81623358e-001	-3.21837664e+000	4.10511001e+003	0.00000000e+000	1.9955e+015	1.0000e-010	0.0000e+000
1.470000e+003	1.82033869e-001	-3.21796613e+000	4.06769941e+003	0.00000000e+000	1.9641e+015	1.0000e-010	0.0000e+000
1.480000e+003	1.82440639e-001	-3.21755936e+000	4.03087284e+003	0.00000000e+000	1.9334e+015	1.0000e-010	0.0000e+000
1.490000e+003	1.82843727e-001	-3.21715627e+000	3.99461602e+003	0.00000000e+000	1.9035e+015	1.0000e-010	0.0000e+000
1.500000e+003	1.83243188e-001	-3.21675681e+000	3.95891513e+003	0.00000000e+000	1.8743e+015	1.0000e-010	0.0000e+000
1.510000e+003	1.83639080e-001	-3.21636092e+000	3.92375678e+003	0.00000000e+000	1.8458e+015	1.0000e-010	0.0000e+000
1.520000e+003	1.84031455e-001	-3.21596854e+000	3.88912804e+003	0.00000000e+000	1.8180e+015	1.0000e-010	0.0000e+000
1.530000e+003	1.84420368e-001	-3.21557963e+000	3.85501635e+003	0.00000000e+000	1.7909e+015	1.0000e-010	0.0000e+000
1.540000e+003	1.84805870e-001	-3.21519413e+000	3.82140955e+003	0.00000000e+000	1.7644e+015	1.0000e-010	0.0000e+000
1.550000e+003	1.85188011e-001	-3.21481199e+000	3.78829587e+003	0.00000000e+000	1.7385e+015	1.0000e-010	0.0000e+000
1.560000e+003	1.85566840e-001	-3.21443316e+000	3.75566389e+003	0.00000000e+000	1.7132e+015	1.0000e-010	0.0000e+000
1.570000e+003	1.85942407e-001	-3.21405759e+000	3.72350255e+003	0.00000000e+000	1.6885e+015	1.0000e-010	0.0000e+000
1.580000e+003	1.86314757e-001	-3.21368524e+000	3.69180111e+003	0.00000000e+000	1.6643e+015	1.0000e-010	0.0000e+000
1.590000e+003	1.86683937e-001	-3.21331606e+000	3.66054917e+003	0.00000000e+000	1.6407e+015	1.0000e-010	0.0000e+000
1.600000e+003	1.87049992e-001	-3.21295001e+000	3.62973663e+003	0.00000000e+000	1.6177e+015	1.0000e-010	0.0000e+000
1.610000e+003	1.87412966e-001	-3.21258703e+000	3.59935368e+003	0.00000000e+000	1.5951e+015	1.0000e-010	0.0000e+000
1.620000e+003	1.87772901e-001	-3.21222710e+000	3.56939083e+003	0.00000000e+000	1.5731e+015	1.0000e-010	0.0000e+000
1.630000e+003	1.88129840e-001	-3.21187016e+000	3.53983883e+003	0.00000000e+000	1.5515e+015	1.0000e-010	0.0000e+000
1.640000e+003	1.88483824e-001	-3.21151618e+000	3.51068872e+003	0.00000000e+000	1.5304e+015	1.0000e-010	0.0000e+000
1.650000e+003	1.88834893e-001	-3.21116511e+000	3.48193179e+003	0.00000000e+000	1.5097e+015	1.0000e-010	0.0000e+000
1.660000e+003	1.89183086e-001	-3.21081691e+000	3.45355958e+003	0.00000000e+000	1.4895e+015	1.0000e-010	0.0000e+000
1.670000e+003	1.89528442e-001	-3.21047156e+000	3.42556388e+003	0.00000000e+000	1.4698e+015	1.0000e-010	0.0000e+000
1.680000e+003	1.89870998e-001	-3.21012900e+000	3.39793669e+003	0.00000000e+000	1.4504e+015	1.0000e-010	0.0000e+000
1.690000e+003	1.90210792e-001	-3.20978921e+000	3.37067025e+003	0.00000000e+000	1.4315e+015	1.0000e-010	0.0000e+000
1.700000e+003	1.90547859e-001	-3.20945214e+000	3.34375701e+003	0.00000000e+000	1.4129e+015	1.0000e-010	0.0000e+000
1.710000e+003	1.90882235e-001	-3.20911777e+000	3.31718964e+003	0.00000000e+000	1.3948e+015	1.0000e-010	0.0000e+000
1.720000e+003	1.91213954e-001	-3.20878605e+000	3.29096098e+003	0.00000000e+000	1.3770e+015	1.0000e-010	0.0000e+000
1.730000e+003	1.91543050e-001	-3.20845695e+000	3.26506410e+003	0.00000000e+000	1.3596e+015	1.0000e-010	0.0000e+000
1.740000e+003	1.91869556e-001	-3.20813044e+000	3.23949223e+003	0.00000000e+000	1.3425e+015	1.0000e-010	0.0000e+000
1.750000e+003	1.92193506e-001	-3.20780649e+000	3.21423881e+003	0.00000000e+000	1.3258e+015	1.0000e-010	0.0000e+000
1.760000e+003	1.92514929e-001	-3.20748507e+000	3.18929742e+003	0.00000000e+000	1.3094e+015	1.0000e-010	0.0000e+000
1.770000e+003	1.92833859e-001	-3.20716614e+000	3.16466184e+003	0.00000000e+000	1.2934e+015	1.0000e-010	0.0000e+000
1.780000e+003	1.93150325e-001	-3.20684967e+000	3.14032600e+003	0.00000000e+000	1.2776e+015	1.0000e-010	0.0000e+000
1.790000e+003	1.93464358e-001	-3.20653564e+000	3.11628398e+003	0.00000000e+000	1.2622e+015	1.0000e-010	0.0000e+000
1.800000e+003	1.93775986e-001	-3.20622401e+000	3.09253004e+003	0.00000000e+000	1.2471e+015	1.0000e-010	0.0000e+000
1.810000e+003	1.94085239e-001	-3.20591476e+000	3.06905855e+003	0.00000000e+000	1.2323e+015	1.0000e-010	0.0000e+000
1.820000e+003	1.94392145e-001	-3.20560785e+000	3.04586407e+003	0.00000000e+000	1.2177e+015	1.0000e-010	0.0000e+000
1.830000e+003	1.94696732e-001	-3.20530327e+000	3.02294125e+003	0.00000000e+000	1.2035e+015	1.0000e-010	0.0000e+000
1.840000e+003	1.94999026e-001	-3.20500097e+000	3.00028492e+003	0.00000000e+000	1.1895e+015	1.0000e-010	0.0000e+000
1.850000e+003	1.95299054e-001	-3.20470095e+000	2.97789001e+003	0.00000000e+000	1.1757e+015	1.0000e-010	0.0000e+000
1.860000e+003	1.95596843e-001	-3.20440316e+000	2.95575159e+003	0.00000000e+000	1.1623e+015	1.0000e-010	0.0000e+000
1.870000e+003	1.95892418e-001	-3.20410758e+000	2.93386484e+003	0.00000000e+000	1.1491e+015	1.0000e-010	0.0000e+000
1.880000e+003	1.96185805e-001	-3.20381420e+000	2.91222507e+003	0.00000000e+000	1.1361e+015	1.0000e-010	0.0000e+000
1.890000e+003	1.96477027e-001	-3.20352297e+000	2.89082771e+003	0.00000000e+000	1.1234e+015	1.0000e-010	0.0000e+000
1.900000e+003	1.96766110e-001	-3.20323389e+000	2.86966828e+003	0.00000000e+000	1.1109e+015	1.0000e-010	0.0000e+000
1.910000e+003	1.97053077e-001	-3.20294692e+000	2.84874243e+003	0.00000000e+000	1.0986e+015	1.0000e-010	0.0000e+000
1.920000e+003	1.97337951e-001	-3.20266205e+000	2.82804591e+003	0.00000000e+000	1.0866e+015	1.0000e-010	0.0000e+000
1.930000e+003	1.97620756e-001	-3.20237924e+000	2.80757456e+003	0.00000000e+000	1.0747e+015	1.0000e-010	0.0000e+000
1.940000e+003	1.97901513e-001	-3.20209849e+000	2.78732434e+003	0.00000000e+000	1.0631e+015	1.0000e-010	0.0000e+000
1.950000e+003	1.98180246e-001	-3.20181975e+000	2.76729127e+003	0.00000000e+000	1.0517e+015	1.0000e-010	0.0000e+000
1.960000e+003	1.98456975e-001	-3.20154303e+000	2.74747150e+003	0.00000000e+000	1.0405e+015	1.0000e-010	0.0000e+000
1.970000e+003	1.98731722e-001	-3.20126828e+000	2.72786125e+003	0.00000000e+000	1.0295e+015	1.0000e-010	0.0000e+000
1.980000e+003	1.99004508e-001	-3.20099549e+000	2.70845684e+003	0.00000000e+000	1.0187e+015	1.0000e-010	0.0000e+000
1.990000e+003	1.99275354e-001	-3.20072465e+000	2.68925467e+003	0.00000000e+000	1.0081e+015	1.0000e-010	0.0000e+000
2.000000e+003	1.99544279e-001	-3.20045572e+000	2.67025121e+003	0.00000000e+000	9.9768e+014	1.0000e-010	0.0000e+000
2.010000e+003	1.99811304e-001	-3.20018870e+000	2.65144303e+003	0.00000000e+000	9.8743e+014	1.0000e-010	0.0000e+000
2.020000e+003	2.00076449e-001	-3.19992355e+000	2.63282676e+003	0.00000000e+000	9.7736e+014	1.0000e-010	0.0000e+000
2.030000e+003	2.00339731e-001	-3.19966027e+000	2.61439912e+003	0.00000000e+000	9.6745e+014	1.0000e-010	0.0000e+000
2.040000e+003	2.00601171e-001	-3.19939883e+000	2.59615690e+003	0.00000000e+000	9.5772e+014	1.0000e-010	0.0000e+000
2.050000e+003	2.00860787e-001	-3.19913921e+000	2.57809696e+003	0.00000000e+000	9.4815e+014	1.0000e-010	0.0000e+000
2.060000e+003	2.01118597e-001	-3.19888140e+000	2.56021623e+003	0.00000000e+000	9.3874e+014	1.0000e-010	0.0000e+000
2.070000e+003	2.01374618e-001	-3.19862538e+000	2.54251170e+003	0.00000000e+000	9.2949e+014	1.0000e-010	0.0000e+000
2.080000e+003	2.01628869e-001	-3.19837113e+000	2.52498045e+003	0.00000000e+000	9.2039e+014	1.0000e-010	0.0000e+000
2.090000e+003	2.01881368e-001	-3.19811863e+000	2.50761958e+003	0.00000000e+000	9.1145e+014	1.0000e-010	0.0000e+000
2.100000e+003	2.02132129e-001	-3.19786787e+000	2.49042630e+003	0.00000000e+000	9.0265e+014	1.0000e-010	0.0000e+000
2.110000e+003	2.02381172e-001	-3.19761883e+000	2.47339786e+003	0.00000000e+000	8.9400e+014	1.0000e-010	0.0000e+000
2.120000e+003	2.02628512e-001	-3.19737149e+000	2.45653156e+003	0.00000000e+000	8.8548e+014	1.0000e-010	0.0000e+000
2.130000e+003	2.02874165e-001	-3.19712583e+000	2.43982477e+003	0.00000000e+000	8.7711e+014	1.0000e-010	0.0000e+000
2.140000e+003	2.03118148e-001	-3.19688185e+000	2.42327491e+003	0.00000000e+000	8.6887e+014	1.0000e-010	0.0000e+000
2.150000e+003	2.03360475e-001	-3.19663952e+000	2.40687946e+003	0.00000000e+000	8.6076e+014	1.0000e-010	0.0000e+000
2.160000e+003	2.03601163e-001	-3.19639884e+000	2.39063595e+003	0.00000000e+000	8.5279e+014	1.0000e-010	0.0000e+000
2.170000e+003	2.03840227e-001	-3.19615977e+000	2.37454195e+003	0.00000000e+000	8.4494e+014	1.0000e-010	0.0000e+000
2.180000e+003	2.04077681e-001	-3.19592232e+000	2.35859510e+003	0.00000000e+000	8.3721e+014	1.0000e-010	0.0000e+000
2.190000e+003	2.04313540e-001	-3.19568646e+000	2.34279308e+003	0.00000000e+000	8.2961e+014	1.0000e-010	0.0000e+000
2.200000e+003	2.04547820e-001	-3.19545218e+000	2.32713362e+003	0.00000000e+000	8.2212e+014	1.0000e-010	0.0000e+000
2.210000e+003	2.04780533e-001	-3.19521947e+000	2.31161449e+003	0.00000000e+000	8.1476e+014	1.0000e-010	0.0000e+000
2.220000e+003	2.05011694e-001	-3.19498831e+000	2.29623350e+003	0.00000000e+000	8.0750e+014	1.0000e-010	0.0000e+000
2.230000e+003	2.05241318e-001	-3.19475868e+000	2.28098853e+003	0.00000000e+000	8.0036e+014	1.0000e-010	0.0000e+000
2.240000e+003	2.05469417e-001	-3.19453058e+000	2.26587748e+003	0.00000000e+000	7.9333e+014	1.0000e-010	0.0000e+000
2.250000e+003	2.05696004e-001	-3.19430400e+000	2.25089829e+003	0.00000000e+000	7.8641e+014	1.0000e-010	0.0000e+000
2.260000e+003	2.05921094e-001	-3.19407891e+000	2.23604896e+003	0.00000000e+000	7.7959e+014	1.0000e-010	0.0000e+000
2.270000e+003	2.06144699e-001	-3.19385530e+000	2.22132752e+003	0.00000000e+000	7.7288e+014	1.0000e-010	0.0000e+000
2.280000e+003	2.06366832e-001	-3.19363317e+000	2.20673202e+003	0.00000000e+000	7.6627e+014	1.0000e-010	0.0000e+000
2.290000e+003	2.06587505e-001	-3.19341249e+000	2.19226059e+003	0.00000000e+000	7.5975e+014	1.0000e-010	0.0000e+000
2.300000e+003	2.06806731e-001	-3.19319327e+000	2.17791135e+003	0.00000000e+000	7.5334e+014	1.0000e-010	0.0000e+000
2.310000e+003	2.07024522e-001	-3.19297548e+000	2.16368249e+003	0.00000000e+000	7.4702e+014	1.0000e-010	0.0000e+000
2.320000e+003	2.07240890e-001	-3.19275911e+000	2.14957222e+003	0.00000000e+000	7.4079e+014	1.0000e-010	0.0000e+000
2.330000e+003	2.07455848e-001	-3.19254415e+000	2.13557880e+003	0.00000000e+000	7.3466e+014	1.0000e-010	0.0000e+000
2.340000e+003	2.07669406e-001	-3.19233059e+000	2.12170049e+003	0.00000000e+000	7.2861e+014	1.0000e-010	0.0000e+000
2.350000e+003	2.07881576e-001	-3.19211842e+000	2.10793562e+003	0.00000000e+000	7.2266e+014	1.0000e-010	0.0000e+000
2.360000e+003	2.08092369e-001	-3.19190763e+000	2.09428252e+003	0.00000000e+000	7.1679e+014	1.0000e-010	0.0000e+000
2.370000e+003	2.08301797e-001	-3.19169820e+000	2.08073959e+003	0.00000000e+000	7.1101e+014	1.0000e-010	0.0000e+000
2.380000e+003	2.08509871e-001	-3.19149013e+000	2.06730522e+003	0.00000000e+000	7.0531e+014	1.0000e-010	0.0000e+000
2.390000e+003	2.08716602e-001	-3.19128340e+000	2.05397785e+003	0.00000000e+000	6.9969e+014	1.0000e-010	0.0000e+000
2.400000e+003	2.08922000e-001	-3.19107800e+000	2.04075595e+003	0.00000000e+000	6.9415e+014	1.0000e-010	0.0000e+000
2.410000e+003	2.09126075e-001	-3.19087392e+000	2.02763802e+003	0.00000000e+000	6.8869e+014	1.0000e-010	0.0000e+000
2.420000e+003	2.09328839e-001	-3.19067116e+000	2.01462256e+003	0.00000000e+000	6.8331e+014	1.0000e-010	0.0000e+000
2.430000e+003	2.09530301e-001	-3.19046970e+000	2.00170815e+003	0.00000000e+000	6.7801e+014	1.0000e-010	0.0000e+000
2.440000e+003	2.09730472e-001	-3.19026953e+000	1.98889334e+003	0.00000000e+000	6.7278e+014	1.0000e-010	0.0000e+000
2.450000e+003	2.09929361e-001	-3.19007064e+000	1.97617674e+003	0.00000000e+000	6.6762e+014	1.0000e-010	0.0000e+000
2.460000e+003	2.10126979e-001	-3.18987302e+000	1.96355698e+003	0.00000000e+000	6.6254e+014	1.0000e-010	0.0000e+000
2.470000e+003	2.10323335e-001	-3.18967667e+000	1.95103271e+003	0.00000000e+000	6.5753e+014	1.0000e-010	0.0000e+000
2.480000e+003	2.10518438e-001	-3.18948156e+000	1.93860261e+003	0.00000000e+000	6.5258e+014	1.0000e-010	0.0000e+000
2.490000e+003	2.10712298e-001	-3.18928770e+000	1.92626536e+003	0.00000000e+000	6.4771e+014	1.0000e-010	0.0000e+000
2.500000e+003	2.10904925e-001	-3.18909508e+000	1.91401970e+003	0.00000000e+000	6.4290e+014	1.0000e-010	0.0000e+000
2.510000e+003	2.11096327e-001	-3.18890367e+000	1.90186437e+003	0.00000000e+000	6.3816e+014	1.0000e-010	0.0000e+000
2.520000e+003	2.11286513e-001	-3.18871349e+000	1.88979814e+003	0.00000000e+000	6.3348e+014	1.0000e-010	0.0000e+000
2.530000e+003	2.11475493e-001	-3.18852451e+000	1.87781979e+003	0.00000000e+000	6.2887e+014	1.0000e-010	0.0000e+000
2.540000e+003	2.11663275e-001	-3.18833672e+000	1.86592813e+003	0.00000000e+000	6.2431e+014	1.0000e-010	0.0000e+000
2.550000e+003	2.11849868e-001	-3.18815013e+000	1.85412199e+003	0.00000000e+000	6.1982e+014	1.0000e-010	0.0000e+000
2.560000e+003	2.12035280e-001	-3.18796472e+000	1.84240023e+003	0.00000000e+000	6.1539e+014	1.0000e-010	0.0000e+000
2.570000e+003	2.12219520e-001	-3.18778048e+000	1.83076171e+003	0.00000000e+000	6.1102e+014	1.0000e-010	0.0000e+000
2.580000e+003	2.12402596e-001	-3.18759740e+000	1.81920531e+003	0.00000000e+000	6.0671e+014	1.0000e-010	0.0000e+000
2.590000e+003	2.12584517e-001	-3.18741548e+000	1.80772995e+003	0.00000000e+000	6.0246e+014	1.0000e-010	0.0000e+000
2.600000e+003	2.12765290e-001	-3.18723471e+000	1.79633456e+003	0.00000000e+000	5.9826e+014	1.0000e-010	0.0000e+000
2.610000e+003	2.12944923e-001	-3.18705508e+000	1.78501807e+003	0.00000000e+000	5.9412e+014	1.0000e-010	0.0000e+000
2.620000e+003	2.13123425e-001	-3.18687657e+000	1.77377945e+003	0.00000000e+000	5.9003e+014	1.0000e-010	0.0000e+000
2.630000e+003	2.13300803e-001	-3.18669920e+000	1.76261768e+003	0.00000000e+000	5.8599e+014	1.0000e-010	0.0000e+000
2.640000e+003	2.13477065e-001	-3.18652294e+000	1.75153175e+003	0.00000000e+000	5.8201e+014	1.0000e-010	0.0000e+000
2.650000e+003	2.13652218e-001	-3.18634778e+000	1.74052068e+003	0.00000000e+000	5.7808e+014	1.0000e-010	0.0000e+000
2.660000e+003	2.13826270e-001	-3.18617373e+000	1.72958349e+003	0.00000000e+000	5.7420e+014	1.0000e-010	0.0000e+000
2.670000e+003	2.13999228e-001	-3.18600077e+000	1.71871923e+003	0.00000000e+000	5.7038e+014	1.0000e-010	0.0000e+000
2.680000e+003	2.14171100e-001	-3.18582890e+000	1.70792696e+003	0.00000000e+000	5.6660e+014	1.0000e-010	0.0000e+000
2.690000e+003	2.14341893e-001	-3.18565811e+000	1.69720575e+003	0.00000000e+000	5.6287e+014	1.0000e-010	0.0000e+000
2.700000e+003	2.14511614e-001	-3.18548839e+000	1.68655470e+003	0.00000000e+000	5.5918e+014	1.0000e-010	0.0000e+000
2.710000e+003	2.14680269e-001	-3.18531973e+000	1.67597291e+003	0.00000000e+000	5.5555e+014	1.0000e-010	0.0000e+000
2.720000e+003	2.14847866e-001	-3.18515213e+000	1.66545950e+003	0.00000000e+000	5.5196e+014	1.0000e-010	0.0000e+000
2.730000e+003	2.15014412e-001	-3.18498559e+000	1.65501360e+003	0.00000000e+000	5.4841e+014	1.0000e-010	0.0000e+000
2.740000e+003	2.15179914e-001	-3.18482009e+000	1.64463437e+003	0.00000000e+000	5.4491e+014	1.0000e-010	0.0000e+000
2.750000e+003	2.15344377e-001	-3.18465562e+000	1.63432095e+003	0.00000000e+000	5.4146e+014	1.0000e-010	0.0000e+000
2.760000e+003	2.15507809e-001	-3.18449219e+000	1.62407252e+003	0.00000000e+000	5.3804e+014	1.0000e-010	0.0000e+000
2.770000e+003	2.15670216e-001	-3.18432978e+000	1.61388828e+003	0.00000000e+000	5.3467e+014	1.0000e-010	0.0000e+000
2.780000e+003	2.15831605e-001	-3.18416839e+000	1.60376742e+003	0.00000000e+000	5.3135e+014	1.0000e-010	0.0000e+000
2.790000e+003	2.15991982e-001	-3.18400802e+000	1.59370915e+003	0.00000000e+000	5.2806e+014	1.0000e-010	0.0000e+000
2.800000e+003	2.16151353e-001	-3.18384865e+000	1.58371269e+003	0.00000000e+000	5.2482e+014	1.0000e-010	0.0000e+000
2.810000e+003	2.16309724e-001	-3.18369028e+000	1.57377729e+003	0.00000000e+000	5.2161e+014	1.0000e-010	0.0000e+000
2.820000e+003	2.16467102e-001	-3.18353290e+000	1.56390219e+003	0.00000000e+000	5.1844e+014	1.0000e-010	0.0000e+000
2.830000e+003	2.16623492e-001	-3.18337651e+000	1.55408664e+003	0.00000000e+000	5.1532e+014	1.0000e-010	0.0000e+000
2.840000e+003	2.16778901e-001	-3.18322110e+000	1.54432993e+003	0.00000000e+000	5.1223e+014	1.0000e-010	0.0000e+000
2.850000e+003	2.16933334e-001	-3.18306667e+000	1.53463132e+003	0.00000000e+000	5.0918e+014	1.0000e-010	0.0000e+000
2.860000e+003	2.17086797e-001	-3.18291320e+000	1.52499012e+003	0.00000000e+000	5.0616e+014	1.0000e-010	0.0000e+000
2.870000e+003	2.17239296e-001	-3.18276070e+000	1.51540562e+003	0.00000000e+000	5.0319e+014	1.0000e-010	0.0000e+000
2.880000e+003	2.17390837e-001	-3.18260916e+000	1.50587714e+003	0.00000000e+000	5.0025e+014	1.0000e-010	0.0000e+000
2.890000e+003	2.17541424e-001	-3.18245858e+000	1.49640400e+003	0.00000000e+000	4.9734e+014	1.0000e-010	0.0000e+000
2.900000e+003	2.17691065e-001	-3.18230894e+000	1.48698554e+003	0.00000000e+000	4.9447e+014	1.0000e-010	0.0000e+000
2.910000e+003	2.17839763e-001	-3.18216024e+000	1.47762110e+003	0.00000000e+000	4.9163e+014	1.0000e-010	0.0000e+000
2.920000e+003	2.17987525e-001	-3.18201247e+000	1.46831003e+003	0.00000000e+000	4.8883e+014	1.0000e-010	0.0000e+000
2.930000e+003	2.18134356e-001	-3.18186564e+000	1.45905169e+003	0.00000000e+000	4.8606e+014	1.0000e-010	0.0000e+000
2.940000e+003	2.18280261e-001	-3.18171974e+000	1.44984546e+003	0.00000000e+000	4.8333e+014	1.0000e-010	0.0000e+000
2.950000e+003	2.18425246e-001	-3.18157475e+000	1.44069071e+003	0.00000000e+000	4.8063e+014	1.0000e-010	0.0000e+000
2.960000e+003	2.18569315e-001	-3.18143068e+000	1.43158684e+003	0.00000000e+000	4.7795e+014	1.0000e-010	0.0000e+000
2.970000e+003	2.18712474e-001	-3.18128753e+000	1.42253325e+003	0.00000000e+000	4.7532e+014	1.0000e-010	0.0000e+000
2.980000e+003	2.18854727e-001	-3.18114527e+000	1.41352933e+003	0.00000000e+000	4.7271e+014	1.0000e-010	0.0000e+000
2.990000e+003	2.18996080e-001	-3.18100392e+000	1.40457452e+003	0.00000000e+000	4.7013e+014	1.0000e-010	0.0000e+000
3.000000e+003	2.19136538e-001	-3.18086346e+000	1.39566822e+003	0.00000000e+000	4.6758e+014	1.0000e-010	0.0000e+000
3.010000e+003	2.19276104e-001	-3.18072390e+000	1.38680988e+003	0.00000000e+000	4.6506e+014	1.0000e-010	0.0000e+000
3.020000e+003	2.19414785e-001	-3.18058521e+000	1.37799893e+003	0.00000000e+000	4.6258e+014	1.0000e-010	0.0000e+000
3.030000e+003	2.19552585e-001	-3.18044741e+000	1.36923482e+003	0.00000000e+000	4.6012e+014	1.0000e-010	0.0000e+000
3.040000e+003	2.19689509e-001	-3.18031049e+000	1.36051701e+003	0.00000000e+000	4.5769e+014	1.0000e-010	0.0000e+000
3.050000e+003	2.19825560e-001	-3.18017444e+000	1.35184495e+003	0.00000000e+000	4.5528e+014	1.0000e-010	0.0000e+000
3.060000e+003	2.19960745e-001	-3.18003926e+000	1.34321813e+003	0.00000000e+000	4.5291e+014	1.0000e-010	0.0000e+000
3.070000e+003	2.20095067e-001	-3.17990493e+000	1.33463601e+003	0.00000000e+000	4.5056e+014	1.0000e-010	0.0000e+000
3.080000e+003	2.20228530e-001	-3.17977147e+000	1.32609808e+003	0.00000000e+000	4.4824e+014	1.0000e-010	0.0000e+000
3.090000e+003	2.20361140e-001	-3.17963886e+000	1.31760384e+003	0.00000000e+000	4.4595e+014	1.0000e-010	0.0000e+000
3.100000e+003	2.20492900e-001	-3.17950710e+000	1.30915278e+003	0.00000000e+000	4.4368e+014	1.0000e-010	0.0000e+000
3.110000e+003	2.20623816e-001	-3.17937618e+000	1.30074441e+003	0.00000000e+000	4.4144e+014	1.0000e-010	0.0000e+000
3.120000e+003	2.20753890e-001	-3.17924611e+000	1.29237824e+003	0.00000000e+000	4.3923e+014	1.0000e-010	0.0000e+000
3.130000e+003	2.20883128e-001	-3.17911687e+000	1.28405378e+003	0.00000000e+000	4.3704e+014	1.0000e-010	0.0000e+000
3.140000e+003	2.21011533e-001	-3.17898847e+000	1.27577058e+003	0.00000000e+000	4.3487e+014	1.0000e-010	0.0000e+000
3.150000e+003	2.21139110e-001	-3.17886089e+000	1.26752815e+003	0.00000000e+000	4.3273e+014	1.0000e-010	0.0000e+000
3.160000e+003	2.21265863e-001	-3.17873414e+000	1.25932603e+003	0.00000000e+000	4.3061e+014	1.0000e-010	0.0000e+000
3.170000e+003	2.21391796e-001	-3.17860820e+000	1.25116377e+003	0.00000000e+000	4.2852e+014	1.0000e-010	0.0000e+000
3.180000e+003	2.21516912e-001	-3.17848309e+000	1.24304092e+003	0.00000000e+000	4.2645e+014	1.0000e-010	0.0000e+000
3.190000e+003	2.21641216e-001	-3.17835878e+000	1.23495703e+003	0.00000000e+000	4.2441e+014	1.0000e-010	0.0000e+000
3.200000e+003	2.21764712e-001	-3.17823529e+000	1.22691166e+003	0.00000000e+000	4.2238e+014	1.0000e-010	0.0000e+000
3.210000e+003	2.21887403e-001	-3.17811260e+000	1.21890439e+003	0.00000000e+000	4.2038e+014	1.0000e-010	0.0000e+000
3.220000e+003	2.22009294e-001	-3.17799071e+000	1.21093478e+003	0.00000000e+000	4.1841e+014	1.0000e-010	0.0000e+000
3.230000e+003	2.22130387e-001	-3.17786961e+000	1.20300242e+003	0.00000000e+000	4.1645e+014	1.0000e-010	0.0000e+000
3.240000e+003	2.22250687e-001	-3.17774931e+000	1.19510688e+003	0.00000000e+000	4.1452e+014	1.0000e-010	0.0000e+000
3.250000e+003	2.22370198e-001	-3.17762980e+000	1.18724776e+003	0.00000000e+000	4.1261e+014	1.0000e-010	0.0000e+000
3.260000e+003	2.22488923e-001	-3.17751108e+000	1.17942465e+003	0.00000000e+000	4.1071e+014	1.0000e-010	0.0000e+000
3.270000e+003	2.22606865e-001	-3.17739313e+000	1.17163715e+003	0.00000000e+000	4.0885e+014	1.0000e-010	0.0000e+000
3.280000e+003	2.22724029e-001	-3.17727597e+000	1.16388486e+003	0.00000000e+000	4.0700e+014	1.0000e-010	0.0000e+000
3.290000e+003	2.22840418e-001	-3.17715958e+000	1.15616740e+003	0.00000000e+000	4.0517e+014	1.0000e-010	0.0000e+000
3.300000e+003	2.22956034e-001	-3.17704397e+000	1.14848437e+003	0.00000000e+000	4.0336e+014	1.0000e-010	0.0000e+000
3.310000e+003	2.23070883e-001	-3.17692912e+000	1.14083540e+003	0.00000000e+000	4.0157e+014	1.0000e-010	0.0000e+000
3.320000e+003	2.23184966e-001	-3.17681503e+000	1.13322011e+003	0.00000000e+000	3.9980e+014	1.0000e-010	0.0000e+000
3.330000e+003	2.23298288e-001	-3.17670171e+000	1.12563813e+003	0.00000000e+000	3.9806e+014	1.0000e-010	0.0000e+000
3.340000e+003	2.23410852e-001	-3.17658915e+000	1.11808909e+003	0.00000000e+000	3.9633e+014	1.0000e-010	0.0000e+000
3.350000e+003	2.23522661e-001	-3.17647734e+000	1.11057263e+003	0.00000000e+000	3.9462e+014	1.0000e-010	0.0000e+000
3.360000e+003	2.23633718e-001	-3.17636628e+000	1.10308839e+003	0.00000000e+000	3.9292e+014	1.0000e-010	0.0000e+000
3.370000e+003	2.23744027e-001	-3.17625597e+000	1.09563601e+003	0.00000000e+000	3.9125e+014	1.0000e-010	0.0000e+000
3.380000e+003	2.23853591e-001	-3.17614641e+000	1.08821516e+003	0.00000000e+000	3.8960e+014	1.0000e-010	0.0000e+000
3.390000e+003	2.23962412e-001	-3.17603759e+000	1.08082547e+003	0.00000000e+000	3.8796e+014	1.0000e-010	0.0000e+000
3.400000e+003	2.24070495e-001	-3.17592951e+000	1.07346662e+003	0.00000000e+000	3.8634e+014	1.0000e-010	0.0000e+000
3.410000e+003	2.24177841e-001	-3.17582216e+000	1.06613826e+003	0.00000000e+000	3.8474e+014	1.0000e-010	0.0000e+000
3.420000e+003	2.24284455e-001	-3.17571554e+000	1.05884005e+003	0.00000000e+000	3.8316e+014	1.0000e-010	0.0000e+000
3.430000e+003	2.24390339e-001	-3.17560966e+000	1.05157168e+003	0.00000000e+000	3.8159e+014	1.0000e-010	0.0000e+000
3.440000e+003	2.24495496e-001	-3.17550450e+000	1.04433282e+003	0.00000000e+000	3.8004e+014	1.0000e-010	0.0000e+000
3.450000e+003	2.24599930e-001	-3.17540007e+000	1.03712314e+003	0.00000000e+000	3.7851e+014	1.0000e-010	0.0000e+000
3.460000e+003	2.24703642e-001	-3.17529636e+000	1.02994232e+003	0.00000000e+000	3.7699e+014	1.0000e-010	0.0000e+000
3.470000e+003	2.24806636e-001	-3.17519336e+000	1.02279005e+003	0.00000000e+000	3.7550e+014	1.0000e-010	0.0000e+000
3.480000e+003	2.24908915e-001	-3.17509108e+000	1.01566603e+003	0.00000000e+000	3.7401e+014	1.0000e-010	0.0000e+000
3.490000e+003	2.25010482e-001	-3.17498952e+000	1.00856994e+003	0.00000000e+000	3.7255e+014	1.0000e-010	0.0000e+000
3.500000e+003	2.25111339e-001	-3.17488866e+000	1.00150148e+003	0.00000000e+000	3.7110e+014	1.0000e-010	0.0000e+000
3.510000e+003	2.25211489e-001	-3.17478851e+000	9.94460350e+002	0.00000000e+000	3.6966e+014	1.0000e-010	0.0000e+000
3.520000e+003	2.25310935e-001	-3.17468906e+000	9.87446253e+002	0.00000000e+000	3.6824e+014	1.0000e-010	0.0000e+000
3.530000e+003	2.25409680e-001	-3.17459032e+000	9.80458896e+002	0.00000000e+000	3.6684e+014	1.0000e-010	0.0000e+000
3.540000e+003	2.25507726e-001	-3.17449227e+000	9.73497990e+002	0.00000000e+000	3.6545e+014	1.0000e-010	0.0000e+000
3.550000e+003	2.25605075e-001	-3.17439492e+000	9.66563246e+002	0.00000000e+000	3.6408e+014	1.0000e-010	0.0000e+000
3.560000e+003	2.25701732e-001	-3.17429827e+000	9.59654382e+002	0.00000000e+000	3.6272e+014	1.0000e-010	0.0000e+000
3.570000e+003	2.25797697e-001	-3.17420230e+000	9.52771117e+002	0.00000000e+000	3.6137e+014	1.0000e-010	0.0000e+000
3.580000e+003	2.25892974e-001	-3.17410703e+000	9.45913174e+002	0.00000000e+000	3.6004e+014	1.0000e-010	0.0000e+000
3.590000e+003	2.25987566e-001	-3.17401243e+000	9.39080277e+002	0.00000000e+000	3.5873e+014	1.0000e-010	0.0000e+000
3.600000e+003	2.26081474e-001	-3.17391853e+000	9.32272156e+002	0.00000000e+000	3.5743e+014	1.0000e-010	0.0000e+000
3.610000e+003	2.26174701e-001	-3.17382530e+000	9.25488542e+002	0.00000000e+000	3.5614e+014	1.0000e-010	0.0000e+000
3.620000e+003	2.26267250e-001	-3.17373275e+000	9.18729170e+002	0.00000000e+000	3.5487e+014	1.0000e-010	0.0000e+000
3.630000e+003	2.26359123e-001	-3.17364088e+000	9.11993777e+002	0.00000000e+000	3.5361e+014	1.0000e-010	0.0000e+000
3.640000e+003	2.26450322e-001	-3.17354968e+000	9.05282102e+002	0.00000000e+000	3.5236e+014	1.0000e-010	0.0000e+000
3.650000e+003	2.26540850e-001	-3.17345915e+000	8.98593890e+002	0.00000000e+000	3.5113e+014	1.0000e-010	0.0000e+000
3.660000e+003	2.26630710e-001	-3.17336929e+000	8.91928885e+002	0.00000000e+000	3.4991e+014	1.0000e-010	0.0000e+000
3.670000e+003	2.26719902e-001	-3.17328010e+000	8.85286835e+002	0.00000000e+000	3.4871e+014	1.0000e-010	0.0000e+000
3.680000e+003	2.26808431e-001	-3.17319157e+000	8.78667492e+002	0.00000000e+000	3.4752e+014	1.0000e-010	0.0000e+000
3.690000e+003	2.26896298e-001	-3.17310370e+000	8.72070608e+002	0.00000000e+000	3.4634e+014	1.0000e-010	0.0000e+000
3.700000e+003	2.26983505e-001	-3.17301650e+000	8.65495941e+002	0.00000000e+000	3.4517e+014	1.0000e-010	0.0000e+000
3.710000e+003	2.27070054e-001	-3.17292995e+000	8.58943248e+002	0.00000000e+000	3.4402e+014	1.0000e-010	0.0000e+000
3.720000e+003	2.27155949e-001	-3.17284405e+000	8.52412290e+002	0.00000000e+000	3.4288e+014	1.0000e-010	0.0000e+000
3.730000e+003	2.27241190e-001	-3.17275881e+000	8.45902831e+002	0.00000000e+000	3.4175e+014	1.0000e-010	0.0000e+000
3.740000e+003	2.27325780e-001	-3.17267422e+000	8.39414637e+002	0.00000000e+000	3.4063e+014	1.0000e-010	0.0000e+000
3.750000e+003	2.27409722e-001	-3.17259028e+000	8.32947477e+002	0.00000000e+000	3.3953e+014	1.0000e-010	0.0000e+000
3.760000e+003	2.27493017e-001	-3.17250698e+000	8.26501119e+002	0.00000000e+000	3.3843e+014	1.0000e-010	0.0000e+000
3.770000e+003	2.27575667e-001	-3.17242433e+000	8.20075338e+002	0.00000000e+000	3.3735e+014	1.0000e-010	0.0000e+000
3.780000e+003	2.27657674e-001	-3.17234233e+000	8.13669909e+002	0.00000000e+000	3.3629e+014	1.0000e-010	0.0000e+000
3.790000e+003	2.27739041e-001	-3.17226096e+000	8.07284609e+002	0.00000000e+000	3.3523e+014	1.0000e-010	0.0000e+000
3.800000e+003	2.27819770e-001	-3.17218023e+000	8.00919216e+002	0.00000000e+000	3.3418e+014	1.0000e-010	0.0000e+000
3.810000e+003	2.27899862e-001	-3.17210014e+000	7.94573514e+002	0.00000000e+000	3.3315e+014	1.0000e-010	0.0000e+000
3.820000e+003	2.27979319e-001	-3.17202068e+000	7.88247286e+002	0.00000000e+000	3.3213e+014	1.0000e-010	0.0000e+000
3.830000e+003	2.28058144e-001	-3.17194186e+000	7.81940318e+002	0.00000000e+000	3.3112e+014	1.0000e-010	0.0000e+000
3.840000e+003	2.28136338e-001	-3.17186366e+000	7.75652397e+002	0.00000000e+000	3.3012e+014	1.0000e-010	0.0000e+000
3.850000e+003	2.28213903e-001	-3.17178610e+000	7.69383314e+002	0.00000000e+000	3.2913e+014	1.0000e-010	0.0000e+000
3.860000e+003	2.28290841e-001	-3.17170916e+000	7.63132861e+002	0.00000000e+000	3.2815e+014	1.0000e-010	0.0000e+000
3.870000e+003	2.28367155e-001	-3.17163285e+000	7.56900832e+002	0.00000000e+000	3.2718e+014	1.0000e-010	0.0000e+000
3.880000e+003	2.28442845e-001	-3.17155716e+000	7.50687022e+002	0.00000000e+000	3.2623e+014	1.0000e-010	0.0000e+000
3.890000e+003	2.28517913e-001	-3.17148209e+000	7.44491230e+002	0.00000000e+000	3.2528e+014	1.0000e-010	0.0000e+000
3.900000e+003	2.28592362e-001	-3.17140764e+000	7.38313254e+002	0.00000000e+000	3.2434e+014	1.0000e-010	0.0000e+000
3.910000e+003	2.28666194e-001	-3.17133381e+000	7.32152898e+002	0.00000000e+000	3.2342e+014	1.0000e-010	0.0000e+000
3.920000e+003	2.28739409e-001	-3.17126059e+000	7.26009963e+002	0.00000000e+000	3.2251e+014	1.0000e-010	0.0000e+000
3.930000e+003	2.28812010e-001	-3.17118799e+000	7.19884256e+002	0.00000000e+000	3.2160e+014	1.0000e-010	0.0000e+000
3.940000e+003	2.28883998e-001	-3.17111600e+000	7.13775582e+002	0.00000000e+000	3.2071e+014	1.0000e-010	0.0000e+000
3.950000e+003	2.28955376e-001	-3.17104462e+000	7.07683752e+002	0.00000000e+000	3.1982e+014	1.0000e-010	0.0000e+000
3.960000e+003	2.29026144e-001	-3.17097386e+000	7.01608575e+002	0.00000000e+000	3.1895e+014	1.0000e-010	0.0000e+000
3.970000e+003	2.29096305e-001	-3.17090369e+000	6.95549863e+002	0.00000000e+000	3.1808e+014	1.0000e-010	0.0000e+000
3.980000e+003	2.29165860e-001	-3.17083414e+000	6.89507430e+002	0.00000000e+000	3.1723e+014	1.0000e-010	0.0000e+000
3.990000e+003	2.29234811e-001	-3.17076519e+000	6.83481092e+002	0.00000000e+000	3.1638e+014	1.0000e-010	0.0000e+000
4.000000e+003	2.29303159e-001	-3.17069684e+000	6.77470665e+002	0.00000000e+000	3.1555e+014	1.0000e-010	0.0000e+000
4.010000e+003	2.29370906e-001	-3.17062909e+000	6.71475969e+002	0.00000000e+000	3.1472e+014	1.0000e-010	0.0000e+000
4.020000e+003	2.29438054e-001	-3.17056195e+000	6.65496823e+002	0.00000000e+000	3.1391e+014	1.0000e-010	0.0000e+000
4.030000e+003	2.29504603e-001	-3.17049540e+000	6.59533048e+002	0.00000000e+000	3.1310e+014	1.0000e-010	0.0000e+000
4.040000e+003	2.29570557e-001	-3.17042944e+000	6.53584470e+002	0.00000000e+000	3.1230e+014	1.0000e-010	0.0000e+000
4.050000e+003	2.29635915e-001	-3.17036408e+000	6.47650911e+002	0.00000000e+000	3.1151e+014	1.0000e-010	0.0000e+000
4.060000e+003	2.29700680e-001	-3.17029932e+000	6.41732198e+002	0.00000000e+000	3.1073e+014	1.0000e-010	0.0000e+000
4.070000e+003	2.29764853e-001	-3.17023515e+000	6.35828160e+002	0.00000000e+000	3.0996e+014	1.0000e-010	0.0000e+000
4.080000e+003	2.29828436e-001	-3.17017156e+000	6.29938625e+002	0.00000000e+000	3.0920e+014	1.0000e-010	0.0000e+000
4.090000e+003	2.29891430e-001	-3.17010857e+000	6.24063423e+002	0.00000000e+000	3.0845e+014	1.0000e-010	0.0000e+000
4.100000e+003	2.29953837e-001	-3.17004616e+000	6.18202387e+002	0.00000000e+000	3.0771e+014	1.0000e-010	0.0000e+000
4.110000e+003	2.30015657e-001	-3.16998434e+000	6.12355349e+002	0.00000000e+000	3.0697e+014	1.0000e-010	0.0000e+000
4.120000e+003	2.30076892e-001	-3.16992311e+000	6.06522146e+002	0.00000000e+000	3.0624e+014	1.0000e-010	0.0000e+000
4.130000e+003	2.30137545e-001	-3.16986246e+000	6.00702611e+002	0.00000000e+000	3.0553e+014	1.0000e-010	0.0000e+000
4.140000e+003	2.30197615e-001	-3.16980239e+000	5.94896583e+002	0.00000000e+000	3.0482e+014	1.0000e-010	0.0000e+000
4.150000e+003	2.30257104e-001	-3.16974290e+000	5.89103901e+002	0.00000000e+000	3.0412e+014	1.0000e-010	0.0000e+000
4.160000e+003	2.30316015e-001	-3.16968399e+000	5.83324404e+002	0.00000000e+000	3.0342e+014	1.0000e-010	0.0000e+000
4.170000e+003	2.30374347e-001	-3.16962565e+000	5.77557932e+002	0.00000000e+000	3.0274e+014	1.0000e-010	0.0000e+000
4.180000e+003	2.30432103e-001	-3.16956790e+000	5.71804330e+002	0.00000000e+000	3.0207e+014	1.0000e-010	0.0000e+000
4.190000e+003	2.30489283e-001	-3.16951072e+000	5.66063439e+002	0.00000000e+000	3.0140e+014	1.0000e-010	0.0000e+000
4.200000e+003	2.30545890e-001	-3.16945411e+000	5.60335105e+002	0.00000000e+000	3.0074e+014	1.0000e-010	0.0000e+000
4.210000e+003	2.30601923e-001	-3.16939808e+000	5.54619173e+002	0.00000000e+000	3.0009e+014	1.0000e-010	0.0000e+000
4.220000e+003	2.30657385e-001	-3.16934261e+000	5.48915491e+002	0.00000000e+000	2.9944e+014	1.0000e-010	0.0000e+000
4.230000e+003	2.30712277e-001	-3.16928772e+000	5.43223907e+002	0.00000000e+000	2.9881e+014	1.0000e-010	0.0000e+000
4.240000e+003	2.30766599e-001	-3.16923340e+000	5.37544270e+002	0.00000000e+000	2.9818e+014	1.0000e-010	0.0000e+000
4.250000e+003	2.30820354e-001	-3.16917965e+000	5.31876431e+002	0.00000000e+000	2.9756e+014	1.0000e-010	0.0000e+000
4.260000e+003	2.30873541e-001	-3.16912646e+000	5.26220240e+002	0.00000000e+000	2.9695e+014	1.0000e-010	0.0000e+000
4.270000e+003	2.30926163e-001	-3.16907384e+000	5.20575551e+002	0.00000000e+000	2.9635e+014	1.0000e-010	0.0000e+000
4.280000e+003	2.30978221e-001	-3.16902178e+000	5.14942217e+002	0.00000000e+000	2.9575e+014	1.0000e-010	0.0000e+000
4.290000e+003	2.31029715e-001	-3.16897028e+000	5.09320093e+002	0.00000000e+000	2.9516e+014	1.0000e-010	0.0000e+000
4.300000e+003	2.31080647e-001	-3.16891935e+000	5.03709034e+002	0.00000000e+000	2.9458e+014	1.0000e-010	0.0000e+000
4.310000e+003	2.31131018e-001	-3.16886898e+000	4.98108898e+002	0.00000000e+000	2.9401e+014	1.0000e-010	0.0000e+000
4.320000e+003	2.31180829e-001	-3.16881917e+000	4.92519541e+002	0.00000000e+000	2.9344e+014	1.0000e-010	0.0000e+000
4.330000e+003	2.31230081e-001	-3.16876992e+000	4.86940823e+002	0.00000000e+000	2.9288e+014	1.0000e-010	0.0000e+000
4.340000e+003	2.31278775e-001	-3.16872123e+000	4.81372602e+002	0.00000000e+000	2.9233e+014	1.0000e-010	0.0000e+000
4.350000e+003	2.31326912e-001	-3.16867309e+000	4.75814741e+002	0.00000000e+000	2.9179e+014	1.0000e-010	0.0000e+000
4.360000e+003	2.31374494e-001	-3.16862551e+000	4.70267099e+002	0.00000000e+000	2.9125e+014	1.0000e-010	0.0000e+000
4.370000e+003	2.31421520e-001	-3.16857848e+000	4.64729540e+002	0.00000000e+000	2.9072e+014	1.0000e-010	0.0000e+000
4.380000e+003	2.31467993e-001	-3.16853201e+000	4.59201926e+002	0.00000000e+000	2.9020e+014	1.0000e-010	0.0000e+000
4.390000e+003	2.31513913e-001	-3.16848609e+000	4.53684122e+002	0.00000000e+000	2.8969e+014	1.0000e-010	0.0000e+000
4.400000e+003	2.31559282e-001	-3.16844072e+000	4.48175993e+002	0.00000000e+000	2.8918e+014	1.0000e-010	0.0000e+000
4.410000e+003	2.31604100e-001	-3.16839590e+000	4.42677405e+002	0.00000000e+000	2.8868e+014	1.0000e-010	0.0000e+000
4.420000e+003	2.31648367e-001	-3.16835163e+000	4.37188225e+002	0.00000000e+000	2.8818e+014	1.0000e-010	0.0000e+000
4.430000e+003	2.31692086e-001	-3.16830791e+000	4.31708319e+002	0.00000000e+000	2.8770e+014	1.0000e-010	0.0000e+000
4.440000e+003	2.31735257e-001	-3.16826474e+000	4.26237557e+002	0.00000000e+000	2.8722e+014	1.0000e-010	0.0000e+000
4.450000e+003	2.31777881e-001	-3.16822212e+000	4.20775807e+002	0.00000000e+000	2.8674e+014	1.0000e-010	0.0000e+000
4.460000e+003	2.31819958e-001	-3.16818004e+000	4.15322940e+002	0.00000000e+000	2.8628e+014	1.0000e-010	0.0000e+000
4.470000e+003	2.31861491e-001	-3.16813851e+000	4.09878826e+002	0.00000000e+000	2.8582e+014	1.0000e-010	0.0000e+000
4.480000e+003	2.31902478e-001	-3.16809752e+000	4.04443336e+002	0.00000000e+000	2.8536e+014	1.0000e-010	0.0000e+000
4.490000e+003	2.31942923e-001	-3.16805708e+000	3.99016344e+002	0.00000000e+000	2.8492e+014	1.0000e-010	0.0000e+000
4.500000e+003	2.31982824e-001	-3.16801718e+000	3.93597721e+002	0.00000000e+000	2.8448e+014	1.0000e-010	0.0000e+000
4.510000e+003	2.32022184e-001	-3.16797782e+000	3.88187343e+002	0.00000000e+000	2.8405e+014	1.0000e-010	0.0000e+000
4.520000e+003	2.32061003e-001	-3.16793900e+000	3.82785082e+002	0.00000000e+000	2.8362e+014	1.0000e-010	0.0000e+000
4.530000e+003	2.32099281e-001	-3.16790072e+000	3.77390814e+002	0.00000000e+000	2.8320e+014	1.0000e-010	0.0000e+000
4.540000e+003	2.32137020e-001	-3.16786298e+000	3.72004415e+002	0.00000000e+000	2.8279e+014	1.0000e-010	0.0000e+000
4.550000e+003	2.32174221e-001	-3.16782578e+000	3.66625762e+002	0.00000000e+000	2.8238e+014	1.0000e-010	0.0000e+000
4.560000e+003	2.32210883e-001	-3.16778912e+000	3.61254731e+002	0.00000000e+000	2.8198e+014	1.0000e-010	0.0000e+000
4.570000e+003	2.32247009e-001	-3.16775299e+000	3.55891200e+002	0.00000000e+000	2.8159e+014	1.0000e-010	0.0000e+000
4.580000e+003	2.32282598e-001	-3.16771740e+000	3.50535047e+002	0.00000000e+000	2.8120e+014	1.0000e-010	0.0000e+000
4.590000e+003	2.32317652e-001	-3.16768235e+000	3.45186153e+002	0.00000000e+000	2.8082e+014	1.0000e-010	0.0000e+000
4.600000e+003	2.32352170e-001	-3.16764783e+000	3.39844395e+002	0.00000000e+000	2.8044e+014	1.0000e-010	0.0000e+000
4.610000e+003	2.32386155e-001	-3.16761385e+000	3.34509656e+002	0.00000000e+000	2.8007e+014	1.0000e-010	0.0000e+000
4.620000e+003	2.32419606e-001	-3.16758039e+000	3.29181814e+002	0.00000000e+000	2.7971e+014	1.0000e-010	0.0000e+000
4.630000e+003	2.32452524e-001	-3.16754748e+000	3.23860753e+002	0.00000000e+000	2.7936e+014	1.0000e-010	0.0000e+000
4.640000e+003	2.32484910e-001	-3.16751509e+000	3.18546353e+002	0.00000000e+000	2.7901e+014	1.0000e-010	0.0000e+000
4.650000e+003	2.32516765e-001	-3.16748324e+000	3.13238497e+002	0.00000000e+000	2.7866e+014	1.0000e-010	0.0000e+000
4.660000e+003	2.32548088e-001	-3.16745191e+000	3.07937069e+002	0.00000000e+000	2.7833e+014	1.0000e-010	0.0000e+000
4.670000e+003	2.32578882e-001	-3.16742112e+000	3.02641952e+002	0.00000000e+000	2.7799e+014	1.0000e-010	0.0000e+000
4.680000e+003	2.32609146e-001	-3.16739085e+000	2.97353031e+002	0.00000000e+000	2.7767e+014	1.0000e-010	0.0000e+000
4.690000e+003	2.32638882e-001	-3.16736112e+000	2.92070189e+002	0.00000000e+000	2.7735e+014	1.0000e-010	0.0000e+000
4.700000e+003	2.32668089e-001	-3.16733191e+000	2.86793312e+002	0.00000000e+000	2.7704e+014	1.0000e-010	0.0000e+000
4.710000e+003	2.32696768e-001	-3.16730323e+000	2.81522286e+002	0.00000000e+000	2.7673e+014	1.0000e-010	0.0000e+000
4.720000e+003	2.32724920e-001	-3.16727508e+000	2.76256997e+002	0.00000000e+000	2.7643e+014	1.0000e-010	0.0000e+000
4.730000e+003	2.32752546e-001	-3.16724745e+000	2.70997331e+002	0.00000000e+000	2.7613e+014	1.0000e-010	0.0000e+000
4.740000e+003	2.32779646e-001	-3.16722035e+000	2.65743176e+002	0.00000000e+000	2.7584e+014	1.0000e-010	0.0000e+000
4.750000e+003	2.32806220e-001	-3.16719378e+000	2.60494419e+002	0.00000000e+000	2.7556e+014	1.0000e-010	0.0000e+000
4.760000e+003	2.32832269e-001	-3.16716773e+000	2.55250949e+002	0.00000000e+000	2.7528e+014	1.0000e-010	0.0000e+000
4.770000e+003	2.32857794e-001	-3.16714221e+000	2.50012653e+002	0.00000000e+000	2.7501e+014	1.0000e-010	0.0000e+000
4.780000e+003	2.32882796e-001	-3.16711720e+000	2.44779420e+002	0.00000000e+000	2.7475e+014	1.0000e-010	0.0000e+000
4.790000e+003	2.32907274e-001	-3.16709273e+000	2.39551140e+002	0.00000000e+000	2.7449e+014	1.0000e-010	0.0000e+000
4.800000e+003	2.32931229e-001	-3.16706877e+000	2.34327703e+002	0.00000000e+000	2.7423e+014	1.0000e-010	0.0000e+000
4.810000e+003	2.32954662e-001	-3.16704534e+000	2.29108998e+002	0.00000000e+000	2.7398e+014	1.0000e-010	0.0000e+000
4.820000e+003	2.32977572e-001	-3.16702243e+000	2.23894916e+002	0.00000000e+000	2.7374e+014	1.0000e-010	0.0000e+000
4.830000e+003	2.32999962e-001	-3.16700004e+000	2.18685348e+002	0.00000000e+000	2.7350e+014	1.0000e-010	0.0000e+000
4.840000e+003	2.33021830e-001	-3.16697817e+000	2.13480185e+002	0.00000000e+000	2.7327e+014	1.0000e-010	0.0000e+000
4.850000e+003	2.33043178e-001	-3.16695682e+000	2.08279318e+002	0.00000000e+000	2.7305e+014	1.0000e-010	0.0000e+000
4.860000e+003	2.33064006e-001	-3.16693599e+000	2.03082640e+002	0.00000000e+000	2.7283e+014	1.0000e-010	0.0000e+000
4.870000e+003	2.33084315e-001	-3.16691569e+000	1.97890042e+002	0.00000000e+000	2.7261e+014	1.0000e-010	0.0000e+000
4.880000e+003	2.33104104e-001	-3.16689590e+000	1.92701418e+002	0.00000000e+000	2.7240e+014	1.0000e-010	0.0000e+000
4.890000e+003	2.33123374e-001	-3.16687663e+000	1.87516660e+002	0.00000000e+000	2.7220e+014	1.0000e-010	0.0000e+000
4.900000e+003	2.33142125e-001	-3.16685787e+000	1.82335661e+002	0.00000000e+000	2.7200e+014	1.0000e-010	0.0000e+000
4.910000e+003	2.33160359e-001	-3.16683964e+000	1.77158315e+002	0.00000000e+000	2.7181e+014	1.0000e-010	0.0000e+000
4.920000e+003	2.33178075e-001	-3.16682193e+000	1.71984516e+002	0.00000000e+000	2.7163e+014	1.0000e-010	0.0000e+000
4.930000e+003	2.33195273e-001	-3.16680473e+000	1.66814158e+002	0.00000000e+000	2.7144e+014	1.0000e-010	0.0000e+000
4.940000e+003	2.33211955e-001	-3.16678805e+000	1.61647135e+002	0.00000000e+000	2.7127e+014	1.0000e-010	0.0000e+000
4.950000e+003	2.33228119e-001	-3.16677188e+000	1.56483341e+002	0.00000000e+000	2.7110e+014	1.0000e-010	0.0000e+000
4.960000e+003	2.33243768e-001	-3.16675623e+000	1.51322673e+002	0.00000000e+000	2.7094e+014	1.0000e-010	0.0000e+000
4.970000e+003	2.33258900e-001	-3.16674110e+000	1.46165024e+002	0.00000000e+000	2.7078e+014	1.0000e-010	0.0000e+000
4.980000e+003	2.33273517e-001	-3.16672648e+000	1.41010291e+002	0.00000000e+000	2.7062e+014	1.0000e-010	0.0000e+000
4.990000e+003	2.33287618e-001	-3.16671238e+000	1.35858368e+002	0.00000000e+000	2.7048e+014	1.0000e-010	0.0000e+000
5.000000e+003	2.33301203e-001	-3.16669880e+000	1.30709153e+002	0.00000000e+000	2.7033e+014	1.0000e-010	0.0000e+000
5.010000e+003	2.33314274e-001	-3.16668573e+000	1.25562540e+002	0.00000000e+000	2.7020e+014	1.0000e-010	0.0000e+000
5.020000e+003	2.33326831e-001	-3.16667317e+000	1.20418426e+002	0.00000000e+000	2.7007e+014	1.0000e-010	0.0000e+000
5.030000e+003	2.33338872e-001	-3.16666113e+000	1.15276707e+002	0.00000000e+000	2.6994e+014	1.0000e-010	0.0000e+000
5.040000e+003	2.33350400e-001	-3.16664960e+000	1.10137281e+002	0.00000000e+000	2.6982e+014	1.0000e-010	0.0000e+000
5.050000e+003	2.33361414e-001	-3.16663859e+000	1.05000044e+002	0.00000000e+000	2.6971e+014	1.0000e-010	0.0000e+000
5.060000e+003	2.33371914e-001	-3.16662809e+000	9.98648935e+001	0.00000000e+000	2.6960e+014	1.0000e-010	0.0000e+000
5.070000e+003	2.33381900e-001	-3.16661810e+000	9.47317260e+001	0.00000000e+000	2.6949e+014	1.0000e-010	0.0000e+000
5.080000e+003	2.33391373e-001	-3.16660863e+000	8.96004390e+001	0.00000000e+000	2.6939e+014	1.0000e-010	0.0000e+000
5.090000e+003	2.33400334e-001	-3.16659967e+000	8.44709303e+001	0.00000000e+000	2.6930e+014	1.0000e-010	0.0000e+000
5.100000e+003	2.33408781e-001	-3.16659122e+000	7.93430973e+001	0.00000000e+000	2.6921e+014	1.0000e-010	0.0000e+000
5.110000e+003	2.33416715e-001	-3.16658329e+000	7.42168378e+001	0.00000000e+000	2.6913e+014	1.0000e-010	0.0000e+000
5.120000e+003	2.33424137e-001	-3.16657586e+000	6.90920498e+001	0.00000000e+000	2.6905e+014	1.0000e-010	0.0000e+000
5.130000e+003	2.33431046e-001	-3.16656895e+000	6.39686313e+001	0.00000000e+000	2.6898e+014	1.0000e-010	0.0000e+000
5.140000e+003	2.33437443e-001	-3.16656256e+000	5.88464804e+001	0.00000000e+000	2.6891e+014	1.0000e-010	0.0000e+000
5.150000e+003	2.33443327e-001	-3.16655667e+000	5.37254953e+001	0.00000000e+000	2.6885e+014	1.0000e-010	0.0000e+000
5.160000e+003	2.33448700e-001	-3.16655130e+000	4.86055743e+001	0.00000000e+000	2.6880e+014	1.0000e-010	0.0000e+000
5.170000e+003	2.33453560e-001	-3.16654644e+000	4.34866159e+001	0.00000000e+000	2.6875e+014	1.0000e-010	0.0000e+000
5.180000e+003	2.33457909e-001	-3.16654209e+000	3.83685184e+001	0.00000000e+000	2.6870e+014	1.0000e-010	0.0000e+000
5.190000e+003	2.33461746e-001	-3.16653825e+000	3.32511805e+001	0.00000000e+000	2.6866e+014	1.0000e-010	0.0000e+000
5.200000e+003	2.33465071e-001	-3.16653493e+000	2.81345008e+001	0.00000000e+000	2.6863e+014	1.0000e-010	0.0000e+000
5.210000e+003	2.33467885e-001	-3.16653212e+000	2.30183779e+001	0.00000000e+000	2.6860e+014	1.0000e-010	0.0000e+000
5.220000e+003	2.33470186e-001	-3.16652981e+000	1.79027105e+001	0.00000000e+000	2.6857e+014	1.0000e-010	0.0000e+000
5.230000e+003	2.33471977e-001	-3.16652802e+000	1.27873973e+001	0.00000000e+000	2.6855e+014	1.0000e-010	0.0000e+000
5.240000e+003	2.33473255e-001	-3.16652674e+000	7.67233720e+000	0.00000000e+000	2.6854e+014	1.0000e-010	0.0000e+000
5.250000e+003	2.33474023e-001	-3.16652598e+000	2.55742887e+000	0.00000000e+000	2.6853e+014	1.0000e-010	0.0000e+000
5.260000e+003	2.33474278e-001	-3.16652572e+000	2.55742887e+000	0.00000000e+000	2.6853e+014	1.0000e-010	0.0000e+000
