Y (ang)	Ec (eV)	Ev (eV)	E (V/cm)	Ef (eV)	n (cm-3)	p (cm-3)	Nd - Na (cm-3)
0.000000e+000	-6.40000000e+000	-9.80000000e+000	3.74644345e+007	-7.00000000e+000	1.8691e+008	1.0000e-010	0.0000e+000
1.000000e+001	-2.09355655e+000	-6.19355655e+000	1.16884813e+007	0.00000000e+000	1.2309e+021	1.0000e-010	-1.3848e+020
2.000000e+001	-9.24708428e-001	-5.02470843e+000	4.61421071e+006	0.00000000e+000	3.6163e+020	1.0000e-010	0.0000e+000
3.000000e+001	-4.63287357e-001	-4.56328736e+000	2.09790443e+006	0.00000000e+000	1.2863e+020	1.0000e-010	0.0000e+000
4.000000e+001	-2.53496914e-001	-4.35349691e+000	1.06982930e+006	0.00000000e+000	5.2554e+019	1.0000e-010	0.0000e+000
5.000000e+001	-1.46513984e-001	-4.24651398e+000	6.08956341e+005	0.00000000e+000	2.3559e+019	1.0000e-010	0.0000e+000
6.000000e+001	-8.56183499e-002	-4.18561835e+000	3.88121477e+005	0.00000000e+000	1.1289e+019	1.0000e-010	0.0000e+000
7.000000e+001	-4.68062022e-002	-4.14680620e+000	2.76600817e+005	0.00000000e+000	5.7008e+018	1.0000e-010	0.0000e+000
8.000000e+001	-1.91461204e-002	-4.11914612e+000	2.18536305e+005	0.00000000e+000	2.9682e+018	1.0000e-010	0.0000e+000
9.000000e+001	2.70751003e-003	-4.09729249e+000	1.87619936e+005	0.00000000e+000	1.5804e+018	1.0000e-010	0.0000e+000
1.000000e+002	2.14695037e-002	-4.07853050e+000	1.70871649e+005	0.00000000e+000	8.5615e+017	1.0000e-010	0.0000e+000
1.100000e+002	3.85566686e-002	-4.06144333e+000	1.61686375e+005	0.00000000e+000	4.6954e+017	1.0000e-010	0.0000e+000
1.200000e+002	5.47253061e-002	-4.04527469e+000	1.56608417e+005	0.00000000e+000	2.5958e+017	1.0000e-010	0.0000e+000
1.300000e+002	7.03861478e-002	-4.02961385e+000	1.53787363e+005	0.00000000e+000	1.4421e+017	1.0000e-010	0.0000e+000
1.400000e+002	8.57648841e-002	-4.01423512e+000	1.52215609e+005	0.00000000e+000	8.0346e+016	1.0000e-010	0.0000e+000
1.500000e+002	1.00986445e-001	-3.99901355e+000	1.51338452e+005	0.00000000e+000	4.4839e+016	1.0000e-010	0.0000e+000
1.600000e+002	1.16120290e-001	-3.98387971e+000	1.50846552e+005	0.00000000e+000	2.5145e+016	1.0000e-010	0.0000e+000
1.700000e+002	1.31204945e-001	-3.96879505e+000	1.50572101e+005	0.00000000e+000	1.4030e+016	1.0000e-010	0.0000e+000
1.800000e+002	1.46262155e-001	-3.95373784e+000	1.50418810e+005	0.00000000e+000	7.8360e+015	1.0000e-010	0.0000e+000
1.900000e+002	1.61304036e-001	-3.93869596e+000	1.50333141e+005	0.00000000e+000	4.3793e+015	1.0000e-010	0.0000e+000
2.000000e+002	1.76337351e-001	-3.92366265e+000	1.50285248e+005	0.00000000e+000	2.4482e+015	1.0000e-010	0.0000e+000
2.100000e+002	1.91365875e-001	-3.90863412e+000	1.50258469e+005	0.00000000e+000	1.3689e+015	1.0000e-010	0.0000e+000
2.200000e+002	2.06391722e-001	-3.89360828e+000	1.50243493e+005	0.00000000e+000	7.6553e+014	1.0000e-010	0.0000e+000
2.300000e+002	2.21416072e-001	-3.87858393e+000	1.50235118e+005	0.00000000e+000	4.2812e+014	1.0000e-010	0.0000e+000
2.400000e+002	-3.23560417e-001	-3.72356042e+000	1.34798417e+006	0.00000000e+000	7.5394e+019	1.0000e-010	1.3848e+020
2.500000e+002	-1.66362000e-001	-3.59436200e+000	7.07667009e+005	0.00000000e+000	2.8401e+019	1.0000e-010	-5.2547e+018
2.600000e+002	-1.17995299e-001	-3.51799530e+000	4.77179004e+005	0.00000000e+000	1.7316e+019	1.0000e-010	5.2547e+018
2.700000e+002	-7.02773988e-002	-3.47027740e+000	3.08555285e+005	0.00000000e+000	8.8528e+018	1.0000e-010	0.0000e+000
2.800000e+002	-3.94218703e-002	-3.43942187e+000	2.15916336e+005	0.00000000e+000	4.8636e+018	1.0000e-010	0.0000e+000
2.900000e+002	-1.78302367e-002	-3.41783024e+000	1.61329606e+005	0.00000000e+000	2.8658e+018	1.0000e-010	0.0000e+000
3.000000e+002	-1.69727615e-003	-3.40169728e+000	1.26879069e+005	0.00000000e+000	1.8087e+018	1.0000e-010	0.0000e+000
3.100000e+002	1.09906308e-002	-3.38900937e+000	1.03748219e+005	0.00000000e+000	1.2144e+018	1.0000e-010	0.0000e+000
3.200000e+002	2.13654527e-002	-3.37863455e+000	8.73826761e+004	0.00000000e+000	8.5919e+017	1.0000e-010	0.0000e+000
3.300000e+002	3.01037203e-002	-3.36989628e+000	7.52951504e+004	0.00000000e+000	6.3460e+017	1.0000e-010	0.0000e+000
3.400000e+002	3.76332353e-002	-3.36236676e+000	6.60492657e+004	0.00000000e+000	4.8541e+017	1.0000e-010	0.0000e+000
3.500000e+002	4.42381619e-002	-3.35576184e+000	5.87716670e+004	0.00000000e+000	3.8208e+017	1.0000e-010	0.0000e+000
3.600000e+002	5.01153286e-002	-3.34988467e+000	5.29065355e+004	0.00000000e+000	3.0792e+017	1.0000e-010	0.0000e+000
3.700000e+002	5.54059821e-002	-3.34459402e+000	4.80858156e+004	0.00000000e+000	2.5309e+017	1.0000e-010	0.0000e+000
3.800000e+002	6.02145637e-002	-3.33978544e+000	4.40572753e+004	0.00000000e+000	2.1150e+017	1.0000e-010	0.0000e+000
3.900000e+002	6.46202912e-002	-3.33537971e+000	4.06428464e+004	0.00000000e+000	1.7926e+017	1.0000e-010	0.0000e+000
4.000000e+002	6.86845759e-002	-3.33131542e+000	3.77135332e+004	0.00000000e+000	1.5379e+017	1.0000e-010	0.0000e+000
4.100000e+002	7.24559292e-002	-3.32754407e+000	3.51737611e+004	0.00000000e+000	1.3334e+017	1.0000e-010	0.0000e+000
4.200000e+002	7.59733053e-002	-3.32402669e+000	3.29513033e+004	0.00000000e+000	1.1668e+017	1.0000e-010	0.0000e+000
4.300000e+002	7.92684356e-002	-3.32073156e+000	3.09906158e+004	0.00000000e+000	1.0294e+017	1.0000e-010	0.0000e+000
4.400000e+002	8.23674972e-002	-3.31763250e+000	2.92483162e+004	0.00000000e+000	9.1471e+016	1.0000e-010	0.0000e+000
4.500000e+002	8.52923288e-002	-3.31470767e+000	2.76900486e+004	0.00000000e+000	8.1809e+016	1.0000e-010	0.0000e+000
4.600000e+002	8.80613337e-002	-3.31193867e+000	2.62882645e+004	0.00000000e+000	7.3594e+016	1.0000e-010	0.0000e+000
4.700000e+002	9.06901601e-002	-3.30930984e+000	2.50206253e+004	0.00000000e+000	6.6551e+016	1.0000e-010	0.0000e+000
4.800000e+002	9.31922227e-002	-3.30680778e+000	2.38688317e+004	0.00000000e+000	6.0469e+016	1.0000e-010	0.0000e+000
4.900000e+002	9.55791058e-002	-3.30442089e+000	2.28177539e+004	0.00000000e+000	5.5182e+016	1.0000e-010	0.0000e+000
5.000000e+002	9.78608812e-002	-3.30213912e+000	2.18547770e+004	0.00000000e+000	5.0556e+016	1.0000e-010	0.0000e+000
5.100000e+002	1.00046359e-001	-3.29995364e+000	2.09693006e+004	0.00000000e+000	4.6488e+016	1.0000e-010	0.0000e+000
5.200000e+002	1.02143289e-001	-3.29785671e+000	2.01523539e+004	0.00000000e+000	4.2890e+016	1.0000e-010	0.0000e+000
5.300000e+002	1.04158524e-001	-3.29584148e+000	1.93916013e+004	0.00000000e+000	3.9940e+016	1.0000e-010	0.0000e+000
5.400000e+002	1.06097685e-001	-3.29390232e+000	1.86858252e+004	0.00000000e+000	3.7053e+016	1.0000e-010	0.0000e+000
5.500000e+002	1.07966267e-001	-3.29203373e+000	1.80292625e+004	0.00000000e+000	3.4470e+016	1.0000e-010	0.0000e+000
5.600000e+002	1.09769193e-001	-3.29023081e+000	1.74169286e+004	0.00000000e+000	3.2148e+016	1.0000e-010	0.0000e+000
5.700000e+002	1.11510886e-001	-3.28848911e+000	1.68444897e+004	0.00000000e+000	3.0053e+016	1.0000e-010	0.0000e+000
5.800000e+002	1.13195335e-001	-3.28680466e+000	1.63081603e+004	0.00000000e+000	2.8157e+016	1.0000e-010	0.0000e+000
5.900000e+002	1.14826151e-001	-3.28517385e+000	1.58046190e+004	0.00000000e+000	2.6436e+016	1.0000e-010	0.0000e+000
6.000000e+002	1.16406613e-001	-3.28359339e+000	1.53309395e+004	0.00000000e+000	2.4868e+016	1.0000e-010	0.0000e+000
6.100000e+002	1.17939707e-001	-3.28206029e+000	1.48845339e+004	0.00000000e+000	2.3436e+016	1.0000e-010	0.0000e+000
6.200000e+002	1.19428160e-001	-3.28057184e+000	1.44631046e+004	0.00000000e+000	2.2125e+016	1.0000e-010	0.0000e+000
6.300000e+002	1.20874471e-001	-3.27912553e+000	1.40646051e+004	0.00000000e+000	2.0921e+016	1.0000e-010	0.0000e+000
6.400000e+002	1.22280931e-001	-3.27771907e+000	1.36872065e+004	0.00000000e+000	1.9813e+016	1.0000e-010	0.0000e+000
6.500000e+002	1.23649652e-001	-3.27635035e+000	1.33292693e+004	0.00000000e+000	1.8792e+016	1.0000e-010	0.0000e+000
6.600000e+002	1.24982579e-001	-3.27501742e+000	1.29893197e+004	0.00000000e+000	1.7847e+016	1.0000e-010	0.0000e+000
6.700000e+002	1.26281511e-001	-3.27371849e+000	1.26660288e+004	0.00000000e+000	1.6973e+016	1.0000e-010	0.0000e+000
6.800000e+002	1.27548114e-001	-3.27245189e+000	1.23581956e+004	0.00000000e+000	1.6161e+016	1.0000e-010	0.0000e+000
6.900000e+002	1.28783933e-001	-3.27121607e+000	1.20647317e+004	0.00000000e+000	1.5407e+016	1.0000e-010	0.0000e+000
7.000000e+002	1.29990406e-001	-3.27000959e+000	1.17846487e+004	0.00000000e+000	1.4704e+016	1.0000e-010	0.0000e+000
7.100000e+002	1.31168871e-001	-3.26883113e+000	1.15170467e+004	0.00000000e+000	1.4049e+016	1.0000e-010	0.0000e+000
7.200000e+002	1.32320576e-001	-3.26767942e+000	1.12611047e+004	0.00000000e+000	1.3437e+016	1.0000e-010	0.0000e+000
7.300000e+002	1.33446687e-001	-3.26655331e+000	1.10160721e+004	0.00000000e+000	1.2864e+016	1.0000e-010	0.0000e+000
7.400000e+002	1.34548294e-001	-3.26545171e+000	1.07812616e+004	0.00000000e+000	1.2328e+016	1.0000e-010	0.0000e+000
7.500000e+002	1.35626420e-001	-3.26437358e+000	1.05560421e+004	0.00000000e+000	1.1824e+016	1.0000e-010	0.0000e+000
7.600000e+002	1.36682024e-001	-3.26331798e+000	1.03398338e+004	0.00000000e+000	1.1351e+016	1.0000e-010	0.0000e+000
7.700000e+002	1.37716007e-001	-3.26228399e+000	1.01321023e+004	0.00000000e+000	1.0906e+016	1.0000e-010	0.0000e+000
7.800000e+002	1.38729218e-001	-3.26127078e+000	9.93235491e+003	0.00000000e+000	1.0487e+016	1.0000e-010	0.0000e+000
7.900000e+002	1.39722453e-001	-3.26027755e+000	9.74013627e+003	0.00000000e+000	1.0092e+016	1.0000e-010	0.0000e+000
8.000000e+002	1.40696467e-001	-3.25930353e+000	9.55502503e+003	0.00000000e+000	9.7184e+015	1.0000e-010	0.0000e+000
8.100000e+002	1.41651969e-001	-3.25834803e+000	9.37663070e+003	0.00000000e+000	9.3657e+015	1.0000e-010	0.0000e+000
8.200000e+002	1.42589632e-001	-3.25741037e+000	9.20459088e+003	0.00000000e+000	9.0321e+015	1.0000e-010	0.0000e+000
8.300000e+002	1.43510091e-001	-3.25648991e+000	9.03856876e+003	0.00000000e+000	8.7162e+015	1.0000e-010	0.0000e+000
8.400000e+002	1.44413948e-001	-3.25558605e+000	8.87825093e+003	0.00000000e+000	8.4167e+015	1.0000e-010	0.0000e+000
8.500000e+002	1.45301773e-001	-3.25469823e+000	8.72334537e+003	0.00000000e+000	8.1326e+015	1.0000e-010	0.0000e+000
8.600000e+002	1.46174108e-001	-3.25382589e+000	8.57357965e+003	0.00000000e+000	7.8627e+015	1.0000e-010	0.0000e+000
8.700000e+002	1.47031466e-001	-3.25296853e+000	8.42869931e+003	0.00000000e+000	7.6062e+015	1.0000e-010	0.0000e+000
8.800000e+002	1.47874336e-001	-3.25212566e+000	8.28846643e+003	0.00000000e+000	7.3622e+015	1.0000e-010	0.0000e+000
8.900000e+002	1.48703183e-001	-3.25129682e+000	8.15265828e+003	0.00000000e+000	7.1299e+015	1.0000e-010	0.0000e+000
9.000000e+002	1.49518448e-001	-3.25048155e+000	8.02106614e+003	0.00000000e+000	6.9086e+015	1.0000e-010	0.0000e+000
9.100000e+002	1.50320555e-001	-3.24967945e+000	7.89349420e+003	0.00000000e+000	6.6975e+015	1.0000e-010	0.0000e+000
9.200000e+002	1.51109904e-001	-3.24889010e+000	7.76975860e+003	0.00000000e+000	6.4961e+015	1.0000e-010	0.0000e+000
9.300000e+002	1.51886880e-001	-3.24811312e+000	7.64968652e+003	0.00000000e+000	6.3038e+015	1.0000e-010	0.0000e+000
9.400000e+002	1.52651849e-001	-3.24734815e+000	7.53311536e+003	0.00000000e+000	6.1200e+015	1.0000e-010	0.0000e+000
9.500000e+002	1.53405160e-001	-3.24659484e+000	7.41989199e+003	0.00000000e+000	5.9442e+015	1.0000e-010	0.0000e+000
9.600000e+002	1.54147150e-001	-3.24585285e+000	7.30987211e+003	0.00000000e+000	5.7761e+015	1.0000e-010	0.0000e+000
9.700000e+002	1.54878137e-001	-3.24512186e+000	7.20291957e+003	0.00000000e+000	5.6150e+015	1.0000e-010	0.0000e+000
9.800000e+002	1.55598429e-001	-3.24440157e+000	7.09890582e+003	0.00000000e+000	5.4607e+015	1.0000e-010	0.0000e+000
9.900000e+002	1.56308319e-001	-3.24369168e+000	6.99770941e+003	0.00000000e+000	5.3128e+015	1.0000e-010	0.0000e+000
1.000000e+003	1.57008090e-001	-3.24299191e+000	6.89921548e+003	0.00000000e+000	5.1709e+015	1.0000e-010	0.0000e+000
1.010000e+003	1.57698012e-001	-3.24230199e+000	6.80331533e+003	0.00000000e+000	5.0348e+015	1.0000e-010	0.0000e+000
1.020000e+003	1.58378343e-001	-3.24162166e+000	6.70990601e+003	0.00000000e+000	4.9040e+015	1.0000e-010	0.0000e+000
1.030000e+003	1.59049334e-001	-3.24095067e+000	6.61888994e+003	0.00000000e+000	4.7784e+015	1.0000e-010	0.0000e+000
1.040000e+003	1.59711223e-001	-3.24028878e+000	6.53017458e+003	0.00000000e+000	4.6576e+015	1.0000e-010	0.0000e+000
1.050000e+003	1.60364240e-001	-3.23963576e+000	6.44367209e+003	0.00000000e+000	4.5414e+015	1.0000e-010	0.0000e+000
1.060000e+003	1.61008608e-001	-3.23899139e+000	6.35929905e+003	0.00000000e+000	4.4296e+015	1.0000e-010	0.0000e+000
1.070000e+003	1.61644538e-001	-3.23835546e+000	6.27697617e+003	0.00000000e+000	4.3220e+015	1.0000e-010	0.0000e+000
1.080000e+003	1.62272235e-001	-3.23772776e+000	6.19662805e+003	0.00000000e+000	4.2183e+015	1.0000e-010	0.0000e+000
1.090000e+003	1.62891898e-001	-3.23710810e+000	6.11818296e+003	0.00000000e+000	4.1184e+015	1.0000e-010	0.0000e+000
1.100000e+003	1.63503716e-001	-3.23649628e+000	6.04157256e+003	0.00000000e+000	4.0221e+015	1.0000e-010	0.0000e+000
1.110000e+003	1.64107874e-001	-3.23589213e+000	5.96673178e+003	0.00000000e+000	3.9292e+015	1.0000e-010	0.0000e+000
1.120000e+003	1.64704547e-001	-3.23529545e+000	5.89359857e+003	0.00000000e+000	3.8395e+015	1.0000e-010	0.0000e+000
1.130000e+003	1.65293907e-001	-3.23470609e+000	5.82211375e+003	0.00000000e+000	3.7530e+015	1.0000e-010	0.0000e+000
1.140000e+003	1.65876118e-001	-3.23412388e+000	5.75222084e+003	0.00000000e+000	3.6694e+015	1.0000e-010	0.0000e+000
1.150000e+003	1.66451340e-001	-3.23354866e+000	5.68386592e+003	0.00000000e+000	3.5886e+015	1.0000e-010	0.0000e+000
1.160000e+003	1.67019727e-001	-3.23298027e+000	5.61699746e+003	0.00000000e+000	3.5106e+015	1.0000e-010	0.0000e+000
1.170000e+003	1.67581426e-001	-3.23241857e+000	5.55156622e+003	0.00000000e+000	3.4352e+015	1.0000e-010	0.0000e+000
1.180000e+003	1.68136583e-001	-3.23186342e+000	5.48752509e+003	0.00000000e+000	3.3622e+015	1.0000e-010	0.0000e+000
1.190000e+003	1.68685336e-001	-3.23131466e+000	5.42482902e+003	0.00000000e+000	3.2916e+015	1.0000e-010	0.0000e+000
1.200000e+003	1.69227818e-001	-3.23077218e+000	5.36343487e+003	0.00000000e+000	3.2232e+015	1.0000e-010	0.0000e+000
1.210000e+003	1.69764162e-001	-3.23023584e+000	5.30330133e+003	0.00000000e+000	3.1570e+015	1.0000e-010	0.0000e+000
1.220000e+003	1.70294492e-001	-3.22970551e+000	5.24438880e+003	0.00000000e+000	3.0929e+015	1.0000e-010	0.0000e+000
1.230000e+003	1.70818931e-001	-3.22918107e+000	5.18665934e+003	0.00000000e+000	3.0308e+015	1.0000e-010	0.0000e+000
1.240000e+003	1.71337597e-001	-3.22866240e+000	5.13007657e+003	0.00000000e+000	2.9706e+015	1.0000e-010	0.0000e+000
1.250000e+003	1.71850604e-001	-3.22814940e+000	5.07460555e+003	0.00000000e+000	2.9122e+015	1.0000e-010	0.0000e+000
1.260000e+003	1.72358065e-001	-3.22764193e+000	5.02021279e+003	0.00000000e+000	2.8556e+015	1.0000e-010	0.0000e+000
1.270000e+003	1.72860086e-001	-3.22713991e+000	4.96686609e+003	0.00000000e+000	2.8007e+015	1.0000e-010	0.0000e+000
1.280000e+003	1.73356773e-001	-3.22664323e+000	4.91453454e+003	0.00000000e+000	2.7474e+015	1.0000e-010	0.0000e+000
1.290000e+003	1.73848226e-001	-3.22615177e+000	4.86318843e+003	0.00000000e+000	2.6957e+015	1.0000e-010	0.0000e+000
1.300000e+003	1.74334545e-001	-3.22566545e+000	4.81279920e+003	0.00000000e+000	2.6454e+015	1.0000e-010	0.0000e+000
1.310000e+003	1.74815825e-001	-3.22518417e+000	4.76333938e+003	0.00000000e+000	2.5966e+015	1.0000e-010	0.0000e+000
1.320000e+003	1.75292159e-001	-3.22470784e+000	4.71478253e+003	0.00000000e+000	2.5492e+015	1.0000e-010	0.0000e+000
1.330000e+003	1.75763637e-001	-3.22423636e+000	4.66710321e+003	0.00000000e+000	2.5032e+015	1.0000e-010	0.0000e+000
1.340000e+003	1.76230348e-001	-3.22376965e+000	4.62027693e+003	0.00000000e+000	2.4584e+015	1.0000e-010	0.0000e+000
1.350000e+003	1.76692375e-001	-3.22330762e+000	4.57428010e+003	0.00000000e+000	2.4148e+015	1.0000e-010	0.0000e+000
1.360000e+003	1.77149803e-001	-3.22285020e+000	4.52908999e+003	0.00000000e+000	2.3725e+015	1.0000e-010	0.0000e+000
1.370000e+003	1.77602712e-001	-3.22239729e+000	4.48468468e+003	0.00000000e+000	2.3313e+015	1.0000e-010	0.0000e+000
1.380000e+003	1.78051181e-001	-3.22194882e+000	4.44104305e+003	0.00000000e+000	2.2912e+015	1.0000e-010	0.0000e+000
1.390000e+003	1.78495285e-001	-3.22150471e+000	4.39814472e+003	0.00000000e+000	2.2522e+015	1.0000e-010	0.0000e+000
1.400000e+003	1.78935100e-001	-3.22106490e+000	4.35597004e+003	0.00000000e+000	2.2142e+015	1.0000e-010	0.0000e+000
1.410000e+003	1.79370697e-001	-3.22062930e+000	4.31450004e+003	0.00000000e+000	2.1772e+015	1.0000e-010	0.0000e+000
1.420000e+003	1.79802147e-001	-3.22019785e+000	4.27371639e+003	0.00000000e+000	2.1411e+015	1.0000e-010	0.0000e+000
1.430000e+003	1.80229518e-001	-3.21977048e+000	4.23360142e+003	0.00000000e+000	2.1060e+015	1.0000e-010	0.0000e+000
1.440000e+003	1.80652878e-001	-3.21934712e+000	4.19413803e+003	0.00000000e+000	2.0718e+015	1.0000e-010	0.0000e+000
1.450000e+003	1.81072292e-001	-3.21892771e+000	4.15530972e+003	0.00000000e+000	2.0385e+015	1.0000e-010	0.0000e+000
1.460000e+003	1.81487823e-001	-3.21851218e+000	4.11710052e+003	0.00000000e+000	2.0060e+015	1.0000e-010	0.0000e+000
1.470000e+003	1.81899533e-001	-3.21810047e+000	4.07949502e+003	0.00000000e+000	1.9743e+015	1.0000e-010	0.0000e+000
1.480000e+003	1.82307483e-001	-3.21769252e+000	4.04247827e+003	0.00000000e+000	1.9434e+015	1.0000e-010	0.0000e+000
1.490000e+003	1.82711731e-001	-3.21728827e+000	4.00603586e+003	0.00000000e+000	1.9132e+015	1.0000e-010	0.0000e+000
1.500000e+003	1.83112334e-001	-3.21688767e+000	3.97015380e+003	0.00000000e+000	1.8838e+015	1.0000e-010	0.0000e+000
1.510000e+003	1.83509350e-001	-3.21649065e+000	3.93481859e+003	0.00000000e+000	1.8551e+015	1.0000e-010	0.0000e+000
1.520000e+003	1.83902831e-001	-3.21609717e+000	3.90001712e+003	0.00000000e+000	1.8271e+015	1.0000e-010	0.0000e+000
1.530000e+003	1.84292833e-001	-3.21570717e+000	3.86573673e+003	0.00000000e+000	1.7997e+015	1.0000e-010	0.0000e+000
1.540000e+003	1.84679407e-001	-3.21532059e+000	3.83196513e+003	0.00000000e+000	1.7730e+015	1.0000e-010	0.0000e+000
1.550000e+003	1.85062603e-001	-3.21493740e+000	3.79869042e+003	0.00000000e+000	1.7469e+015	1.0000e-010	0.0000e+000
1.560000e+003	1.85442472e-001	-3.21455753e+000	3.76590108e+003	0.00000000e+000	1.7214e+015	1.0000e-010	0.0000e+000
1.570000e+003	1.85819062e-001	-3.21418094e+000	3.73358593e+003	0.00000000e+000	1.6966e+015	1.0000e-010	0.0000e+000
1.580000e+003	1.86192421e-001	-3.21380758e+000	3.70173412e+003	0.00000000e+000	1.6722e+015	1.0000e-010	0.0000e+000
1.590000e+003	1.86562594e-001	-3.21343741e+000	3.67033514e+003	0.00000000e+000	1.6485e+015	1.0000e-010	0.0000e+000
1.600000e+003	1.86929628e-001	-3.21307037e+000	3.63937881e+003	0.00000000e+000	1.6252e+015	1.0000e-010	0.0000e+000
1.610000e+003	1.87293566e-001	-3.21270643e+000	3.60885521e+003	0.00000000e+000	1.6025e+015	1.0000e-010	0.0000e+000
1.620000e+003	1.87654451e-001	-3.21234555e+000	3.57875476e+003	0.00000000e+000	1.5803e+015	1.0000e-010	0.0000e+000
1.630000e+003	1.88012327e-001	-3.21198767e+000	3.54906812e+003	0.00000000e+000	1.5586e+015	1.0000e-010	0.0000e+000
1.640000e+003	1.88367234e-001	-3.21163277e+000	3.51978625e+003	0.00000000e+000	1.5373e+015	1.0000e-010	0.0000e+000
1.650000e+003	1.88719212e-001	-3.21128079e+000	3.49090035e+003	0.00000000e+000	1.5165e+015	1.0000e-010	0.0000e+000
1.660000e+003	1.89068302e-001	-3.21093170e+000	3.46240189e+003	0.00000000e+000	1.4962e+015	1.0000e-010	0.0000e+000
1.670000e+003	1.89414542e-001	-3.21058546e+000	3.43428257e+003	0.00000000e+000	1.4763e+015	1.0000e-010	0.0000e+000
1.680000e+003	1.89757971e-001	-3.21024203e+000	3.40653432e+003	0.00000000e+000	1.4568e+015	1.0000e-010	0.0000e+000
1.690000e+003	1.90098624e-001	-3.20990138e+000	3.37914932e+003	0.00000000e+000	1.4377e+015	1.0000e-010	0.0000e+000
1.700000e+003	1.90436539e-001	-3.20956346e+000	3.35211995e+003	0.00000000e+000	1.4190e+015	1.0000e-010	0.0000e+000
1.710000e+003	1.90771751e-001	-3.20922825e+000	3.32543879e+003	0.00000000e+000	1.4008e+015	1.0000e-010	0.0000e+000
1.720000e+003	1.91104295e-001	-3.20889571e+000	3.29909864e+003	0.00000000e+000	1.3829e+015	1.0000e-010	0.0000e+000
1.730000e+003	1.91434205e-001	-3.20856580e+000	3.27309249e+003	0.00000000e+000	1.3653e+015	1.0000e-010	0.0000e+000
1.740000e+003	1.91761514e-001	-3.20823849e+000	3.24741353e+003	0.00000000e+000	1.3481e+015	1.0000e-010	0.0000e+000
1.750000e+003	1.92086255e-001	-3.20791374e+000	3.22205512e+003	0.00000000e+000	1.3313e+015	1.0000e-010	0.0000e+000
1.760000e+003	1.92408461e-001	-3.20759154e+000	3.19701081e+003	0.00000000e+000	1.3148e+015	1.0000e-010	0.0000e+000
1.770000e+003	1.92728162e-001	-3.20727184e+000	3.17227430e+003	0.00000000e+000	1.2987e+015	1.0000e-010	0.0000e+000
1.780000e+003	1.93045389e-001	-3.20695461e+000	3.14783947e+003	0.00000000e+000	1.2828e+015	1.0000e-010	0.0000e+000
1.790000e+003	1.93360173e-001	-3.20663983e+000	3.12370037e+003	0.00000000e+000	1.2673e+015	1.0000e-010	0.0000e+000
1.800000e+003	1.93672543e-001	-3.20632746e+000	3.09985118e+003	0.00000000e+000	1.2521e+015	1.0000e-010	0.0000e+000
1.810000e+003	1.93982529e-001	-3.20601747e+000	3.07628626e+003	0.00000000e+000	1.2372e+015	1.0000e-010	0.0000e+000
1.820000e+003	1.94290157e-001	-3.20570984e+000	3.05300009e+003	0.00000000e+000	1.2225e+015	1.0000e-010	0.0000e+000
1.830000e+003	1.94595457e-001	-3.20540454e+000	3.02998730e+003	0.00000000e+000	1.2082e+015	1.0000e-010	0.0000e+000
1.840000e+003	1.94898456e-001	-3.20510154e+000	3.00724266e+003	0.00000000e+000	1.1941e+015	1.0000e-010	0.0000e+000
1.850000e+003	1.95199180e-001	-3.20480082e+000	2.98476106e+003	0.00000000e+000	1.1803e+015	1.0000e-010	0.0000e+000
1.860000e+003	1.95497656e-001	-3.20450234e+000	2.96253754e+003	0.00000000e+000	1.1667e+015	1.0000e-010	0.0000e+000
1.870000e+003	1.95793910e-001	-3.20420609e+000	2.94056723e+003	0.00000000e+000	1.1534e+015	1.0000e-010	0.0000e+000
1.880000e+003	1.96087967e-001	-3.20391203e+000	2.91884541e+003	0.00000000e+000	1.1404e+015	1.0000e-010	0.0000e+000
1.890000e+003	1.96379851e-001	-3.20362015e+000	2.89736747e+003	0.00000000e+000	1.1276e+015	1.0000e-010	0.0000e+000
1.900000e+003	1.96669588e-001	-3.20333041e+000	2.87612889e+003	0.00000000e+000	1.1150e+015	1.0000e-010	0.0000e+000
1.910000e+003	1.96957201e-001	-3.20304280e+000	2.85512529e+003	0.00000000e+000	1.1027e+015	1.0000e-010	0.0000e+000
1.920000e+003	1.97242713e-001	-3.20275729e+000	2.83435239e+003	0.00000000e+000	1.0906e+015	1.0000e-010	0.0000e+000
1.930000e+003	1.97526149e-001	-3.20247385e+000	2.81380598e+003	0.00000000e+000	1.0787e+015	1.0000e-010	0.0000e+000
1.940000e+003	1.97807529e-001	-3.20219247e+000	2.79348200e+003	0.00000000e+000	1.0670e+015	1.0000e-010	0.0000e+000
1.950000e+003	1.98086878e-001	-3.20191312e+000	2.77337645e+003	0.00000000e+000	1.0555e+015	1.0000e-010	0.0000e+000
1.960000e+003	1.98364215e-001	-3.20163578e+000	2.75348544e+003	0.00000000e+000	1.0443e+015	1.0000e-010	0.0000e+000
1.970000e+003	1.98639564e-001	-3.20136044e+000	2.73380516e+003	0.00000000e+000	1.0332e+015	1.0000e-010	0.0000e+000
1.980000e+003	1.98912944e-001	-3.20108706e+000	2.71433190e+003	0.00000000e+000	1.0223e+015	1.0000e-010	0.0000e+000
1.990000e+003	1.99184377e-001	-3.20081562e+000	2.69506203e+003	0.00000000e+000	1.0117e+015	1.0000e-010	0.0000e+000
2.000000e+003	1.99453884e-001	-3.20054612e+000	2.67599201e+003	0.00000000e+000	1.0012e+015	1.0000e-010	0.0000e+000
2.010000e+003	1.99721483e-001	-3.20027852e+000	2.65711836e+003	0.00000000e+000	9.9087e+014	1.0000e-010	0.0000e+000
2.020000e+003	1.99987195e-001	-3.20001281e+000	2.63843771e+003	0.00000000e+000	9.8074e+014	1.0000e-010	0.0000e+000
2.030000e+003	2.00251038e-001	-3.19974896e+000	2.61994675e+003	0.00000000e+000	9.7078e+014	1.0000e-010	0.0000e+000
2.040000e+003	2.00513033e-001	-3.19948697e+000	2.60164223e+003	0.00000000e+000	9.6099e+014	1.0000e-010	0.0000e+000
2.050000e+003	2.00773197e-001	-3.19922680e+000	2.58352099e+003	0.00000000e+000	9.5137e+014	1.0000e-010	0.0000e+000
2.060000e+003	2.01031549e-001	-3.19896845e+000	2.56557995e+003	0.00000000e+000	9.4191e+014	1.0000e-010	0.0000e+000
2.070000e+003	2.01288107e-001	-3.19871189e+000	2.54781608e+003	0.00000000e+000	9.3261e+014	1.0000e-010	0.0000e+000
2.080000e+003	2.01542889e-001	-3.19845711e+000	2.53022642e+003	0.00000000e+000	9.2346e+014	1.0000e-010	0.0000e+000
2.090000e+003	2.01795912e-001	-3.19820409e+000	2.51280807e+003	0.00000000e+000	9.1447e+014	1.0000e-010	0.0000e+000
2.100000e+003	2.02047192e-001	-3.19795281e+000	2.49555821e+003	0.00000000e+000	9.0562e+014	1.0000e-010	0.0000e+000
2.110000e+003	2.02296748e-001	-3.19770325e+000	2.47847407e+003	0.00000000e+000	8.9692e+014	1.0000e-010	0.0000e+000
2.120000e+003	2.02544596e-001	-3.19745540e+000	2.46155293e+003	0.00000000e+000	8.8836e+014	1.0000e-010	0.0000e+000
2.130000e+003	2.02790751e-001	-3.19720925e+000	2.44479215e+003	0.00000000e+000	8.7994e+014	1.0000e-010	0.0000e+000
2.140000e+003	2.03035230e-001	-3.19696477e+000	2.42818912e+003	0.00000000e+000	8.7166e+014	1.0000e-010	0.0000e+000
2.150000e+003	2.03278049e-001	-3.19672195e+000	2.41174131e+003	0.00000000e+000	8.6351e+014	1.0000e-010	0.0000e+000
2.160000e+003	2.03519223e-001	-3.19648078e+000	2.39544623e+003	0.00000000e+000	8.5549e+014	1.0000e-010	0.0000e+000
2.170000e+003	2.03758768e-001	-3.19624123e+000	2.37930144e+003	0.00000000e+000	8.4760e+014	1.0000e-010	0.0000e+000
2.180000e+003	2.03996698e-001	-3.19600330e+000	2.36330456e+003	0.00000000e+000	8.3984e+014	1.0000e-010	0.0000e+000
2.190000e+003	2.04233028e-001	-3.19576697e+000	2.34745326e+003	0.00000000e+000	8.3220e+014	1.0000e-010	0.0000e+000
2.200000e+003	2.04467774e-001	-3.19553223e+000	2.33174523e+003	0.00000000e+000	8.2467e+014	1.0000e-010	0.0000e+000
2.210000e+003	2.04700948e-001	-3.19529905e+000	2.31617825e+003	0.00000000e+000	8.1727e+014	1.0000e-010	0.0000e+000
2.220000e+003	2.04932566e-001	-3.19506743e+000	2.30075012e+003	0.00000000e+000	8.0998e+014	1.0000e-010	0.0000e+000
2.230000e+003	2.05162641e-001	-3.19483736e+000	2.28545868e+003	0.00000000e+000	8.0280e+014	1.0000e-010	0.0000e+000
2.240000e+003	2.05391187e-001	-3.19460881e+000	2.27030183e+003	0.00000000e+000	7.9574e+014	1.0000e-010	0.0000e+000
2.250000e+003	2.05618217e-001	-3.19438178e+000	2.25527750e+003	0.00000000e+000	7.8878e+014	1.0000e-010	0.0000e+000
2.260000e+003	2.05843745e-001	-3.19415626e+000	2.24038368e+003	0.00000000e+000	7.8193e+014	1.0000e-010	0.0000e+000
2.270000e+003	2.06067783e-001	-3.19393222e+000	2.22561837e+003	0.00000000e+000	7.7518e+014	1.0000e-010	0.0000e+000
2.280000e+003	2.06290345e-001	-3.19370965e+000	2.21097963e+003	0.00000000e+000	7.6854e+014	1.0000e-010	0.0000e+000
2.290000e+003	2.06511443e-001	-3.19348856e+000	2.19646555e+003	0.00000000e+000	7.6199e+014	1.0000e-010	0.0000e+000
2.300000e+003	2.06731090e-001	-3.19326891e+000	2.18207427e+003	0.00000000e+000	7.5554e+014	1.0000e-010	0.0000e+000
2.310000e+003	2.06949297e-001	-3.19305070e+000	2.16780394e+003	0.00000000e+000	7.4919e+014	1.0000e-010	0.0000e+000
2.320000e+003	2.07166078e-001	-3.19283392e+000	2.15365278e+003	0.00000000e+000	7.4294e+014	1.0000e-010	0.0000e+000
2.330000e+003	2.07381443e-001	-3.19261856e+000	2.13961902e+003	0.00000000e+000	7.3677e+014	1.0000e-010	0.0000e+000
2.340000e+003	2.07595405e-001	-3.19240460e+000	2.12570093e+003	0.00000000e+000	7.3070e+014	1.0000e-010	0.0000e+000
2.350000e+003	2.07807975e-001	-3.19219203e+000	2.11189682e+003	0.00000000e+000	7.2472e+014	1.0000e-010	0.0000e+000
2.360000e+003	2.08019164e-001	-3.19198084e+000	2.09820501e+003	0.00000000e+000	7.1882e+014	1.0000e-010	0.0000e+000
2.370000e+003	2.08228985e-001	-3.19177102e+000	2.08462387e+003	0.00000000e+000	7.1301e+014	1.0000e-010	0.0000e+000
2.380000e+003	2.08437447e-001	-3.19156255e+000	2.07115182e+003	0.00000000e+000	7.0729e+014	1.0000e-010	0.0000e+000
2.390000e+003	2.08644563e-001	-3.19135544e+000	2.05778726e+003	0.00000000e+000	7.0164e+014	1.0000e-010	0.0000e+000
2.400000e+003	2.08850341e-001	-3.19114966e+000	2.04452866e+003	0.00000000e+000	6.9608e+014	1.0000e-010	0.0000e+000
2.410000e+003	2.09054794e-001	-3.19094521e+000	2.03137450e+003	0.00000000e+000	6.9060e+014	1.0000e-010	0.0000e+000
2.420000e+003	2.09257932e-001	-3.19074207e+000	2.01832330e+003	0.00000000e+000	6.8519e+014	1.0000e-010	0.0000e+000
2.430000e+003	2.09459764e-001	-3.19054024e+000	2.00537360e+003	0.00000000e+000	6.7986e+014	1.0000e-010	0.0000e+000
2.440000e+003	2.09660301e-001	-3.19033970e+000	1.99252396e+003	0.00000000e+000	6.7461e+014	1.0000e-010	0.0000e+000
2.450000e+003	2.09859554e-001	-3.19014045e+000	1.97977298e+003	0.00000000e+000	6.6943e+014	1.0000e-010	0.0000e+000
2.460000e+003	2.10057531e-001	-3.18994247e+000	1.96711927e+003	0.00000000e+000	6.6432e+014	1.0000e-010	0.0000e+000
2.470000e+003	2.10254243e-001	-3.18974576e+000	1.95456149e+003	0.00000000e+000	6.5929e+014	1.0000e-010	0.0000e+000
2.480000e+003	2.10449699e-001	-3.18955030e+000	1.94209828e+003	0.00000000e+000	6.5432e+014	1.0000e-010	0.0000e+000
2.490000e+003	2.10643909e-001	-3.18935609e+000	1.92972836e+003	0.00000000e+000	6.4942e+014	1.0000e-010	0.0000e+000
2.500000e+003	2.10836882e-001	-3.18916312e+000	1.91745043e+003	0.00000000e+000	6.4459e+014	1.0000e-010	0.0000e+000
2.510000e+003	2.11028627e-001	-3.18897137e+000	1.90526323e+003	0.00000000e+000	6.3983e+014	1.0000e-010	0.0000e+000
2.520000e+003	2.11219153e-001	-3.18878085e+000	1.89316551e+003	0.00000000e+000	6.3513e+014	1.0000e-010	0.0000e+000
2.530000e+003	2.11408470e-001	-3.18859153e+000	1.88115606e+003	0.00000000e+000	6.3050e+014	1.0000e-010	0.0000e+000
2.540000e+003	2.11596585e-001	-3.18840341e+000	1.86923369e+003	0.00000000e+000	6.2593e+014	1.0000e-010	0.0000e+000
2.550000e+003	2.11783509e-001	-3.18821649e+000	1.85739721e+003	0.00000000e+000	6.2142e+014	1.0000e-010	0.0000e+000
2.560000e+003	2.11969248e-001	-3.18803075e+000	1.84564547e+003	0.00000000e+000	6.1697e+014	1.0000e-010	0.0000e+000
2.570000e+003	2.12153813e-001	-3.18784619e+000	1.83397732e+003	0.00000000e+000	6.1258e+014	1.0000e-010	0.0000e+000
2.580000e+003	2.12337211e-001	-3.18766279e+000	1.82239166e+003	0.00000000e+000	6.0825e+014	1.0000e-010	0.0000e+000
2.590000e+003	2.12519450e-001	-3.18748055e+000	1.81088739e+003	0.00000000e+000	6.0398e+014	1.0000e-010	0.0000e+000
2.600000e+003	2.12700539e-001	-3.18729946e+000	1.79946341e+003	0.00000000e+000	5.9976e+014	1.0000e-010	0.0000e+000
2.610000e+003	2.12880485e-001	-3.18711952e+000	1.78811868e+003	0.00000000e+000	5.9560e+014	1.0000e-010	0.0000e+000
2.620000e+003	2.13059297e-001	-3.18694070e+000	1.77685215e+003	0.00000000e+000	5.9149e+014	1.0000e-010	0.0000e+000
2.630000e+003	2.13236982e-001	-3.18676302e+000	1.76566279e+003	0.00000000e+000	5.8744e+014	1.0000e-010	0.0000e+000
2.640000e+003	2.13413548e-001	-3.18658645e+000	1.75454959e+003	0.00000000e+000	5.8344e+014	1.0000e-010	0.0000e+000
2.650000e+003	2.13589003e-001	-3.18641100e+000	1.74351156e+003	0.00000000e+000	5.7950e+014	1.0000e-010	0.0000e+000
2.660000e+003	2.13763354e-001	-3.18623665e+000	1.73254772e+003	0.00000000e+000	5.7560e+014	1.0000e-010	0.0000e+000
2.670000e+003	2.13936609e-001	-3.18606339e+000	1.72165711e+003	0.00000000e+000	5.7176e+014	1.0000e-010	0.0000e+000
2.680000e+003	2.14108775e-001	-3.18589123e+000	1.71083879e+003	0.00000000e+000	5.6796e+014	1.0000e-010	0.0000e+000
2.690000e+003	2.14279859e-001	-3.18572014e+000	1.70009183e+003	0.00000000e+000	5.6422e+014	1.0000e-010	0.0000e+000
2.700000e+003	2.14449868e-001	-3.18555013e+000	1.68941531e+003	0.00000000e+000	5.6052e+014	1.0000e-010	0.0000e+000
2.710000e+003	2.14618809e-001	-3.18538119e+000	1.67880833e+003	0.00000000e+000	5.5687e+014	1.0000e-010	0.0000e+000
2.720000e+003	2.14786690e-001	-3.18521331e+000	1.66827001e+003	0.00000000e+000	5.5326e+014	1.0000e-010	0.0000e+000
2.730000e+003	2.14953517e-001	-3.18504648e+000	1.65779948e+003	0.00000000e+000	5.4970e+014	1.0000e-010	0.0000e+000
2.740000e+003	2.15119297e-001	-3.18488070e+000	1.64739588e+003	0.00000000e+000	5.4619e+014	1.0000e-010	0.0000e+000
2.750000e+003	2.15284037e-001	-3.18471596e+000	1.63705836e+003	0.00000000e+000	5.4272e+014	1.0000e-010	0.0000e+000
2.760000e+003	2.15447743e-001	-3.18455226e+000	1.62678610e+003	0.00000000e+000	5.3930e+014	1.0000e-010	0.0000e+000
2.770000e+003	2.15610421e-001	-3.18438958e+000	1.61657827e+003	0.00000000e+000	5.3591e+014	1.0000e-010	0.0000e+000
2.780000e+003	2.15772079e-001	-3.18422792e+000	1.60643408e+003	0.00000000e+000	5.3257e+014	1.0000e-010	0.0000e+000
2.790000e+003	2.15932722e-001	-3.18406728e+000	1.59635272e+003	0.00000000e+000	5.2927e+014	1.0000e-010	0.0000e+000
2.800000e+003	2.16092358e-001	-3.18390764e+000	1.58633343e+003	0.00000000e+000	5.2601e+014	1.0000e-010	0.0000e+000
2.810000e+003	2.16250991e-001	-3.18374901e+000	1.57637543e+003	0.00000000e+000	5.2280e+014	1.0000e-010	0.0000e+000
2.820000e+003	2.16408629e-001	-3.18359137e+000	1.56647796e+003	0.00000000e+000	5.1962e+014	1.0000e-010	0.0000e+000
2.830000e+003	2.16565276e-001	-3.18343472e+000	1.55664029e+003	0.00000000e+000	5.1648e+014	1.0000e-010	0.0000e+000
2.840000e+003	2.16720940e-001	-3.18327906e+000	1.54686168e+003	0.00000000e+000	5.1338e+014	1.0000e-010	0.0000e+000
2.850000e+003	2.16875627e-001	-3.18312437e+000	1.53714140e+003	0.00000000e+000	5.1032e+014	1.0000e-010	0.0000e+000
2.860000e+003	2.17029341e-001	-3.18297066e+000	1.52747874e+003	0.00000000e+000	5.0729e+014	1.0000e-010	0.0000e+000
2.870000e+003	2.17182089e-001	-3.18281791e+000	1.51787301e+003	0.00000000e+000	5.0430e+014	1.0000e-010	0.0000e+000
2.880000e+003	2.17333876e-001	-3.18266612e+000	1.50832351e+003	0.00000000e+000	5.0135e+014	1.0000e-010	0.0000e+000
2.890000e+003	2.17484708e-001	-3.18251529e+000	1.49882957e+003	0.00000000e+000	4.9843e+014	1.0000e-010	0.0000e+000
2.900000e+003	2.17634591e-001	-3.18236541e+000	1.48939051e+003	0.00000000e+000	4.9555e+014	1.0000e-010	0.0000e+000
2.910000e+003	2.17783530e-001	-3.18221647e+000	1.48000568e+003	0.00000000e+000	4.9271e+014	1.0000e-010	0.0000e+000
2.920000e+003	2.17931531e-001	-3.18206847e+000	1.47067442e+003	0.00000000e+000	4.8989e+014	1.0000e-010	0.0000e+000
2.930000e+003	2.18078598e-001	-3.18192140e+000	1.46139609e+003	0.00000000e+000	4.8711e+014	1.0000e-010	0.0000e+000
2.940000e+003	2.18224738e-001	-3.18177526e+000	1.45217006e+003	0.00000000e+000	4.8437e+014	1.0000e-010	0.0000e+000
2.950000e+003	2.18369955e-001	-3.18163005e+000	1.44299572e+003	0.00000000e+000	4.8165e+014	1.0000e-010	0.0000e+000
2.960000e+003	2.18514254e-001	-3.18148575e+000	1.43387244e+003	0.00000000e+000	4.7897e+014	1.0000e-010	0.0000e+000
2.970000e+003	2.18657642e-001	-3.18134236e+000	1.42479962e+003	0.00000000e+000	4.7632e+014	1.0000e-010	0.0000e+000
2.980000e+003	2.18800122e-001	-3.18119988e+000	1.41577667e+003	0.00000000e+000	4.7371e+014	1.0000e-010	0.0000e+000
2.990000e+003	2.18941699e-001	-3.18105830e+000	1.40680300e+003	0.00000000e+000	4.7112e+014	1.0000e-010	0.0000e+000
3.000000e+003	2.19082380e-001	-3.18091762e+000	1.39787802e+003	0.00000000e+000	4.6856e+014	1.0000e-010	0.0000e+000
3.010000e+003	2.19222167e-001	-3.18077783e+000	1.38900118e+003	0.00000000e+000	4.6604e+014	1.0000e-010	0.0000e+000
3.020000e+003	2.19361068e-001	-3.18063893e+000	1.38017190e+003	0.00000000e+000	4.6354e+014	1.0000e-010	0.0000e+000
3.030000e+003	2.19499085e-001	-3.18050092e+000	1.37138964e+003	0.00000000e+000	4.6107e+014	1.0000e-010	0.0000e+000
3.040000e+003	2.19636224e-001	-3.18036378e+000	1.36265384e+003	0.00000000e+000	4.5863e+014	1.0000e-010	0.0000e+000
3.050000e+003	2.19772489e-001	-3.18022751e+000	1.35396396e+003	0.00000000e+000	4.5622e+014	1.0000e-010	0.0000e+000
3.060000e+003	2.19907886e-001	-3.18009211e+000	1.34531948e+003	0.00000000e+000	4.5384e+014	1.0000e-010	0.0000e+000
3.070000e+003	2.20042417e-001	-3.17995758e+000	1.33671986e+003	0.00000000e+000	4.5148e+014	1.0000e-010	0.0000e+000
3.080000e+003	2.20176089e-001	-3.17982391e+000	1.32816460e+003	0.00000000e+000	4.4915e+014	1.0000e-010	0.0000e+000
3.090000e+003	2.20308906e-001	-3.17969109e+000	1.31965318e+003	0.00000000e+000	4.4685e+014	1.0000e-010	0.0000e+000
3.100000e+003	2.20440871e-001	-3.17955913e+000	1.31118509e+003	0.00000000e+000	4.4458e+014	1.0000e-010	0.0000e+000
3.110000e+003	2.20571990e-001	-3.17942801e+000	1.30275985e+003	0.00000000e+000	4.4233e+014	1.0000e-010	0.0000e+000
3.120000e+003	2.20702266e-001	-3.17929773e+000	1.29437695e+003	0.00000000e+000	4.4010e+014	1.0000e-010	0.0000e+000
3.130000e+003	2.20831703e-001	-3.17916830e+000	1.28603592e+003	0.00000000e+000	4.3791e+014	1.0000e-010	0.0000e+000
3.140000e+003	2.20960307e-001	-3.17903969e+000	1.27773629e+003	0.00000000e+000	4.3573e+014	1.0000e-010	0.0000e+000
3.150000e+003	2.21088081e-001	-3.17891192e+000	1.26947757e+003	0.00000000e+000	4.3358e+014	1.0000e-010	0.0000e+000
3.160000e+003	2.21215028e-001	-3.17878497e+000	1.26125931e+003	0.00000000e+000	4.3146e+014	1.0000e-010	0.0000e+000
3.170000e+003	2.21341154e-001	-3.17865885e+000	1.25308104e+003	0.00000000e+000	4.2936e+014	1.0000e-010	0.0000e+000
3.180000e+003	2.21466462e-001	-3.17853354e+000	1.24494232e+003	0.00000000e+000	4.2728e+014	1.0000e-010	0.0000e+000
3.190000e+003	2.21590957e-001	-3.17840904e+000	1.23684270e+003	0.00000000e+000	4.2523e+014	1.0000e-010	0.0000e+000
3.200000e+003	2.21714641e-001	-3.17828536e+000	1.22878174e+003	0.00000000e+000	4.2320e+014	1.0000e-010	0.0000e+000
3.210000e+003	2.21837519e-001	-3.17816248e+000	1.22075900e+003	0.00000000e+000	4.2120e+014	1.0000e-010	0.0000e+000
3.220000e+003	2.21959595e-001	-3.17804040e+000	1.21277406e+003	0.00000000e+000	4.1921e+014	1.0000e-010	0.0000e+000
3.230000e+003	2.22080872e-001	-3.17791913e+000	1.20482649e+003	0.00000000e+000	4.1725e+014	1.0000e-010	0.0000e+000
3.240000e+003	2.22201355e-001	-3.17779864e+000	1.19691587e+003	0.00000000e+000	4.1531e+014	1.0000e-010	0.0000e+000
3.250000e+003	2.22321047e-001	-3.17767895e+000	1.18904179e+003	0.00000000e+000	4.1339e+014	1.0000e-010	0.0000e+000
3.260000e+003	2.22439951e-001	-3.17756005e+000	1.18120385e+003	0.00000000e+000	4.1149e+014	1.0000e-010	0.0000e+000
3.270000e+003	2.22558071e-001	-3.17744193e+000	1.17340164e+003	0.00000000e+000	4.0962e+014	1.0000e-010	0.0000e+000
3.280000e+003	2.22675411e-001	-3.17732459e+000	1.16563476e+003	0.00000000e+000	4.0776e+014	1.0000e-010	0.0000e+000
3.290000e+003	2.22791975e-001	-3.17720803e+000	1.15790282e+003	0.00000000e+000	4.0593e+014	1.0000e-010	0.0000e+000
3.300000e+003	2.22907765e-001	-3.17709223e+000	1.15020543e+003	0.00000000e+000	4.0411e+014	1.0000e-010	0.0000e+000
3.310000e+003	2.23022786e-001	-3.17697721e+000	1.14254222e+003	0.00000000e+000	4.0232e+014	1.0000e-010	0.0000e+000
3.320000e+003	2.23137040e-001	-3.17686296e+000	1.13491280e+003	0.00000000e+000	4.0055e+014	1.0000e-010	0.0000e+000
3.330000e+003	2.23250531e-001	-3.17674947e+000	1.12731680e+003	0.00000000e+000	3.9879e+014	1.0000e-010	0.0000e+000
3.340000e+003	2.23363263e-001	-3.17663674e+000	1.11975385e+003	0.00000000e+000	3.9706e+014	1.0000e-010	0.0000e+000
3.350000e+003	2.23475238e-001	-3.17652476e+000	1.11222358e+003	0.00000000e+000	3.9534e+014	1.0000e-010	0.0000e+000
3.360000e+003	2.23586461e-001	-3.17641354e+000	1.10472565e+003	0.00000000e+000	3.9364e+014	1.0000e-010	0.0000e+000
3.370000e+003	2.23696933e-001	-3.17630307e+000	1.09725969e+003	0.00000000e+000	3.9196e+014	1.0000e-010	0.0000e+000
3.380000e+003	2.23806659e-001	-3.17619334e+000	1.08982535e+003	0.00000000e+000	3.9030e+014	1.0000e-010	0.0000e+000
3.390000e+003	2.23915642e-001	-3.17608436e+000	1.08242228e+003	0.00000000e+000	3.8866e+014	1.0000e-010	0.0000e+000
3.400000e+003	2.24023884e-001	-3.17597612e+000	1.07505014e+003	0.00000000e+000	3.8704e+014	1.0000e-010	0.0000e+000
3.410000e+003	2.24131389e-001	-3.17586861e+000	1.06770860e+003	0.00000000e+000	3.8543e+014	1.0000e-010	0.0000e+000
3.420000e+003	2.24238160e-001	-3.17576184e+000	1.06039732e+003	0.00000000e+000	3.8384e+014	1.0000e-010	0.0000e+000
3.430000e+003	2.24344199e-001	-3.17565580e+000	1.05311597e+003	0.00000000e+000	3.8227e+014	1.0000e-010	0.0000e+000
3.440000e+003	2.24449511e-001	-3.17555049e+000	1.04586421e+003	0.00000000e+000	3.8072e+014	1.0000e-010	0.0000e+000
3.450000e+003	2.24554098e-001	-3.17544590e+000	1.03864174e+003	0.00000000e+000	3.7918e+014	1.0000e-010	0.0000e+000
3.460000e+003	2.24657962e-001	-3.17534204e+000	1.03144822e+003	0.00000000e+000	3.7766e+014	1.0000e-010	0.0000e+000
3.470000e+003	2.24761107e-001	-3.17523889e+000	1.02428335e+003	0.00000000e+000	3.7616e+014	1.0000e-010	0.0000e+000
3.480000e+003	2.24863535e-001	-3.17513647e+000	1.01714681e+003	0.00000000e+000	3.7467e+014	1.0000e-010	0.0000e+000
3.490000e+003	2.24965250e-001	-3.17503475e+000	1.01003829e+003	0.00000000e+000	3.7320e+014	1.0000e-010	0.0000e+000
3.500000e+003	2.25066253e-001	-3.17493375e+000	1.00295749e+003	0.00000000e+000	3.7174e+014	1.0000e-010	0.0000e+000
3.510000e+003	2.25166549e-001	-3.17483345e+000	9.95904112e+002	0.00000000e+000	3.7030e+014	1.0000e-010	0.0000e+000
3.520000e+003	2.25266140e-001	-3.17473386e+000	9.88877852e+002	0.00000000e+000	3.6888e+014	1.0000e-010	0.0000e+000
3.530000e+003	2.25365027e-001	-3.17463497e+000	9.81878416e+002	0.00000000e+000	3.6747e+014	1.0000e-010	0.0000e+000
3.540000e+003	2.25463215e-001	-3.17453678e+000	9.74905514e+002	0.00000000e+000	3.6608e+014	1.0000e-010	0.0000e+000
3.550000e+003	2.25560706e-001	-3.17443929e+000	9.67958858e+002	0.00000000e+000	3.6470e+014	1.0000e-010	0.0000e+000
3.560000e+003	2.25657502e-001	-3.17434250e+000	9.61038164e+002	0.00000000e+000	3.6334e+014	1.0000e-010	0.0000e+000
3.570000e+003	2.25753605e-001	-3.17424639e+000	9.54143149e+002	0.00000000e+000	3.6199e+014	1.0000e-010	0.0000e+000
3.580000e+003	2.25849020e-001	-3.17415098e+000	9.47273535e+002	0.00000000e+000	3.6066e+014	1.0000e-010	0.0000e+000
3.590000e+003	2.25943747e-001	-3.17405625e+000	9.40429047e+002	0.00000000e+000	3.5934e+014	1.0000e-010	0.0000e+000
3.600000e+003	2.26037790e-001	-3.17396221e+000	9.33609413e+002	0.00000000e+000	3.5803e+014	1.0000e-010	0.0000e+000
3.610000e+003	2.26131151e-001	-3.17386885e+000	9.26814362e+002	0.00000000e+000	3.5674e+014	1.0000e-010	0.0000e+000
3.620000e+003	2.26223832e-001	-3.17377617e+000	9.20043628e+002	0.00000000e+000	3.5546e+014	1.0000e-010	0.0000e+000
3.630000e+003	2.26315837e-001	-3.17368416e+000	9.13296948e+002	0.00000000e+000	3.5420e+014	1.0000e-010	0.0000e+000
3.640000e+003	2.26407166e-001	-3.17359283e+000	9.06574060e+002	0.00000000e+000	3.5295e+014	1.0000e-010	0.0000e+000
3.650000e+003	2.26497824e-001	-3.17350218e+000	8.99874706e+002	0.00000000e+000	3.5172e+014	1.0000e-010	0.0000e+000
3.660000e+003	2.26587811e-001	-3.17341219e+000	8.93198632e+002	0.00000000e+000	3.5049e+014	1.0000e-010	0.0000e+000
3.670000e+003	2.26677131e-001	-3.17332287e+000	8.86545584e+002	0.00000000e+000	3.4929e+014	1.0000e-010	0.0000e+000
3.680000e+003	2.26765786e-001	-3.17323421e+000	8.79915313e+002	0.00000000e+000	3.4809e+014	1.0000e-010	0.0000e+000
3.690000e+003	2.26853777e-001	-3.17314622e+000	8.73307570e+002	0.00000000e+000	3.4691e+014	1.0000e-010	0.0000e+000
3.700000e+003	2.26941108e-001	-3.17305889e+000	8.66722111e+002	0.00000000e+000	3.4574e+014	1.0000e-010	0.0000e+000
3.710000e+003	2.27027780e-001	-3.17297222e+000	8.60158694e+002	0.00000000e+000	3.4458e+014	1.0000e-010	0.0000e+000
3.720000e+003	2.27113796e-001	-3.17288620e+000	8.53617079e+002	0.00000000e+000	3.4344e+014	1.0000e-010	0.0000e+000
3.730000e+003	2.27199158e-001	-3.17280084e+000	8.47097028e+002	0.00000000e+000	3.4230e+014	1.0000e-010	0.0000e+000
3.740000e+003	2.27283867e-001	-3.17271613e+000	8.40598307e+002	0.00000000e+000	3.4118e+014	1.0000e-010	0.0000e+000
3.750000e+003	2.27367927e-001	-3.17263207e+000	8.34120682e+002	0.00000000e+000	3.4008e+014	1.0000e-010	0.0000e+000
3.760000e+003	2.27451339e-001	-3.17254866e+000	8.27663924e+002	0.00000000e+000	3.3898e+014	1.0000e-010	0.0000e+000
3.770000e+003	2.27534106e-001	-3.17246589e+000	8.21227804e+002	0.00000000e+000	3.3790e+014	1.0000e-010	0.0000e+000
3.780000e+003	2.27616229e-001	-3.17238377e+000	8.14812098e+002	0.00000000e+000	3.3683e+014	1.0000e-010	0.0000e+000
3.790000e+003	2.27697710e-001	-3.17230229e+000	8.08416580e+002	0.00000000e+000	3.3577e+014	1.0000e-010	0.0000e+000
3.800000e+003	2.27778551e-001	-3.17222145e+000	8.02041031e+002	0.00000000e+000	3.3472e+014	1.0000e-010	0.0000e+000
3.810000e+003	2.27858756e-001	-3.17214124e+000	7.95685231e+002	0.00000000e+000	3.3368e+014	1.0000e-010	0.0000e+000
3.820000e+003	2.27938324e-001	-3.17206168e+000	7.89348963e+002	0.00000000e+000	3.3266e+014	1.0000e-010	0.0000e+000
3.830000e+003	2.28017259e-001	-3.17198274e+000	7.83032013e+002	0.00000000e+000	3.3164e+014	1.0000e-010	0.0000e+000
3.840000e+003	2.28095562e-001	-3.17190444e+000	7.76734166e+002	0.00000000e+000	3.3064e+014	1.0000e-010	0.0000e+000
3.850000e+003	2.28173236e-001	-3.17182676e+000	7.70455214e+002	0.00000000e+000	3.2965e+014	1.0000e-010	0.0000e+000
3.860000e+003	2.28250281e-001	-3.17174972e+000	7.64194947e+002	0.00000000e+000	3.2867e+014	1.0000e-010	0.0000e+000
3.870000e+003	2.28326701e-001	-3.17167330e+000	7.57953157e+002	0.00000000e+000	3.2769e+014	1.0000e-010	0.0000e+000
3.880000e+003	2.28402496e-001	-3.17159750e+000	7.51729642e+002	0.00000000e+000	3.2674e+014	1.0000e-010	0.0000e+000
3.890000e+003	2.28477669e-001	-3.17152233e+000	7.45524197e+002	0.00000000e+000	3.2579e+014	1.0000e-010	0.0000e+000
3.900000e+003	2.28552221e-001	-3.17144778e+000	7.39336621e+002	0.00000000e+000	3.2485e+014	1.0000e-010	0.0000e+000
3.910000e+003	2.28626155e-001	-3.17137385e+000	7.33166716e+002	0.00000000e+000	3.2392e+014	1.0000e-010	0.0000e+000
3.920000e+003	2.28699472e-001	-3.17130053e+000	7.27014284e+002	0.00000000e+000	3.2300e+014	1.0000e-010	0.0000e+000
3.930000e+003	2.28772173e-001	-3.17122783e+000	7.20879130e+002	0.00000000e+000	3.2210e+014	1.0000e-010	0.0000e+000
3.940000e+003	2.28844261e-001	-3.17115574e+000	7.14761060e+002	0.00000000e+000	3.2120e+014	1.0000e-010	0.0000e+000
3.950000e+003	2.28915737e-001	-3.17108426e+000	7.08659882e+002	0.00000000e+000	3.2031e+014	1.0000e-010	0.0000e+000
3.960000e+003	2.28986603e-001	-3.17101340e+000	7.02575405e+002	0.00000000e+000	3.1944e+014	1.0000e-010	0.0000e+000
3.970000e+003	2.29056861e-001	-3.17094314e+000	6.96507442e+002	0.00000000e+000	3.1857e+014	1.0000e-010	0.0000e+000
3.980000e+003	2.29126511e-001	-3.17087349e+000	6.90455805e+002	0.00000000e+000	3.1771e+014	1.0000e-010	0.0000e+000
3.990000e+003	2.29195557e-001	-3.17080444e+000	6.84420310e+002	0.00000000e+000	3.1686e+014	1.0000e-010	0.0000e+000
4.000000e+003	2.29263999e-001	-3.17073600e+000	6.78400772e+002	0.00000000e+000	3.1603e+014	1.0000e-010	0.0000e+000
4.010000e+003	2.29331839e-001	-3.17066816e+000	6.72397009e+002	0.00000000e+000	3.1520e+014	1.0000e-010	0.0000e+000
4.020000e+003	2.29399079e-001	-3.17060092e+000	6.66408842e+002	0.00000000e+000	3.1438e+014	1.0000e-010	0.0000e+000
4.030000e+003	2.29465720e-001	-3.17053428e+000	6.60436091e+002	0.00000000e+000	3.1357e+014	1.0000e-010	0.0000e+000
4.040000e+003	2.29531763e-001	-3.17046824e+000	6.54478579e+002	0.00000000e+000	3.1277e+014	1.0000e-010	0.0000e+000
4.050000e+003	2.29597211e-001	-3.17040279e+000	6.48536130e+002	0.00000000e+000	3.1198e+014	1.0000e-010	0.0000e+000
4.060000e+003	2.29662065e-001	-3.17033794e+000	6.42608570e+002	0.00000000e+000	3.1120e+014	1.0000e-010	0.0000e+000
4.070000e+003	2.29726326e-001	-3.17027367e+000	6.36695726e+002	0.00000000e+000	3.1043e+014	1.0000e-010	0.0000e+000
4.080000e+003	2.29789995e-001	-3.17021000e+000	6.30797427e+002	0.00000000e+000	3.0966e+014	1.0000e-010	0.0000e+000
4.090000e+003	2.29853075e-001	-3.17014693e+000	6.24913502e+002	0.00000000e+000	3.0891e+014	1.0000e-010	0.0000e+000
4.100000e+003	2.29915566e-001	-3.17008443e+000	6.19043783e+002	0.00000000e+000	3.0816e+014	1.0000e-010	0.0000e+000
4.110000e+003	2.29977471e-001	-3.17002253e+000	6.13188102e+002	0.00000000e+000	3.0742e+014	1.0000e-010	0.0000e+000
4.120000e+003	2.30038789e-001	-3.16996121e+000	6.07346295e+002	0.00000000e+000	3.0670e+014	1.0000e-010	0.0000e+000
4.130000e+003	2.30099524e-001	-3.16990048e+000	6.01518195e+002	0.00000000e+000	3.0598e+014	1.0000e-010	0.0000e+000
4.140000e+003	2.30159676e-001	-3.16984032e+000	5.95703641e+002	0.00000000e+000	3.0527e+014	1.0000e-010	0.0000e+000
4.150000e+003	2.30219246e-001	-3.16978075e+000	5.89902469e+002	0.00000000e+000	3.0456e+014	1.0000e-010	0.0000e+000
4.160000e+003	2.30278236e-001	-3.16972176e+000	5.84114520e+002	0.00000000e+000	3.0387e+014	1.0000e-010	0.0000e+000
4.170000e+003	2.30336648e-001	-3.16966335e+000	5.78339633e+002	0.00000000e+000	3.0318e+014	1.0000e-010	0.0000e+000
4.180000e+003	2.30394482e-001	-3.16960552e+000	5.72577651e+002	0.00000000e+000	3.0250e+014	1.0000e-010	0.0000e+000
4.190000e+003	2.30451740e-001	-3.16954826e+000	5.66828417e+002	0.00000000e+000	3.0184e+014	1.0000e-010	0.0000e+000
4.200000e+003	2.30508422e-001	-3.16949158e+000	5.61091775e+002	0.00000000e+000	3.0117e+014	1.0000e-010	0.0000e+000
4.210000e+003	2.30564532e-001	-3.16943547e+000	5.55367570e+002	0.00000000e+000	3.0052e+014	1.0000e-010	0.0000e+000
4.220000e+003	2.30620068e-001	-3.16937993e+000	5.49655649e+002	0.00000000e+000	2.9988e+014	1.0000e-010	0.0000e+000
4.230000e+003	2.30675034e-001	-3.16932497e+000	5.43955860e+002	0.00000000e+000	2.9924e+014	1.0000e-010	0.0000e+000
4.240000e+003	2.30729430e-001	-3.16927057e+000	5.38268051e+002	0.00000000e+000	2.9861e+014	1.0000e-010	0.0000e+000
4.250000e+003	2.30783256e-001	-3.16921674e+000	5.32592072e+002	0.00000000e+000	2.9799e+014	1.0000e-010	0.0000e+000
4.260000e+003	2.30836516e-001	-3.16916348e+000	5.26927775e+002	0.00000000e+000	2.9738e+014	1.0000e-010	0.0000e+000
4.270000e+003	2.30889208e-001	-3.16911079e+000	5.21275011e+002	0.00000000e+000	2.9677e+014	1.0000e-010	0.0000e+000
4.280000e+003	2.30941336e-001	-3.16905866e+000	5.15633634e+002	0.00000000e+000	2.9617e+014	1.0000e-010	0.0000e+000
4.290000e+003	2.30992899e-001	-3.16900710e+000	5.10003498e+002	0.00000000e+000	2.9558e+014	1.0000e-010	0.0000e+000
4.300000e+003	2.31043900e-001	-3.16895610e+000	5.04384457e+002	0.00000000e+000	2.9500e+014	1.0000e-010	0.0000e+000
4.310000e+003	2.31094338e-001	-3.16890566e+000	4.98776369e+002	0.00000000e+000	2.9443e+014	1.0000e-010	0.0000e+000
4.320000e+003	2.31144216e-001	-3.16885578e+000	4.93179091e+002	0.00000000e+000	2.9386e+014	1.0000e-010	0.0000e+000
4.330000e+003	2.31193534e-001	-3.16880647e+000	4.87592480e+002	0.00000000e+000	2.9330e+014	1.0000e-010	0.0000e+000
4.340000e+003	2.31242293e-001	-3.16875771e+000	4.82016397e+002	0.00000000e+000	2.9275e+014	1.0000e-010	0.0000e+000
4.350000e+003	2.31290494e-001	-3.16870951e+000	4.76450700e+002	0.00000000e+000	2.9220e+014	1.0000e-010	0.0000e+000
4.360000e+003	2.31338140e-001	-3.16866186e+000	4.70895252e+002	0.00000000e+000	2.9166e+014	1.0000e-010	0.0000e+000
4.370000e+003	2.31385229e-001	-3.16861477e+000	4.65349913e+002	0.00000000e+000	2.9113e+014	1.0000e-010	0.0000e+000
4.380000e+003	2.31431764e-001	-3.16856824e+000	4.59814548e+002	0.00000000e+000	2.9061e+014	1.0000e-010	0.0000e+000
4.390000e+003	2.31477745e-001	-3.16852225e+000	4.54289019e+002	0.00000000e+000	2.9009e+014	1.0000e-010	0.0000e+000
4.400000e+003	2.31523174e-001	-3.16847683e+000	4.48773192e+002	0.00000000e+000	2.8958e+014	1.0000e-010	0.0000e+000
4.410000e+003	2.31568052e-001	-3.16843195e+000	4.43266931e+002	0.00000000e+000	2.8908e+014	1.0000e-010	0.0000e+000
4.420000e+003	2.31612378e-001	-3.16838762e+000	4.37770103e+002	0.00000000e+000	2.8858e+014	1.0000e-010	0.0000e+000
4.430000e+003	2.31656155e-001	-3.16834384e+000	4.32282576e+002	0.00000000e+000	2.8810e+014	1.0000e-010	0.0000e+000
4.440000e+003	2.31699384e-001	-3.16830062e+000	4.26804217e+002	0.00000000e+000	2.8761e+014	1.0000e-010	0.0000e+000
4.450000e+003	2.31742064e-001	-3.16825794e+000	4.21334895e+002	0.00000000e+000	2.8714e+014	1.0000e-010	0.0000e+000
4.460000e+003	2.31784198e-001	-3.16821580e+000	4.15874480e+002	0.00000000e+000	2.8667e+014	1.0000e-010	0.0000e+000
4.470000e+003	2.31825785e-001	-3.16817421e+000	4.10422841e+002	0.00000000e+000	2.8621e+014	1.0000e-010	0.0000e+000
4.480000e+003	2.31866827e-001	-3.16813317e+000	4.04979851e+002	0.00000000e+000	2.8576e+014	1.0000e-010	0.0000e+000
4.490000e+003	2.31907325e-001	-3.16809267e+000	3.99545381e+002	0.00000000e+000	2.8531e+014	1.0000e-010	0.0000e+000
4.500000e+003	2.31947280e-001	-3.16805272e+000	3.94119303e+002	0.00000000e+000	2.8487e+014	1.0000e-010	0.0000e+000
4.510000e+003	2.31986692e-001	-3.16801331e+000	3.88701491e+002	0.00000000e+000	2.8444e+014	1.0000e-010	0.0000e+000
4.520000e+003	2.32025562e-001	-3.16797444e+000	3.83291819e+002	0.00000000e+000	2.8401e+014	1.0000e-010	0.0000e+000
4.530000e+003	2.32063891e-001	-3.16793611e+000	3.77890162e+002	0.00000000e+000	2.8359e+014	1.0000e-010	0.0000e+000
4.540000e+003	2.32101680e-001	-3.16789832e+000	3.72496395e+002	0.00000000e+000	2.8317e+014	1.0000e-010	0.0000e+000
4.550000e+003	2.32138930e-001	-3.16786107e+000	3.67110393e+002	0.00000000e+000	2.8277e+014	1.0000e-010	0.0000e+000
4.560000e+003	2.32175641e-001	-3.16782436e+000	3.61732035e+002	0.00000000e+000	2.8236e+014	1.0000e-010	0.0000e+000
4.570000e+003	2.32211814e-001	-3.16778819e+000	3.56361198e+002	0.00000000e+000	2.8197e+014	1.0000e-010	0.0000e+000
4.580000e+003	2.32247450e-001	-3.16775255e+000	3.50997758e+002	0.00000000e+000	2.8158e+014	1.0000e-010	0.0000e+000
4.590000e+003	2.32282550e-001	-3.16771745e+000	3.45641596e+002	0.00000000e+000	2.8120e+014	1.0000e-010	0.0000e+000
4.600000e+003	2.32317114e-001	-3.16768289e+000	3.40292590e+002	0.00000000e+000	2.8082e+014	1.0000e-010	0.0000e+000
4.610000e+003	2.32351143e-001	-3.16764886e+000	3.34950621e+002	0.00000000e+000	2.8045e+014	1.0000e-010	0.0000e+000
4.620000e+003	2.32384638e-001	-3.16761536e+000	3.29615568e+002	0.00000000e+000	2.8009e+014	1.0000e-010	0.0000e+000
4.630000e+003	2.32417600e-001	-3.16758240e+000	3.24287313e+002	0.00000000e+000	2.7973e+014	1.0000e-010	0.0000e+000
4.640000e+003	2.32450029e-001	-3.16754997e+000	3.18965738e+002	0.00000000e+000	2.7938e+014	1.0000e-010	0.0000e+000
4.650000e+003	2.32481925e-001	-3.16751807e+000	3.13650725e+002	0.00000000e+000	2.7904e+014	1.0000e-010	0.0000e+000
4.660000e+003	2.32513290e-001	-3.16748671e+000	3.08342156e+002	0.00000000e+000	2.7870e+014	1.0000e-010	0.0000e+000
4.670000e+003	2.32544125e-001	-3.16745588e+000	3.03039915e+002	0.00000000e+000	2.7837e+014	1.0000e-010	0.0000e+000
4.680000e+003	2.32574429e-001	-3.16742557e+000	2.97743886e+002	0.00000000e+000	2.7804e+014	1.0000e-010	0.0000e+000
4.690000e+003	2.32604203e-001	-3.16739580e+000	2.92453952e+002	0.00000000e+000	2.7772e+014	1.0000e-010	0.0000e+000
4.700000e+003	2.32633448e-001	-3.16736655e+000	2.87170000e+002	0.00000000e+000	2.7741e+014	1.0000e-010	0.0000e+000
4.710000e+003	2.32662165e-001	-3.16733783e+000	2.81891914e+002	0.00000000e+000	2.7710e+014	1.0000e-010	0.0000e+000
4.720000e+003	2.32690354e-001	-3.16730965e+000	2.76619580e+002	0.00000000e+000	2.7680e+014	1.0000e-010	0.0000e+000
4.730000e+003	2.32718016e-001	-3.16728198e+000	2.71352885e+002	0.00000000e+000	2.7650e+014	1.0000e-010	0.0000e+000
4.740000e+003	2.32745152e-001	-3.16725485e+000	2.66091715e+002	0.00000000e+000	2.7621e+014	1.0000e-010	0.0000e+000
4.750000e+003	2.32771761e-001	-3.16722824e+000	2.60835957e+002	0.00000000e+000	2.7593e+014	1.0000e-010	0.0000e+000
4.760000e+003	2.32797845e-001	-3.16720216e+000	2.55585499e+002	0.00000000e+000	2.7565e+014	1.0000e-010	0.0000e+000
4.770000e+003	2.32823403e-001	-3.16717660e+000	2.50340230e+002	0.00000000e+000	2.7538e+014	1.0000e-010	0.0000e+000
4.780000e+003	2.32848437e-001	-3.16715156e+000	2.45100038e+002	0.00000000e+000	2.7511e+014	1.0000e-010	0.0000e+000
4.790000e+003	2.32872947e-001	-3.16712705e+000	2.39864811e+002	0.00000000e+000	2.7485e+014	1.0000e-010	0.0000e+000
4.800000e+003	2.32896934e-001	-3.16710307e+000	2.34634440e+002	0.00000000e+000	2.7460e+014	1.0000e-010	0.0000e+000
4.810000e+003	2.32920397e-001	-3.16707960e+000	2.29408813e+002	0.00000000e+000	2.7435e+014	1.0000e-010	0.0000e+000
4.820000e+003	2.32943338e-001	-3.16705666e+000	2.24187822e+002	0.00000000e+000	2.7410e+014	1.0000e-010	0.0000e+000
4.830000e+003	2.32965757e-001	-3.16703424e+000	2.18971356e+002	0.00000000e+000	2.7387e+014	1.0000e-010	0.0000e+000
4.840000e+003	2.32987654e-001	-3.16701235e+000	2.13759307e+002	0.00000000e+000	2.7363e+014	1.0000e-010	0.0000e+000
4.850000e+003	2.33009030e-001	-3.16699097e+000	2.08551566e+002	0.00000000e+000	2.7341e+014	1.0000e-010	0.0000e+000
4.860000e+003	2.33029885e-001	-3.16697012e+000	2.03348024e+002	0.00000000e+000	2.7319e+014	1.0000e-010	0.0000e+000
4.870000e+003	2.33050220e-001	-3.16694978e+000	1.98148574e+002	0.00000000e+000	2.7297e+014	1.0000e-010	0.0000e+000
4.880000e+003	2.33070035e-001	-3.16692997e+000	1.92953107e+002	0.00000000e+000	2.7276e+014	1.0000e-010	0.0000e+000
4.890000e+003	2.33089330e-001	-3.16691067e+000	1.87761517e+002	0.00000000e+000	2.7256e+014	1.0000e-010	0.0000e+000
4.900000e+003	2.33108106e-001	-3.16689189e+000	1.82573696e+002	0.00000000e+000	2.7236e+014	1.0000e-010	0.0000e+000
4.910000e+003	2.33126363e-001	-3.16687364e+000	1.77389538e+002	0.00000000e+000	2.7217e+014	1.0000e-010	0.0000e+000
4.920000e+003	2.33144102e-001	-3.16685590e+000	1.72208935e+002	0.00000000e+000	2.7198e+014	1.0000e-010	0.0000e+000
4.930000e+003	2.33161323e-001	-3.16683868e+000	1.67031782e+002	0.00000000e+000	2.7180e+014	1.0000e-010	0.0000e+000
4.940000e+003	2.33178026e-001	-3.16682197e+000	1.61857973e+002	0.00000000e+000	2.7163e+014	1.0000e-010	0.0000e+000
4.950000e+003	2.33194212e-001	-3.16680579e+000	1.56687403e+002	0.00000000e+000	2.7146e+014	1.0000e-010	0.0000e+000
4.960000e+003	2.33209881e-001	-3.16679012e+000	1.51519965e+002	0.00000000e+000	2.7129e+014	1.0000e-010	0.0000e+000
4.970000e+003	2.33225033e-001	-3.16677497e+000	1.46355556e+002	0.00000000e+000	2.7113e+014	1.0000e-010	0.0000e+000
4.980000e+003	2.33239669e-001	-3.16676033e+000	1.41194069e+002	0.00000000e+000	2.7098e+014	1.0000e-010	0.0000e+000
4.990000e+003	2.33253788e-001	-3.16674621e+000	1.36035400e+002	0.00000000e+000	2.7083e+014	1.0000e-010	0.0000e+000
5.000000e+003	2.33267391e-001	-3.16673261e+000	1.30879445e+002	0.00000000e+000	2.7069e+014	1.0000e-010	0.0000e+000
5.010000e+003	2.33280479e-001	-3.16671952e+000	1.25726100e+002	0.00000000e+000	2.7055e+014	1.0000e-010	0.0000e+000
5.020000e+003	2.33293052e-001	-3.16670695e+000	1.20575260e+002	0.00000000e+000	2.7042e+014	1.0000e-010	0.0000e+000
5.030000e+003	2.33305110e-001	-3.16669489e+000	1.15426822e+002	0.00000000e+000	2.7029e+014	1.0000e-010	0.0000e+000
5.040000e+003	2.33316652e-001	-3.16668335e+000	1.10280683e+002	0.00000000e+000	2.7017e+014	1.0000e-010	0.0000e+000
5.050000e+003	2.33327680e-001	-3.16667232e+000	1.05136738e+002	0.00000000e+000	2.7006e+014	1.0000e-010	0.0000e+000
5.060000e+003	2.33338194e-001	-3.16666181e+000	9.99948848e+001	0.00000000e+000	2.6995e+014	1.0000e-010	0.0000e+000
5.070000e+003	2.33348193e-001	-3.16665181e+000	9.48550200e+001	0.00000000e+000	2.6984e+014	1.0000e-010	0.0000e+000
5.080000e+003	2.33357679e-001	-3.16664232e+000	8.97170408e+001	0.00000000e+000	2.6974e+014	1.0000e-010	0.0000e+000
5.090000e+003	2.33366651e-001	-3.16663335e+000	8.45808443e+001	0.00000000e+000	2.6965e+014	1.0000e-010	0.0000e+000
5.100000e+003	2.33375109e-001	-3.16662489e+000	7.94463281e+001	0.00000000e+000	2.6956e+014	1.0000e-010	0.0000e+000
5.110000e+003	2.33383053e-001	-3.16661695e+000	7.43133894e+001	0.00000000e+000	2.6948e+014	1.0000e-010	0.0000e+000
5.120000e+003	2.33390485e-001	-3.16660952e+000	6.91819261e+001	0.00000000e+000	2.6940e+014	1.0000e-010	0.0000e+000
5.130000e+003	2.33397403e-001	-3.16660260e+000	6.40518358e+001	0.00000000e+000	2.6933e+014	1.0000e-010	0.0000e+000
5.140000e+003	2.33403808e-001	-3.16659619e+000	5.89230164e+001	0.00000000e+000	2.6926e+014	1.0000e-010	0.0000e+000
5.150000e+003	2.33409700e-001	-3.16659030e+000	5.37953658e+001	0.00000000e+000	2.6920e+014	1.0000e-010	0.0000e+000
5.160000e+003	2.33415080e-001	-3.16658492e+000	4.86687821e+001	0.00000000e+000	2.6915e+014	1.0000e-010	0.0000e+000
5.170000e+003	2.33419947e-001	-3.16658005e+000	4.35431635e+001	0.00000000e+000	2.6910e+014	1.0000e-010	0.0000e+000
5.180000e+003	2.33424301e-001	-3.16657570e+000	3.84184081e+001	0.00000000e+000	2.6905e+014	1.0000e-010	0.0000e+000
5.190000e+003	2.33428143e-001	-3.16657186e+000	3.32944143e+001	0.00000000e+000	2.6901e+014	1.0000e-010	0.0000e+000
5.200000e+003	2.33431472e-001	-3.16656853e+000	2.81710803e+001	0.00000000e+000	2.6898e+014	1.0000e-010	0.0000e+000
5.210000e+003	2.33434290e-001	-3.16656571e+000	2.30483046e+001	0.00000000e+000	2.6895e+014	1.0000e-010	0.0000e+000
5.220000e+003	2.33436594e-001	-3.16656341e+000	1.79259856e+001	0.00000000e+000	2.6892e+014	1.0000e-010	0.0000e+000
5.230000e+003	2.33438387e-001	-3.16656161e+000	1.28040218e+001	0.00000000e+000	2.6890e+014	1.0000e-010	0.0000e+000
5.240000e+003	2.33439667e-001	-3.16656033e+000	7.68231159e+000	0.00000000e+000	2.6889e+014	1.0000e-010	0.0000e+000
5.250000e+003	2.33440436e-001	-3.16655956e+000	2.56075362e+000	0.00000000e+000	2.6888e+014	1.0000e-010	0.0000e+000
5.260000e+003	2.33440692e-001	-3.16655931e+000	2.56075362e+000	0.00000000e+000	2.6888e+014	1.0000e-010	0.0000e+000
