Y (ang)	Ec (eV)	Ev (eV)	E (V/cm)	Ef (eV)	n (cm-3)	p (cm-3)	Nd - Na (cm-3)
0.000000e+000	-5.40000000e+000	-8.80000000e+000	2.99689907e+007	-6.00000000e+000	1.8691e+008	1.0000e-010	0.0000e+000
1.000000e+001	-1.73110093e+000	-5.97110093e+000	9.43746039e+006	0.00000000e+000	9.2560e+020	1.0000e-010	-1.6796e+020
2.000000e+001	-7.87354894e-001	-5.02735489e+000	3.84695167e+006	0.00000000e+000	2.8423e+020	1.0000e-010	0.0000e+000
3.000000e+001	-4.02659727e-001	-4.64265973e+000	1.79429834e+006	0.00000000e+000	1.0436e+020	1.0000e-010	0.0000e+000
4.000000e+001	-2.23229893e-001	-4.46322989e+000	9.36821146e+005	0.00000000e+000	4.3596e+019	1.0000e-010	0.0000e+000
5.000000e+001	-1.29547779e-001	-4.36954778e+000	5.48513025e+005	0.00000000e+000	1.9742e+019	1.0000e-010	0.0000e+000
6.000000e+001	-7.46964761e-002	-4.31469648e+000	3.61162907e+005	0.00000000e+000	9.5253e+018	1.0000e-010	0.0000e+000
7.000000e+001	-3.85801854e-002	-4.27858019e+000	2.67283603e+005	0.00000000e+000	4.7730e+018	1.0000e-010	0.0000e+000
8.000000e+001	-1.18518251e-002	-4.25185183e+000	2.19450201e+005	0.00000000e+000	2.4320e+018	1.0000e-010	0.0000e+000
9.000000e+001	1.00931951e-002	-4.22990680e+000	1.94859162e+005	0.00000000e+000	1.2503e+018	1.0000e-010	0.0000e+000
1.000000e+002	2.95791113e-002	-4.21042089e+000	1.82145046e+005	0.00000000e+000	6.4641e+017	1.0000e-010	0.0000e+000
1.100000e+002	4.77936159e-002	-4.19220638e+000	1.75547920e+005	0.00000000e+000	3.3541e+017	1.0000e-010	0.0000e+000
1.200000e+002	6.53484079e-002	-4.17465159e+000	1.72117477e+005	0.00000000e+000	1.7441e+017	1.0000e-010	0.0000e+000
1.300000e+002	8.25601555e-002	-4.15743984e+000	1.70331534e+005	0.00000000e+000	9.0801e+016	1.0000e-010	0.0000e+000
1.400000e+002	9.95933090e-002	-4.14040669e+000	1.69401137e+005	0.00000000e+000	4.7304e+016	1.0000e-010	0.0000e+000
1.500000e+002	1.16533423e-001	-4.12346658e+000	1.68914405e+005	0.00000000e+000	2.4747e+016	1.0000e-010	0.0000e+000
1.600000e+002	1.33424863e-001	-4.10657514e+000	1.68661168e+005	0.00000000e+000	1.2875e+016	1.0000e-010	0.0000e+000
1.700000e+002	1.50290980e-001	-4.08970902e+000	1.68529286e+005	0.00000000e+000	6.7052e+015	1.0000e-010	0.0000e+000
1.800000e+002	1.67143909e-001	-4.07285609e+000	1.68460568e+005	0.00000000e+000	3.4938e+015	1.0000e-010	0.0000e+000
1.900000e+002	1.83989965e-001	-4.05601003e+000	1.68424752e+005	0.00000000e+000	1.8209e+015	1.0000e-010	0.0000e+000
2.000000e+002	2.00832441e-001	-4.03916756e+000	1.68406083e+005	0.00000000e+000	9.4919e+014	1.0000e-010	0.0000e+000
2.100000e+002	2.17673049e-001	-4.02232695e+000	1.68396351e+005	0.00000000e+000	4.9482e+014	1.0000e-010	0.0000e+000
2.200000e+002	2.34512684e-001	-4.00548732e+000	1.68391277e+005	0.00000000e+000	2.5796e+014	1.0000e-010	0.0000e+000
2.300000e+002	2.51351812e-001	-3.98864819e+000	1.68388632e+005	0.00000000e+000	1.3448e+014	1.0000e-010	0.0000e+000
2.400000e+002	2.68190675e-001	-3.97180933e+000	1.68387253e+005	0.00000000e+000	7.0111e+013	1.0000e-010	0.0000e+000
2.500000e+002	2.85029400e-001	-3.95497060e+000	1.68386534e+005	0.00000000e+000	3.6552e+013	1.0000e-010	0.0000e+000
2.600000e+002	-3.70131946e-001	-3.77013195e+000	1.60866607e+006	0.00000000e+000	9.2065e+019	1.0000e-010	1.6796e+020
2.700000e+002	-2.09265339e-001	-3.60926534e+000	8.53174857e+005	0.00000000e+000	3.9663e+019	1.0000e-010	0.0000e+000
2.800000e+002	-1.23947854e-001	-3.52394785e+000	4.99866331e+005	0.00000000e+000	1.8549e+019	1.0000e-010	0.0000e+000
2.900000e+002	-7.39612204e-002	-3.47396122e+000	3.20595615e+005	0.00000000e+000	9.4117e+018	1.0000e-010	0.0000e+000
3.000000e+002	-4.19016589e-002	-3.44190166e+000	2.22764865e+005	0.00000000e+000	5.1361e+018	1.0000e-010	0.0000e+000
3.100000e+002	-1.96251725e-002	-3.41962517e+000	1.65506718e+005	0.00000000e+000	3.0061e+018	1.0000e-010	0.0000e+000
3.200000e+002	-3.07450069e-003	-3.40307450e+000	1.29600028e+005	0.00000000e+000	1.8851e+018	1.0000e-010	0.0000e+000
3.300000e+002	9.88550213e-003	-3.39011450e+000	1.05624945e+005	0.00000000e+000	1.2587e+018	1.0000e-010	0.0000e+000
3.400000e+002	2.04479966e-002	-3.37955200e+000	8.87400723e+004	0.00000000e+000	8.8646e+017	1.0000e-010	0.0000e+000
3.500000e+002	2.93220039e-002	-3.37067800e+000	7.63157540e+004	0.00000000e+000	6.5228e+017	1.0000e-010	0.0000e+000
3.600000e+002	3.69535793e-002	-3.36304642e+000	6.68413115e+004	0.00000000e+000	4.9741e+017	1.0000e-010	0.0000e+000
3.700000e+002	4.36377104e-002	-3.35636229e+000	5.94025235e+004	0.00000000e+000	3.9054e+017	1.0000e-010	0.0000e+000
3.800000e+002	4.95779628e-002	-3.35042204e+000	5.34199563e+004	0.00000000e+000	3.1409e+017	1.0000e-010	0.0000e+000
3.900000e+002	5.49199584e-002	-3.34508004e+000	4.85112840e+004	0.00000000e+000	2.5771e+017	1.0000e-010	0.0000e+000
4.000000e+002	5.97710868e-002	-3.34022891e+000	4.44153022e+004	0.00000000e+000	2.1504e+017	1.0000e-010	0.0000e+000
4.100000e+002	6.42126170e-002	-3.33578738e+000	4.09481006e+004	0.00000000e+000	1.8203e+017	1.0000e-010	0.0000e+000
4.200000e+002	6.83074271e-002	-3.33169257e+000	3.79767616e+004	0.00000000e+000	1.5600e+017	1.0000e-010	0.0000e+000
4.300000e+002	7.21051032e-002	-3.32789490e+000	3.54030046e+004	0.00000000e+000	1.3512e+017	1.0000e-010	0.0000e+000
4.400000e+002	7.56454037e-002	-3.32435460e+000	3.31526913e+004	0.00000000e+000	1.1814e+017	1.0000e-010	0.0000e+000
4.500000e+002	7.89606728e-002	-3.32103933e+000	3.11688979e+004	0.00000000e+000	1.0415e+017	1.0000e-010	0.0000e+000
4.600000e+002	8.20775626e-002	-3.31792244e+000	2.94072275e+004	0.00000000e+000	9.2488e+016	1.0000e-010	0.0000e+000
4.700000e+002	8.50182854e-002	-3.31498171e+000	2.78325650e+004	0.00000000e+000	8.2670e+016	1.0000e-010	0.0000e+000
4.800000e+002	8.78015419e-002	-3.31219846e+000	2.64167853e+004	0.00000000e+000	7.4329e+016	1.0000e-010	0.0000e+000
4.900000e+002	9.04432204e-002	-3.30955678e+000	2.51371056e+004	0.00000000e+000	6.7183e+016	1.0000e-010	0.0000e+000
5.000000e+002	9.29569310e-002	-3.30704307e+000	2.39748803e+004	0.00000000e+000	6.1017e+016	1.0000e-010	0.0000e+000
5.100000e+002	9.53544190e-002	-3.30464558e+000	2.29147065e+004	0.00000000e+000	5.5659e+016	1.0000e-010	0.0000e+000
5.200000e+002	9.76458896e-002	-3.30235411e+000	2.19437512e+004	0.00000000e+000	5.0975e+016	1.0000e-010	0.0000e+000
5.300000e+002	9.98402648e-002	-3.30015974e+000	2.10512389e+004	0.00000000e+000	4.6857e+016	1.0000e-010	0.0000e+000
5.400000e+002	1.01945389e-001	-3.29805461e+000	2.02280564e+004	0.00000000e+000	4.3217e+016	1.0000e-010	0.0000e+000
5.500000e+002	1.03968194e-001	-3.29603181e+000	1.94616823e+004	0.00000000e+000	4.0235e+016	1.0000e-010	0.0000e+000
5.600000e+002	1.05914363e-001	-3.29408564e+000	1.87508835e+004	0.00000000e+000	3.7317e+016	1.0000e-010	0.0000e+000
5.700000e+002	1.07789451e-001	-3.29221055e+000	1.80898149e+004	0.00000000e+000	3.4706e+016	1.0000e-010	0.0000e+000
5.800000e+002	1.09598432e-001	-3.29040157e+000	1.74734230e+004	0.00000000e+000	3.2361e+016	1.0000e-010	0.0000e+000
5.900000e+002	1.11345775e-001	-3.28865423e+000	1.68973163e+004	0.00000000e+000	3.0246e+016	1.0000e-010	0.0000e+000
6.000000e+002	1.13035506e-001	-3.28696449e+000	1.63576608e+004	0.00000000e+000	2.8332e+016	1.0000e-010	0.0000e+000
6.100000e+002	1.14671272e-001	-3.28532873e+000	1.58510937e+004	0.00000000e+000	2.6595e+016	1.0000e-010	0.0000e+000
6.200000e+002	1.16256382e-001	-3.28374362e+000	1.53746536e+004	0.00000000e+000	2.5013e+016	1.0000e-010	0.0000e+000
6.300000e+002	1.17793847e-001	-3.28220615e+000	1.49257222e+004	0.00000000e+000	2.3569e+016	1.0000e-010	0.0000e+000
6.400000e+002	1.19286419e-001	-3.28071358e+000	1.45019759e+004	0.00000000e+000	2.2247e+016	1.0000e-010	0.0000e+000
6.500000e+002	1.20736617e-001	-3.27926338e+000	1.41013457e+004	0.00000000e+000	2.1033e+016	1.0000e-010	0.0000e+000
6.600000e+002	1.22146751e-001	-3.27785325e+000	1.37219832e+004	0.00000000e+000	1.9917e+016	1.0000e-010	0.0000e+000
6.700000e+002	1.23518950e-001	-3.27648105e+000	1.33622319e+004	0.00000000e+000	1.8887e+016	1.0000e-010	0.0000e+000
6.800000e+002	1.24855173e-001	-3.27514483e+000	1.30206027e+004	0.00000000e+000	1.7936e+016	1.0000e-010	0.0000e+000
6.900000e+002	1.26157233e-001	-3.27384277e+000	1.26957539e+004	0.00000000e+000	1.7055e+016	1.0000e-010	0.0000e+000
7.000000e+002	1.27426809e-001	-3.27257319e+000	1.23864729e+004	0.00000000e+000	1.6237e+016	1.0000e-010	0.0000e+000
7.100000e+002	1.28665456e-001	-3.27133454e+000	1.20916610e+004	0.00000000e+000	1.5478e+016	1.0000e-010	0.0000e+000
7.200000e+002	1.29874622e-001	-3.27012538e+000	1.18103208e+004	0.00000000e+000	1.4770e+016	1.0000e-010	0.0000e+000
7.300000e+002	1.31055654e-001	-3.26894435e+000	1.15415442e+004	0.00000000e+000	1.4111e+016	1.0000e-010	0.0000e+000
7.400000e+002	1.32209809e-001	-3.26779019e+000	1.12845032e+004	0.00000000e+000	1.3495e+016	1.0000e-010	0.0000e+000
7.500000e+002	1.33338259e-001	-3.26666174e+000	1.10384408e+004	0.00000000e+000	1.2918e+016	1.0000e-010	0.0000e+000
7.600000e+002	1.34442103e-001	-3.26555790e+000	1.08026638e+004	0.00000000e+000	1.2378e+016	1.0000e-010	0.0000e+000
7.700000e+002	1.35522369e-001	-3.26447763e+000	1.05765360e+004	0.00000000e+000	1.1872e+016	1.0000e-010	0.0000e+000
7.800000e+002	1.36580023e-001	-3.26341998e+000	1.03594729e+004	0.00000000e+000	1.1396e+016	1.0000e-010	0.0000e+000
7.900000e+002	1.37615970e-001	-3.26238403e+000	1.01509360e+004	0.00000000e+000	1.0948e+016	1.0000e-010	0.0000e+000
8.000000e+002	1.38631064e-001	-3.26136894e+000	9.95042881e+003	0.00000000e+000	1.0527e+016	1.0000e-010	0.0000e+000
8.100000e+002	1.39626107e-001	-3.26037389e+000	9.75749246e+003	0.00000000e+000	1.0129e+016	1.0000e-010	0.0000e+000
8.200000e+002	1.40601856e-001	-3.25939814e+000	9.57170253e+003	0.00000000e+000	9.7540e+015	1.0000e-010	0.0000e+000
8.300000e+002	1.41559026e-001	-3.25844097e+000	9.39266568e+003	0.00000000e+000	9.3995e+015	1.0000e-010	0.0000e+000
8.400000e+002	1.42498293e-001	-3.25750171e+000	9.22001694e+003	0.00000000e+000	9.0641e+015	1.0000e-010	0.0000e+000
8.500000e+002	1.43420294e-001	-3.25657971e+000	9.05341714e+003	0.00000000e+000	8.7465e+015	1.0000e-010	0.0000e+000
8.600000e+002	1.44325636e-001	-3.25567436e+000	8.89255072e+003	0.00000000e+000	8.4455e+015	1.0000e-010	0.0000e+000
8.700000e+002	1.45214891e-001	-3.25478511e+000	8.73712368e+003	0.00000000e+000	8.1599e+015	1.0000e-010	0.0000e+000
8.800000e+002	1.46088604e-001	-3.25391140e+000	8.58686179e+003	0.00000000e+000	7.8888e+015	1.0000e-010	0.0000e+000
8.900000e+002	1.46947290e-001	-3.25305271e+000	8.44150895e+003	0.00000000e+000	7.6310e+015	1.0000e-010	0.0000e+000
9.000000e+002	1.47791441e-001	-3.25220856e+000	8.30082569e+003	0.00000000e+000	7.3859e+015	1.0000e-010	0.0000e+000
9.100000e+002	1.48621523e-001	-3.25137848e+000	8.16458788e+003	0.00000000e+000	7.1525e+015	1.0000e-010	0.0000e+000
9.200000e+002	1.49437982e-001	-3.25056202e+000	8.03258551e+003	0.00000000e+000	6.9301e+015	1.0000e-010	0.0000e+000
9.300000e+002	1.50241241e-001	-3.24975876e+000	7.90462158e+003	0.00000000e+000	6.7181e+015	1.0000e-010	0.0000e+000
9.400000e+002	1.51031703e-001	-3.24896830e+000	7.78051111e+003	0.00000000e+000	6.5158e+015	1.0000e-010	0.0000e+000
9.500000e+002	1.51809754e-001	-3.24819025e+000	7.66008027e+003	0.00000000e+000	6.3226e+015	1.0000e-010	0.0000e+000
9.600000e+002	1.52575762e-001	-3.24742424e+000	7.54316552e+003	0.00000000e+000	6.1380e+015	1.0000e-010	0.0000e+000
9.700000e+002	1.53330078e-001	-3.24666992e+000	7.42961284e+003	0.00000000e+000	5.9615e+015	1.0000e-010	0.0000e+000
9.800000e+002	1.54073040e-001	-3.24592696e+000	7.31927711e+003	0.00000000e+000	5.7926e+015	1.0000e-010	0.0000e+000
9.900000e+002	1.54804967e-001	-3.24519503e+000	7.21202143e+003	0.00000000e+000	5.6309e+015	1.0000e-010	0.0000e+000
1.000000e+003	1.55526170e-001	-3.24447383e+000	7.10771654e+003	0.00000000e+000	5.4760e+015	1.0000e-010	0.0000e+000
1.010000e+003	1.56236941e-001	-3.24376306e+000	7.00624034e+003	0.00000000e+000	5.3275e+015	1.0000e-010	0.0000e+000
1.020000e+003	1.56937565e-001	-3.24306243e+000	6.90747735e+003	0.00000000e+000	5.1851e+015	1.0000e-010	0.0000e+000
1.030000e+003	1.57628313e-001	-3.24237169e+000	6.81131830e+003	0.00000000e+000	5.0484e+015	1.0000e-010	0.0000e+000
1.040000e+003	1.58309445e-001	-3.24169056e+000	6.71765970e+003	0.00000000e+000	4.9171e+015	1.0000e-010	0.0000e+000
1.050000e+003	1.58981211e-001	-3.24101879e+000	6.62640347e+003	0.00000000e+000	4.7910e+015	1.0000e-010	0.0000e+000
1.060000e+003	1.59643851e-001	-3.24035615e+000	6.53745662e+003	0.00000000e+000	4.6697e+015	1.0000e-010	0.0000e+000
1.070000e+003	1.60297597e-001	-3.23970240e+000	6.45073085e+003	0.00000000e+000	4.5531e+015	1.0000e-010	0.0000e+000
1.080000e+003	1.60942670e-001	-3.23905733e+000	6.36614233e+003	0.00000000e+000	4.4409e+015	1.0000e-010	0.0000e+000
1.090000e+003	1.61579284e-001	-3.23842072e+000	6.28361139e+003	0.00000000e+000	4.3329e+015	1.0000e-010	0.0000e+000
1.100000e+003	1.62207645e-001	-3.23779235e+000	6.20306228e+003	0.00000000e+000	4.2288e+015	1.0000e-010	0.0000e+000
1.110000e+003	1.62827952e-001	-3.23717205e+000	6.12442291e+003	0.00000000e+000	4.1286e+015	1.0000e-010	0.0000e+000
1.120000e+003	1.63440394e-001	-3.23655961e+000	6.04762463e+003	0.00000000e+000	4.0319e+015	1.0000e-010	0.0000e+000
1.130000e+003	1.64045156e-001	-3.23595484e+000	5.97260206e+003	0.00000000e+000	3.9387e+015	1.0000e-010	0.0000e+000
1.140000e+003	1.64642416e-001	-3.23535758e+000	5.89929288e+003	0.00000000e+000	3.8487e+015	1.0000e-010	0.0000e+000
1.150000e+003	1.65232346e-001	-3.23476765e+000	5.82763763e+003	0.00000000e+000	3.7619e+015	1.0000e-010	0.0000e+000
1.160000e+003	1.65815110e-001	-3.23418489e+000	5.75757959e+003	0.00000000e+000	3.6781e+015	1.0000e-010	0.0000e+000
1.170000e+003	1.66390867e-001	-3.23360913e+000	5.68906458e+003	0.00000000e+000	3.5970e+015	1.0000e-010	0.0000e+000
1.180000e+003	1.66959774e-001	-3.23304023e+000	5.62204087e+003	0.00000000e+000	3.5188e+015	1.0000e-010	0.0000e+000
1.190000e+003	1.67521978e-001	-3.23247802e+000	5.55645899e+003	0.00000000e+000	3.4431e+015	1.0000e-010	0.0000e+000
1.200000e+003	1.68077624e-001	-3.23192238e+000	5.49227165e+003	0.00000000e+000	3.3698e+015	1.0000e-010	0.0000e+000
1.210000e+003	1.68626851e-001	-3.23137315e+000	5.42943358e+003	0.00000000e+000	3.2990e+015	1.0000e-010	0.0000e+000
1.220000e+003	1.69169794e-001	-3.23083021e+000	5.36790148e+003	0.00000000e+000	3.2304e+015	1.0000e-010	0.0000e+000
1.230000e+003	1.69706585e-001	-3.23029342e+000	5.30763385e+003	0.00000000e+000	3.1641e+015	1.0000e-010	0.0000e+000
1.240000e+003	1.70237348e-001	-3.22976265e+000	5.24859096e+003	0.00000000e+000	3.0998e+015	1.0000e-010	0.0000e+000
1.250000e+003	1.70762207e-001	-3.22923779e+000	5.19073470e+003	0.00000000e+000	3.0375e+015	1.0000e-010	0.0000e+000
1.260000e+003	1.71281281e-001	-3.22871872e+000	5.13402852e+003	0.00000000e+000	2.9771e+015	1.0000e-010	0.0000e+000
1.270000e+003	1.71794683e-001	-3.22820532e+000	5.07843739e+003	0.00000000e+000	2.9185e+015	1.0000e-010	0.0000e+000
1.280000e+003	1.72302527e-001	-3.22769747e+000	5.02392765e+003	0.00000000e+000	2.8618e+015	1.0000e-010	0.0000e+000
1.290000e+003	1.72804920e-001	-3.22719508e+000	4.97046699e+003	0.00000000e+000	2.8067e+015	1.0000e-010	0.0000e+000
1.300000e+003	1.73301967e-001	-3.22669803e+000	4.91802438e+003	0.00000000e+000	2.7532e+015	1.0000e-010	0.0000e+000
1.310000e+003	1.73793769e-001	-3.22620623e+000	4.86657000e+003	0.00000000e+000	2.7014e+015	1.0000e-010	0.0000e+000
1.320000e+003	1.74280426e-001	-3.22571957e+000	4.81607517e+003	0.00000000e+000	2.6510e+015	1.0000e-010	0.0000e+000
1.330000e+003	1.74762034e-001	-3.22523797e+000	4.76651232e+003	0.00000000e+000	2.6021e+015	1.0000e-010	0.0000e+000
1.340000e+003	1.75238685e-001	-3.22476132e+000	4.71785493e+003	0.00000000e+000	2.5545e+015	1.0000e-010	0.0000e+000
1.350000e+003	1.75710470e-001	-3.22428953e+000	4.67007745e+003	0.00000000e+000	2.5083e+015	1.0000e-010	0.0000e+000
1.360000e+003	1.76177478e-001	-3.22382252e+000	4.62315532e+003	0.00000000e+000	2.4634e+015	1.0000e-010	0.0000e+000
1.370000e+003	1.76639794e-001	-3.22336021e+000	4.57706483e+003	0.00000000e+000	2.4198e+015	1.0000e-010	0.0000e+000
1.380000e+003	1.77097500e-001	-3.22290250e+000	4.53178320e+003	0.00000000e+000	2.3773e+015	1.0000e-010	0.0000e+000
1.390000e+003	1.77550678e-001	-3.22244932e+000	4.48728842e+003	0.00000000e+000	2.3360e+015	1.0000e-010	0.0000e+000
1.400000e+003	1.77999407e-001	-3.22200059e+000	4.44355930e+003	0.00000000e+000	2.2958e+015	1.0000e-010	0.0000e+000
1.410000e+003	1.78443763e-001	-3.22155624e+000	4.40057540e+003	0.00000000e+000	2.2567e+015	1.0000e-010	0.0000e+000
1.420000e+003	1.78883821e-001	-3.22111618e+000	4.35831698e+003	0.00000000e+000	2.2186e+015	1.0000e-010	0.0000e+000
1.430000e+003	1.79319652e-001	-3.22068035e+000	4.31676501e+003	0.00000000e+000	2.1815e+015	1.0000e-010	0.0000e+000
1.440000e+003	1.79751329e-001	-3.22024867e+000	4.27590112e+003	0.00000000e+000	2.1454e+015	1.0000e-010	0.0000e+000
1.450000e+003	1.80178919e-001	-3.21982108e+000	4.23570755e+003	0.00000000e+000	2.1102e+015	1.0000e-010	0.0000e+000
1.460000e+003	1.80602490e-001	-3.21939751e+000	4.19616717e+003	0.00000000e+000	2.0759e+015	1.0000e-010	0.0000e+000
1.470000e+003	1.81022106e-001	-3.21897789e+000	4.15726341e+003	0.00000000e+000	2.0425e+015	1.0000e-010	0.0000e+000
1.480000e+003	1.81437833e-001	-3.21856217e+000	4.11898026e+003	0.00000000e+000	2.0099e+015	1.0000e-010	0.0000e+000
1.490000e+003	1.81849731e-001	-3.21815027e+000	4.08130223e+003	0.00000000e+000	1.9781e+015	1.0000e-010	0.0000e+000
1.500000e+003	1.82257861e-001	-3.21774214e+000	4.04421437e+003	0.00000000e+000	1.9471e+015	1.0000e-010	0.0000e+000
1.510000e+003	1.82662282e-001	-3.21733772e+000	4.00770218e+003	0.00000000e+000	1.9169e+015	1.0000e-010	0.0000e+000
1.520000e+003	1.83063053e-001	-3.21693695e+000	3.97175166e+003	0.00000000e+000	1.8874e+015	1.0000e-010	0.0000e+000
1.530000e+003	1.83460228e-001	-3.21653977e+000	3.93634924e+003	0.00000000e+000	1.8586e+015	1.0000e-010	0.0000e+000
1.540000e+003	1.83853863e-001	-3.21614614e+000	3.90148179e+003	0.00000000e+000	1.8305e+015	1.0000e-010	0.0000e+000
1.550000e+003	1.84244011e-001	-3.21575599e+000	3.86713660e+003	0.00000000e+000	1.8031e+015	1.0000e-010	0.0000e+000
1.560000e+003	1.84630725e-001	-3.21536928e+000	3.83330134e+003	0.00000000e+000	1.7764e+015	1.0000e-010	0.0000e+000
1.570000e+003	1.85014055e-001	-3.21498595e+000	3.79996409e+003	0.00000000e+000	1.7502e+015	1.0000e-010	0.0000e+000
1.580000e+003	1.85394051e-001	-3.21460595e+000	3.76711328e+003	0.00000000e+000	1.7247e+015	1.0000e-010	0.0000e+000
1.590000e+003	1.85770763e-001	-3.21422924e+000	3.73473769e+003	0.00000000e+000	1.6997e+015	1.0000e-010	0.0000e+000
1.600000e+003	1.86144236e-001	-3.21385576e+000	3.70282646e+003	0.00000000e+000	1.6753e+015	1.0000e-010	0.0000e+000
1.610000e+003	1.86514519e-001	-3.21348548e+000	3.67136904e+003	0.00000000e+000	1.6515e+015	1.0000e-010	0.0000e+000
1.620000e+003	1.86881656e-001	-3.21311834e+000	3.64035521e+003	0.00000000e+000	1.6282e+015	1.0000e-010	0.0000e+000
1.630000e+003	1.87245691e-001	-3.21275431e+000	3.60977503e+003	0.00000000e+000	1.6055e+015	1.0000e-010	0.0000e+000
1.640000e+003	1.87606669e-001	-3.21239333e+000	3.57961889e+003	0.00000000e+000	1.5832e+015	1.0000e-010	0.0000e+000
1.650000e+003	1.87964631e-001	-3.21203537e+000	3.54987743e+003	0.00000000e+000	1.5614e+015	1.0000e-010	0.0000e+000
1.660000e+003	1.88319618e-001	-3.21168038e+000	3.52054158e+003	0.00000000e+000	1.5401e+015	1.0000e-010	0.0000e+000
1.670000e+003	1.88671673e-001	-3.21132833e+000	3.49160251e+003	0.00000000e+000	1.5193e+015	1.0000e-010	0.0000e+000
1.680000e+003	1.89020833e-001	-3.21097917e+000	3.46305167e+003	0.00000000e+000	1.4989e+015	1.0000e-010	0.0000e+000
1.690000e+003	1.89367138e-001	-3.21063286e+000	3.43488074e+003	0.00000000e+000	1.4790e+015	1.0000e-010	0.0000e+000
1.700000e+003	1.89710626e-001	-3.21028937e+000	3.40708164e+003	0.00000000e+000	1.4595e+015	1.0000e-010	0.0000e+000
1.710000e+003	1.90051334e-001	-3.20994867e+000	3.37964650e+003	0.00000000e+000	1.4403e+015	1.0000e-010	0.0000e+000
1.720000e+003	1.90389299e-001	-3.20961070e+000	3.35256768e+003	0.00000000e+000	1.4216e+015	1.0000e-010	0.0000e+000
1.730000e+003	1.90724556e-001	-3.20927544e+000	3.32583777e+003	0.00000000e+000	1.4033e+015	1.0000e-010	0.0000e+000
1.740000e+003	1.91057139e-001	-3.20894286e+000	3.29944953e+003	0.00000000e+000	1.3854e+015	1.0000e-010	0.0000e+000
1.750000e+003	1.91387084e-001	-3.20861292e+000	3.27339594e+003	0.00000000e+000	1.3678e+015	1.0000e-010	0.0000e+000
1.760000e+003	1.91714424e-001	-3.20828558e+000	3.24767017e+003	0.00000000e+000	1.3506e+015	1.0000e-010	0.0000e+000
1.770000e+003	1.92039191e-001	-3.20796081e+000	3.22226555e+003	0.00000000e+000	1.3337e+015	1.0000e-010	0.0000e+000
1.780000e+003	1.92361418e-001	-3.20763858e+000	3.19717562e+003	0.00000000e+000	1.3172e+015	1.0000e-010	0.0000e+000
1.790000e+003	1.92681135e-001	-3.20731886e+000	3.17239407e+003	0.00000000e+000	1.3010e+015	1.0000e-010	0.0000e+000
1.800000e+003	1.92998375e-001	-3.20700163e+000	3.14791476e+003	0.00000000e+000	1.2852e+015	1.0000e-010	0.0000e+000
1.810000e+003	1.93313166e-001	-3.20668683e+000	3.12373173e+003	0.00000000e+000	1.2696e+015	1.0000e-010	0.0000e+000
1.820000e+003	1.93625539e-001	-3.20637446e+000	3.09983914e+003	0.00000000e+000	1.2544e+015	1.0000e-010	0.0000e+000
1.830000e+003	1.93935523e-001	-3.20606448e+000	3.07623133e+003	0.00000000e+000	1.2394e+015	1.0000e-010	0.0000e+000
1.840000e+003	1.94243146e-001	-3.20575685e+000	3.05290278e+003	0.00000000e+000	1.2248e+015	1.0000e-010	0.0000e+000
1.850000e+003	1.94548437e-001	-3.20545156e+000	3.02984810e+003	0.00000000e+000	1.2104e+015	1.0000e-010	0.0000e+000
1.860000e+003	1.94851421e-001	-3.20514858e+000	3.00706203e+003	0.00000000e+000	1.1963e+015	1.0000e-010	0.0000e+000
1.870000e+003	1.95152128e-001	-3.20484787e+000	2.98453948e+003	0.00000000e+000	1.1824e+015	1.0000e-010	0.0000e+000
1.880000e+003	1.95450582e-001	-3.20454942e+000	2.96227545e+003	0.00000000e+000	1.1689e+015	1.0000e-010	0.0000e+000
1.890000e+003	1.95746809e-001	-3.20425319e+000	2.94026508e+003	0.00000000e+000	1.1555e+015	1.0000e-010	0.0000e+000
1.900000e+003	1.96040836e-001	-3.20395916e+000	2.91850362e+003	0.00000000e+000	1.1425e+015	1.0000e-010	0.0000e+000
1.910000e+003	1.96332686e-001	-3.20366731e+000	2.89698646e+003	0.00000000e+000	1.1297e+015	1.0000e-010	0.0000e+000
1.920000e+003	1.96622385e-001	-3.20337762e+000	2.87570907e+003	0.00000000e+000	1.1171e+015	1.0000e-010	0.0000e+000
1.930000e+003	1.96909955e-001	-3.20309004e+000	2.85466705e+003	0.00000000e+000	1.1047e+015	1.0000e-010	0.0000e+000
1.940000e+003	1.97195422e-001	-3.20280458e+000	2.83385611e+003	0.00000000e+000	1.0926e+015	1.0000e-010	0.0000e+000
1.950000e+003	1.97478808e-001	-3.20252119e+000	2.81327204e+003	0.00000000e+000	1.0807e+015	1.0000e-010	0.0000e+000
1.960000e+003	1.97760135e-001	-3.20223987e+000	2.79291077e+003	0.00000000e+000	1.0690e+015	1.0000e-010	0.0000e+000
1.970000e+003	1.98039426e-001	-3.20196057e+000	2.77276828e+003	0.00000000e+000	1.0575e+015	1.0000e-010	0.0000e+000
1.980000e+003	1.98316703e-001	-3.20168330e+000	2.75284068e+003	0.00000000e+000	1.0462e+015	1.0000e-010	0.0000e+000
1.990000e+003	1.98591987e-001	-3.20140801e+000	2.73312415e+003	0.00000000e+000	1.0351e+015	1.0000e-010	0.0000e+000
2.000000e+003	1.98865299e-001	-3.20113470e+000	2.71361497e+003	0.00000000e+000	1.0242e+015	1.0000e-010	0.0000e+000
2.010000e+003	1.99136661e-001	-3.20086334e+000	2.69430950e+003	0.00000000e+000	1.0135e+015	1.0000e-010	0.0000e+000
2.020000e+003	1.99406092e-001	-3.20059391e+000	2.67520419e+003	0.00000000e+000	1.0030e+015	1.0000e-010	0.0000e+000
2.030000e+003	1.99673612e-001	-3.20032639e+000	2.65629556e+003	0.00000000e+000	9.9271e+014	1.0000e-010	0.0000e+000
2.040000e+003	1.99939242e-001	-3.20006076e+000	2.63758023e+003	0.00000000e+000	9.8256e+014	1.0000e-010	0.0000e+000
2.050000e+003	2.00203000e-001	-3.19979700e+000	2.61905487e+003	0.00000000e+000	9.7258e+014	1.0000e-010	0.0000e+000
2.060000e+003	2.00464905e-001	-3.19953509e+000	2.60071624e+003	0.00000000e+000	9.6278e+014	1.0000e-010	0.0000e+000
2.070000e+003	2.00724977e-001	-3.19927502e+000	2.58256117e+003	0.00000000e+000	9.5314e+014	1.0000e-010	0.0000e+000
2.080000e+003	2.00983233e-001	-3.19901677e+000	2.56458657e+003	0.00000000e+000	9.4367e+014	1.0000e-010	0.0000e+000
2.090000e+003	2.01239692e-001	-3.19876031e+000	2.54678940e+003	0.00000000e+000	9.3435e+014	1.0000e-010	0.0000e+000
2.100000e+003	2.01494371e-001	-3.19850563e+000	2.52916669e+003	0.00000000e+000	9.2519e+014	1.0000e-010	0.0000e+000
2.110000e+003	2.01747287e-001	-3.19825271e+000	2.51171556e+003	0.00000000e+000	9.1619e+014	1.0000e-010	0.0000e+000
2.120000e+003	2.01998459e-001	-3.19800154e+000	2.49443315e+003	0.00000000e+000	9.0733e+014	1.0000e-010	0.0000e+000
2.130000e+003	2.02247902e-001	-3.19775210e+000	2.47731669e+003	0.00000000e+000	8.9862e+014	1.0000e-010	0.0000e+000
2.140000e+003	2.02495634e-001	-3.19750437e+000	2.46036348e+003	0.00000000e+000	8.9005e+014	1.0000e-010	0.0000e+000
2.150000e+003	2.02741670e-001	-3.19725833e+000	2.44357084e+003	0.00000000e+000	8.8162e+014	1.0000e-010	0.0000e+000
2.160000e+003	2.02986027e-001	-3.19701397e+000	2.42693619e+003	0.00000000e+000	8.7332e+014	1.0000e-010	0.0000e+000
2.170000e+003	2.03228721e-001	-3.19677128e+000	2.41045696e+003	0.00000000e+000	8.6516e+014	1.0000e-010	0.0000e+000
2.180000e+003	2.03469767e-001	-3.19653023e+000	2.39413068e+003	0.00000000e+000	8.5713e+014	1.0000e-010	0.0000e+000
2.190000e+003	2.03709180e-001	-3.19629082e+000	2.37795489e+003	0.00000000e+000	8.4923e+014	1.0000e-010	0.0000e+000
2.200000e+003	2.03946975e-001	-3.19605302e+000	2.36192722e+003	0.00000000e+000	8.4146e+014	1.0000e-010	0.0000e+000
2.210000e+003	2.04183168e-001	-3.19581683e+000	2.34604531e+003	0.00000000e+000	8.3380e+014	1.0000e-010	0.0000e+000
2.220000e+003	2.04417772e-001	-3.19558223e+000	2.33030687e+003	0.00000000e+000	8.2627e+014	1.0000e-010	0.0000e+000
2.230000e+003	2.04650803e-001	-3.19534920e+000	2.31470966e+003	0.00000000e+000	8.1886e+014	1.0000e-010	0.0000e+000
2.240000e+003	2.04882274e-001	-3.19511773e+000	2.29925149e+003	0.00000000e+000	8.1156e+014	1.0000e-010	0.0000e+000
2.250000e+003	2.05112199e-001	-3.19488780e+000	2.28393018e+003	0.00000000e+000	8.0437e+014	1.0000e-010	0.0000e+000
2.260000e+003	2.05340592e-001	-3.19465941e+000	2.26874364e+003	0.00000000e+000	7.9730e+014	1.0000e-010	0.0000e+000
2.270000e+003	2.05567467e-001	-3.19443253e+000	2.25368979e+003	0.00000000e+000	7.9033e+014	1.0000e-010	0.0000e+000
2.280000e+003	2.05792836e-001	-3.19420716e+000	2.23876661e+003	0.00000000e+000	7.8347e+014	1.0000e-010	0.0000e+000
2.290000e+003	2.06016712e-001	-3.19398329e+000	2.22397210e+003	0.00000000e+000	7.7671e+014	1.0000e-010	0.0000e+000
2.300000e+003	2.06239109e-001	-3.19376089e+000	2.20930432e+003	0.00000000e+000	7.7006e+014	1.0000e-010	0.0000e+000
2.310000e+003	2.06460040e-001	-3.19353996e+000	2.19476135e+003	0.00000000e+000	7.6351e+014	1.0000e-010	0.0000e+000
2.320000e+003	2.06679516e-001	-3.19332048e+000	2.18034133e+003	0.00000000e+000	7.5705e+014	1.0000e-010	0.0000e+000
2.330000e+003	2.06897550e-001	-3.19310245e+000	2.16604242e+003	0.00000000e+000	7.5070e+014	1.0000e-010	0.0000e+000
2.340000e+003	2.07114154e-001	-3.19288585e+000	2.15186281e+003	0.00000000e+000	7.4443e+014	1.0000e-010	0.0000e+000
2.350000e+003	2.07329341e-001	-3.19267066e+000	2.13780073e+003	0.00000000e+000	7.3826e+014	1.0000e-010	0.0000e+000
2.360000e+003	2.07543121e-001	-3.19245688e+000	2.12385447e+003	0.00000000e+000	7.3218e+014	1.0000e-010	0.0000e+000
2.370000e+003	2.07755506e-001	-3.19224449e+000	2.11002230e+003	0.00000000e+000	7.2619e+014	1.0000e-010	0.0000e+000
2.380000e+003	2.07966508e-001	-3.19203349e+000	2.09630258e+003	0.00000000e+000	7.2029e+014	1.0000e-010	0.0000e+000
2.390000e+003	2.08176139e-001	-3.19182386e+000	2.08269366e+003	0.00000000e+000	7.1447e+014	1.0000e-010	0.0000e+000
2.400000e+003	2.08384408e-001	-3.19161559e+000	2.06919393e+003	0.00000000e+000	7.0874e+014	1.0000e-010	0.0000e+000
2.410000e+003	2.08591327e-001	-3.19140867e+000	2.05580182e+003	0.00000000e+000	7.0309e+014	1.0000e-010	0.0000e+000
2.420000e+003	2.08796908e-001	-3.19120309e+000	2.04251579e+003	0.00000000e+000	6.9752e+014	1.0000e-010	0.0000e+000
2.430000e+003	2.09001159e-001	-3.19099884e+000	2.02933431e+003	0.00000000e+000	6.9203e+014	1.0000e-010	0.0000e+000
2.440000e+003	2.09204093e-001	-3.19079591e+000	2.01625591e+003	0.00000000e+000	6.8662e+014	1.0000e-010	0.0000e+000
2.450000e+003	2.09405718e-001	-3.19059428e+000	2.00327910e+003	0.00000000e+000	6.8128e+014	1.0000e-010	0.0000e+000
2.460000e+003	2.09606046e-001	-3.19039395e+000	1.99040247e+003	0.00000000e+000	6.7603e+014	1.0000e-010	0.0000e+000
2.470000e+003	2.09805086e-001	-3.19019491e+000	1.97762459e+003	0.00000000e+000	6.7084e+014	1.0000e-010	0.0000e+000
2.480000e+003	2.10002849e-001	-3.18999715e+000	1.96494409e+003	0.00000000e+000	6.6573e+014	1.0000e-010	0.0000e+000
2.490000e+003	2.10199343e-001	-3.18980066e+000	1.95235961e+003	0.00000000e+000	6.6069e+014	1.0000e-010	0.0000e+000
2.500000e+003	2.10394579e-001	-3.18960542e+000	1.93986981e+003	0.00000000e+000	6.5572e+014	1.0000e-010	0.0000e+000
2.510000e+003	2.10588566e-001	-3.18941143e+000	1.92747337e+003	0.00000000e+000	6.5081e+014	1.0000e-010	0.0000e+000
2.520000e+003	2.10781314e-001	-3.18921869e+000	1.91516902e+003	0.00000000e+000	6.4598e+014	1.0000e-010	0.0000e+000
2.530000e+003	2.10972830e-001	-3.18902717e+000	1.90295549e+003	0.00000000e+000	6.4121e+014	1.0000e-010	0.0000e+000
2.540000e+003	2.11163126e-001	-3.18883687e+000	1.89083152e+003	0.00000000e+000	6.3651e+014	1.0000e-010	0.0000e+000
2.550000e+003	2.11352209e-001	-3.18864779e+000	1.87879591e+003	0.00000000e+000	6.3187e+014	1.0000e-010	0.0000e+000
2.560000e+003	2.11540089e-001	-3.18845991e+000	1.86684746e+003	0.00000000e+000	6.2730e+014	1.0000e-010	0.0000e+000
2.570000e+003	2.11726773e-001	-3.18827323e+000	1.85498497e+003	0.00000000e+000	6.2278e+014	1.0000e-010	0.0000e+000
2.580000e+003	2.11912272e-001	-3.18808773e+000	1.84320730e+003	0.00000000e+000	6.1833e+014	1.0000e-010	0.0000e+000
2.590000e+003	2.12096593e-001	-3.18790341e+000	1.83151330e+003	0.00000000e+000	6.1394e+014	1.0000e-010	0.0000e+000
2.600000e+003	2.12279744e-001	-3.18772026e+000	1.81990186e+003	0.00000000e+000	6.0960e+014	1.0000e-010	0.0000e+000
2.610000e+003	2.12461734e-001	-3.18753827e+000	1.80837187e+003	0.00000000e+000	6.0533e+014	1.0000e-010	0.0000e+000
2.620000e+003	2.12642571e-001	-3.18735743e+000	1.79692225e+003	0.00000000e+000	6.0111e+014	1.0000e-010	0.0000e+000
2.630000e+003	2.12822264e-001	-3.18717774e+000	1.78555194e+003	0.00000000e+000	5.9694e+014	1.0000e-010	0.0000e+000
2.640000e+003	2.13000819e-001	-3.18699918e+000	1.77425990e+003	0.00000000e+000	5.9283e+014	1.0000e-010	0.0000e+000
2.650000e+003	2.13178245e-001	-3.18682176e+000	1.76304508e+003	0.00000000e+000	5.8878e+014	1.0000e-010	0.0000e+000
2.660000e+003	2.13354549e-001	-3.18664545e+000	1.75190649e+003	0.00000000e+000	5.8478e+014	1.0000e-010	0.0000e+000
2.670000e+003	2.13529740e-001	-3.18647026e+000	1.74084313e+003	0.00000000e+000	5.8083e+014	1.0000e-010	0.0000e+000
2.680000e+003	2.13703824e-001	-3.18629618e+000	1.72985401e+003	0.00000000e+000	5.7693e+014	1.0000e-010	0.0000e+000
2.690000e+003	2.13876810e-001	-3.18612319e+000	1.71893819e+003	0.00000000e+000	5.7308e+014	1.0000e-010	0.0000e+000
2.700000e+003	2.14048704e-001	-3.18595130e+000	1.70809470e+003	0.00000000e+000	5.6928e+014	1.0000e-010	0.0000e+000
2.710000e+003	2.14219513e-001	-3.18578049e+000	1.69732262e+003	0.00000000e+000	5.6554e+014	1.0000e-010	0.0000e+000
2.720000e+003	2.14389245e-001	-3.18561075e+000	1.68662103e+003	0.00000000e+000	5.6183e+014	1.0000e-010	0.0000e+000
2.730000e+003	2.14557907e-001	-3.18544209e+000	1.67598904e+003	0.00000000e+000	5.5818e+014	1.0000e-010	0.0000e+000
2.740000e+003	2.14725506e-001	-3.18527449e+000	1.66542575e+003	0.00000000e+000	5.5457e+014	1.0000e-010	0.0000e+000
2.750000e+003	2.14892049e-001	-3.18510795e+000	1.65493029e+003	0.00000000e+000	5.5101e+014	1.0000e-010	0.0000e+000
2.760000e+003	2.15057542e-001	-3.18494246e+000	1.64450181e+003	0.00000000e+000	5.4750e+014	1.0000e-010	0.0000e+000
2.770000e+003	2.15221992e-001	-3.18477801e+000	1.63413945e+003	0.00000000e+000	5.4403e+014	1.0000e-010	0.0000e+000
2.780000e+003	2.15385406e-001	-3.18461459e+000	1.62384239e+003	0.00000000e+000	5.4060e+014	1.0000e-010	0.0000e+000
2.790000e+003	2.15547790e-001	-3.18445221e+000	1.61360980e+003	0.00000000e+000	5.3721e+014	1.0000e-010	0.0000e+000
2.800000e+003	2.15709151e-001	-3.18429085e+000	1.60344088e+003	0.00000000e+000	5.3387e+014	1.0000e-010	0.0000e+000
2.810000e+003	2.15869495e-001	-3.18413050e+000	1.59333484e+003	0.00000000e+000	5.3057e+014	1.0000e-010	0.0000e+000
2.820000e+003	2.16028829e-001	-3.18397117e+000	1.58329090e+003	0.00000000e+000	5.2731e+014	1.0000e-010	0.0000e+000
2.830000e+003	2.16187158e-001	-3.18381284e+000	1.57330828e+003	0.00000000e+000	5.2409e+014	1.0000e-010	0.0000e+000
2.840000e+003	2.16344489e-001	-3.18365551e+000	1.56338623e+003	0.00000000e+000	5.2091e+014	1.0000e-010	0.0000e+000
2.850000e+003	2.16500827e-001	-3.18349917e+000	1.55352400e+003	0.00000000e+000	5.1777e+014	1.0000e-010	0.0000e+000
2.860000e+003	2.16656180e-001	-3.18334382e+000	1.54372086e+003	0.00000000e+000	5.1467e+014	1.0000e-010	0.0000e+000
2.870000e+003	2.16810552e-001	-3.18318945e+000	1.53397608e+003	0.00000000e+000	5.1160e+014	1.0000e-010	0.0000e+000
2.880000e+003	2.16963949e-001	-3.18303605e+000	1.52428895e+003	0.00000000e+000	5.0858e+014	1.0000e-010	0.0000e+000
2.890000e+003	2.17116378e-001	-3.18288362e+000	1.51465878e+003	0.00000000e+000	5.0559e+014	1.0000e-010	0.0000e+000
2.900000e+003	2.17267844e-001	-3.18273216e+000	1.50508486e+003	0.00000000e+000	5.0263e+014	1.0000e-010	0.0000e+000
2.910000e+003	2.17418353e-001	-3.18258165e+000	1.49556651e+003	0.00000000e+000	4.9971e+014	1.0000e-010	0.0000e+000
2.920000e+003	2.17567909e-001	-3.18243209e+000	1.48610308e+003	0.00000000e+000	4.9683e+014	1.0000e-010	0.0000e+000
2.930000e+003	2.17716520e-001	-3.18228348e+000	1.47669388e+003	0.00000000e+000	4.9398e+014	1.0000e-010	0.0000e+000
2.940000e+003	2.17864189e-001	-3.18213581e+000	1.46733828e+003	0.00000000e+000	4.9117e+014	1.0000e-010	0.0000e+000
2.950000e+003	2.18010923e-001	-3.18198908e+000	1.45803564e+003	0.00000000e+000	4.8839e+014	1.0000e-010	0.0000e+000
2.960000e+003	2.18156726e-001	-3.18184327e+000	1.44878531e+003	0.00000000e+000	4.8564e+014	1.0000e-010	0.0000e+000
2.970000e+003	2.18301605e-001	-3.18169840e+000	1.43958667e+003	0.00000000e+000	4.8293e+014	1.0000e-010	0.0000e+000
2.980000e+003	2.18445564e-001	-3.18155444e+000	1.43043912e+003	0.00000000e+000	4.8025e+014	1.0000e-010	0.0000e+000
2.990000e+003	2.18588608e-001	-3.18141139e+000	1.42134204e+003	0.00000000e+000	4.7760e+014	1.0000e-010	0.0000e+000
3.000000e+003	2.18730742e-001	-3.18126926e+000	1.41229484e+003	0.00000000e+000	4.7498e+014	1.0000e-010	0.0000e+000
3.010000e+003	2.18871971e-001	-3.18112803e+000	1.40329693e+003	0.00000000e+000	4.7239e+014	1.0000e-010	0.0000e+000
3.020000e+003	2.19012301e-001	-3.18098770e+000	1.39434773e+003	0.00000000e+000	4.6983e+014	1.0000e-010	0.0000e+000
3.030000e+003	2.19151736e-001	-3.18084826e+000	1.38544667e+003	0.00000000e+000	4.6731e+014	1.0000e-010	0.0000e+000
3.040000e+003	2.19290280e-001	-3.18070972e+000	1.37659319e+003	0.00000000e+000	4.6481e+014	1.0000e-010	0.0000e+000
3.050000e+003	2.19427940e-001	-3.18057206e+000	1.36778672e+003	0.00000000e+000	4.6234e+014	1.0000e-010	0.0000e+000
3.060000e+003	2.19564718e-001	-3.18043528e+000	1.35902672e+003	0.00000000e+000	4.5990e+014	1.0000e-010	0.0000e+000
3.070000e+003	2.19700621e-001	-3.18029938e+000	1.35031265e+003	0.00000000e+000	4.5749e+014	1.0000e-010	0.0000e+000
3.080000e+003	2.19835652e-001	-3.18016435e+000	1.34164398e+003	0.00000000e+000	4.5511e+014	1.0000e-010	0.0000e+000
3.090000e+003	2.19969817e-001	-3.18003018e+000	1.33302018e+003	0.00000000e+000	4.5275e+014	1.0000e-010	0.0000e+000
3.100000e+003	2.20103119e-001	-3.17989688e+000	1.32444074e+003	0.00000000e+000	4.5042e+014	1.0000e-010	0.0000e+000
3.110000e+003	2.20235563e-001	-3.17976444e+000	1.31590513e+003	0.00000000e+000	4.4812e+014	1.0000e-010	0.0000e+000
3.120000e+003	2.20367153e-001	-3.17963285e+000	1.30741287e+003	0.00000000e+000	4.4585e+014	1.0000e-010	0.0000e+000
3.130000e+003	2.20497895e-001	-3.17950211e+000	1.29896344e+003	0.00000000e+000	4.4360e+014	1.0000e-010	0.0000e+000
3.140000e+003	2.20627791e-001	-3.17937221e+000	1.29055636e+003	0.00000000e+000	4.4137e+014	1.0000e-010	0.0000e+000
3.150000e+003	2.20756847e-001	-3.17924315e+000	1.28219115e+003	0.00000000e+000	4.3918e+014	1.0000e-010	0.0000e+000
3.160000e+003	2.20885066e-001	-3.17911493e+000	1.27386732e+003	0.00000000e+000	4.3700e+014	1.0000e-010	0.0000e+000
3.170000e+003	2.21012452e-001	-3.17898755e+000	1.26558440e+003	0.00000000e+000	4.3485e+014	1.0000e-010	0.0000e+000
3.180000e+003	2.21139011e-001	-3.17886099e+000	1.25734194e+003	0.00000000e+000	4.3273e+014	1.0000e-010	0.0000e+000
3.190000e+003	2.21264745e-001	-3.17873525e+000	1.24913947e+003	0.00000000e+000	4.3063e+014	1.0000e-010	0.0000e+000
3.200000e+003	2.21389659e-001	-3.17861034e+000	1.24097653e+003	0.00000000e+000	4.2856e+014	1.0000e-010	0.0000e+000
3.210000e+003	2.21513757e-001	-3.17848624e+000	1.23285269e+003	0.00000000e+000	4.2650e+014	1.0000e-010	0.0000e+000
3.220000e+003	2.21637042e-001	-3.17836296e+000	1.22476750e+003	0.00000000e+000	4.2447e+014	1.0000e-010	0.0000e+000
3.230000e+003	2.21759519e-001	-3.17824048e+000	1.21672052e+003	0.00000000e+000	4.2247e+014	1.0000e-010	0.0000e+000
3.240000e+003	2.21881191e-001	-3.17811881e+000	1.20871132e+003	0.00000000e+000	4.2048e+014	1.0000e-010	0.0000e+000
3.250000e+003	2.22002062e-001	-3.17799794e+000	1.20073948e+003	0.00000000e+000	4.1852e+014	1.0000e-010	0.0000e+000
3.260000e+003	2.22122136e-001	-3.17787786e+000	1.19280459e+003	0.00000000e+000	4.1658e+014	1.0000e-010	0.0000e+000
3.270000e+003	2.22241416e-001	-3.17775858e+000	1.18490622e+003	0.00000000e+000	4.1467e+014	1.0000e-010	0.0000e+000
3.280000e+003	2.22359907e-001	-3.17764009e+000	1.17704397e+003	0.00000000e+000	4.1277e+014	1.0000e-010	0.0000e+000
3.290000e+003	2.22477611e-001	-3.17752239e+000	1.16921743e+003	0.00000000e+000	4.1089e+014	1.0000e-010	0.0000e+000
3.300000e+003	2.22594533e-001	-3.17740547e+000	1.16142622e+003	0.00000000e+000	4.0904e+014	1.0000e-010	0.0000e+000
3.310000e+003	2.22710676e-001	-3.17728932e+000	1.15366992e+003	0.00000000e+000	4.0721e+014	1.0000e-010	0.0000e+000
3.320000e+003	2.22826043e-001	-3.17717396e+000	1.14594817e+003	0.00000000e+000	4.0539e+014	1.0000e-010	0.0000e+000
3.330000e+003	2.22940637e-001	-3.17705936e+000	1.13826056e+003	0.00000000e+000	4.0360e+014	1.0000e-010	0.0000e+000
3.340000e+003	2.23054463e-001	-3.17694554e+000	1.13060673e+003	0.00000000e+000	4.0183e+014	1.0000e-010	0.0000e+000
3.350000e+003	2.23167524e-001	-3.17683248e+000	1.12298630e+003	0.00000000e+000	4.0007e+014	1.0000e-010	0.0000e+000
3.360000e+003	2.23279823e-001	-3.17672018e+000	1.11539890e+003	0.00000000e+000	3.9834e+014	1.0000e-010	0.0000e+000
3.370000e+003	2.23391363e-001	-3.17660864e+000	1.10784417e+003	0.00000000e+000	3.9662e+014	1.0000e-010	0.0000e+000
3.380000e+003	2.23502147e-001	-3.17649785e+000	1.10032174e+003	0.00000000e+000	3.9493e+014	1.0000e-010	0.0000e+000
3.390000e+003	2.23612179e-001	-3.17638782e+000	1.09283126e+003	0.00000000e+000	3.9325e+014	1.0000e-010	0.0000e+000
3.400000e+003	2.23721462e-001	-3.17627854e+000	1.08537238e+003	0.00000000e+000	3.9159e+014	1.0000e-010	0.0000e+000
3.410000e+003	2.23830000e-001	-3.17617000e+000	1.07794475e+003	0.00000000e+000	3.8995e+014	1.0000e-010	0.0000e+000
3.420000e+003	2.23937794e-001	-3.17606221e+000	1.07054802e+003	0.00000000e+000	3.8833e+014	1.0000e-010	0.0000e+000
3.430000e+003	2.24044849e-001	-3.17595515e+000	1.06318187e+003	0.00000000e+000	3.8672e+014	1.0000e-010	0.0000e+000
3.440000e+003	2.24151167e-001	-3.17584883e+000	1.05584594e+003	0.00000000e+000	3.8514e+014	1.0000e-010	0.0000e+000
3.450000e+003	2.24256752e-001	-3.17574325e+000	1.04853991e+003	0.00000000e+000	3.8357e+014	1.0000e-010	0.0000e+000
3.460000e+003	2.24361606e-001	-3.17563839e+000	1.04126346e+003	0.00000000e+000	3.8202e+014	1.0000e-010	0.0000e+000
3.470000e+003	2.24465732e-001	-3.17553427e+000	1.03401625e+003	0.00000000e+000	3.8048e+014	1.0000e-010	0.0000e+000
3.480000e+003	2.24569134e-001	-3.17543087e+000	1.02679798e+003	0.00000000e+000	3.7896e+014	1.0000e-010	0.0000e+000
3.490000e+003	2.24671813e-001	-3.17532819e+000	1.01960832e+003	0.00000000e+000	3.7746e+014	1.0000e-010	0.0000e+000
3.500000e+003	2.24773774e-001	-3.17522623e+000	1.01244695e+003	0.00000000e+000	3.7597e+014	1.0000e-010	0.0000e+000
3.510000e+003	2.24875019e-001	-3.17512498e+000	1.00531358e+003	0.00000000e+000	3.7450e+014	1.0000e-010	0.0000e+000
3.520000e+003	2.24975550e-001	-3.17502445e+000	9.98207897e+002	0.00000000e+000	3.7305e+014	1.0000e-010	0.0000e+000
3.530000e+003	2.25075371e-001	-3.17492463e+000	9.91129596e+002	0.00000000e+000	3.7161e+014	1.0000e-010	0.0000e+000
3.540000e+003	2.25174484e-001	-3.17482552e+000	9.84078380e+002	0.00000000e+000	3.7019e+014	1.0000e-010	0.0000e+000
3.550000e+003	2.25272892e-001	-3.17472711e+000	9.77053954e+002	0.00000000e+000	3.6878e+014	1.0000e-010	0.0000e+000
3.560000e+003	2.25370597e-001	-3.17462940e+000	9.70056026e+002	0.00000000e+000	3.6739e+014	1.0000e-010	0.0000e+000
3.570000e+003	2.25467603e-001	-3.17453240e+000	9.63084307e+002	0.00000000e+000	3.6602e+014	1.0000e-010	0.0000e+000
3.580000e+003	2.25563911e-001	-3.17443609e+000	9.56138513e+002	0.00000000e+000	3.6466e+014	1.0000e-010	0.0000e+000
3.590000e+003	2.25659525e-001	-3.17434047e+000	9.49218360e+002	0.00000000e+000	3.6331e+014	1.0000e-010	0.0000e+000
3.600000e+003	2.25754447e-001	-3.17424555e+000	9.42323570e+002	0.00000000e+000	3.6198e+014	1.0000e-010	0.0000e+000
3.610000e+003	2.25848679e-001	-3.17415132e+000	9.35453866e+002	0.00000000e+000	3.6066e+014	1.0000e-010	0.0000e+000
3.620000e+003	2.25942225e-001	-3.17405778e+000	9.28608975e+002	0.00000000e+000	3.5936e+014	1.0000e-010	0.0000e+000
3.630000e+003	2.26035086e-001	-3.17396491e+000	9.21788627e+002	0.00000000e+000	3.5807e+014	1.0000e-010	0.0000e+000
3.640000e+003	2.26127265e-001	-3.17387274e+000	9.14992554e+002	0.00000000e+000	3.5679e+014	1.0000e-010	0.0000e+000
3.650000e+003	2.26218764e-001	-3.17378124e+000	9.08220493e+002	0.00000000e+000	3.5553e+014	1.0000e-010	0.0000e+000
3.660000e+003	2.26309586e-001	-3.17369041e+000	9.01472181e+002	0.00000000e+000	3.5429e+014	1.0000e-010	0.0000e+000
3.670000e+003	2.26399733e-001	-3.17360027e+000	8.94747360e+002	0.00000000e+000	3.5305e+014	1.0000e-010	0.0000e+000
3.680000e+003	2.26489208e-001	-3.17351079e+000	8.88045773e+002	0.00000000e+000	3.5183e+014	1.0000e-010	0.0000e+000
3.690000e+003	2.26578012e-001	-3.17342199e+000	8.81367168e+002	0.00000000e+000	3.5063e+014	1.0000e-010	0.0000e+000
3.700000e+003	2.26666149e-001	-3.17333385e+000	8.74711293e+002	0.00000000e+000	3.4943e+014	1.0000e-010	0.0000e+000
3.710000e+003	2.26753620e-001	-3.17324638e+000	8.68077901e+002	0.00000000e+000	3.4825e+014	1.0000e-010	0.0000e+000
3.720000e+003	2.26840428e-001	-3.17315957e+000	8.61466745e+002	0.00000000e+000	3.4709e+014	1.0000e-010	0.0000e+000
3.730000e+003	2.26926575e-001	-3.17307343e+000	8.54877583e+002	0.00000000e+000	3.4593e+014	1.0000e-010	0.0000e+000
3.740000e+003	2.27012062e-001	-3.17298794e+000	8.48310175e+002	0.00000000e+000	3.4479e+014	1.0000e-010	0.0000e+000
3.750000e+003	2.27096893e-001	-3.17290311e+000	8.41764281e+002	0.00000000e+000	3.4366e+014	1.0000e-010	0.0000e+000
3.760000e+003	2.27181070e-001	-3.17281893e+000	8.35239667e+002	0.00000000e+000	3.4254e+014	1.0000e-010	0.0000e+000
3.770000e+003	2.27264594e-001	-3.17273541e+000	8.28736098e+002	0.00000000e+000	3.4144e+014	1.0000e-010	0.0000e+000
3.780000e+003	2.27347467e-001	-3.17265253e+000	8.22253345e+002	0.00000000e+000	3.4035e+014	1.0000e-010	0.0000e+000
3.790000e+003	2.27429693e-001	-3.17257031e+000	8.15791178e+002	0.00000000e+000	3.3926e+014	1.0000e-010	0.0000e+000
3.800000e+003	2.27511272e-001	-3.17248873e+000	8.09349371e+002	0.00000000e+000	3.3820e+014	1.0000e-010	0.0000e+000
3.810000e+003	2.27592207e-001	-3.17240779e+000	8.02927700e+002	0.00000000e+000	3.3714e+014	1.0000e-010	0.0000e+000
3.820000e+003	2.27672500e-001	-3.17232750e+000	7.96525943e+002	0.00000000e+000	3.3609e+014	1.0000e-010	0.0000e+000
3.830000e+003	2.27752152e-001	-3.17224785e+000	7.90143880e+002	0.00000000e+000	3.3506e+014	1.0000e-010	0.0000e+000
3.840000e+003	2.27831167e-001	-3.17216883e+000	7.83781294e+002	0.00000000e+000	3.3404e+014	1.0000e-010	0.0000e+000
3.850000e+003	2.27909545e-001	-3.17209046e+000	7.77437968e+002	0.00000000e+000	3.3303e+014	1.0000e-010	0.0000e+000
3.860000e+003	2.27987289e-001	-3.17201271e+000	7.71113690e+002	0.00000000e+000	3.3203e+014	1.0000e-010	0.0000e+000
3.870000e+003	2.28064400e-001	-3.17193560e+000	7.64808248e+002	0.00000000e+000	3.3104e+014	1.0000e-010	0.0000e+000
3.880000e+003	2.28140881e-001	-3.17185912e+000	7.58521432e+002	0.00000000e+000	3.3006e+014	1.0000e-010	0.0000e+000
3.890000e+003	2.28216733e-001	-3.17178327e+000	7.52253036e+002	0.00000000e+000	3.2909e+014	1.0000e-010	0.0000e+000
3.900000e+003	2.28291958e-001	-3.17170804e+000	7.46002852e+002	0.00000000e+000	3.2814e+014	1.0000e-010	0.0000e+000
3.910000e+003	2.28366558e-001	-3.17163344e+000	7.39770679e+002	0.00000000e+000	3.2719e+014	1.0000e-010	0.0000e+000
3.920000e+003	2.28440536e-001	-3.17155946e+000	7.33556314e+002	0.00000000e+000	3.2626e+014	1.0000e-010	0.0000e+000
3.930000e+003	2.28513891e-001	-3.17148611e+000	7.27359558e+002	0.00000000e+000	3.2533e+014	1.0000e-010	0.0000e+000
3.940000e+003	2.28586627e-001	-3.17141337e+000	7.21180212e+002	0.00000000e+000	3.2442e+014	1.0000e-010	0.0000e+000
3.950000e+003	2.28658745e-001	-3.17134125e+000	7.15018080e+002	0.00000000e+000	3.2351e+014	1.0000e-010	0.0000e+000
3.960000e+003	2.28730247e-001	-3.17126975e+000	7.08872968e+002	0.00000000e+000	3.2262e+014	1.0000e-010	0.0000e+000
3.970000e+003	2.28801134e-001	-3.17119887e+000	7.02744683e+002	0.00000000e+000	3.2174e+014	1.0000e-010	0.0000e+000
3.980000e+003	2.28871409e-001	-3.17112859e+000	6.96633034e+002	0.00000000e+000	3.2086e+014	1.0000e-010	0.0000e+000
3.990000e+003	2.28941072e-001	-3.17105893e+000	6.90537832e+002	0.00000000e+000	3.2000e+014	1.0000e-010	0.0000e+000
4.000000e+003	2.29010126e-001	-3.17098987e+000	6.84458889e+002	0.00000000e+000	3.1915e+014	1.0000e-010	0.0000e+000
4.010000e+003	2.29078572e-001	-3.17092143e+000	6.78396020e+002	0.00000000e+000	3.1830e+014	1.0000e-010	0.0000e+000
4.020000e+003	2.29146411e-001	-3.17085359e+000	6.72349040e+002	0.00000000e+000	3.1747e+014	1.0000e-010	0.0000e+000
4.030000e+003	2.29213646e-001	-3.17078635e+000	6.66317766e+002	0.00000000e+000	3.1664e+014	1.0000e-010	0.0000e+000
4.040000e+003	2.29280278e-001	-3.17071972e+000	6.60302017e+002	0.00000000e+000	3.1583e+014	1.0000e-010	0.0000e+000
4.050000e+003	2.29346308e-001	-3.17065369e+000	6.54301614e+002	0.00000000e+000	3.1502e+014	1.0000e-010	0.0000e+000
4.060000e+003	2.29411738e-001	-3.17058826e+000	6.48316378e+002	0.00000000e+000	3.1423e+014	1.0000e-010	0.0000e+000
4.070000e+003	2.29476570e-001	-3.17052343e+000	6.42346134e+002	0.00000000e+000	3.1344e+014	1.0000e-010	0.0000e+000
4.080000e+003	2.29540805e-001	-3.17045920e+000	6.36390705e+002	0.00000000e+000	3.1266e+014	1.0000e-010	0.0000e+000
4.090000e+003	2.29604444e-001	-3.17039556e+000	6.30449918e+002	0.00000000e+000	3.1189e+014	1.0000e-010	0.0000e+000
4.100000e+003	2.29667489e-001	-3.17033251e+000	6.24523602e+002	0.00000000e+000	3.1113e+014	1.0000e-010	0.0000e+000
4.110000e+003	2.29729941e-001	-3.17027006e+000	6.18611585e+002	0.00000000e+000	3.1038e+014	1.0000e-010	0.0000e+000
4.120000e+003	2.29791802e-001	-3.17020820e+000	6.12713698e+002	0.00000000e+000	3.0964e+014	1.0000e-010	0.0000e+000
4.130000e+003	2.29853074e-001	-3.17014693e+000	6.06829772e+002	0.00000000e+000	3.0891e+014	1.0000e-010	0.0000e+000
4.140000e+003	2.29913756e-001	-3.17008624e+000	6.00959642e+002	0.00000000e+000	3.0818e+014	1.0000e-010	0.0000e+000
4.150000e+003	2.29973852e-001	-3.17002615e+000	5.95103142e+002	0.00000000e+000	3.0747e+014	1.0000e-010	0.0000e+000
4.160000e+003	2.30033363e-001	-3.16996664e+000	5.89260108e+002	0.00000000e+000	3.0676e+014	1.0000e-010	0.0000e+000
4.170000e+003	2.30092289e-001	-3.16990771e+000	5.83430378e+002	0.00000000e+000	3.0606e+014	1.0000e-010	0.0000e+000
4.180000e+003	2.30150632e-001	-3.16984937e+000	5.77613788e+002	0.00000000e+000	3.0537e+014	1.0000e-010	0.0000e+000
4.190000e+003	2.30208393e-001	-3.16979161e+000	5.71810181e+002	0.00000000e+000	3.0469e+014	1.0000e-010	0.0000e+000
4.200000e+003	2.30265574e-001	-3.16973443e+000	5.66019396e+002	0.00000000e+000	3.0402e+014	1.0000e-010	0.0000e+000
4.210000e+003	2.30322176e-001	-3.16967782e+000	5.60241276e+002	0.00000000e+000	3.0335e+014	1.0000e-010	0.0000e+000
4.220000e+003	2.30378200e-001	-3.16962180e+000	5.54475664e+002	0.00000000e+000	3.0270e+014	1.0000e-010	0.0000e+000
4.230000e+003	2.30433648e-001	-3.16956635e+000	5.48722405e+002	0.00000000e+000	3.0205e+014	1.0000e-010	0.0000e+000
4.240000e+003	2.30488520e-001	-3.16951148e+000	5.42981345e+002	0.00000000e+000	3.0141e+014	1.0000e-010	0.0000e+000
4.250000e+003	2.30542818e-001	-3.16945718e+000	5.37252330e+002	0.00000000e+000	3.0077e+014	1.0000e-010	0.0000e+000
4.260000e+003	2.30596543e-001	-3.16940346e+000	5.31535209e+002	0.00000000e+000	3.0015e+014	1.0000e-010	0.0000e+000
4.270000e+003	2.30649697e-001	-3.16935030e+000	5.25829830e+002	0.00000000e+000	2.9953e+014	1.0000e-010	0.0000e+000
4.280000e+003	2.30702280e-001	-3.16929772e+000	5.20136045e+002	0.00000000e+000	2.9892e+014	1.0000e-010	0.0000e+000
4.290000e+003	2.30754294e-001	-3.16924571e+000	5.14453704e+002	0.00000000e+000	2.9832e+014	1.0000e-010	0.0000e+000
4.300000e+003	2.30805739e-001	-3.16919426e+000	5.08782659e+002	0.00000000e+000	2.9773e+014	1.0000e-010	0.0000e+000
4.310000e+003	2.30856617e-001	-3.16914338e+000	5.03122765e+002	0.00000000e+000	2.9715e+014	1.0000e-010	0.0000e+000
4.320000e+003	2.30906929e-001	-3.16909307e+000	4.97473874e+002	0.00000000e+000	2.9657e+014	1.0000e-010	0.0000e+000
4.330000e+003	2.30956677e-001	-3.16904332e+000	4.91835844e+002	0.00000000e+000	2.9600e+014	1.0000e-010	0.0000e+000
4.340000e+003	2.31005860e-001	-3.16899414e+000	4.86208530e+002	0.00000000e+000	2.9543e+014	1.0000e-010	0.0000e+000
4.350000e+003	2.31054481e-001	-3.16894552e+000	4.80591789e+002	0.00000000e+000	2.9488e+014	1.0000e-010	0.0000e+000
4.360000e+003	2.31102540e-001	-3.16889746e+000	4.74985480e+002	0.00000000e+000	2.9433e+014	1.0000e-010	0.0000e+000
4.370000e+003	2.31150039e-001	-3.16884996e+000	4.69389462e+002	0.00000000e+000	2.9379e+014	1.0000e-010	0.0000e+000
4.380000e+003	2.31196978e-001	-3.16880302e+000	4.63803596e+002	0.00000000e+000	2.9326e+014	1.0000e-010	0.0000e+000
4.390000e+003	2.31243358e-001	-3.16875664e+000	4.58227742e+002	0.00000000e+000	2.9273e+014	1.0000e-010	0.0000e+000
4.400000e+003	2.31289181e-001	-3.16871082e+000	4.52661763e+002	0.00000000e+000	2.9221e+014	1.0000e-010	0.0000e+000
4.410000e+003	2.31334447e-001	-3.16866555e+000	4.47105521e+002	0.00000000e+000	2.9170e+014	1.0000e-010	0.0000e+000
4.420000e+003	2.31379158e-001	-3.16862084e+000	4.41558880e+002	0.00000000e+000	2.9120e+014	1.0000e-010	0.0000e+000
4.430000e+003	2.31423314e-001	-3.16857669e+000	4.36021705e+002	0.00000000e+000	2.9070e+014	1.0000e-010	0.0000e+000
4.440000e+003	2.31466916e-001	-3.16853308e+000	4.30493861e+002	0.00000000e+000	2.9021e+014	1.0000e-010	0.0000e+000
4.450000e+003	2.31509965e-001	-3.16849003e+000	4.24975214e+002	0.00000000e+000	2.8973e+014	1.0000e-010	0.0000e+000
4.460000e+003	2.31552463e-001	-3.16844754e+000	4.19465632e+002	0.00000000e+000	2.8925e+014	1.0000e-010	0.0000e+000
4.470000e+003	2.31594409e-001	-3.16840559e+000	4.13964983e+002	0.00000000e+000	2.8878e+014	1.0000e-010	0.0000e+000
4.480000e+003	2.31635806e-001	-3.16836419e+000	4.08473134e+002	0.00000000e+000	2.8832e+014	1.0000e-010	0.0000e+000
4.490000e+003	2.31676653e-001	-3.16832335e+000	4.02989956e+002	0.00000000e+000	2.8787e+014	1.0000e-010	0.0000e+000
4.500000e+003	2.31716952e-001	-3.16828305e+000	3.97515319e+002	0.00000000e+000	2.8742e+014	1.0000e-010	0.0000e+000
4.510000e+003	2.31756704e-001	-3.16824330e+000	3.92049093e+002	0.00000000e+000	2.8698e+014	1.0000e-010	0.0000e+000
4.520000e+003	2.31795909e-001	-3.16820409e+000	3.86591151e+002	0.00000000e+000	2.8654e+014	1.0000e-010	0.0000e+000
4.530000e+003	2.31834568e-001	-3.16816543e+000	3.81141365e+002	0.00000000e+000	2.8611e+014	1.0000e-010	0.0000e+000
4.540000e+003	2.31872682e-001	-3.16812732e+000	3.75699607e+002	0.00000000e+000	2.8569e+014	1.0000e-010	0.0000e+000
4.550000e+003	2.31910252e-001	-3.16808975e+000	3.70265752e+002	0.00000000e+000	2.8528e+014	1.0000e-010	0.0000e+000
4.560000e+003	2.31947278e-001	-3.16805272e+000	3.64839674e+002	0.00000000e+000	2.8487e+014	1.0000e-010	0.0000e+000
4.570000e+003	2.31983762e-001	-3.16801624e+000	3.59421248e+002	0.00000000e+000	2.8447e+014	1.0000e-010	0.0000e+000
4.580000e+003	2.32019705e-001	-3.16798030e+000	3.54010350e+002	0.00000000e+000	2.8407e+014	1.0000e-010	0.0000e+000
4.590000e+003	2.32055106e-001	-3.16794489e+000	3.48606857e+002	0.00000000e+000	2.8368e+014	1.0000e-010	0.0000e+000
4.600000e+003	2.32089966e-001	-3.16791003e+000	3.43210645e+002	0.00000000e+000	2.8330e+014	1.0000e-010	0.0000e+000
4.610000e+003	2.32124287e-001	-3.16787571e+000	3.37821592e+002	0.00000000e+000	2.8293e+014	1.0000e-010	0.0000e+000
4.620000e+003	2.32158069e-001	-3.16784193e+000	3.32439577e+002	0.00000000e+000	2.8256e+014	1.0000e-010	0.0000e+000
4.630000e+003	2.32191313e-001	-3.16780869e+000	3.27064479e+002	0.00000000e+000	2.8219e+014	1.0000e-010	0.0000e+000
4.640000e+003	2.32224020e-001	-3.16777598e+000	3.21696176e+002	0.00000000e+000	2.8184e+014	1.0000e-010	0.0000e+000
4.650000e+003	2.32256189e-001	-3.16774381e+000	3.16334550e+002	0.00000000e+000	2.8149e+014	1.0000e-010	0.0000e+000
4.660000e+003	2.32287823e-001	-3.16771218e+000	3.10979480e+002	0.00000000e+000	2.8114e+014	1.0000e-010	0.0000e+000
4.670000e+003	2.32318921e-001	-3.16768108e+000	3.05630848e+002	0.00000000e+000	2.8080e+014	1.0000e-010	0.0000e+000
4.680000e+003	2.32349484e-001	-3.16765052e+000	3.00288535e+002	0.00000000e+000	2.8047e+014	1.0000e-010	0.0000e+000
4.690000e+003	2.32379513e-001	-3.16762049e+000	2.94952425e+002	0.00000000e+000	2.8015e+014	1.0000e-010	0.0000e+000
4.700000e+003	2.32409008e-001	-3.16759099e+000	2.89622399e+002	0.00000000e+000	2.7983e+014	1.0000e-010	0.0000e+000
4.710000e+003	2.32437970e-001	-3.16756203e+000	2.84298341e+002	0.00000000e+000	2.7951e+014	1.0000e-010	0.0000e+000
4.720000e+003	2.32466400e-001	-3.16753360e+000	2.78980135e+002	0.00000000e+000	2.7921e+014	1.0000e-010	0.0000e+000
4.730000e+003	2.32494298e-001	-3.16750570e+000	2.73667665e+002	0.00000000e+000	2.7891e+014	1.0000e-010	0.0000e+000
4.740000e+003	2.32521665e-001	-3.16747834e+000	2.68360815e+002	0.00000000e+000	2.7861e+014	1.0000e-010	0.0000e+000
4.750000e+003	2.32548501e-001	-3.16745150e+000	2.63059472e+002	0.00000000e+000	2.7832e+014	1.0000e-010	0.0000e+000
4.760000e+003	2.32574807e-001	-3.16742519e+000	2.57763520e+002	0.00000000e+000	2.7804e+014	1.0000e-010	0.0000e+000
4.770000e+003	2.32600583e-001	-3.16739942e+000	2.52472846e+002	0.00000000e+000	2.7776e+014	1.0000e-010	0.0000e+000
4.780000e+003	2.32625831e-001	-3.16737417e+000	2.47187336e+002	0.00000000e+000	2.7749e+014	1.0000e-010	0.0000e+000
4.790000e+003	2.32650549e-001	-3.16734945e+000	2.41906878e+002	0.00000000e+000	2.7722e+014	1.0000e-010	0.0000e+000
4.800000e+003	2.32674740e-001	-3.16732526e+000	2.36631359e+002	0.00000000e+000	2.7697e+014	1.0000e-010	0.0000e+000
4.810000e+003	2.32698403e-001	-3.16730160e+000	2.31360666e+002	0.00000000e+000	2.7671e+014	1.0000e-010	0.0000e+000
4.820000e+003	2.32721539e-001	-3.16727846e+000	2.26094689e+002	0.00000000e+000	2.7646e+014	1.0000e-010	0.0000e+000
4.830000e+003	2.32744149e-001	-3.16725585e+000	2.20833314e+002	0.00000000e+000	2.7622e+014	1.0000e-010	0.0000e+000
4.840000e+003	2.32766232e-001	-3.16723377e+000	2.15576432e+002	0.00000000e+000	2.7599e+014	1.0000e-010	0.0000e+000
4.850000e+003	2.32787790e-001	-3.16721221e+000	2.10323932e+002	0.00000000e+000	2.7576e+014	1.0000e-010	0.0000e+000
4.860000e+003	2.32808822e-001	-3.16719118e+000	2.05075704e+002	0.00000000e+000	2.7553e+014	1.0000e-010	0.0000e+000
4.870000e+003	2.32829330e-001	-3.16717067e+000	1.99831637e+002	0.00000000e+000	2.7531e+014	1.0000e-010	0.0000e+000
4.880000e+003	2.32849313e-001	-3.16715069e+000	1.94591622e+002	0.00000000e+000	2.7510e+014	1.0000e-010	0.0000e+000
4.890000e+003	2.32868772e-001	-3.16713123e+000	1.89355550e+002	0.00000000e+000	2.7489e+014	1.0000e-010	0.0000e+000
4.900000e+003	2.32887707e-001	-3.16711229e+000	1.84123311e+002	0.00000000e+000	2.7469e+014	1.0000e-010	0.0000e+000
4.910000e+003	2.32906120e-001	-3.16709388e+000	1.78894798e+002	0.00000000e+000	2.7450e+014	1.0000e-010	0.0000e+000
4.920000e+003	2.32924009e-001	-3.16707599e+000	1.73669902e+002	0.00000000e+000	2.7431e+014	1.0000e-010	0.0000e+000
4.930000e+003	2.32941376e-001	-3.16705862e+000	1.68448514e+002	0.00000000e+000	2.7412e+014	1.0000e-010	0.0000e+000
4.940000e+003	2.32958221e-001	-3.16704178e+000	1.63230528e+002	0.00000000e+000	2.7395e+014	1.0000e-010	0.0000e+000
4.950000e+003	2.32974544e-001	-3.16702546e+000	1.58015835e+002	0.00000000e+000	2.7377e+014	1.0000e-010	0.0000e+000
4.960000e+003	2.32990346e-001	-3.16700965e+000	1.52804329e+002	0.00000000e+000	2.7360e+014	1.0000e-010	0.0000e+000
4.970000e+003	2.33005626e-001	-3.16699437e+000	1.47595902e+002	0.00000000e+000	2.7344e+014	1.0000e-010	0.0000e+000
4.980000e+003	2.33020386e-001	-3.16697961e+000	1.42390448e+002	0.00000000e+000	2.7329e+014	1.0000e-010	0.0000e+000
4.990000e+003	2.33034625e-001	-3.16696538e+000	1.37187860e+002	0.00000000e+000	2.7314e+014	1.0000e-010	0.0000e+000
5.000000e+003	2.33048344e-001	-3.16695166e+000	1.31988033e+002	0.00000000e+000	2.7299e+014	1.0000e-010	0.0000e+000
5.010000e+003	2.33061542e-001	-3.16693846e+000	1.26790859e+002	0.00000000e+000	2.7285e+014	1.0000e-010	0.0000e+000
5.020000e+003	2.33074222e-001	-3.16692578e+000	1.21596234e+002	0.00000000e+000	2.7272e+014	1.0000e-010	0.0000e+000
5.030000e+003	2.33086381e-001	-3.16691362e+000	1.16404051e+002	0.00000000e+000	2.7259e+014	1.0000e-010	0.0000e+000
5.040000e+003	2.33098022e-001	-3.16690198e+000	1.11214206e+002	0.00000000e+000	2.7247e+014	1.0000e-010	0.0000e+000
5.050000e+003	2.33109143e-001	-3.16689086e+000	1.06026593e+002	0.00000000e+000	2.7235e+014	1.0000e-010	0.0000e+000
5.060000e+003	2.33119746e-001	-3.16688025e+000	1.00841107e+002	0.00000000e+000	2.7224e+014	1.0000e-010	0.0000e+000
5.070000e+003	2.33129830e-001	-3.16687017e+000	9.56576440e+001	0.00000000e+000	2.7213e+014	1.0000e-010	0.0000e+000
5.080000e+003	2.33139395e-001	-3.16686060e+000	9.04760982e+001	0.00000000e+000	2.7203e+014	1.0000e-010	0.0000e+000
5.090000e+003	2.33148443e-001	-3.16685156e+000	8.52963654e+001	0.00000000e+000	2.7194e+014	1.0000e-010	0.0000e+000
5.100000e+003	2.33156973e-001	-3.16684303e+000	8.01183414e+001	0.00000000e+000	2.7185e+014	1.0000e-010	0.0000e+000
5.110000e+003	2.33164985e-001	-3.16683502e+000	7.49419219e+001	0.00000000e+000	2.7176e+014	1.0000e-010	0.0000e+000
5.120000e+003	2.33172479e-001	-3.16682752e+000	6.97670027e+001	0.00000000e+000	2.7168e+014	1.0000e-010	0.0000e+000
5.130000e+003	2.33179455e-001	-3.16682054e+000	6.45934799e+001	0.00000000e+000	2.7161e+014	1.0000e-010	0.0000e+000
5.140000e+003	2.33185915e-001	-3.16681409e+000	5.94212496e+001	0.00000000e+000	2.7154e+014	1.0000e-010	0.0000e+000
5.150000e+003	2.33191857e-001	-3.16680814e+000	5.42502080e+001	0.00000000e+000	2.7148e+014	1.0000e-010	0.0000e+000
5.160000e+003	2.33197282e-001	-3.16680272e+000	4.90802514e+001	0.00000000e+000	2.7142e+014	1.0000e-010	0.0000e+000
5.170000e+003	2.33202190e-001	-3.16679781e+000	4.39112763e+001	0.00000000e+000	2.7137e+014	1.0000e-010	0.0000e+000
5.180000e+003	2.33206581e-001	-3.16679342e+000	3.87431791e+001	0.00000000e+000	2.7133e+014	1.0000e-010	0.0000e+000
5.190000e+003	2.33210455e-001	-3.16678954e+000	3.35758563e+001	0.00000000e+000	2.7129e+014	1.0000e-010	0.0000e+000
5.200000e+003	2.33213813e-001	-3.16678619e+000	2.84092046e+001	0.00000000e+000	2.7125e+014	1.0000e-010	0.0000e+000
5.210000e+003	2.33216654e-001	-3.16678335e+000	2.32431206e+001	0.00000000e+000	2.7122e+014	1.0000e-010	0.0000e+000
5.220000e+003	2.33218978e-001	-3.16678102e+000	1.80775011e+001	0.00000000e+000	2.7120e+014	1.0000e-010	0.0000e+000
5.230000e+003	2.33220786e-001	-3.16677921e+000	1.29122428e+001	0.00000000e+000	2.7118e+014	1.0000e-010	0.0000e+000
5.240000e+003	2.33222077e-001	-3.16677792e+000	7.74724251e+000	0.00000000e+000	2.7116e+014	1.0000e-010	0.0000e+000
5.250000e+003	2.33222852e-001	-3.16677715e+000	2.58239697e+000	0.00000000e+000	2.7116e+014	1.0000e-010	0.0000e+000
5.260000e+003	2.33223110e-001	-3.16677689e+000	2.58239697e+000	0.00000000e+000	2.7115e+014	1.0000e-010	0.0000e+000
