Y (ang)	el Psi 1	el Psi 2	el Psi 3	el Psi 4	el Psi 5	el Psi 6	el Psi 7	el Psi 8	el Psi 9	el Psi 10	el Psi 11	el Psi 12
2.000000e+001	3.5316e-022	-2.5722e-021	4.7694e-021	-6.5888e-021	8.1991e-021	-9.6778e-021	1.1064e-020	-1.2380e-020	1.3639e-020	-1.4858e-020	1.6176e-020	-1.8380e-020
3.000000e+001	3.3987e-021	-2.2825e-020	4.1051e-020	-5.5772e-020	6.8621e-020	-8.0306e-020	9.1179e-020	-1.0144e-019	1.1121e-019	-1.2063e-019	1.3082e-019	-1.4811e-019
4.000000e+001	3.4899e-020	-2.1705e-019	3.7929e-019	-5.0725e-019	6.1748e-019	-7.1683e-019	8.0862e-019	-8.9477e-019	9.7644e-019	-1.0548e-018	1.1398e-018	-1.2860e-018
5.000000e+001	3.4981e-019	-2.0111e-018	3.4121e-018	-4.4902e-018	5.4064e-018	-6.2244e-018	6.9750e-018	-7.6754e-018	8.3362e-018	-8.9679e-018	9.6545e-018	-1.0854e-017
6.000000e+001	3.4176e-018	-1.8123e-017	2.9828e-017	-3.8605e-017	4.5960e-017	-5.2464e-017	5.8389e-017	-6.3886e-017	6.9046e-017	-7.3960e-017	7.9317e-017	-8.8848e-017
7.000000e+001	3.2522e-017	-1.5871e-016	2.5316e-016	-3.2208e-016	3.7900e-016	-4.2884e-016	4.7391e-016	-5.1547e-016	5.5429e-016	-5.9110e-016	6.3140e-016	-7.0462e-016
8.000000e+001	3.0121e-016	-1.3494e-015	2.0841e-015	-2.6050e-015	3.0287e-015	-3.3960e-015	3.7255e-015	-4.0276e-015	4.3082e-015	-4.5733e-015	4.8651e-015	-5.4082e-015
9.000000e+001	2.7132e-015	-1.1130e-014	1.6626e-014	-2.0405e-014	2.3430e-014	-2.6025e-014	2.8336e-014	-3.0441e-014	3.2386e-014	-3.4215e-014	3.6244e-014	-4.0127e-014
1.000000e+002	2.3749e-014	-8.8959e-014	1.2839e-013	-1.5462e-013	1.7527e-013	-1.9280e-013	2.0828e-013	-2.2229e-013	2.3517e-013	-2.4723e-013	2.6074e-013	-2.8747e-013
1.100000e+002	2.0184e-013	-6.8833e-013	9.5865e-013	-1.1321e-012	1.2663e-012	-1.3789e-012	1.4776e-012	-1.5663e-012	1.6474e-012	-1.7231e-012	1.8090e-012	-1.9858e-012
1.200000e+002	1.6639e-012	-5.1502e-012	6.9128e-012	-7.9994e-012	8.8246e-012	-9.5092e-012	1.0104e-011	-1.0635e-011	1.1119e-011	-1.1568e-011	1.2086e-011	-1.3208e-011
1.300000e+002	1.3293e-011	-3.7217e-011	4.8078e-011	-5.4473e-011	5.9233e-011	-6.3137e-011	6.6500e-011	-6.9485e-011	7.2185e-011	-7.4686e-011	7.7649e-011	-8.4456e-011
1.400000e+002	1.0280e-010	-2.5941e-010	3.2205e-010	-3.5696e-010	3.8238e-010	-4.0297e-010	4.2058e-010	-4.3610e-010	4.5008e-010	-4.6299e-010	4.7888e-010	-5.1830e-010
1.500000e+002	7.6877e-010	-1.7417e-009	2.0745e-009	-2.2474e-009	2.3701e-009	-2.4683e-009	2.5516e-009	-2.6247e-009	2.6903e-009	-2.7508e-009	2.8298e-009	-3.0471e-009
1.600000e+002	5.5524e-009	-1.1246e-008	1.2829e-008	-1.3570e-008	1.4079e-008	-1.4482e-008	1.4822e-008	-1.5120e-008	1.5386e-008	-1.5633e-008	1.5991e-008	-1.7127e-008
1.700000e+002	3.8680e-008	-6.9723e-008	7.6032e-008	-7.8439e-008	8.0000e-008	-8.1225e-008	8.2266e-008	-8.3183e-008	8.4009e-008	-8.4793e-008	8.6221e-008	-9.1822e-008
1.800000e+002	2.5954e-007	-4.1429e-007	4.3095e-007	-4.3310e-007	4.3385e-007	-4.3451e-007	4.3525e-007	-4.3606e-007	4.3689e-007	-4.3789e-007	4.4248e-007	-4.6842e-007
1.900000e+002	1.6748e-006	-2.3547e-006	2.3310e-006	-2.2789e-006	2.2401e-006	-2.2115e-006	2.1896e-006	-2.1723e-006	2.1583e-006	-2.1473e-006	2.1554e-006	-2.2674e-006
2.000000e+002	1.0377e-005	-1.2773e-005	1.2003e-005	-1.1399e-005	1.0983e-005	-1.0678e-005	1.0443e-005	-1.0254e-005	1.0098e-005	-9.9677e-006	9.9353e-006	-1.0382e-005
2.100000e+002	6.1618e-005	-6.5974e-005	5.8678e-005	-5.4035e-005	5.0971e-005	-4.8764e-005	4.7071e-005	-4.5714e-005	4.4590e-005	-4.3650e-005	4.3183e-005	-4.4802e-005
2.200000e+002	3.4997e-004	-3.2355e-004	2.7150e-004	-2.4197e-004	2.2316e-004	-2.0985e-004	1.9976e-004	-1.9174e-004	1.8513e-004	-1.7961e-004	1.7627e-004	-1.8149e-004
2.300000e+002	1.8970e-003	-1.5022e-003	1.1848e-003	-1.0198e-003	9.1808e-004	-8.4752e-004	7.9477e-004	-7.5328e-004	7.1943e-004	-6.9132e-004	6.7261e-004	-6.8681e-004
2.400000e+002	9.7904e-003	-6.5791e-003	4.8572e-003	-4.0271e-003	3.5327e-003	-3.1969e-003	2.9498e-003	-2.7579e-003	2.6031e-003	-2.4754e-003	2.3859e-003	-2.4146e-003
2.500000e+002	4.7975e-002	-2.7076e-002	1.8619e-002	-1.4827e-002	1.2646e-002	-1.1200e-002	1.0154e-002	-9.3530e-003	8.7147e-003	-8.1933e-003	7.8163e-003	-7.8328e-003
2.600000e+002	2.2247e-001	-1.0419e-001	6.6356e-002	-5.0569e-002	4.1827e-002	-3.6176e-002	3.2170e-002	-2.9152e-002	2.6779e-002	-2.4861e-002	2.3449e-002	-2.3244e-002
2.700000e+002	1.8136e-001	-2.1722e-003	-1.7675e-002	2.1307e-002	-2.1994e-002	2.1864e-002	-2.1464e-002	2.0975e-002	-2.0468e-002	1.9976e-002	-1.9662e-002	2.0260e-002
2.800000e+002	1.0702e-001	1.0188e-001	-8.0498e-002	6.4584e-002	-5.4197e-002	4.6914e-002	-4.1492e-002	3.7274e-002	-3.3881e-002	3.1093e-002	-2.8969e-002	2.8335e-002
2.900000e+002	5.4449e-002	1.5022e-001	-7.7852e-002	4.6140e-002	-2.9437e-002	1.9311e-002	-1.2597e-002	7.8664e-003	-4.3864e-003	1.7428e-003	3.3028e-004	-2.1873e-003
3.000000e+002	2.5373e-002	1.5071e-001	-2.9661e-002	-5.8667e-003	1.9543e-002	-2.5557e-002	2.8276e-002	-2.9392e-002	2.9662e-002	-2.9478e-002	2.9265e-002	-3.0229e-002
3.100000e+002	1.1161e-002	1.2643e-001	3.1309e-002	-5.4511e-002	5.5457e-002	-5.1517e-002	4.6623e-002	-4.1850e-002	3.7491e-002	-3.3608e-002	3.0392e-002	-2.8656e-002
3.200000e+002	4.7134e-003	9.5255e-002	8.2229e-002	-7.7895e-002	6.0385e-002	-4.5019e-002	3.2949e-002	-2.3594e-002	1.6296e-002	-1.0543e-002	5.9773e-003	-2.1550e-003
3.300000e+002	1.9303e-003	6.6686e-002	1.1348e-001	-7.1561e-002	3.6517e-002	-1.3843e-002	-6.5843e-004	1.0047e-002	-1.6180e-002	2.0190e-002	-2.2971e-002	2.6044e-002
3.400000e+002	7.7146e-004	4.4211e-002	1.2487e-001	-4.2508e-002	-2.4265e-003	2.4034e-002	-3.3910e-002	3.7781e-002	-3.8491e-002	3.7532e-002	-3.5966e-002	3.5388e-002
3.500000e+002	3.0222e-004	2.8087e-002	1.2092e-001	-2.1827e-003	-4.0495e-002	5.1533e-002	-5.0592e-002	4.5274e-002	-3.8634e-002	3.1942e-002	-2.5864e-002	2.0962e-002
3.600000e+002	1.1640e-004	1.7236e-002	1.0744e-001	3.8626e-002	-6.5747e-002	5.9047e-002	-4.4781e-002	3.0506e-002	-1.8227e-002	8.2416e-003	-2.9066e-004	-6.6203e-003
3.700000e+002	4.4186e-005	1.0275e-002	8.9582e-002	7.2359e-002	-7.2686e-002	4.5906e-002	-2.0763e-002	1.8970e-003	1.1183e-002	-1.9818e-002	2.5446e-002	-3.0299e-002
3.800000e+002	1.6559e-005	5.9748e-003	7.1057e-002	9.5252e-002	-6.1805e-002	1.8237e-002	1.1005e-002	-2.7509e-002	3.5442e-002	-3.8055e-002	3.7776e-002	-3.7122e-002
3.900000e+002	6.1353e-006	3.4002e-003	5.4115e-002	1.0670e-001	-3.7608e-002	-1.4662e-002	3.8993e-002	-4.6169e-002	4.4431e-002	-3.8562e-002	3.1328e-002	-2.4397e-002
4.000000e+002	2.2501e-006	1.8985e-003	3.9828e-002	1.0820e-001	-6.3154e-003	-4.3749e-002	5.4630e-002	-4.8030e-002	3.5466e-002	-2.2136e-002	1.0145e-002	5.2232e-004
4.100000e+002	8.1756e-007	1.0422e-003	2.8466e-002	1.0224e-001	2.6015e-002	-6.2529e-002	5.4295e-002	-3.3586e-002	1.3036e-002	3.4708e-003	-1.5561e-002	2.5193e-002
4.200000e+002	2.9455e-007	5.6338e-004	1.9832e-002	9.1517e-002	5.4653e-002	-6.7978e-002	3.9300e-002	-8.4917e-003	-1.4053e-002	2.7716e-002	-3.4677e-002	3.8450e-002
4.300000e+002	1.0529e-007	3.0034e-004	1.3508e-002	7.8424e-002	7.6664e-002	-6.0337e-002	1.4507e-002	1.9120e-002	-3.6410e-002	4.1659e-002	-3.9820e-002	3.5081e-002
4.400000e+002	3.7369e-008	1.5809e-004	9.0162e-003	6.4805e-002	9.0850e-002	-4.2236e-002	-1.3625e-002	4.1431e-002	-4.7209e-002	4.0916e-002	-2.9684e-002	1.7216e-002
4.500000e+002	1.3173e-008	8.2239e-005	5.9092e-003	5.1912e-002	9.7391e-002	-1.7570e-002	-3.8866e-002	5.2997e-002	-4.3866e-002	2.6483e-002	-8.6888e-003	-7.4540e-003
4.600000e+002	4.6148e-009	4.2320e-005	3.8091e-003	4.0473e-002	9.7374e-002	9.5325e-003	-5.6511e-002	5.1710e-002	-2.8121e-002	3.6338e-003	1.5339e-002	-2.9303e-002
4.700000e+002	1.6071e-009	2.1559e-005	2.4183e-003	3.0808e-002	9.2340e-002	3.5464e-002	-6.4008e-002	3.8699e-002	-4.8693e-003	-2.0313e-002	3.4255e-002	-4.0525e-002
4.800000e+002	5.5659e-010	1.0880e-005	1.5139e-003	2.2955e-002	8.3929e-002	5.7570e-002	-6.0965e-002	1.7494e-002	1.9609e-002	-3.8429e-002	4.2271e-002	-3.7655e-002
4.900000e+002	1.9176e-010	5.4420e-006	9.3553e-004	1.6775e-002	7.3636e-002	7.4281e-002	-4.8747e-002	-7.1681e-003	3.9424e-002	-4.6059e-002	3.7433e-002	-2.2226e-002
5.000000e+002	6.5737e-011	2.6996e-006	5.7118e-004	1.2045e-002	6.2684e-002	8.5031e-002	-2.9849e-002	-3.0510e-002	5.0394e-002	-4.1741e-002	2.1717e-002	3.1804e-004
5.100000e+002	2.2430e-011	1.3287e-006	3.4481e-004	8.5104e-003	5.1974e-002	9.0046e-002	-7.2435e-003	-4.8625e-002	5.0703e-002	-2.7130e-002	-3.2551e-005	2.2764e-002
5.200000e+002	7.6191e-012	6.4913e-007	2.0597e-004	5.9239e-003	4.2099e-002	9.0091e-002	1.6173e-002	-5.9004e-002	4.0907e-002	-6.1607e-003	-2.1773e-002	3.8494e-002
5.300000e+002	2.5771e-012	3.1491e-007	1.2182e-004	4.0668e-003	3.3395e-002	8.6216e-002	3.7968e-002	-6.0685e-002	2.3436e-002	1.6180e-002	-3.7987e-002	4.3316e-002
5.400000e+002	8.6811e-013	1.5175e-007	7.1371e-005	2.7562e-003	2.5993e-002	7.9557e-002	5.6381e-002	-5.4102e-002	1.8307e-003	3.5100e-002	-4.4982e-002	3.6350e-002
5.500000e+002	2.9129e-013	7.2666e-008	4.1447e-005	1.8456e-003	1.9884e-002	7.1185e-002	7.0379e-002	-4.0733e-002	-2.0078e-002	4.6976e-002	-4.1547e-002	1.9884e-002
5.600000e+002	9.7379e-014	3.4584e-008	2.3867e-005	1.2220e-003	1.4971e-002	6.2018e-002	7.9594e-002	-2.2677e-002	-3.8868e-002	4.9911e-002	-2.8908e-002	-1.5744e-003
5.700000e+002	3.2437e-014	1.6365e-008	1.3635e-005	8.0051e-004	1.1107e-002	5.2776e-002	8.4193e-002	-2.2381e-003	-5.2011e-002	4.3843e-002	-1.0152e-002	-2.2653e-002
5.800000e+002	1.0767e-014	7.7006e-009	7.7299e-006	5.1916e-004	8.1286e-003	4.3978e-002	8.4718e-002	1.8415e-002	-5.8095e-002	3.0290e-002	1.0654e-002	-3.8488e-002
5.900000e+002	3.5624e-015	3.6043e-009	4.3506e-006	3.3350e-004	5.8732e-003	3.5957e-002	8.1931e-002	3.7480e-002	-5.6835e-002	1.1845e-002	2.9407e-002	-4.5773e-002
6.000000e+002	1.1749e-015	1.6784e-009	2.4317e-006	2.1231e-004	4.1931e-003	2.8895e-002	7.6675e-002	5.3650e-002	-4.8899e-002	-8.4064e-003	4.2757e-002	-4.3299e-002
6.100000e+002	3.8626e-016	7.7775e-010	1.3501e-006	1.3400e-004	2.9601e-003	2.2853e-002	6.9774e-002	6.6142e-002	-3.5644e-002	-2.7449e-002	4.8624e-002	-3.1969e-002
6.200000e+002	1.2661e-016	3.5869e-010	7.4487e-007	8.3890e-005	2.0675e-003	1.7810e-002	6.1962e-002	7.4654e-002	-1.8811e-002	-4.2774e-002	4.6388e-002	-1.4370e-002
6.300000e+002	4.1384e-017	1.6467e-010	4.0844e-007	5.2108e-005	1.4296e-003	1.3692e-002	5.3846e-002	7.9283e-002	-2.4370e-004	-5.2655e-002	3.6801e-002	5.9299e-003
6.400000e+002	1.3489e-017	7.5265e-011	2.2265e-007	3.2126e-005	9.7918e-004	1.0392e-002	4.5893e-002	8.0416e-002	1.8344e-002	-5.6251e-002	2.1673e-002	2.5162e-002
6.500000e+002	4.3845e-018	3.4255e-011	1.2068e-007	1.9665e-005	6.6459e-004	7.7941e-003	3.8430e-002	7.8621e-002	3.5527e-002	-5.3565e-002	3.4479e-003	4.0058e-002
6.600000e+002	1.4215e-018	1.5526e-011	6.5060e-008	1.1955e-005	4.4719e-004	5.7799e-003	3.1665e-002	7.4549e-002	5.0252e-002	-4.5296e-002	-1.5244e-002	4.8347e-002
6.700000e+002	4.5967e-019	7.0094e-012	3.4889e-008	7.2198e-006	2.9843e-004	4.2408e-003	2.5705e-002	6.8860e-002	6.1867e-002	-3.2637e-002	-3.1982e-002	4.9015e-002
6.800000e+002	1.4828e-019	3.1522e-012	1.8615e-008	4.3327e-006	1.9759e-004	3.0804e-003	2.0581e-002	6.2165e-002	7.0089e-002	-1.7044e-002	-4.4848e-002	4.2303e-002
6.900000e+002	4.7717e-020	1.4123e-012	9.8830e-009	2.5842e-006	1.2983e-004	2.2161e-003	1.6267e-002	5.4990e-002	7.4952e-002	-3.6385e-005	-5.2593e-002	2.9513e-002
7.000000e+002	1.5320e-020	6.3046e-013	5.2222e-009	1.5323e-006	8.4698e-005	1.5799e-003	1.2703e-002	4.7759e-002	7.6726e-002	1.6974e-002	-5.4685e-002	1.2681e-002
7.100000e+002	4.9072e-021	2.8045e-013	2.7468e-009	9.0339e-007	5.4870e-005	1.1166e-003	9.8079e-003	4.0793e-002	7.5839e-002	3.2800e-002	-5.1258e-002	-5.8046e-003
7.200000e+002	1.5684e-021	1.2433e-013	1.4383e-009	5.2969e-007	3.5308e-005	7.8267e-004	7.4919e-003	3.4314e-002	7.2809e-002	4.6550e-002	-4.2985e-002	-2.3571e-002
7.300000e+002	5.0019e-022	5.4933e-014	7.4989e-010	3.0893e-007	2.2574e-005	5.4425e-004	5.6651e-003	2.8458e-002	6.8174e-002	5.7642e-002	-3.0917e-002	-3.8561e-002
7.400000e+002	1.5918e-022	2.4193e-014	3.8933e-010	1.7925e-007	1.4343e-005	3.7559e-004	4.2427e-003	2.3294e-002	6.2452e-002	6.5796e-002	-1.6309e-002	-4.9245e-002
7.500000e+002	5.0556e-023	1.0621e-014	2.0131e-010	1.0349e-007	9.0589e-006	2.5731e-004	3.1484e-003	1.8834e-002	5.6109e-002	7.0988e-002	-4.5699e-004	-5.4723e-002
7.600000e+002	1.6024e-023	4.6485e-015	1.0368e-010	5.9463e-008	5.6882e-006	1.7504e-004	2.3161e-003	1.5053e-002	4.9533e-002	7.3397e-002	1.5427e-002	-5.4735e-002
7.700000e+002	5.0690e-024	2.0284e-015	5.3192e-011	3.4005e-008	3.5517e-006	1.1827e-004	1.6897e-003	1.1902e-002	4.3035e-002	7.3349e-002	3.0313e-002	-4.9593e-002
7.800000e+002	1.6004e-024	8.8255e-016	2.7187e-011	1.9358e-008	2.2056e-006	7.9398e-005	1.2228e-003	9.3139e-003	3.6845e-002	7.1256e-002	4.3408e-002	-4.0058e-002
7.900000e+002	5.0436e-025	3.8289e-016	1.3845e-011	1.0972e-008	1.3625e-006	5.2966e-005	8.7824e-004	7.2181e-003	3.1120e-002	6.7564e-002	5.4174e-002	-2.7194e-002
8.000000e+002	1.5865e-025	1.6565e-016	7.0254e-012	6.1915e-009	8.3741e-007	3.5119e-005	6.2613e-004	5.5425e-003	2.5954e-002	6.2719e-002	6.2326e-002	-1.2214e-002
8.100000e+002	4.9818e-026	7.1474e-017	3.5526e-012	3.4794e-009	5.1212e-007	2.3149e-005	4.4325e-004	4.2184e-003	2.1392e-002	5.7133e-002	6.7796e-002	3.6502e-003
8.200000e+002	1.5615e-026	3.0757e-017	1.7904e-012	1.9474e-009	3.1169e-007	1.5173e-005	3.1165e-004	3.1838e-003	1.7437e-002	5.1167e-002	7.0699e-002	1.9269e-002
8.300000e+002	4.8863e-027	1.3201e-017	8.9930e-013	1.0856e-009	1.8881e-007	9.8901e-006	2.1769e-004	2.3836e-003	1.4065e-002	4.5118e-002	7.1282e-002	3.3687e-002
8.400000e+002	1.5264e-027	5.6516e-018	4.5026e-013	6.0283e-010	1.1386e-007	6.4123e-006	1.5110e-004	1.7709e-003	1.1234e-002	3.9220e-002	6.9878e-002	4.6174e-002
8.500000e+002	4.7605e-028	2.4135e-018	2.2472e-013	3.3350e-010	6.8358e-008	4.1360e-006	1.0424e-004	1.3059e-003	8.8879e-003	3.3644e-002	6.6868e-002	5.6237e-002
8.600000e+002	1.4823e-028	1.0282e-018	1.1181e-013	1.8382e-010	4.0863e-008	2.6543e-006	7.1483e-005	9.5615e-004	6.9690e-003	2.8505e-002	6.2640e-002	6.3618e-002
8.700000e+002	4.6080e-029	4.3698e-019	5.5467e-014	1.0096e-010	2.4325e-008	1.6952e-006	4.8741e-005	6.9528e-004	5.4176e-003	2.3870e-002	5.7563e-002	6.8261e-002
8.800000e+002	1.4303e-029	1.8529e-019	2.7435e-014	5.5251e-011	1.4421e-008	1.0775e-006	3.3050e-005	5.0223e-004	4.1768e-003	1.9766e-002	5.1973e-002	7.0283e-002
8.900000e+002	4.4328e-030	7.8384e-020	1.3530e-014	3.0135e-011	8.5154e-009	6.8168e-007	2.2289e-005	3.6044e-004	3.1943e-003	1.6193e-002	4.6155e-002	6.9924e-002
9.000000e+002	1.3718e-030	3.3086e-020	6.6540e-015	1.6381e-011	5.0086e-009	4.2933e-007	1.4952e-005	2.5704e-004	2.4237e-003	1.3125e-002	4.0339e-002	6.7507e-002
9.100000e+002	4.2389e-031	1.3935e-020	3.2633e-015	8.8751e-012	2.9348e-009	2.6920e-007	9.9781e-006	1.8215e-004	1.8244e-003	1.0526e-002	3.4701e-002	6.3398e-002
9.200000e+002	1.3079e-031	5.8562e-021	1.5961e-015	4.7930e-012	1.7131e-009	1.6804e-007	6.6236e-006	1.2824e-004	1.3619e-003	8.3463e-003	2.9367e-002	5.7974e-002
9.300000e+002	4.0301e-032	2.4559e-021	7.7857e-016	2.5802e-012	9.9617e-010	1.0442e-007	4.3722e-006	8.9654e-005	1.0073e-003	6.5357e-003	2.4414e-002	5.1592e-002
9.400000e+002	1.2400e-032	1.0278e-021	3.7876e-016	1.3844e-012	5.7689e-010	6.4551e-008	2.8673e-006	6.2147e-005	7.3673e-004	5.0411e-003	1.9879e-002	4.4573e-002
9.500000e+002	3.8102e-033	4.2921e-022	1.8371e-016	7.3983e-013	3.3236e-010	3.9634e-008	1.8635e-006	4.2576e-005	5.3061e-004	3.8109e-003	1.5766e-002	3.7188e-002
9.600000e+002	1.1691e-033	1.7877e-022	8.8734e-017	3.9294e-013	1.8984e-010	2.4056e-008	1.1932e-006	2.8614e-005	3.7305e-004	2.7960e-003	1.2052e-002	2.9645e-002
9.700000e+002	3.5801e-034	7.4054e-023	4.2439e-017	2.0569e-013	1.0634e-010	1.4243e-008	7.4092e-007	1.8537e-005	2.5114e-004	1.9502e-003	8.6904e-003	2.2097e-002
9.800000e+002	1.0870e-034	2.9992e-023	1.9595e-017	1.0282e-013	5.6319e-011	7.8987e-009	4.2706e-007	1.1048e-005	1.5419e-004	1.2299e-003	5.6174e-003	1.4630e-002
9.900000e+002	3.0390e-035	1.0610e-023	7.6534e-018	4.2526e-014	2.4249e-011	3.5086e-009	1.9461e-007	5.1451e-006	7.3177e-005	5.9356e-004	2.7525e-003	7.2735e-003
1.000000e+003	0.0000e+000	0.0000e+000	0.0000e+000	0.0000e+000	0.0000e+000	0.0000e+000	0.0000e+000	0.0000e+000	0.0000e+000	0.0000e+000	0.0000e+000	0.0000e+000
