Y (ang)	Ec (eV)	Ev (eV)	E (V/cm)	Ef (eV)	n (cm-3)	p (cm-3)	Nd - Na (cm-3)
0.000000e+000	-4.40000000e+000	-7.80000000e+000	2.67529890e+007	-5.00000000e+000	1.8691e+008	1.0000e-010	0.0000e+000
1.000000e+001	-1.72470110e+000	-5.12470110e+000	9.22027659e+006	0.00000000e+000	9.2047e+020	1.0000e-010	0.0000e+000
2.000000e+001	-7.80273436e-001	-4.20827344e+000	3.78294172e+006	0.00000000e+000	2.8042e+020	1.0000e-010	-5.2547e+018
3.000000e+001	-3.79579264e-001	-3.83557926e+000	1.86173076e+006	0.00000000e+000	9.5582e+019	1.0000e-010	-5.2784e+018
4.000000e+001	-1.71006188e-001	-3.65500619e+000	1.19711108e+006	0.00000000e+000	2.9583e+019	1.0000e-010	-5.3022e+018
5.000000e+001	-2.88950809e-002	-3.54089508e+000	1.02372246e+006	0.00000000e+000	3.8049e+018	1.0000e-010	-5.3259e+018
6.000000e+001	9.58771651e-002	-3.44412283e+000	9.21325436e+005	0.00000000e+000	5.4555e+016	1.0000e-010	-5.3496e+018
7.000000e+001	2.10409709e-001	-3.35759029e+000	8.19290006e+005	0.00000000e+000	6.5533e+014	1.0000e-010	-5.3733e+018
8.000000e+001	3.14738709e-001	-3.28126129e+000	7.16595406e+005	0.00000000e+000	1.1583e+013	1.0000e-010	-5.3970e+018
9.000000e+001	4.08798250e-001	-3.21520175e+000	6.13227387e+005	0.00000000e+000	3.0457e+011	1.0000e-010	-5.4207e+018
1.000000e+002	4.92520989e-001	-3.15947901e+000	5.09183590e+005	0.00000000e+000	1.1945e+010	1.0000e-010	-5.4445e+018
1.100000e+002	5.65839348e-001	-3.11416065e+000	4.04461854e+005	0.00000000e+000	7.0066e+008	1.0000e-010	-5.4682e+018
1.200000e+002	6.28685533e-001	-3.07931447e+000	2.99060012e+005	0.00000000e+000	6.1622e+007	1.0000e-010	-5.4919e+018
1.300000e+002	6.80991534e-001	-3.05500847e+000	1.92975889e+005	0.00000000e+000	8.1476e+006	1.0000e-010	-5.5156e+018
1.400000e+002	7.22689123e-001	-3.04131088e+000	8.62073008e+004	0.00000000e+000	1.6238e+006	1.0000e-010	-5.5393e+018
1.500000e+002	7.53709853e-001	-3.03829015e+000	-2.12479467e+004	0.00000000e+000	4.8912e+005	1.0000e-010	-5.5630e+018
1.600000e+002	7.73985059e-001	-3.04601494e+000	-1.29392057e+005	0.00000000e+000	2.2326e+005	1.0000e-010	-5.5868e+018
1.700000e+002	7.83445853e-001	-3.06455415e+000	-2.38227242e+005	0.00000000e+000	1.5484e+005	1.0000e-010	-5.6105e+018
1.800000e+002	7.82023129e-001	-3.09397687e+000	-3.47755724e+005	0.00000000e+000	1.6360e+005	1.0000e-010	-5.6342e+018
1.900000e+002	7.69647557e-001	-3.13435244e+000	-4.57979734e+005	0.00000000e+000	2.6404e+005	1.0000e-010	-5.6579e+018
2.000000e+002	7.46249583e-001	-3.18575042e+000	-5.68901515e+005	0.00000000e+000	6.5275e+005	1.0000e-010	-5.6816e+018
2.100000e+002	7.11759432e-001	-3.24824057e+000	-6.80523317e+005	0.00000000e+000	2.4783e+006	1.0000e-010	-5.7054e+018
2.200000e+002	6.66107100e-001	-3.32189290e+000	-7.92847400e+005	0.00000000e+000	1.4490e+007	1.0000e-010	-5.7291e+018
2.300000e+002	6.09222360e-001	-3.40677764e+000	-9.05876034e+005	0.00000000e+000	1.3083e+008	1.0000e-010	-5.7528e+018
2.400000e+002	5.41034757e-001	-3.50296524e+000	-1.01961150e+006	0.00000000e+000	1.8290e+009	1.0000e-010	-5.7765e+018
2.500000e+002	4.61473606e-001	-3.61052639e+000	-1.13405609e+006	0.00000000e+000	3.9698e+010	1.0000e-010	-5.8002e+018
2.600000e+002	-1.89532003e-001	-3.58953200e+000	7.67464239e+005	0.00000000e+000	3.4333e+019	1.0000e-010	1.3266e+020
2.700000e+002	-1.12785579e-001	-3.51278558e+000	4.57586455e+005	0.00000000e+000	1.6269e+019	1.0000e-010	0.0000e+000
2.800000e+002	-6.70269332e-002	-3.46702693e+000	2.98090232e+005	0.00000000e+000	8.3736e+018	1.0000e-010	0.0000e+000
2.900000e+002	-3.72179100e-002	-3.43721791e+000	2.09925318e+005	0.00000000e+000	4.6287e+018	1.0000e-010	0.0000e+000
3.000000e+002	-1.62253782e-002	-3.41622538e+000	1.57652281e+005	0.00000000e+000	2.7443e+018	1.0000e-010	0.0000e+000
3.100000e+002	-4.60150142e-004	-3.40046015e+000	1.24470005e+005	0.00000000e+000	1.7421e+018	1.0000e-010	0.0000e+000
3.200000e+002	1.19868503e-002	-3.38801315e+000	1.02078614e+005	0.00000000e+000	1.1756e+018	1.0000e-010	0.0000e+000
3.300000e+002	2.21947117e-002	-3.37780529e+000	8.61703013e+004	0.00000000e+000	8.3519e+017	1.0000e-010	0.0000e+000
3.400000e+002	3.08117419e-002	-3.36918826e+000	7.43806251e+004	0.00000000e+000	6.1896e+017	1.0000e-010	0.0000e+000
3.500000e+002	3.82498044e-002	-3.36175020e+000	6.53376388e+004	0.00000000e+000	4.7476e+017	1.0000e-010	0.0000e+000
3.600000e+002	4.47835682e-002	-3.35521643e+000	5.82035906e+004	0.00000000e+000	3.7454e+017	1.0000e-010	0.0000e+000
3.700000e+002	5.06039273e-002	-3.34939607e+000	5.24433253e+004	0.00000000e+000	3.0241e+017	1.0000e-010	0.0000e+000
3.800000e+002	5.58482598e-002	-3.34415174e+000	4.77013223e+004	0.00000000e+000	2.4896e+017	1.0000e-010	0.0000e+000
3.900000e+002	6.06183921e-002	-3.33938161e+000	4.37332579e+004	0.00000000e+000	2.0832e+017	1.0000e-010	0.0000e+000
4.000000e+002	6.49917178e-002	-3.33500828e+000	4.03662286e+004	0.00000000e+000	1.7677e+017	1.0000e-010	0.0000e+000
4.100000e+002	6.90283407e-002	-3.33097166e+000	3.74747153e+004	0.00000000e+000	1.5180e+017	1.0000e-010	0.0000e+000
4.200000e+002	7.27758122e-002	-3.32722419e+000	3.49655472e+004	0.00000000e+000	1.3173e+017	1.0000e-010	0.0000e+000
4.300000e+002	7.62723670e-002	-3.32372763e+000	3.27681996e+004	0.00000000e+000	1.1536e+017	1.0000e-010	0.0000e+000
4.400000e+002	7.95491869e-002	-3.32045081e+000	3.08283588e+004	0.00000000e+000	1.0184e+017	1.0000e-010	0.0000e+000
4.500000e+002	8.26320228e-002	-3.31736798e+000	2.91035491e+004	0.00000000e+000	9.0553e+016	1.0000e-010	0.0000e+000
4.600000e+002	8.55423777e-002	-3.31445762e+000	2.75600938e+004	0.00000000e+000	8.1032e+016	1.0000e-010	0.0000e+000
4.700000e+002	8.82983871e-002	-3.31170161e+000	2.61709609e+004	0.00000000e+000	7.2930e+016	1.0000e-010	0.0000e+000
4.800000e+002	9.09154832e-002	-3.30908452e+000	2.49142103e+004	0.00000000e+000	6.5980e+016	1.0000e-010	0.0000e+000
4.900000e+002	9.34069042e-002	-3.30659310e+000	2.37718536e+004	0.00000000e+000	5.9974e+016	1.0000e-010	0.0000e+000
5.000000e+002	9.57840896e-002	-3.30421591e+000	2.27290068e+004	0.00000000e+000	5.4750e+016	1.0000e-010	0.0000e+000
5.100000e+002	9.80569902e-002	-3.30194301e+000	2.17732507e+004	0.00000000e+000	5.0177e+016	1.0000e-010	0.0000e+000
5.200000e+002	1.00234315e-001	-3.29976568e+000	2.08941429e+004	0.00000000e+000	4.6153e+016	1.0000e-010	0.0000e+000
5.300000e+002	1.02323730e-001	-3.29767627e+000	2.00828410e+004	0.00000000e+000	4.2593e+016	1.0000e-010	0.0000e+000
5.400000e+002	1.04332014e-001	-3.29566799e+000	1.93271766e+004	0.00000000e+000	3.9673e+016	1.0000e-010	0.0000e+000
5.500000e+002	1.06264731e-001	-3.29373527e+000	1.86259463e+004	0.00000000e+000	3.6815e+016	1.0000e-010	0.0000e+000
5.600000e+002	1.08127326e-001	-3.29187267e+000	1.79734614e+004	0.00000000e+000	3.4256e+016	1.0000e-010	0.0000e+000
5.700000e+002	1.09924672e-001	-3.29007533e+000	1.73647991e+004	0.00000000e+000	3.1955e+016	1.0000e-010	0.0000e+000
5.800000e+002	1.11661152e-001	-3.28833885e+000	1.67956779e+004	0.00000000e+000	2.9879e+016	1.0000e-010	0.0000e+000
5.900000e+002	1.13340720e-001	-3.28665928e+000	1.62623561e+004	0.00000000e+000	2.7999e+016	1.0000e-010	0.0000e+000
6.000000e+002	1.14966955e-001	-3.28503304e+000	1.57615499e+004	0.00000000e+000	2.6292e+016	1.0000e-010	0.0000e+000
6.100000e+002	1.16543110e-001	-3.28345689e+000	1.52903649e+004	0.00000000e+000	2.4737e+016	1.0000e-010	0.0000e+000
6.200000e+002	1.18072147e-001	-3.28192785e+000	1.48462404e+004	0.00000000e+000	2.3317e+016	1.0000e-010	0.0000e+000
6.300000e+002	1.19556771e-001	-3.28044323e+000	1.44269024e+004	0.00000000e+000	2.2015e+016	1.0000e-010	0.0000e+000
6.400000e+002	1.20999461e-001	-3.27900054e+000	1.40303249e+004	0.00000000e+000	2.0820e+016	1.0000e-010	0.0000e+000
6.500000e+002	1.22402494e-001	-3.27759751e+000	1.36546968e+004	0.00000000e+000	1.9721e+016	1.0000e-010	0.0000e+000
6.600000e+002	1.23767963e-001	-3.27623204e+000	1.32983940e+004	0.00000000e+000	1.8706e+016	1.0000e-010	0.0000e+000
6.700000e+002	1.25097803e-001	-3.27490220e+000	1.29599562e+004	0.00000000e+000	1.7768e+016	1.0000e-010	0.0000e+000
6.800000e+002	1.26393798e-001	-3.27360620e+000	1.26380664e+004	0.00000000e+000	1.6899e+016	1.0000e-010	0.0000e+000
6.900000e+002	1.27657605e-001	-3.27234239e+000	1.23315342e+004	0.00000000e+000	1.6093e+016	1.0000e-010	0.0000e+000
7.000000e+002	1.28890758e-001	-3.27110924e+000	1.20392805e+004	0.00000000e+000	1.5343e+016	1.0000e-010	0.0000e+000
7.100000e+002	1.30094687e-001	-3.26990531e+000	1.17603250e+004	0.00000000e+000	1.4645e+016	1.0000e-010	0.0000e+000
7.200000e+002	1.31270719e-001	-3.26872928e+000	1.14937752e+004	0.00000000e+000	1.3994e+016	1.0000e-010	0.0000e+000
7.300000e+002	1.32420097e-001	-3.26757990e+000	1.12388165e+004	0.00000000e+000	1.3385e+016	1.0000e-010	0.0000e+000
7.400000e+002	1.33543978e-001	-3.26645602e+000	1.09947044e+004	0.00000000e+000	1.2816e+016	1.0000e-010	0.0000e+000
7.500000e+002	1.34643449e-001	-3.26535655e+000	1.07607566e+004	0.00000000e+000	1.2282e+016	1.0000e-010	0.0000e+000
7.600000e+002	1.35719524e-001	-3.26428048e+000	1.05363468e+004	0.00000000e+000	1.1782e+016	1.0000e-010	0.0000e+000
7.700000e+002	1.36773159e-001	-3.26322684e+000	1.03208993e+004	0.00000000e+000	1.1311e+016	1.0000e-010	0.0000e+000
7.800000e+002	1.37805249e-001	-3.26219475e+000	1.01138837e+004	0.00000000e+000	1.0868e+016	1.0000e-010	0.0000e+000
7.900000e+002	1.38816637e-001	-3.26118336e+000	9.91481057e+003	0.00000000e+000	1.0451e+016	1.0000e-010	0.0000e+000
8.000000e+002	1.39808118e-001	-3.26019188e+000	9.72322783e+003	0.00000000e+000	1.0058e+016	1.0000e-010	0.0000e+000
8.100000e+002	1.40780441e-001	-3.25921956e+000	9.53871691e+003	0.00000000e+000	9.6869e+015	1.0000e-010	0.0000e+000
8.200000e+002	1.41734313e-001	-3.25826569e+000	9.36088990e+003	0.00000000e+000	9.3359e+015	1.0000e-010	0.0000e+000
8.300000e+002	1.42670402e-001	-3.25732960e+000	9.18938674e+003	0.00000000e+000	9.0039e+015	1.0000e-010	0.0000e+000
8.400000e+002	1.43589340e-001	-3.25641066e+000	9.02387278e+003	0.00000000e+000	8.6895e+015	1.0000e-010	0.0000e+000
8.500000e+002	1.44491728e-001	-3.25550827e+000	8.86403657e+003	0.00000000e+000	8.3914e+015	1.0000e-010	0.0000e+000
8.600000e+002	1.45378131e-001	-3.25462187e+000	8.70958787e+003	0.00000000e+000	8.1086e+015	1.0000e-010	0.0000e+000
8.700000e+002	1.46249090e-001	-3.25375091e+000	8.56025590e+003	0.00000000e+000	7.8400e+015	1.0000e-010	0.0000e+000
8.800000e+002	1.47105116e-001	-3.25289488e+000	8.41578773e+003	0.00000000e+000	7.5846e+015	1.0000e-010	0.0000e+000
8.900000e+002	1.47946695e-001	-3.25205331e+000	8.27594681e+003	0.00000000e+000	7.3417e+015	1.0000e-010	0.0000e+000
9.000000e+002	1.48774289e-001	-3.25122571e+000	8.14051169e+003	0.00000000e+000	7.1104e+015	1.0000e-010	0.0000e+000
9.100000e+002	1.49588340e-001	-3.25041166e+000	8.00927483e+003	0.00000000e+000	6.8900e+015	1.0000e-010	0.0000e+000
9.200000e+002	1.50389268e-001	-3.24961073e+000	7.88204152e+003	0.00000000e+000	6.6798e+015	1.0000e-010	0.0000e+000
9.300000e+002	1.51177472e-001	-3.24882253e+000	7.75862890e+003	0.00000000e+000	6.4792e+015	1.0000e-010	0.0000e+000
9.400000e+002	1.51953335e-001	-3.24804667e+000	7.63886508e+003	0.00000000e+000	6.2876e+015	1.0000e-010	0.0000e+000
9.500000e+002	1.52717221e-001	-3.24728278e+000	7.52258832e+003	0.00000000e+000	6.1045e+015	1.0000e-010	0.0000e+000
9.600000e+002	1.53469480e-001	-3.24653052e+000	7.40964631e+003	0.00000000e+000	5.9295e+015	1.0000e-010	0.0000e+000
9.700000e+002	1.54210445e-001	-3.24578956e+000	7.29989546e+003	0.00000000e+000	5.7619e+015	1.0000e-010	0.0000e+000
9.800000e+002	1.54940434e-001	-3.24505957e+000	7.19320034e+003	0.00000000e+000	5.6015e+015	1.0000e-010	0.0000e+000
9.900000e+002	1.55659754e-001	-3.24434025e+000	7.08943304e+003	0.00000000e+000	5.4478e+015	1.0000e-010	0.0000e+000
1.000000e+003	1.56368698e-001	-3.24363130e+000	6.98847270e+003	0.00000000e+000	5.3004e+015	1.0000e-010	0.0000e+000
1.010000e+003	1.57067545e-001	-3.24293245e+000	6.89020503e+003	0.00000000e+000	5.1591e+015	1.0000e-010	0.0000e+000
1.020000e+003	1.57756566e-001	-3.24224343e+000	6.79452184e+003	0.00000000e+000	5.0234e+015	1.0000e-010	0.0000e+000
1.030000e+003	1.58436018e-001	-3.24156398e+000	6.70132068e+003	0.00000000e+000	4.8931e+015	1.0000e-010	0.0000e+000
1.040000e+003	1.59106150e-001	-3.24089385e+000	6.61050442e+003	0.00000000e+000	4.7679e+015	1.0000e-010	0.0000e+000
1.050000e+003	1.59767200e-001	-3.24023280e+000	6.52198095e+003	0.00000000e+000	4.6475e+015	1.0000e-010	0.0000e+000
1.060000e+003	1.60419398e-001	-3.23958060e+000	6.43566283e+003	0.00000000e+000	4.5317e+015	1.0000e-010	0.0000e+000
1.070000e+003	1.61062965e-001	-3.23893704e+000	6.35146700e+003	0.00000000e+000	4.4203e+015	1.0000e-010	0.0000e+000
1.080000e+003	1.61698111e-001	-3.23830189e+000	6.26931455e+003	0.00000000e+000	4.3130e+015	1.0000e-010	0.0000e+000
1.090000e+003	1.62325043e-001	-3.23767496e+000	6.18913039e+003	0.00000000e+000	4.2097e+015	1.0000e-010	0.0000e+000
1.100000e+003	1.62943956e-001	-3.23705604e+000	6.11084310e+003	0.00000000e+000	4.1101e+015	1.0000e-010	0.0000e+000
1.110000e+003	1.63555040e-001	-3.23644496e+000	6.03438464e+003	0.00000000e+000	4.0141e+015	1.0000e-010	0.0000e+000
1.120000e+003	1.64158479e-001	-3.23584152e+000	5.95969022e+003	0.00000000e+000	3.9215e+015	1.0000e-010	0.0000e+000
1.130000e+003	1.64754448e-001	-3.23524555e+000	5.88669804e+003	0.00000000e+000	3.8321e+015	1.0000e-010	0.0000e+000
1.140000e+003	1.65343117e-001	-3.23465688e+000	5.81534916e+003	0.00000000e+000	3.7458e+015	1.0000e-010	0.0000e+000
1.150000e+003	1.65924652e-001	-3.23407535e+000	5.74558735e+003	0.00000000e+000	3.6625e+015	1.0000e-010	0.0000e+000
1.160000e+003	1.66499211e-001	-3.23350079e+000	5.67735889e+003	0.00000000e+000	3.5820e+015	1.0000e-010	0.0000e+000
1.170000e+003	1.67066947e-001	-3.23293305e+000	5.61061246e+003	0.00000000e+000	3.5042e+015	1.0000e-010	0.0000e+000
1.180000e+003	1.67628008e-001	-3.23237199e+000	5.54529901e+003	0.00000000e+000	3.4290e+015	1.0000e-010	0.0000e+000
1.190000e+003	1.68182538e-001	-3.23181746e+000	5.48137162e+003	0.00000000e+000	3.3562e+015	1.0000e-010	0.0000e+000
1.200000e+003	1.68730675e-001	-3.23126932e+000	5.41878541e+003	0.00000000e+000	3.2858e+015	1.0000e-010	0.0000e+000
1.210000e+003	1.69272554e-001	-3.23072745e+000	5.35749741e+003	0.00000000e+000	3.2176e+015	1.0000e-010	0.0000e+000
1.220000e+003	1.69808304e-001	-3.23019170e+000	5.29746645e+003	0.00000000e+000	3.1516e+015	1.0000e-010	0.0000e+000
1.230000e+003	1.70338050e-001	-3.22966195e+000	5.23865311e+003	0.00000000e+000	3.0877e+015	1.0000e-010	0.0000e+000
1.240000e+003	1.70861916e-001	-3.22913808e+000	5.18101956e+003	0.00000000e+000	3.0258e+015	1.0000e-010	0.0000e+000
1.250000e+003	1.71380017e-001	-3.22861998e+000	5.12452955e+003	0.00000000e+000	2.9657e+015	1.0000e-010	0.0000e+000
1.260000e+003	1.71892470e-001	-3.22810753e+000	5.06914830e+003	0.00000000e+000	2.9075e+015	1.0000e-010	0.0000e+000
1.270000e+003	1.72399385e-001	-3.22760061e+000	5.01484240e+003	0.00000000e+000	2.8511e+015	1.0000e-010	0.0000e+000
1.280000e+003	1.72900869e-001	-3.22709913e+000	4.96157979e+003	0.00000000e+000	2.7963e+015	1.0000e-010	0.0000e+000
1.290000e+003	1.73397027e-001	-3.22660297e+000	4.90932967e+003	0.00000000e+000	2.7431e+015	1.0000e-010	0.0000e+000
1.300000e+003	1.73887960e-001	-3.22611204e+000	4.85806242e+003	0.00000000e+000	2.6915e+015	1.0000e-010	0.0000e+000
1.310000e+003	1.74373767e-001	-3.22562623e+000	4.80774958e+003	0.00000000e+000	2.6414e+015	1.0000e-010	0.0000e+000
1.320000e+003	1.74854542e-001	-3.22514546e+000	4.75836377e+003	0.00000000e+000	2.5928e+015	1.0000e-010	0.0000e+000
1.330000e+003	1.75330378e-001	-3.22466962e+000	4.70987865e+003	0.00000000e+000	2.5455e+015	1.0000e-010	0.0000e+000
1.340000e+003	1.75801366e-001	-3.22419863e+000	4.66226886e+003	0.00000000e+000	2.4995e+015	1.0000e-010	0.0000e+000
1.350000e+003	1.76267593e-001	-3.22373241e+000	4.61551000e+003	0.00000000e+000	2.4548e+015	1.0000e-010	0.0000e+000
1.360000e+003	1.76729144e-001	-3.22327086e+000	4.56957854e+003	0.00000000e+000	2.4114e+015	1.0000e-010	0.0000e+000
1.370000e+003	1.77186102e-001	-3.22281390e+000	4.52445183e+003	0.00000000e+000	2.3692e+015	1.0000e-010	0.0000e+000
1.380000e+003	1.77638547e-001	-3.22236145e+000	4.48010803e+003	0.00000000e+000	2.3281e+015	1.0000e-010	0.0000e+000
1.390000e+003	1.78086558e-001	-3.22191344e+000	4.43652608e+003	0.00000000e+000	2.2881e+015	1.0000e-010	0.0000e+000
1.400000e+003	1.78530210e-001	-3.22146979e+000	4.39368567e+003	0.00000000e+000	2.2491e+015	1.0000e-010	0.0000e+000
1.410000e+003	1.78969579e-001	-3.22103042e+000	4.35156720e+003	0.00000000e+000	2.2112e+015	1.0000e-010	0.0000e+000
1.420000e+003	1.79404736e-001	-3.22059526e+000	4.31015177e+003	0.00000000e+000	2.1743e+015	1.0000e-010	0.0000e+000
1.430000e+003	1.79835751e-001	-3.22016425e+000	4.26942110e+003	0.00000000e+000	2.1384e+015	1.0000e-010	0.0000e+000
1.440000e+003	1.80262693e-001	-3.21973731e+000	4.22935757e+003	0.00000000e+000	2.1033e+015	1.0000e-010	0.0000e+000
1.450000e+003	1.80685629e-001	-3.21931437e+000	4.18994415e+003	0.00000000e+000	2.0692e+015	1.0000e-010	0.0000e+000
1.460000e+003	1.81104623e-001	-3.21889538e+000	4.15116437e+003	0.00000000e+000	2.0359e+015	1.0000e-010	0.0000e+000
1.470000e+003	1.81519739e-001	-3.21848026e+000	4.11300231e+003	0.00000000e+000	2.0035e+015	1.0000e-010	0.0000e+000
1.480000e+003	1.81931040e-001	-3.21806896e+000	4.07544261e+003	0.00000000e+000	1.9719e+015	1.0000e-010	0.0000e+000
1.490000e+003	1.82338584e-001	-3.21766142e+000	4.03847037e+003	0.00000000e+000	1.9410e+015	1.0000e-010	0.0000e+000
1.500000e+003	1.82742431e-001	-3.21725757e+000	4.00207120e+003	0.00000000e+000	1.9110e+015	1.0000e-010	0.0000e+000
1.510000e+003	1.83142638e-001	-3.21685736e+000	3.96623119e+003	0.00000000e+000	1.8816e+015	1.0000e-010	0.0000e+000
1.520000e+003	1.83539261e-001	-3.21646074e+000	3.93093683e+003	0.00000000e+000	1.8530e+015	1.0000e-010	0.0000e+000
1.530000e+003	1.83932355e-001	-3.21606765e+000	3.89617509e+003	0.00000000e+000	1.8250e+015	1.0000e-010	0.0000e+000
1.540000e+003	1.84321972e-001	-3.21567803e+000	3.86193331e+003	0.00000000e+000	1.7977e+015	1.0000e-010	0.0000e+000
1.550000e+003	1.84708166e-001	-3.21529183e+000	3.82819926e+003	0.00000000e+000	1.7710e+015	1.0000e-010	0.0000e+000
1.560000e+003	1.85090986e-001	-3.21490901e+000	3.79496107e+003	0.00000000e+000	1.7450e+015	1.0000e-010	0.0000e+000
1.570000e+003	1.85470482e-001	-3.21452952e+000	3.76220723e+003	0.00000000e+000	1.7196e+015	1.0000e-010	0.0000e+000
1.580000e+003	1.85846702e-001	-3.21415330e+000	3.72992661e+003	0.00000000e+000	1.6947e+015	1.0000e-010	0.0000e+000
1.590000e+003	1.86219695e-001	-3.21378030e+000	3.69810839e+003	0.00000000e+000	1.6705e+015	1.0000e-010	0.0000e+000
1.600000e+003	1.86589506e-001	-3.21341049e+000	3.66674208e+003	0.00000000e+000	1.6467e+015	1.0000e-010	0.0000e+000
1.610000e+003	1.86956180e-001	-3.21304382e+000	3.63581752e+003	0.00000000e+000	1.6235e+015	1.0000e-010	0.0000e+000
1.620000e+003	1.87319762e-001	-3.21268024e+000	3.60532484e+003	0.00000000e+000	1.6009e+015	1.0000e-010	0.0000e+000
1.630000e+003	1.87680294e-001	-3.21231971e+000	3.57525446e+003	0.00000000e+000	1.5787e+015	1.0000e-010	0.0000e+000
1.640000e+003	1.88037820e-001	-3.21196218e+000	3.54559708e+003	0.00000000e+000	1.5570e+015	1.0000e-010	0.0000e+000
1.650000e+003	1.88392380e-001	-3.21160762e+000	3.51634368e+003	0.00000000e+000	1.5358e+015	1.0000e-010	0.0000e+000
1.660000e+003	1.88744014e-001	-3.21125599e+000	3.48748548e+003	0.00000000e+000	1.5151e+015	1.0000e-010	0.0000e+000
1.670000e+003	1.89092762e-001	-3.21090724e+000	3.45901397e+003	0.00000000e+000	1.4948e+015	1.0000e-010	0.0000e+000
1.680000e+003	1.89438664e-001	-3.21056134e+000	3.43092087e+003	0.00000000e+000	1.4749e+015	1.0000e-010	0.0000e+000
1.690000e+003	1.89781756e-001	-3.21021824e+000	3.40319815e+003	0.00000000e+000	1.4554e+015	1.0000e-010	0.0000e+000
1.700000e+003	1.90122076e-001	-3.20987792e+000	3.37583798e+003	0.00000000e+000	1.4364e+015	1.0000e-010	0.0000e+000
1.710000e+003	1.90459660e-001	-3.20954034e+000	3.34883277e+003	0.00000000e+000	1.4178e+015	1.0000e-010	0.0000e+000
1.720000e+003	1.90794543e-001	-3.20920546e+000	3.32217512e+003	0.00000000e+000	1.3995e+015	1.0000e-010	0.0000e+000
1.730000e+003	1.91126760e-001	-3.20887324e+000	3.29585785e+003	0.00000000e+000	1.3817e+015	1.0000e-010	0.0000e+000
1.740000e+003	1.91456346e-001	-3.20854365e+000	3.26987397e+003	0.00000000e+000	1.3642e+015	1.0000e-010	0.0000e+000
1.750000e+003	1.91783334e-001	-3.20821667e+000	3.24421667e+003	0.00000000e+000	1.3470e+015	1.0000e-010	0.0000e+000
1.760000e+003	1.92107755e-001	-3.20789224e+000	3.21887934e+003	0.00000000e+000	1.3302e+015	1.0000e-010	0.0000e+000
1.770000e+003	1.92429643e-001	-3.20757036e+000	3.19385554e+003	0.00000000e+000	1.3138e+015	1.0000e-010	0.0000e+000
1.780000e+003	1.92749029e-001	-3.20725097e+000	3.16913899e+003	0.00000000e+000	1.2976e+015	1.0000e-010	0.0000e+000
1.790000e+003	1.93065943e-001	-3.20693406e+000	3.14472358e+003	0.00000000e+000	1.2818e+015	1.0000e-010	0.0000e+000
1.800000e+003	1.93380415e-001	-3.20661959e+000	3.12060337e+003	0.00000000e+000	1.2663e+015	1.0000e-010	0.0000e+000
1.810000e+003	1.93692475e-001	-3.20630752e+000	3.09677257e+003	0.00000000e+000	1.2511e+015	1.0000e-010	0.0000e+000
1.820000e+003	1.94002153e-001	-3.20599785e+000	3.07322553e+003	0.00000000e+000	1.2362e+015	1.0000e-010	0.0000e+000
1.830000e+003	1.94309475e-001	-3.20569052e+000	3.04995675e+003	0.00000000e+000	1.2216e+015	1.0000e-010	0.0000e+000
1.840000e+003	1.94614471e-001	-3.20538553e+000	3.02696088e+003	0.00000000e+000	1.2073e+015	1.0000e-010	0.0000e+000
1.850000e+003	1.94917167e-001	-3.20508283e+000	3.00423269e+003	0.00000000e+000	1.1932e+015	1.0000e-010	0.0000e+000
1.860000e+003	1.95217590e-001	-3.20478241e+000	2.98176710e+003	0.00000000e+000	1.1794e+015	1.0000e-010	0.0000e+000
1.870000e+003	1.95515767e-001	-3.20448423e+000	2.95955914e+003	0.00000000e+000	1.1659e+015	1.0000e-010	0.0000e+000
1.880000e+003	1.95811723e-001	-3.20418828e+000	2.93760396e+003	0.00000000e+000	1.1527e+015	1.0000e-010	0.0000e+000
1.890000e+003	1.96105483e-001	-3.20389452e+000	2.91589686e+003	0.00000000e+000	1.1396e+015	1.0000e-010	0.0000e+000
1.900000e+003	1.96397073e-001	-3.20360293e+000	2.89443322e+003	0.00000000e+000	1.1268e+015	1.0000e-010	0.0000e+000
1.910000e+003	1.96686516e-001	-3.20331348e+000	2.87320854e+003	0.00000000e+000	1.1143e+015	1.0000e-010	0.0000e+000
1.920000e+003	1.96973837e-001	-3.20302616e+000	2.85221846e+003	0.00000000e+000	1.1020e+015	1.0000e-010	0.0000e+000
1.930000e+003	1.97259059e-001	-3.20274094e+000	2.83145868e+003	0.00000000e+000	1.0899e+015	1.0000e-010	0.0000e+000
1.940000e+003	1.97542205e-001	-3.20245780e+000	2.81092503e+003	0.00000000e+000	1.0780e+015	1.0000e-010	0.0000e+000
1.950000e+003	1.97823297e-001	-3.20217670e+000	2.79061344e+003	0.00000000e+000	1.0664e+015	1.0000e-010	0.0000e+000
1.960000e+003	1.98102359e-001	-3.20189764e+000	2.77051993e+003	0.00000000e+000	1.0549e+015	1.0000e-010	0.0000e+000
1.970000e+003	1.98379411e-001	-3.20162059e+000	2.75064061e+003	0.00000000e+000	1.0437e+015	1.0000e-010	0.0000e+000
1.980000e+003	1.98654475e-001	-3.20134553e+000	2.73097168e+003	0.00000000e+000	1.0326e+015	1.0000e-010	0.0000e+000
1.990000e+003	1.98927572e-001	-3.20107243e+000	2.71150943e+003	0.00000000e+000	1.0218e+015	1.0000e-010	0.0000e+000
2.000000e+003	1.99198723e-001	-3.20080128e+000	2.69225025e+003	0.00000000e+000	1.0111e+015	1.0000e-010	0.0000e+000
2.010000e+003	1.99467948e-001	-3.20053205e+000	2.67319060e+003	0.00000000e+000	1.0006e+015	1.0000e-010	0.0000e+000
2.020000e+003	1.99735267e-001	-3.20026473e+000	2.65432702e+003	0.00000000e+000	9.9034e+014	1.0000e-010	0.0000e+000
2.030000e+003	2.00000700e-001	-3.19999930e+000	2.63565612e+003	0.00000000e+000	9.8023e+014	1.0000e-010	0.0000e+000
2.040000e+003	2.00264265e-001	-3.19973573e+000	2.61717461e+003	0.00000000e+000	9.7028e+014	1.0000e-010	0.0000e+000
2.050000e+003	2.00525983e-001	-3.19947402e+000	2.59887926e+003	0.00000000e+000	9.6051e+014	1.0000e-010	0.0000e+000
2.060000e+003	2.00785871e-001	-3.19921413e+000	2.58076691e+003	0.00000000e+000	9.5090e+014	1.0000e-010	0.0000e+000
2.070000e+003	2.01043947e-001	-3.19895605e+000	2.56283447e+003	0.00000000e+000	9.4146e+014	1.0000e-010	0.0000e+000
2.080000e+003	2.01300231e-001	-3.19869977e+000	2.54507893e+003	0.00000000e+000	9.3217e+014	1.0000e-010	0.0000e+000
2.090000e+003	2.01554739e-001	-3.19844526e+000	2.52749732e+003	0.00000000e+000	9.2304e+014	1.0000e-010	0.0000e+000
2.100000e+003	2.01807488e-001	-3.19819251e+000	2.51008678e+003	0.00000000e+000	9.1406e+014	1.0000e-010	0.0000e+000
2.110000e+003	2.02058497e-001	-3.19794150e+000	2.49284446e+003	0.00000000e+000	9.0522e+014	1.0000e-010	0.0000e+000
2.120000e+003	2.02307781e-001	-3.19769222e+000	2.47576760e+003	0.00000000e+000	8.9654e+014	1.0000e-010	0.0000e+000
2.130000e+003	2.02555358e-001	-3.19744464e+000	2.45885351e+003	0.00000000e+000	8.8799e+014	1.0000e-010	0.0000e+000
2.140000e+003	2.02801244e-001	-3.19719876e+000	2.44209953e+003	0.00000000e+000	8.7959e+014	1.0000e-010	0.0000e+000
2.150000e+003	2.03045453e-001	-3.19695455e+000	2.42550307e+003	0.00000000e+000	8.7132e+014	1.0000e-010	0.0000e+000
2.160000e+003	2.03288004e-001	-3.19671200e+000	2.40906159e+003	0.00000000e+000	8.6318e+014	1.0000e-010	0.0000e+000
2.170000e+003	2.03528910e-001	-3.19647109e+000	2.39277261e+003	0.00000000e+000	8.5517e+014	1.0000e-010	0.0000e+000
2.180000e+003	2.03768187e-001	-3.19623181e+000	2.37663370e+003	0.00000000e+000	8.4730e+014	1.0000e-010	0.0000e+000
2.190000e+003	2.04005851e-001	-3.19599415e+000	2.36064249e+003	0.00000000e+000	8.3954e+014	1.0000e-010	0.0000e+000
2.200000e+003	2.04241915e-001	-3.19575809e+000	2.34479663e+003	0.00000000e+000	8.3191e+014	1.0000e-010	0.0000e+000
2.210000e+003	2.04476394e-001	-3.19552361e+000	2.32909384e+003	0.00000000e+000	8.2440e+014	1.0000e-010	0.0000e+000
2.220000e+003	2.04709304e-001	-3.19529070e+000	2.31353189e+003	0.00000000e+000	8.1700e+014	1.0000e-010	0.0000e+000
2.230000e+003	2.04940657e-001	-3.19505934e+000	2.29810858e+003	0.00000000e+000	8.0973e+014	1.0000e-010	0.0000e+000
2.240000e+003	2.05170468e-001	-3.19482953e+000	2.28282177e+003	0.00000000e+000	8.0256e+014	1.0000e-010	0.0000e+000
2.250000e+003	2.05398750e-001	-3.19460125e+000	2.26766936e+003	0.00000000e+000	7.9550e+014	1.0000e-010	0.0000e+000
2.260000e+003	2.05625517e-001	-3.19437448e+000	2.25264927e+003	0.00000000e+000	7.8856e+014	1.0000e-010	0.0000e+000
2.270000e+003	2.05850782e-001	-3.19414922e+000	2.23775950e+003	0.00000000e+000	7.8172e+014	1.0000e-010	0.0000e+000
2.280000e+003	2.06074558e-001	-3.19392544e+000	2.22299806e+003	0.00000000e+000	7.7498e+014	1.0000e-010	0.0000e+000
2.290000e+003	2.06296858e-001	-3.19370314e+000	2.20836301e+003	0.00000000e+000	7.6834e+014	1.0000e-010	0.0000e+000
2.300000e+003	2.06517694e-001	-3.19348231e+000	2.19385244e+003	0.00000000e+000	7.6181e+014	1.0000e-010	0.0000e+000
2.310000e+003	2.06737079e-001	-3.19326292e+000	2.17946449e+003	0.00000000e+000	7.5537e+014	1.0000e-010	0.0000e+000
2.320000e+003	2.06955026e-001	-3.19304497e+000	2.16519733e+003	0.00000000e+000	7.4903e+014	1.0000e-010	0.0000e+000
2.330000e+003	2.07171545e-001	-3.19282845e+000	2.15104916e+003	0.00000000e+000	7.4278e+014	1.0000e-010	0.0000e+000
2.340000e+003	2.07386650e-001	-3.19261335e+000	2.13701823e+003	0.00000000e+000	7.3663e+014	1.0000e-010	0.0000e+000
2.350000e+003	2.07600352e-001	-3.19239965e+000	2.12310280e+003	0.00000000e+000	7.3056e+014	1.0000e-010	0.0000e+000
2.360000e+003	2.07812662e-001	-3.19218734e+000	2.10930119e+003	0.00000000e+000	7.2459e+014	1.0000e-010	0.0000e+000
2.370000e+003	2.08023593e-001	-3.19197641e+000	2.09561172e+003	0.00000000e+000	7.1870e+014	1.0000e-010	0.0000e+000
2.380000e+003	2.08233154e-001	-3.19176685e+000	2.08203278e+003	0.00000000e+000	7.1290e+014	1.0000e-010	0.0000e+000
2.390000e+003	2.08441357e-001	-3.19155864e+000	2.06856276e+003	0.00000000e+000	7.0718e+014	1.0000e-010	0.0000e+000
2.400000e+003	2.08648213e-001	-3.19135179e+000	2.05520009e+003	0.00000000e+000	7.0154e+014	1.0000e-010	0.0000e+000
2.410000e+003	2.08853733e-001	-3.19114627e+000	2.04194323e+003	0.00000000e+000	6.9599e+014	1.0000e-010	0.0000e+000
2.420000e+003	2.09057928e-001	-3.19094207e+000	2.02879067e+003	0.00000000e+000	6.9051e+014	1.0000e-010	0.0000e+000
2.430000e+003	2.09260807e-001	-3.19073919e+000	2.01574092e+003	0.00000000e+000	6.8511e+014	1.0000e-010	0.0000e+000
2.440000e+003	2.09462381e-001	-3.19053762e+000	2.00279253e+003	0.00000000e+000	6.7979e+014	1.0000e-010	0.0000e+000
2.450000e+003	2.09662660e-001	-3.19033734e+000	1.98994406e+003	0.00000000e+000	6.7455e+014	1.0000e-010	0.0000e+000
2.460000e+003	2.09861654e-001	-3.19013835e+000	1.97719411e+003	0.00000000e+000	6.6937e+014	1.0000e-010	0.0000e+000
2.470000e+003	2.10059374e-001	-3.18994063e+000	1.96454131e+003	0.00000000e+000	6.6427e+014	1.0000e-010	0.0000e+000
2.480000e+003	2.10255828e-001	-3.18974417e+000	1.95198429e+003	0.00000000e+000	6.5925e+014	1.0000e-010	0.0000e+000
2.490000e+003	2.10451026e-001	-3.18954897e+000	1.93952173e+003	0.00000000e+000	6.5429e+014	1.0000e-010	0.0000e+000
2.500000e+003	2.10644979e-001	-3.18935502e+000	1.92715232e+003	0.00000000e+000	6.4940e+014	1.0000e-010	0.0000e+000
2.510000e+003	2.10837694e-001	-3.18916231e+000	1.91487477e+003	0.00000000e+000	6.4457e+014	1.0000e-010	0.0000e+000
2.520000e+003	2.11029181e-001	-3.18897082e+000	1.90268783e+003	0.00000000e+000	6.3982e+014	1.0000e-010	0.0000e+000
2.530000e+003	2.11219450e-001	-3.18878055e+000	1.89059025e+003	0.00000000e+000	6.3512e+014	1.0000e-010	0.0000e+000
2.540000e+003	2.11408509e-001	-3.18859149e+000	1.87858083e+003	0.00000000e+000	6.3050e+014	1.0000e-010	0.0000e+000
2.550000e+003	2.11596367e-001	-3.18840363e+000	1.86665835e+003	0.00000000e+000	6.2593e+014	1.0000e-010	0.0000e+000
2.560000e+003	2.11783033e-001	-3.18821697e+000	1.85482165e+003	0.00000000e+000	6.2143e+014	1.0000e-010	0.0000e+000
2.570000e+003	2.11968515e-001	-3.18803148e+000	1.84306958e+003	0.00000000e+000	6.1699e+014	1.0000e-010	0.0000e+000
2.580000e+003	2.12152822e-001	-3.18784718e+000	1.83140099e+003	0.00000000e+000	6.1260e+014	1.0000e-010	0.0000e+000
2.590000e+003	2.12335962e-001	-3.18766404e+000	1.81981477e+003	0.00000000e+000	6.0828e+014	1.0000e-010	0.0000e+000
2.600000e+003	2.12517944e-001	-3.18748206e+000	1.80830982e+003	0.00000000e+000	6.0401e+014	1.0000e-010	0.0000e+000
2.610000e+003	2.12698775e-001	-3.18730123e+000	1.79688507e+003	0.00000000e+000	5.9980e+014	1.0000e-010	0.0000e+000
2.620000e+003	2.12878463e-001	-3.18712154e+000	1.78553945e+003	0.00000000e+000	5.9565e+014	1.0000e-010	0.0000e+000
2.630000e+003	2.13057017e-001	-3.18694298e+000	1.77427192e+003	0.00000000e+000	5.9155e+014	1.0000e-010	0.0000e+000
2.640000e+003	2.13234444e-001	-3.18676556e+000	1.76308146e+003	0.00000000e+000	5.8750e+014	1.0000e-010	0.0000e+000
2.650000e+003	2.13410752e-001	-3.18658925e+000	1.75196706e+003	0.00000000e+000	5.8351e+014	1.0000e-010	0.0000e+000
2.660000e+003	2.13585949e-001	-3.18641405e+000	1.74092773e+003	0.00000000e+000	5.7957e+014	1.0000e-010	0.0000e+000
2.670000e+003	2.13760042e-001	-3.18623996e+000	1.72996248e+003	0.00000000e+000	5.7568e+014	1.0000e-010	0.0000e+000
2.680000e+003	2.13933038e-001	-3.18606696e+000	1.71907037e+003	0.00000000e+000	5.7184e+014	1.0000e-010	0.0000e+000
2.690000e+003	2.14104945e-001	-3.18589505e+000	1.70825045e+003	0.00000000e+000	5.6805e+014	1.0000e-010	0.0000e+000
2.700000e+003	2.14275770e-001	-3.18572423e+000	1.69750179e+003	0.00000000e+000	5.6431e+014	1.0000e-010	0.0000e+000
2.710000e+003	2.14445520e-001	-3.18555448e+000	1.68682347e+003	0.00000000e+000	5.6061e+014	1.0000e-010	0.0000e+000
2.720000e+003	2.14614203e-001	-3.18538580e+000	1.67621460e+003	0.00000000e+000	5.5697e+014	1.0000e-010	0.0000e+000
2.730000e+003	2.14781824e-001	-3.18521818e+000	1.66567430e+003	0.00000000e+000	5.5337e+014	1.0000e-010	0.0000e+000
2.740000e+003	2.14948392e-001	-3.18505161e+000	1.65520169e+003	0.00000000e+000	5.4981e+014	1.0000e-010	0.0000e+000
2.750000e+003	2.15113912e-001	-3.18488609e+000	1.64479592e+003	0.00000000e+000	5.4630e+014	1.0000e-010	0.0000e+000
2.760000e+003	2.15278391e-001	-3.18472161e+000	1.63445615e+003	0.00000000e+000	5.4284e+014	1.0000e-010	0.0000e+000
2.770000e+003	2.15441837e-001	-3.18455816e+000	1.62418154e+003	0.00000000e+000	5.3942e+014	1.0000e-010	0.0000e+000
2.780000e+003	2.15604255e-001	-3.18439574e+000	1.61397127e+003	0.00000000e+000	5.3604e+014	1.0000e-010	0.0000e+000
2.790000e+003	2.15765652e-001	-3.18423435e+000	1.60382456e+003	0.00000000e+000	5.3270e+014	1.0000e-010	0.0000e+000
2.800000e+003	2.15926035e-001	-3.18407397e+000	1.59374060e+003	0.00000000e+000	5.2941e+014	1.0000e-010	0.0000e+000
2.810000e+003	2.16085409e-001	-3.18391459e+000	1.58371861e+003	0.00000000e+000	5.2616e+014	1.0000e-010	0.0000e+000
2.820000e+003	2.16243781e-001	-3.18375622e+000	1.57375783e+003	0.00000000e+000	5.2294e+014	1.0000e-010	0.0000e+000
2.830000e+003	2.16401157e-001	-3.18359884e+000	1.56385751e+003	0.00000000e+000	5.1977e+014	1.0000e-010	0.0000e+000
2.840000e+003	2.16557542e-001	-3.18344246e+000	1.55401689e+003	0.00000000e+000	5.1663e+014	1.0000e-010	0.0000e+000
2.850000e+003	2.16712944e-001	-3.18328706e+000	1.54423525e+003	0.00000000e+000	5.1354e+014	1.0000e-010	0.0000e+000
2.860000e+003	2.16867367e-001	-3.18313263e+000	1.53451186e+003	0.00000000e+000	5.1048e+014	1.0000e-010	0.0000e+000
2.870000e+003	2.17020819e-001	-3.18297918e+000	1.52484602e+003	0.00000000e+000	5.0746e+014	1.0000e-010	0.0000e+000
2.880000e+003	2.17173303e-001	-3.18282670e+000	1.51523703e+003	0.00000000e+000	5.0447e+014	1.0000e-010	0.0000e+000
2.890000e+003	2.17324827e-001	-3.18267517e+000	1.50568419e+003	0.00000000e+000	5.0153e+014	1.0000e-010	0.0000e+000
2.900000e+003	2.17475395e-001	-3.18252460e+000	1.49618682e+003	0.00000000e+000	4.9861e+014	1.0000e-010	0.0000e+000
2.910000e+003	2.17625014e-001	-3.18237499e+000	1.48674427e+003	0.00000000e+000	4.9574e+014	1.0000e-010	0.0000e+000
2.920000e+003	2.17773689e-001	-3.18222631e+000	1.47735586e+003	0.00000000e+000	4.9289e+014	1.0000e-010	0.0000e+000
2.930000e+003	2.17921424e-001	-3.18207858e+000	1.46802095e+003	0.00000000e+000	4.9008e+014	1.0000e-010	0.0000e+000
2.940000e+003	2.18068226e-001	-3.18193177e+000	1.45873890e+003	0.00000000e+000	4.8731e+014	1.0000e-010	0.0000e+000
2.950000e+003	2.18214100e-001	-3.18178590e+000	1.44950908e+003	0.00000000e+000	4.8457e+014	1.0000e-010	0.0000e+000
2.960000e+003	2.18359051e-001	-3.18164095e+000	1.44033086e+003	0.00000000e+000	4.8186e+014	1.0000e-010	0.0000e+000
2.970000e+003	2.18503084e-001	-3.18149692e+000	1.43120364e+003	0.00000000e+000	4.7918e+014	1.0000e-010	0.0000e+000
2.980000e+003	2.18646204e-001	-3.18135380e+000	1.42212680e+003	0.00000000e+000	4.7654e+014	1.0000e-010	0.0000e+000
2.990000e+003	2.18788417e-001	-3.18121158e+000	1.41309977e+003	0.00000000e+000	4.7392e+014	1.0000e-010	0.0000e+000
3.000000e+003	2.18929727e-001	-3.18107027e+000	1.40412194e+003	0.00000000e+000	4.7134e+014	1.0000e-010	0.0000e+000
3.010000e+003	2.19070139e-001	-3.18092986e+000	1.39519274e+003	0.00000000e+000	4.6878e+014	1.0000e-010	0.0000e+000
3.020000e+003	2.19209659e-001	-3.18079034e+000	1.38631160e+003	0.00000000e+000	4.6626e+014	1.0000e-010	0.0000e+000
3.030000e+003	2.19348290e-001	-3.18065171e+000	1.37747795e+003	0.00000000e+000	4.6377e+014	1.0000e-010	0.0000e+000
3.040000e+003	2.19486038e-001	-3.18051396e+000	1.36869126e+003	0.00000000e+000	4.6130e+014	1.0000e-010	0.0000e+000
3.050000e+003	2.19622907e-001	-3.18037709e+000	1.35995095e+003	0.00000000e+000	4.5887e+014	1.0000e-010	0.0000e+000
3.060000e+003	2.19758902e-001	-3.18024110e+000	1.35125651e+003	0.00000000e+000	4.5646e+014	1.0000e-010	0.0000e+000
3.070000e+003	2.19894027e-001	-3.18010597e+000	1.34260739e+003	0.00000000e+000	4.5408e+014	1.0000e-010	0.0000e+000
3.080000e+003	2.20028288e-001	-3.17997171e+000	1.33400308e+003	0.00000000e+000	4.5173e+014	1.0000e-010	0.0000e+000
3.090000e+003	2.20161688e-001	-3.17983831e+000	1.32544305e+003	0.00000000e+000	4.4940e+014	1.0000e-010	0.0000e+000
3.100000e+003	2.20294233e-001	-3.17970577e+000	1.31692679e+003	0.00000000e+000	4.4710e+014	1.0000e-010	0.0000e+000
3.110000e+003	2.20425925e-001	-3.17957407e+000	1.30845381e+003	0.00000000e+000	4.4483e+014	1.0000e-010	0.0000e+000
3.120000e+003	2.20556771e-001	-3.17944323e+000	1.30002360e+003	0.00000000e+000	4.4259e+014	1.0000e-010	0.0000e+000
3.130000e+003	2.20686773e-001	-3.17931323e+000	1.29163568e+003	0.00000000e+000	4.4037e+014	1.0000e-010	0.0000e+000
3.140000e+003	2.20815937e-001	-3.17918406e+000	1.28328956e+003	0.00000000e+000	4.3817e+014	1.0000e-010	0.0000e+000
3.150000e+003	2.20944266e-001	-3.17905573e+000	1.27498478e+003	0.00000000e+000	4.3600e+014	1.0000e-010	0.0000e+000
3.160000e+003	2.21071764e-001	-3.17892824e+000	1.26672084e+003	0.00000000e+000	4.3386e+014	1.0000e-010	0.0000e+000
3.170000e+003	2.21198436e-001	-3.17880156e+000	1.25849731e+003	0.00000000e+000	4.3174e+014	1.0000e-010	0.0000e+000
3.180000e+003	2.21324286e-001	-3.17867571e+000	1.25031370e+003	0.00000000e+000	4.2964e+014	1.0000e-010	0.0000e+000
3.190000e+003	2.21449317e-001	-3.17855068e+000	1.24216959e+003	0.00000000e+000	4.2757e+014	1.0000e-010	0.0000e+000
3.200000e+003	2.21573534e-001	-3.17842647e+000	1.23406450e+003	0.00000000e+000	4.2552e+014	1.0000e-010	0.0000e+000
3.210000e+003	2.21696941e-001	-3.17830306e+000	1.22599802e+003	0.00000000e+000	4.2349e+014	1.0000e-010	0.0000e+000
3.220000e+003	2.21819541e-001	-3.17818046e+000	1.21796970e+003	0.00000000e+000	4.2149e+014	1.0000e-010	0.0000e+000
3.230000e+003	2.21941338e-001	-3.17805866e+000	1.20997912e+003	0.00000000e+000	4.1951e+014	1.0000e-010	0.0000e+000
3.240000e+003	2.22062335e-001	-3.17793766e+000	1.20202585e+003	0.00000000e+000	4.1755e+014	1.0000e-010	0.0000e+000
3.250000e+003	2.22182538e-001	-3.17781746e+000	1.19410947e+003	0.00000000e+000	4.1561e+014	1.0000e-010	0.0000e+000
3.260000e+003	2.22301949e-001	-3.17769805e+000	1.18622957e+003	0.00000000e+000	4.1370e+014	1.0000e-010	0.0000e+000
3.270000e+003	2.22420572e-001	-3.17757943e+000	1.17838575e+003	0.00000000e+000	4.1180e+014	1.0000e-010	0.0000e+000
3.280000e+003	2.22538411e-001	-3.17746159e+000	1.17057760e+003	0.00000000e+000	4.0993e+014	1.0000e-010	0.0000e+000
3.290000e+003	2.22655468e-001	-3.17734453e+000	1.16280473e+003	0.00000000e+000	4.0808e+014	1.0000e-010	0.0000e+000
3.300000e+003	2.22771749e-001	-3.17722825e+000	1.15506674e+003	0.00000000e+000	4.0625e+014	1.0000e-010	0.0000e+000
3.310000e+003	2.22887255e-001	-3.17711274e+000	1.14736324e+003	0.00000000e+000	4.0443e+014	1.0000e-010	0.0000e+000
3.320000e+003	2.23001992e-001	-3.17699801e+000	1.13969386e+003	0.00000000e+000	4.0264e+014	1.0000e-010	0.0000e+000
3.330000e+003	2.23115961e-001	-3.17688404e+000	1.13205822e+003	0.00000000e+000	4.0087e+014	1.0000e-010	0.0000e+000
3.340000e+003	2.23229167e-001	-3.17677083e+000	1.12445594e+003	0.00000000e+000	3.9912e+014	1.0000e-010	0.0000e+000
3.350000e+003	2.23341613e-001	-3.17665839e+000	1.11688665e+003	0.00000000e+000	3.9739e+014	1.0000e-010	0.0000e+000
3.360000e+003	2.23453301e-001	-3.17654670e+000	1.10935000e+003	0.00000000e+000	3.9568e+014	1.0000e-010	0.0000e+000
3.370000e+003	2.23564236e-001	-3.17643576e+000	1.10184561e+003	0.00000000e+000	3.9398e+014	1.0000e-010	0.0000e+000
3.380000e+003	2.23674421e-001	-3.17632558e+000	1.09437315e+003	0.00000000e+000	3.9231e+014	1.0000e-010	0.0000e+000
3.390000e+003	2.23783858e-001	-3.17621614e+000	1.08693224e+003	0.00000000e+000	3.9065e+014	1.0000e-010	0.0000e+000
3.400000e+003	2.23892551e-001	-3.17610745e+000	1.07952256e+003	0.00000000e+000	3.8901e+014	1.0000e-010	0.0000e+000
3.410000e+003	2.24000504e-001	-3.17599950e+000	1.07214376e+003	0.00000000e+000	3.8739e+014	1.0000e-010	0.0000e+000
3.420000e+003	2.24107718e-001	-3.17589228e+000	1.06479549e+003	0.00000000e+000	3.8579e+014	1.0000e-010	0.0000e+000
3.430000e+003	2.24214197e-001	-3.17578580e+000	1.05747743e+003	0.00000000e+000	3.8420e+014	1.0000e-010	0.0000e+000
3.440000e+003	2.24319945e-001	-3.17568005e+000	1.05018924e+003	0.00000000e+000	3.8263e+014	1.0000e-010	0.0000e+000
3.450000e+003	2.24424964e-001	-3.17557504e+000	1.04293060e+003	0.00000000e+000	3.8108e+014	1.0000e-010	0.0000e+000
3.460000e+003	2.24529257e-001	-3.17547074e+000	1.03570118e+003	0.00000000e+000	3.7955e+014	1.0000e-010	0.0000e+000
3.470000e+003	2.24632827e-001	-3.17536717e+000	1.02850067e+003	0.00000000e+000	3.7803e+014	1.0000e-010	0.0000e+000
3.480000e+003	2.24735677e-001	-3.17526432e+000	1.02132874e+003	0.00000000e+000	3.7653e+014	1.0000e-010	0.0000e+000
3.490000e+003	2.24837810e-001	-3.17516219e+000	1.01418510e+003	0.00000000e+000	3.7504e+014	1.0000e-010	0.0000e+000
3.500000e+003	2.24939229e-001	-3.17506077e+000	1.00706942e+003	0.00000000e+000	3.7357e+014	1.0000e-010	0.0000e+000
3.510000e+003	2.25039936e-001	-3.17496006e+000	9.99981411e+002	0.00000000e+000	3.7212e+014	1.0000e-010	0.0000e+000
3.520000e+003	2.25139934e-001	-3.17486007e+000	9.92920765e+002	0.00000000e+000	3.7069e+014	1.0000e-010	0.0000e+000
3.530000e+003	2.25239226e-001	-3.17476077e+000	9.85887185e+002	0.00000000e+000	3.6926e+014	1.0000e-010	0.0000e+000
3.540000e+003	2.25337815e-001	-3.17466219e+000	9.78880378e+002	0.00000000e+000	3.6786e+014	1.0000e-010	0.0000e+000
3.550000e+003	2.25435703e-001	-3.17456430e+000	9.71900051e+002	0.00000000e+000	3.6647e+014	1.0000e-010	0.0000e+000
3.560000e+003	2.25532893e-001	-3.17446711e+000	9.64945918e+002	0.00000000e+000	3.6509e+014	1.0000e-010	0.0000e+000
3.570000e+003	2.25629387e-001	-3.17437061e+000	9.58017693e+002	0.00000000e+000	3.6373e+014	1.0000e-010	0.0000e+000
3.580000e+003	2.25725189e-001	-3.17427481e+000	9.51115095e+002	0.00000000e+000	3.6239e+014	1.0000e-010	0.0000e+000
3.590000e+003	2.25820301e-001	-3.17417970e+000	9.44237846e+002	0.00000000e+000	3.6106e+014	1.0000e-010	0.0000e+000
3.600000e+003	2.25914724e-001	-3.17408528e+000	9.37385669e+002	0.00000000e+000	3.5974e+014	1.0000e-010	0.0000e+000
3.610000e+003	2.26008463e-001	-3.17399154e+000	9.30558294e+002	0.00000000e+000	3.5844e+014	1.0000e-010	0.0000e+000
3.620000e+003	2.26101519e-001	-3.17389848e+000	9.23755450e+002	0.00000000e+000	3.5715e+014	1.0000e-010	0.0000e+000
3.630000e+003	2.26193894e-001	-3.17380611e+000	9.16976871e+002	0.00000000e+000	3.5588e+014	1.0000e-010	0.0000e+000
3.640000e+003	2.26285592e-001	-3.17371441e+000	9.10222293e+002	0.00000000e+000	3.5462e+014	1.0000e-010	0.0000e+000
3.650000e+003	2.26376614e-001	-3.17362339e+000	9.03491455e+002	0.00000000e+000	3.5337e+014	1.0000e-010	0.0000e+000
3.660000e+003	2.26466963e-001	-3.17353304e+000	8.96784100e+002	0.00000000e+000	3.5214e+014	1.0000e-010	0.0000e+000
3.670000e+003	2.26556642e-001	-3.17344336e+000	8.90099971e+002	0.00000000e+000	3.5092e+014	1.0000e-010	0.0000e+000
3.680000e+003	2.26645652e-001	-3.17335435e+000	8.83438817e+002	0.00000000e+000	3.4971e+014	1.0000e-010	0.0000e+000
3.690000e+003	2.26733996e-001	-3.17326600e+000	8.76800387e+002	0.00000000e+000	3.4852e+014	1.0000e-010	0.0000e+000
3.700000e+003	2.26821676e-001	-3.17317832e+000	8.70184434e+002	0.00000000e+000	3.4734e+014	1.0000e-010	0.0000e+000
3.710000e+003	2.26908694e-001	-3.17309131e+000	8.63590714e+002	0.00000000e+000	3.4617e+014	1.0000e-010	0.0000e+000
3.720000e+003	2.26995053e-001	-3.17300495e+000	8.57018982e+002	0.00000000e+000	3.4502e+014	1.0000e-010	0.0000e+000
3.730000e+003	2.27080755e-001	-3.17291924e+000	8.50469001e+002	0.00000000e+000	3.4388e+014	1.0000e-010	0.0000e+000
3.740000e+003	2.27165802e-001	-3.17283420e+000	8.43940532e+002	0.00000000e+000	3.4275e+014	1.0000e-010	0.0000e+000
3.750000e+003	2.27250196e-001	-3.17274980e+000	8.37433341e+002	0.00000000e+000	3.4163e+014	1.0000e-010	0.0000e+000
3.760000e+003	2.27333939e-001	-3.17266606e+000	8.30947194e+002	0.00000000e+000	3.4052e+014	1.0000e-010	0.0000e+000
3.770000e+003	2.27417034e-001	-3.17258297e+000	8.24481862e+002	0.00000000e+000	3.3943e+014	1.0000e-010	0.0000e+000
3.780000e+003	2.27499482e-001	-3.17250052e+000	8.18037117e+002	0.00000000e+000	3.3835e+014	1.0000e-010	0.0000e+000
3.790000e+003	2.27581286e-001	-3.17241871e+000	8.11612733e+002	0.00000000e+000	3.3728e+014	1.0000e-010	0.0000e+000
3.800000e+003	2.27662447e-001	-3.17233755e+000	8.05208486e+002	0.00000000e+000	3.3622e+014	1.0000e-010	0.0000e+000
3.810000e+003	2.27742968e-001	-3.17225703e+000	7.98824156e+002	0.00000000e+000	3.3518e+014	1.0000e-010	0.0000e+000
3.820000e+003	2.27822851e-001	-3.17217715e+000	7.92459522e+002	0.00000000e+000	3.3414e+014	1.0000e-010	0.0000e+000
3.830000e+003	2.27902096e-001	-3.17209790e+000	7.86114369e+002	0.00000000e+000	3.3312e+014	1.0000e-010	0.0000e+000
3.840000e+003	2.27980708e-001	-3.17201929e+000	7.79788480e+002	0.00000000e+000	3.3211e+014	1.0000e-010	0.0000e+000
3.850000e+003	2.28058687e-001	-3.17194131e+000	7.73481644e+002	0.00000000e+000	3.3111e+014	1.0000e-010	0.0000e+000
3.860000e+003	2.28136035e-001	-3.17186397e+000	7.67193650e+002	0.00000000e+000	3.3012e+014	1.0000e-010	0.0000e+000
3.870000e+003	2.28212754e-001	-3.17178725e+000	7.60924289e+002	0.00000000e+000	3.2914e+014	1.0000e-010	0.0000e+000
3.880000e+003	2.28288847e-001	-3.17171115e+000	7.54673353e+002	0.00000000e+000	3.2818e+014	1.0000e-010	0.0000e+000
3.890000e+003	2.28364314e-001	-3.17163569e+000	7.48440639e+002	0.00000000e+000	3.2722e+014	1.0000e-010	0.0000e+000
3.900000e+003	2.28439158e-001	-3.17156084e+000	7.42225943e+002	0.00000000e+000	3.2627e+014	1.0000e-010	0.0000e+000
3.910000e+003	2.28513381e-001	-3.17148662e+000	7.36029064e+002	0.00000000e+000	3.2534e+014	1.0000e-010	0.0000e+000
3.920000e+003	2.28586984e-001	-3.17141302e+000	7.29849804e+002	0.00000000e+000	3.2441e+014	1.0000e-010	0.0000e+000
3.930000e+003	2.28659969e-001	-3.17134003e+000	7.23687963e+002	0.00000000e+000	3.2350e+014	1.0000e-010	0.0000e+000
3.940000e+003	2.28732337e-001	-3.17126766e+000	7.17543348e+002	0.00000000e+000	3.2259e+014	1.0000e-010	0.0000e+000
3.950000e+003	2.28804092e-001	-3.17119591e+000	7.11415764e+002	0.00000000e+000	3.2170e+014	1.0000e-010	0.0000e+000
3.960000e+003	2.28875233e-001	-3.17112477e+000	7.05305019e+002	0.00000000e+000	3.2082e+014	1.0000e-010	0.0000e+000
3.970000e+003	2.28945764e-001	-3.17105424e+000	6.99210924e+002	0.00000000e+000	3.1994e+014	1.0000e-010	0.0000e+000
3.980000e+003	2.29015685e-001	-3.17098432e+000	6.93133288e+002	0.00000000e+000	3.1908e+014	1.0000e-010	0.0000e+000
3.990000e+003	2.29084998e-001	-3.17091500e+000	6.87071926e+002	0.00000000e+000	3.1822e+014	1.0000e-010	0.0000e+000
4.000000e+003	2.29153705e-001	-3.17084629e+000	6.81026651e+002	0.00000000e+000	3.1738e+014	1.0000e-010	0.0000e+000
4.010000e+003	2.29221808e-001	-3.17077819e+000	6.74997281e+002	0.00000000e+000	3.1654e+014	1.0000e-010	0.0000e+000
4.020000e+003	2.29289308e-001	-3.17071069e+000	6.68983633e+002	0.00000000e+000	3.1572e+014	1.0000e-010	0.0000e+000
4.030000e+003	2.29356206e-001	-3.17064379e+000	6.62985527e+002	0.00000000e+000	3.1490e+014	1.0000e-010	0.0000e+000
4.040000e+003	2.29422505e-001	-3.17057750e+000	6.57002784e+002	0.00000000e+000	3.1410e+014	1.0000e-010	0.0000e+000
4.050000e+003	2.29488205e-001	-3.17051179e+000	6.51035225e+002	0.00000000e+000	3.1330e+014	1.0000e-010	0.0000e+000
4.060000e+003	2.29553309e-001	-3.17044669e+000	6.45082676e+002	0.00000000e+000	3.1251e+014	1.0000e-010	0.0000e+000
4.070000e+003	2.29617817e-001	-3.17038218e+000	6.39144962e+002	0.00000000e+000	3.1173e+014	1.0000e-010	0.0000e+000
4.080000e+003	2.29681731e-001	-3.17031827e+000	6.33221910e+002	0.00000000e+000	3.1096e+014	1.0000e-010	0.0000e+000
4.090000e+003	2.29745054e-001	-3.17025495e+000	6.27313348e+002	0.00000000e+000	3.1020e+014	1.0000e-010	0.0000e+000
4.100000e+003	2.29807785e-001	-3.17019222e+000	6.21419106e+002	0.00000000e+000	3.0945e+014	1.0000e-010	0.0000e+000
4.110000e+003	2.29869927e-001	-3.17013007e+000	6.15539015e+002	0.00000000e+000	3.0871e+014	1.0000e-010	0.0000e+000
4.120000e+003	2.29931481e-001	-3.17006852e+000	6.09672908e+002	0.00000000e+000	3.0797e+014	1.0000e-010	0.0000e+000
4.130000e+003	2.29992448e-001	-3.17000755e+000	6.03820619e+002	0.00000000e+000	3.0725e+014	1.0000e-010	0.0000e+000
4.140000e+003	2.30052830e-001	-3.16994717e+000	5.97981984e+002	0.00000000e+000	3.0653e+014	1.0000e-010	0.0000e+000
4.150000e+003	2.30112628e-001	-3.16988737e+000	5.92156838e+002	0.00000000e+000	3.0582e+014	1.0000e-010	0.0000e+000
4.160000e+003	2.30171844e-001	-3.16982816e+000	5.86345019e+002	0.00000000e+000	3.0512e+014	1.0000e-010	0.0000e+000
4.170000e+003	2.30230478e-001	-3.16976952e+000	5.80546368e+002	0.00000000e+000	3.0443e+014	1.0000e-010	0.0000e+000
4.180000e+003	2.30288533e-001	-3.16971147e+000	5.74760723e+002	0.00000000e+000	3.0375e+014	1.0000e-010	0.0000e+000
4.190000e+003	2.30346009e-001	-3.16965399e+000	5.68987927e+002	0.00000000e+000	3.0307e+014	1.0000e-010	0.0000e+000
4.200000e+003	2.30402908e-001	-3.16959709e+000	5.63227823e+002	0.00000000e+000	3.0241e+014	1.0000e-010	0.0000e+000
4.210000e+003	2.30459231e-001	-3.16954077e+000	5.57480255e+002	0.00000000e+000	3.0175e+014	1.0000e-010	0.0000e+000
4.220000e+003	2.30514979e-001	-3.16948502e+000	5.51745067e+002	0.00000000e+000	3.0110e+014	1.0000e-010	0.0000e+000
4.230000e+003	2.30570153e-001	-3.16942985e+000	5.46022107e+002	0.00000000e+000	3.0046e+014	1.0000e-010	0.0000e+000
4.240000e+003	2.30624755e-001	-3.16937524e+000	5.40311221e+002	0.00000000e+000	2.9982e+014	1.0000e-010	0.0000e+000
4.250000e+003	2.30678787e-001	-3.16932121e+000	5.34612259e+002	0.00000000e+000	2.9920e+014	1.0000e-010	0.0000e+000
4.260000e+003	2.30732248e-001	-3.16926775e+000	5.28925070e+002	0.00000000e+000	2.9858e+014	1.0000e-010	0.0000e+000
4.270000e+003	2.30785140e-001	-3.16921486e+000	5.23249505e+002	0.00000000e+000	2.9797e+014	1.0000e-010	0.0000e+000
4.280000e+003	2.30837465e-001	-3.16916253e+000	5.17585416e+002	0.00000000e+000	2.9737e+014	1.0000e-010	0.0000e+000
4.290000e+003	2.30889224e-001	-3.16911078e+000	5.11932656e+002	0.00000000e+000	2.9677e+014	1.0000e-010	0.0000e+000
4.300000e+003	2.30940417e-001	-3.16905958e+000	5.06291078e+002	0.00000000e+000	2.9618e+014	1.0000e-010	0.0000e+000
4.310000e+003	2.30991046e-001	-3.16900895e+000	5.00660538e+002	0.00000000e+000	2.9560e+014	1.0000e-010	0.0000e+000
4.320000e+003	2.31041112e-001	-3.16895889e+000	4.95040892e+002	0.00000000e+000	2.9503e+014	1.0000e-010	0.0000e+000
4.330000e+003	2.31090616e-001	-3.16890938e+000	4.89431997e+002	0.00000000e+000	2.9447e+014	1.0000e-010	0.0000e+000
4.340000e+003	2.31139559e-001	-3.16886044e+000	4.83833710e+002	0.00000000e+000	2.9391e+014	1.0000e-010	0.0000e+000
4.350000e+003	2.31187943e-001	-3.16881206e+000	4.78245891e+002	0.00000000e+000	2.9336e+014	1.0000e-010	0.0000e+000
4.360000e+003	2.31235767e-001	-3.16876423e+000	4.72668400e+002	0.00000000e+000	2.9282e+014	1.0000e-010	0.0000e+000
4.370000e+003	2.31283034e-001	-3.16871697e+000	4.67101097e+002	0.00000000e+000	2.9228e+014	1.0000e-010	0.0000e+000
4.380000e+003	2.31329744e-001	-3.16867026e+000	4.61543844e+002	0.00000000e+000	2.9176e+014	1.0000e-010	0.0000e+000
4.390000e+003	2.31375899e-001	-3.16862410e+000	4.55996504e+002	0.00000000e+000	2.9124e+014	1.0000e-010	0.0000e+000
4.400000e+003	2.31421498e-001	-3.16857850e+000	4.50458940e+002	0.00000000e+000	2.9072e+014	1.0000e-010	0.0000e+000
4.410000e+003	2.31466544e-001	-3.16853346e+000	4.44931017e+002	0.00000000e+000	2.9022e+014	1.0000e-010	0.0000e+000
4.420000e+003	2.31511037e-001	-3.16848896e+000	4.39412599e+002	0.00000000e+000	2.8972e+014	1.0000e-010	0.0000e+000
4.430000e+003	2.31554979e-001	-3.16844502e+000	4.33903553e+002	0.00000000e+000	2.8923e+014	1.0000e-010	0.0000e+000
4.440000e+003	2.31598369e-001	-3.16840163e+000	4.28403746e+002	0.00000000e+000	2.8874e+014	1.0000e-010	0.0000e+000
4.450000e+003	2.31641209e-001	-3.16835879e+000	4.22913045e+002	0.00000000e+000	2.8826e+014	1.0000e-010	0.0000e+000
4.460000e+003	2.31683501e-001	-3.16831650e+000	4.17431319e+002	0.00000000e+000	2.8779e+014	1.0000e-010	0.0000e+000
4.470000e+003	2.31725244e-001	-3.16827476e+000	4.11958438e+002	0.00000000e+000	2.8733e+014	1.0000e-010	0.0000e+000
4.480000e+003	2.31766440e-001	-3.16823356e+000	4.06494270e+002	0.00000000e+000	2.8687e+014	1.0000e-010	0.0000e+000
4.490000e+003	2.31807089e-001	-3.16819291e+000	4.01038688e+002	0.00000000e+000	2.8642e+014	1.0000e-010	0.0000e+000
4.500000e+003	2.31847193e-001	-3.16815281e+000	3.95591562e+002	0.00000000e+000	2.8597e+014	1.0000e-010	0.0000e+000
4.510000e+003	2.31886752e-001	-3.16811325e+000	3.90152765e+002	0.00000000e+000	2.8554e+014	1.0000e-010	0.0000e+000
4.520000e+003	2.31925767e-001	-3.16807423e+000	3.84722170e+002	0.00000000e+000	2.8511e+014	1.0000e-010	0.0000e+000
4.530000e+003	2.31964240e-001	-3.16803576e+000	3.79299651e+002	0.00000000e+000	2.8468e+014	1.0000e-010	0.0000e+000
4.540000e+003	2.32002170e-001	-3.16799783e+000	3.73885082e+002	0.00000000e+000	2.8427e+014	1.0000e-010	0.0000e+000
4.550000e+003	2.32039558e-001	-3.16796044e+000	3.68478338e+002	0.00000000e+000	2.8385e+014	1.0000e-010	0.0000e+000
4.560000e+003	2.32076406e-001	-3.16792359e+000	3.63079295e+002	0.00000000e+000	2.8345e+014	1.0000e-010	0.0000e+000
4.570000e+003	2.32112714e-001	-3.16788729e+000	3.57687829e+002	0.00000000e+000	2.8305e+014	1.0000e-010	0.0000e+000
4.580000e+003	2.32148483e-001	-3.16785152e+000	3.52303818e+002	0.00000000e+000	2.8266e+014	1.0000e-010	0.0000e+000
4.590000e+003	2.32183713e-001	-3.16781629e+000	3.46927139e+002	0.00000000e+000	2.8228e+014	1.0000e-010	0.0000e+000
4.600000e+003	2.32218406e-001	-3.16778159e+000	3.41557671e+002	0.00000000e+000	2.8190e+014	1.0000e-010	0.0000e+000
4.610000e+003	2.32252562e-001	-3.16774744e+000	3.36195292e+002	0.00000000e+000	2.8153e+014	1.0000e-010	0.0000e+000
4.620000e+003	2.32286181e-001	-3.16771382e+000	3.30839882e+002	0.00000000e+000	2.8116e+014	1.0000e-010	0.0000e+000
4.630000e+003	2.32319265e-001	-3.16768073e+000	3.25491321e+002	0.00000000e+000	2.8080e+014	1.0000e-010	0.0000e+000
4.640000e+003	2.32351814e-001	-3.16764819e+000	3.20149490e+002	0.00000000e+000	2.8045e+014	1.0000e-010	0.0000e+000
4.650000e+003	2.32383829e-001	-3.16761617e+000	3.14814270e+002	0.00000000e+000	2.8010e+014	1.0000e-010	0.0000e+000
4.660000e+003	2.32415311e-001	-3.16758469e+000	3.09485544e+002	0.00000000e+000	2.7976e+014	1.0000e-010	0.0000e+000
4.670000e+003	2.32446259e-001	-3.16755374e+000	3.04163192e+002	0.00000000e+000	2.7942e+014	1.0000e-010	0.0000e+000
4.680000e+003	2.32476675e-001	-3.16752332e+000	2.98847100e+002	0.00000000e+000	2.7910e+014	1.0000e-010	0.0000e+000
4.690000e+003	2.32506560e-001	-3.16749344e+000	2.93537149e+002	0.00000000e+000	2.7877e+014	1.0000e-010	0.0000e+000
4.700000e+003	2.32535914e-001	-3.16746409e+000	2.88233223e+002	0.00000000e+000	2.7846e+014	1.0000e-010	0.0000e+000
4.710000e+003	2.32564737e-001	-3.16743526e+000	2.82935208e+002	0.00000000e+000	2.7815e+014	1.0000e-010	0.0000e+000
4.720000e+003	2.32593031e-001	-3.16740697e+000	2.77642989e+002	0.00000000e+000	2.7784e+014	1.0000e-010	0.0000e+000
4.730000e+003	2.32620795e-001	-3.16737921e+000	2.72356449e+002	0.00000000e+000	2.7754e+014	1.0000e-010	0.0000e+000
4.740000e+003	2.32648031e-001	-3.16735197e+000	2.67075477e+002	0.00000000e+000	2.7725e+014	1.0000e-010	0.0000e+000
4.750000e+003	2.32674738e-001	-3.16732526e+000	2.61799957e+002	0.00000000e+000	2.7697e+014	1.0000e-010	0.0000e+000
4.760000e+003	2.32700918e-001	-3.16729908e+000	2.56529777e+002	0.00000000e+000	2.7669e+014	1.0000e-010	0.0000e+000
4.770000e+003	2.32726571e-001	-3.16727343e+000	2.51264824e+002	0.00000000e+000	2.7641e+014	1.0000e-010	0.0000e+000
4.780000e+003	2.32751698e-001	-3.16724830e+000	2.46004986e+002	0.00000000e+000	2.7614e+014	1.0000e-010	0.0000e+000
4.790000e+003	2.32776298e-001	-3.16722370e+000	2.40750151e+002	0.00000000e+000	2.7588e+014	1.0000e-010	0.0000e+000
4.800000e+003	2.32800373e-001	-3.16719963e+000	2.35500207e+002	0.00000000e+000	2.7562e+014	1.0000e-010	0.0000e+000
4.810000e+003	2.32823923e-001	-3.16717608e+000	2.30255043e+002	0.00000000e+000	2.7537e+014	1.0000e-010	0.0000e+000
4.820000e+003	2.32846949e-001	-3.16715305e+000	2.25014549e+002	0.00000000e+000	2.7513e+014	1.0000e-010	0.0000e+000
4.830000e+003	2.32869450e-001	-3.16713055e+000	2.19778614e+002	0.00000000e+000	2.7489e+014	1.0000e-010	0.0000e+000
4.840000e+003	2.32891428e-001	-3.16710857e+000	2.14547129e+002	0.00000000e+000	2.7465e+014	1.0000e-010	0.0000e+000
4.850000e+003	2.32912883e-001	-3.16708712e+000	2.09319983e+002	0.00000000e+000	2.7443e+014	1.0000e-010	0.0000e+000
4.860000e+003	2.32933815e-001	-3.16706619e+000	2.04097068e+002	0.00000000e+000	2.7420e+014	1.0000e-010	0.0000e+000
4.870000e+003	2.32954224e-001	-3.16704578e+000	1.98878275e+002	0.00000000e+000	2.7399e+014	1.0000e-010	0.0000e+000
4.880000e+003	2.32974112e-001	-3.16702589e+000	1.93663495e+002	0.00000000e+000	2.7378e+014	1.0000e-010	0.0000e+000
4.890000e+003	2.32993479e-001	-3.16700652e+000	1.88452620e+002	0.00000000e+000	2.7357e+014	1.0000e-010	0.0000e+000
4.900000e+003	2.33012324e-001	-3.16698768e+000	1.83245543e+002	0.00000000e+000	2.7337e+014	1.0000e-010	0.0000e+000
4.910000e+003	2.33030648e-001	-3.16696935e+000	1.78042155e+002	0.00000000e+000	2.7318e+014	1.0000e-010	0.0000e+000
4.920000e+003	2.33048453e-001	-3.16695155e+000	1.72842349e+002	0.00000000e+000	2.7299e+014	1.0000e-010	0.0000e+000
4.930000e+003	2.33065737e-001	-3.16693426e+000	1.67646018e+002	0.00000000e+000	2.7281e+014	1.0000e-010	0.0000e+000
4.940000e+003	2.33082501e-001	-3.16691750e+000	1.62453057e+002	0.00000000e+000	2.7263e+014	1.0000e-010	0.0000e+000
4.950000e+003	2.33098747e-001	-3.16690125e+000	1.57263357e+002	0.00000000e+000	2.7246e+014	1.0000e-010	0.0000e+000
4.960000e+003	2.33114473e-001	-3.16688553e+000	1.52076814e+002	0.00000000e+000	2.7229e+014	1.0000e-010	0.0000e+000
4.970000e+003	2.33129681e-001	-3.16687032e+000	1.46893320e+002	0.00000000e+000	2.7213e+014	1.0000e-010	0.0000e+000
4.980000e+003	2.33144370e-001	-3.16685563e+000	1.41712771e+002	0.00000000e+000	2.7198e+014	1.0000e-010	0.0000e+000
4.990000e+003	2.33158541e-001	-3.16684146e+000	1.36535062e+002	0.00000000e+000	2.7183e+014	1.0000e-010	0.0000e+000
5.000000e+003	2.33172195e-001	-3.16682781e+000	1.31360086e+002	0.00000000e+000	2.7169e+014	1.0000e-010	0.0000e+000
5.010000e+003	2.33185331e-001	-3.16681467e+000	1.26187738e+002	0.00000000e+000	2.7155e+014	1.0000e-010	0.0000e+000
5.020000e+003	2.33197950e-001	-3.16680205e+000	1.21017915e+002	0.00000000e+000	2.7142e+014	1.0000e-010	0.0000e+000
5.030000e+003	2.33210051e-001	-3.16678995e+000	1.15850512e+002	0.00000000e+000	2.7129e+014	1.0000e-010	0.0000e+000
5.040000e+003	2.33221637e-001	-3.16677836e+000	1.10685424e+002	0.00000000e+000	2.7117e+014	1.0000e-010	0.0000e+000
5.050000e+003	2.33232705e-001	-3.16676729e+000	1.05522546e+002	0.00000000e+000	2.7105e+014	1.0000e-010	0.0000e+000
5.060000e+003	2.33243257e-001	-3.16675674e+000	1.00361776e+002	0.00000000e+000	2.7094e+014	1.0000e-010	0.0000e+000
5.070000e+003	2.33253293e-001	-3.16674671e+000	9.52030083e+001	0.00000000e+000	2.7084e+014	1.0000e-010	0.0000e+000
5.080000e+003	2.33262814e-001	-3.16673719e+000	9.00461404e+001	0.00000000e+000	2.7074e+014	1.0000e-010	0.0000e+000
5.090000e+003	2.33271818e-001	-3.16672818e+000	8.48910684e+001	0.00000000e+000	2.7064e+014	1.0000e-010	0.0000e+000
5.100000e+003	2.33280308e-001	-3.16671969e+000	7.97376889e+001	0.00000000e+000	2.7055e+014	1.0000e-010	0.0000e+000
5.110000e+003	2.33288281e-001	-3.16671172e+000	7.45858986e+001	0.00000000e+000	2.7047e+014	1.0000e-010	0.0000e+000
5.120000e+003	2.33295740e-001	-3.16670426e+000	6.94355945e+001	0.00000000e+000	2.7039e+014	1.0000e-010	0.0000e+000
5.130000e+003	2.33302683e-001	-3.16669732e+000	6.42866735e+001	0.00000000e+000	2.7032e+014	1.0000e-010	0.0000e+000
5.140000e+003	2.33309112e-001	-3.16669089e+000	5.91390327e+001	0.00000000e+000	2.7025e+014	1.0000e-010	0.0000e+000
5.150000e+003	2.33315026e-001	-3.16668497e+000	5.39925694e+001	0.00000000e+000	2.7019e+014	1.0000e-010	0.0000e+000
5.160000e+003	2.33320425e-001	-3.16667957e+000	4.88471808e+001	0.00000000e+000	2.7013e+014	1.0000e-010	0.0000e+000
5.170000e+003	2.33325310e-001	-3.16667469e+000	4.37027644e+001	0.00000000e+000	2.7008e+014	1.0000e-010	0.0000e+000
5.180000e+003	2.33329680e-001	-3.16667032e+000	3.85592175e+001	0.00000000e+000	2.7004e+014	1.0000e-010	0.0000e+000
5.190000e+003	2.33333536e-001	-3.16666646e+000	3.34164378e+001	0.00000000e+000	2.7000e+014	1.0000e-010	0.0000e+000
5.200000e+003	2.33336878e-001	-3.16666312e+000	2.82743228e+001	0.00000000e+000	2.6996e+014	1.0000e-010	0.0000e+000
5.210000e+003	2.33339705e-001	-3.16666029e+000	2.31327701e+001	0.00000000e+000	2.6993e+014	1.0000e-010	0.0000e+000
5.220000e+003	2.33342019e-001	-3.16665798e+000	1.79916775e+001	0.00000000e+000	2.6991e+014	1.0000e-010	0.0000e+000
5.230000e+003	2.33343818e-001	-3.16665618e+000	1.28509427e+001	0.00000000e+000	2.6989e+014	1.0000e-010	0.0000e+000
5.240000e+003	2.33345103e-001	-3.16665490e+000	7.71046341e+000	0.00000000e+000	2.6988e+014	1.0000e-010	0.0000e+000
5.250000e+003	2.33345874e-001	-3.16665413e+000	2.57013743e+000	0.00000000e+000	2.6987e+014	1.0000e-010	0.0000e+000
5.260000e+003	2.33346131e-001	-3.16665387e+000	2.57013743e+000	0.00000000e+000	2.6987e+014	1.0000e-010	0.0000e+000
