Y (ang)	Ec (eV)	Ev (eV)	E (V/cm)	Ef (eV)	n (cm-3)	p (cm-3)	Nd - Na (cm-3)
0.000000e+000	-5.40000000e+000	-8.80000000e+000	3.36316033e+007	-6.00000000e+000	1.8691e+008	1.0000e-010	0.0000e+000
1.000000e+001	-2.03683967e+000	-5.43683967e+000	1.11318516e+007	0.00000000e+000	1.1812e+021	1.0000e-010	0.0000e+000
2.000000e+001	-8.96774506e-001	-4.33037451e+000	4.43851690e+006	0.00000000e+000	3.4539e+020	1.0000e-010	-6.3085e+018
3.000000e+001	-4.26042816e-001	-3.89324282e+000	2.15529659e+006	0.00000000e+000	1.1352e+020	1.0000e-010	-6.3427e+018
4.000000e+001	-1.83633157e-001	-3.68443316e+000	1.40909407e+006	0.00000000e+000	3.2793e+019	1.0000e-010	-6.3768e+018
5.000000e+001	-1.58437499e-002	-3.55024375e+000	1.23615373e+006	0.00000000e+000	2.7160e+018	1.0000e-010	-6.4110e+018
6.000000e+001	1.34651623e-001	-3.43334838e+000	1.11394569e+006	0.00000000e+000	1.2278e+016	1.0000e-010	-6.4451e+018
7.000000e+001	2.72926193e-001	-3.32867381e+000	9.91005590e+005	0.00000000e+000	5.8376e+013	1.0000e-010	-6.4793e+018
8.000000e+001	3.98906752e-001	-3.23629325e+000	8.67096901e+005	0.00000000e+000	4.4653e+011	1.0000e-010	-6.5134e+018
9.000000e+001	5.12496442e-001	-3.15630356e+000	7.42214811e+005	0.00000000e+000	5.5160e+009	1.0000e-010	-6.5476e+018
1.000000e+002	6.13597923e-001	-3.08880208e+000	6.16355581e+005	0.00000000e+000	1.1046e+008	1.0000e-010	-6.5817e+018
1.100000e+002	7.02113481e-001	-3.03388652e+000	4.89515461e+005	0.00000000e+000	3.5991e+006	1.0000e-010	-6.6159e+018
1.200000e+002	7.77945027e-001	-2.99165497e+000	3.61690681e+005	0.00000000e+000	1.9155e+005	1.0000e-010	-6.6500e+018
1.300000e+002	8.40994095e-001	-2.96220590e+000	2.32877451e+005	0.00000000e+000	1.6715e+004	1.0000e-010	-6.6842e+018
1.400000e+002	8.91161840e-001	-2.94563816e+000	1.03071965e+005	0.00000000e+000	2.4006e+003	1.0000e-010	-6.7183e+018
1.500000e+002	9.28349037e-001	-2.94205096e+000	-2.77296060e+004	0.00000000e+000	5.6965e+002	1.0000e-010	-6.7525e+018
1.600000e+002	9.52456076e-001	-2.95154392e+000	-1.59531109e+005	0.00000000e+000	2.2420e+002	1.0000e-010	-6.7867e+018
1.700000e+002	9.63382965e-001	-2.97421703e+000	-2.92336413e+005	0.00000000e+000	1.4691e+002	1.0000e-010	-6.8208e+018
1.800000e+002	9.61029324e-001	-3.01017068e+000	-4.26149403e+005	0.00000000e+000	1.6092e+002	1.0000e-010	-6.8550e+018
1.900000e+002	9.45294384e-001	-3.05950562e+000	-5.60973988e+005	0.00000000e+000	2.9576e+002	1.0000e-010	-6.8891e+018
2.000000e+002	9.16076985e-001	-3.12232302e+000	-6.96814095e+005	0.00000000e+000	9.1573e+002	1.0000e-010	-6.9233e+018
2.100000e+002	8.73275575e-001	-3.19872442e+000	-8.33673672e+005	0.00000000e+000	4.7951e+003	1.0000e-010	-6.9574e+018
2.200000e+002	8.16788208e-001	-3.28881179e+000	-9.71556688e+005	0.00000000e+000	4.2633e+004	1.0000e-010	-6.9916e+018
2.300000e+002	7.46512539e-001	-3.39268746e+000	-1.11046713e+006	0.00000000e+000	6.4614e+005	1.0000e-010	-7.0257e+018
2.400000e+002	6.62345826e-001	-3.51045417e+000	-1.25040901e+006	0.00000000e+000	1.6760e+007	1.0000e-010	-7.0599e+018
2.500000e+002	5.64184925e-001	-3.64221508e+000	-1.39138636e+006	0.00000000e+000	7.4696e+008	1.0000e-010	-7.0940e+018
2.600000e+002	-2.20073711e-001	-3.62007371e+000	9.00970023e+005	0.00000000e+000	4.2696e+019	1.0000e-010	1.6083e+020
2.700000e+002	-1.29976709e-001	-3.52997671e+000	5.23156777e+005	0.00000000e+000	1.9835e+019	1.0000e-010	0.0000e+000
2.800000e+002	-7.76610314e-002	-3.47766103e+000	3.32874395e+005	0.00000000e+000	9.9899e+018	1.0000e-010	0.0000e+000
2.900000e+002	-4.43735918e-002	-3.44437359e+000	2.29703279e+005	0.00000000e+000	5.4165e+018	1.0000e-010	0.0000e+000
3.000000e+002	-2.14032639e-002	-3.42140326e+000	1.69711230e+005	0.00000000e+000	3.1496e+018	1.0000e-010	0.0000e+000
3.100000e+002	-4.43214085e-003	-3.40443214e+000	1.32322817e+005	0.00000000e+000	1.9629e+018	1.0000e-010	0.0000e+000
3.200000e+002	8.80014082e-003	-3.39119986e+000	1.07493656e+005	0.00000000e+000	1.3035e+018	1.0000e-010	0.0000e+000
3.300000e+002	1.95495064e-002	-3.38045049e+000	9.00862066e+004	0.00000000e+000	9.1389e+017	1.0000e-010	0.0000e+000
3.400000e+002	2.85581270e-002	-3.37144187e+000	7.73245748e+004	0.00000000e+000	6.6999e+017	1.0000e-010	0.0000e+000
3.500000e+002	3.62905845e-002	-3.36370942e+000	6.76221348e+004	0.00000000e+000	5.0938e+017	1.0000e-010	0.0000e+000
3.600000e+002	4.30527980e-002	-3.35694720e+000	6.00230978e+004	0.00000000e+000	3.9895e+017	1.0000e-010	0.0000e+000
3.700000e+002	4.90551078e-002	-3.35094489e+000	5.39241169e+004	0.00000000e+000	3.2020e+017	1.0000e-010	0.0000e+000
3.800000e+002	5.44475195e-002	-3.34555248e+000	4.89284732e+004	0.00000000e+000	2.6227e+017	1.0000e-010	0.0000e+000
3.900000e+002	5.93403668e-002	-3.34065963e+000	4.47659448e+004	0.00000000e+000	2.1853e+017	1.0000e-010	0.0000e+000
4.000000e+002	6.38169613e-002	-3.33618304e+000	4.12467685e+004	0.00000000e+000	1.8476e+017	1.0000e-010	0.0000e+000
4.100000e+002	6.79416381e-002	-3.33205836e+000	3.82341073e+004	0.00000000e+000	1.5817e+017	1.0000e-010	0.0000e+000
4.200000e+002	7.17650488e-002	-3.32823495e+000	3.56269840e+004	0.00000000e+000	1.3687e+017	1.0000e-010	0.0000e+000
4.300000e+002	7.53277472e-002	-3.32467225e+000	3.33493586e+004	0.00000000e+000	1.1958e+017	1.0000e-010	0.0000e+000
4.400000e+002	7.86626831e-002	-3.32133732e+000	3.13429379e+004	0.00000000e+000	1.0534e+017	1.0000e-010	0.0000e+000
4.500000e+002	8.17969769e-002	-3.31820302e+000	2.95623193e+004	0.00000000e+000	9.3483e+016	1.0000e-010	0.0000e+000
4.600000e+002	8.47532088e-002	-3.31524679e+000	2.79716363e+004	0.00000000e+000	8.3511e+016	1.0000e-010	0.0000e+000
4.700000e+002	8.75503724e-002	-3.31244963e+000	2.65421942e+004	0.00000000e+000	7.5046e+016	1.0000e-010	0.0000e+000
4.800000e+002	9.02045919e-002	-3.30979541e+000	2.52507718e+004	0.00000000e+000	6.7800e+016	1.0000e-010	0.0000e+000
4.900000e+002	9.27296690e-002	-3.30727033e+000	2.40783820e+004	0.00000000e+000	6.1551e+016	1.0000e-010	0.0000e+000
5.000000e+002	9.51375072e-002	-3.30486249e+000	2.30093528e+004	0.00000000e+000	5.6124e+016	1.0000e-010	0.0000e+000
5.100000e+002	9.74384425e-002	-3.30256156e+000	2.20306370e+004	0.00000000e+000	5.1383e+016	1.0000e-010	0.0000e+000
5.200000e+002	9.96415062e-002	-3.30035849e+000	2.11312867e+004	0.00000000e+000	4.7216e+016	1.0000e-010	0.0000e+000
5.300000e+002	1.01754635e-001	-3.29824537e+000	2.03020488e+004	0.00000000e+000	4.3535e+016	1.0000e-010	0.0000e+000
5.400000e+002	1.03784840e-001	-3.29621516e+000	1.95302199e+004	0.00000000e+000	4.0521e+016	1.0000e-010	0.0000e+000
5.500000e+002	1.05737862e-001	-3.29426214e+000	1.88145517e+004	0.00000000e+000	3.7573e+016	1.0000e-010	0.0000e+000
5.600000e+002	1.07619317e-001	-3.29238068e+000	1.81491182e+004	0.00000000e+000	3.4935e+016	1.0000e-010	0.0000e+000
5.700000e+002	1.09434229e-001	-3.29056577e+000	1.75287987e+004	0.00000000e+000	3.2567e+016	1.0000e-010	0.0000e+000
5.800000e+002	1.11187109e-001	-3.28881289e+000	1.69491453e+004	0.00000000e+000	3.0432e+016	1.0000e-010	0.0000e+000
5.900000e+002	1.12882023e-001	-3.28711798e+000	1.64062763e+004	0.00000000e+000	2.8501e+016	1.0000e-010	0.0000e+000
6.000000e+002	1.14522651e-001	-3.28547735e+000	1.58967886e+004	0.00000000e+000	2.6748e+016	1.0000e-010	0.0000e+000
6.100000e+002	1.16112330e-001	-3.28388767e+000	1.54176863e+004	0.00000000e+000	2.5153e+016	1.0000e-010	0.0000e+000
6.200000e+002	1.17654098e-001	-3.28234590e+000	1.49663215e+004	0.00000000e+000	2.3697e+016	1.0000e-010	0.0000e+000
6.300000e+002	1.19150730e-001	-3.28084927e+000	1.45403452e+004	0.00000000e+000	2.2364e+016	1.0000e-010	0.0000e+000
6.400000e+002	1.20604765e-001	-3.27939524e+000	1.41376665e+004	0.00000000e+000	2.1141e+016	1.0000e-010	0.0000e+000
6.500000e+002	1.22018532e-001	-3.27798147e+000	1.37564178e+004	0.00000000e+000	2.0016e+016	1.0000e-010	0.0000e+000
6.600000e+002	1.23394173e-001	-3.27660583e+000	1.33949259e+004	0.00000000e+000	1.8978e+016	1.0000e-010	0.0000e+000
6.700000e+002	1.24733666e-001	-3.27526633e+000	1.30516872e+004	0.00000000e+000	1.8020e+016	1.0000e-010	0.0000e+000
6.800000e+002	1.26038835e-001	-3.27396117e+000	1.27253473e+004	0.00000000e+000	1.7133e+016	1.0000e-010	0.0000e+000
6.900000e+002	1.27311369e-001	-3.27268863e+000	1.24146821e+004	0.00000000e+000	1.6310e+016	1.0000e-010	0.0000e+000
7.000000e+002	1.28552838e-001	-3.27144716e+000	1.21185831e+004	0.00000000e+000	1.5545e+016	1.0000e-010	0.0000e+000
7.100000e+002	1.29764696e-001	-3.27023530e+000	1.18360441e+004	0.00000000e+000	1.4833e+016	1.0000e-010	0.0000e+000
7.200000e+002	1.30948300e-001	-3.26905170e+000	1.15661491e+004	0.00000000e+000	1.4170e+016	1.0000e-010	0.0000e+000
7.300000e+002	1.32104915e-001	-3.26789508e+000	1.13080630e+004	0.00000000e+000	1.3550e+016	1.0000e-010	0.0000e+000
7.400000e+002	1.33235722e-001	-3.26676428e+000	1.10610227e+004	0.00000000e+000	1.2970e+016	1.0000e-010	0.0000e+000
7.500000e+002	1.34341824e-001	-3.26565818e+000	1.08243293e+004	0.00000000e+000	1.2426e+016	1.0000e-010	0.0000e+000
7.600000e+002	1.35424257e-001	-3.26457574e+000	1.05973417e+004	0.00000000e+000	1.1917e+016	1.0000e-010	0.0000e+000
7.700000e+002	1.36483991e-001	-3.26351601e+000	1.03794708e+004	0.00000000e+000	1.1438e+016	1.0000e-010	0.0000e+000
7.800000e+002	1.37521938e-001	-3.26247806e+000	1.01701740e+004	0.00000000e+000	1.0988e+016	1.0000e-010	0.0000e+000
7.900000e+002	1.38538955e-001	-3.26146104e+000	9.96895114e+003	0.00000000e+000	1.0564e+016	1.0000e-010	0.0000e+000
8.000000e+002	1.39535851e-001	-3.26046415e+000	9.77534002e+003	0.00000000e+000	1.0165e+016	1.0000e-010	0.0000e+000
8.100000e+002	1.40513385e-001	-3.25948662e+000	9.58891318e+003	0.00000000e+000	9.7874e+015	1.0000e-010	0.0000e+000
8.200000e+002	1.41472276e-001	-3.25852772e+000	9.40927454e+003	0.00000000e+000	9.4311e+015	1.0000e-010	0.0000e+000
8.300000e+002	1.42413203e-001	-3.25758680e+000	9.23605660e+003	0.00000000e+000	9.0940e+015	1.0000e-010	0.0000e+000
8.400000e+002	1.43336809e-001	-3.25666319e+000	9.06891792e+003	0.00000000e+000	8.7748e+015	1.0000e-010	0.0000e+000
8.500000e+002	1.44243701e-001	-3.25575630e+000	8.90754084e+003	0.00000000e+000	8.4723e+015	1.0000e-010	0.0000e+000
8.600000e+002	1.45134455e-001	-3.25486555e+000	8.75162945e+003	0.00000000e+000	8.1854e+015	1.0000e-010	0.0000e+000
8.700000e+002	1.46009618e-001	-3.25399038e+000	8.60090777e+003	0.00000000e+000	7.9129e+015	1.0000e-010	0.0000e+000
8.800000e+002	1.46869709e-001	-3.25313029e+000	8.45511807e+003	0.00000000e+000	7.6540e+015	1.0000e-010	0.0000e+000
8.900000e+002	1.47715220e-001	-3.25228478e+000	8.31401941e+003	0.00000000e+000	7.4077e+015	1.0000e-010	0.0000e+000
9.000000e+002	1.48546622e-001	-3.25145338e+000	8.17738631e+003	0.00000000e+000	7.1733e+015	1.0000e-010	0.0000e+000
9.100000e+002	1.49364361e-001	-3.25063564e+000	8.04500749e+003	0.00000000e+000	6.9499e+015	1.0000e-010	0.0000e+000
9.200000e+002	1.50168862e-001	-3.24983114e+000	7.91668479e+003	0.00000000e+000	6.7370e+015	1.0000e-010	0.0000e+000
9.300000e+002	1.50960530e-001	-3.24903947e+000	7.79223217e+003	0.00000000e+000	6.5338e+015	1.0000e-010	0.0000e+000
9.400000e+002	1.51739753e-001	-3.24826025e+000	7.67147479e+003	0.00000000e+000	6.3398e+015	1.0000e-010	0.0000e+000
9.500000e+002	1.52506901e-001	-3.24749310e+000	7.55424820e+003	0.00000000e+000	6.1544e+015	1.0000e-010	0.0000e+000
9.600000e+002	1.53262326e-001	-3.24673767e+000	7.44039753e+003	0.00000000e+000	5.9772e+015	1.0000e-010	0.0000e+000
9.700000e+002	1.54006365e-001	-3.24599363e+000	7.32977687e+003	0.00000000e+000	5.8076e+015	1.0000e-010	0.0000e+000
9.800000e+002	1.54739343e-001	-3.24526066e+000	7.22224858e+003	0.00000000e+000	5.6453e+015	1.0000e-010	0.0000e+000
9.900000e+002	1.55461568e-001	-3.24453843e+000	7.11768272e+003	0.00000000e+000	5.4897e+015	1.0000e-010	0.0000e+000
1.000000e+003	1.56173336e-001	-3.24382666e+000	7.01595654e+003	0.00000000e+000	5.3406e+015	1.0000e-010	0.0000e+000
1.010000e+003	1.56874932e-001	-3.24312507e+000	6.91695398e+003	0.00000000e+000	5.1977e+015	1.0000e-010	0.0000e+000
1.020000e+003	1.57566627e-001	-3.24243337e+000	6.82056521e+003	0.00000000e+000	5.0604e+015	1.0000e-010	0.0000e+000
1.030000e+003	1.58248684e-001	-3.24175132e+000	6.72668622e+003	0.00000000e+000	4.9287e+015	1.0000e-010	0.0000e+000
1.040000e+003	1.58921352e-001	-3.24107865e+000	6.63521845e+003	0.00000000e+000	4.8021e+015	1.0000e-010	0.0000e+000
1.050000e+003	1.59584874e-001	-3.24041513e+000	6.54606845e+003	0.00000000e+000	4.6804e+015	1.0000e-010	0.0000e+000
1.060000e+003	1.60239481e-001	-3.23976052e+000	6.45914750e+003	0.00000000e+000	4.5634e+015	1.0000e-010	0.0000e+000
1.070000e+003	1.60885396e-001	-3.23911460e+000	6.37437137e+003	0.00000000e+000	4.4508e+015	1.0000e-010	0.0000e+000
1.080000e+003	1.61522833e-001	-3.23847717e+000	6.29166002e+003	0.00000000e+000	4.3424e+015	1.0000e-010	0.0000e+000
1.090000e+003	1.62151999e-001	-3.23784800e+000	6.21093734e+003	0.00000000e+000	4.2380e+015	1.0000e-010	0.0000e+000
1.100000e+003	1.62773093e-001	-3.23722691e+000	6.13213091e+003	0.00000000e+000	4.1374e+015	1.0000e-010	0.0000e+000
1.110000e+003	1.63386306e-001	-3.23661369e+000	6.05517179e+003	0.00000000e+000	4.0404e+015	1.0000e-010	0.0000e+000
1.120000e+003	1.63991823e-001	-3.23600818e+000	5.97999429e+003	0.00000000e+000	3.9468e+015	1.0000e-010	0.0000e+000
1.130000e+003	1.64589822e-001	-3.23541018e+000	5.90653581e+003	0.00000000e+000	3.8566e+015	1.0000e-010	0.0000e+000
1.140000e+003	1.65180476e-001	-3.23481952e+000	5.83473665e+003	0.00000000e+000	3.7695e+015	1.0000e-010	0.0000e+000
1.150000e+003	1.65763950e-001	-3.23423605e+000	5.76453982e+003	0.00000000e+000	3.6853e+015	1.0000e-010	0.0000e+000
1.160000e+003	1.66340404e-001	-3.23365960e+000	5.69589095e+003	0.00000000e+000	3.6041e+015	1.0000e-010	0.0000e+000
1.170000e+003	1.66909993e-001	-3.23309001e+000	5.62873805e+003	0.00000000e+000	3.5255e+015	1.0000e-010	0.0000e+000
1.180000e+003	1.67472867e-001	-3.23252713e+000	5.56303146e+003	0.00000000e+000	3.4496e+015	1.0000e-010	0.0000e+000
1.190000e+003	1.68029170e-001	-3.23197083e+000	5.49872370e+003	0.00000000e+000	3.3762e+015	1.0000e-010	0.0000e+000
1.200000e+003	1.68579042e-001	-3.23142096e+000	5.43576932e+003	0.00000000e+000	3.3051e+015	1.0000e-010	0.0000e+000
1.210000e+003	1.69122619e-001	-3.23087738e+000	5.37412483e+003	0.00000000e+000	3.2363e+015	1.0000e-010	0.0000e+000
1.220000e+003	1.69660032e-001	-3.23033997e+000	5.31374858e+003	0.00000000e+000	3.1698e+015	1.0000e-010	0.0000e+000
1.230000e+003	1.70191406e-001	-3.22980859e+000	5.25460067e+003	0.00000000e+000	3.1053e+015	1.0000e-010	0.0000e+000
1.240000e+003	1.70716866e-001	-3.22928313e+000	5.19664284e+003	0.00000000e+000	3.0428e+015	1.0000e-010	0.0000e+000
1.250000e+003	1.71236531e-001	-3.22876347e+000	5.13983843e+003	0.00000000e+000	2.9822e+015	1.0000e-010	0.0000e+000
1.260000e+003	1.71750515e-001	-3.22824949e+000	5.08415223e+003	0.00000000e+000	2.9235e+015	1.0000e-010	0.0000e+000
1.270000e+003	1.72258930e-001	-3.22774107e+000	5.02955048e+003	0.00000000e+000	2.8666e+015	1.0000e-010	0.0000e+000
1.280000e+003	1.72761885e-001	-3.22723812e+000	4.97600076e+003	0.00000000e+000	2.8114e+015	1.0000e-010	0.0000e+000
1.290000e+003	1.73259485e-001	-3.22674052e+000	4.92347190e+003	0.00000000e+000	2.7578e+015	1.0000e-010	0.0000e+000
1.300000e+003	1.73751832e-001	-3.22624817e+000	4.87193398e+003	0.00000000e+000	2.7057e+015	1.0000e-010	0.0000e+000
1.310000e+003	1.74239025e-001	-3.22576097e+000	4.82135822e+003	0.00000000e+000	2.6552e+015	1.0000e-010	0.0000e+000
1.320000e+003	1.74721161e-001	-3.22527884e+000	4.77171696e+003	0.00000000e+000	2.6062e+015	1.0000e-010	0.0000e+000
1.330000e+003	1.75198333e-001	-3.22480167e+000	4.72298356e+003	0.00000000e+000	2.5585e+015	1.0000e-010	0.0000e+000
1.340000e+003	1.75670631e-001	-3.22432937e+000	4.67513240e+003	0.00000000e+000	2.5122e+015	1.0000e-010	0.0000e+000
1.350000e+003	1.76138145e-001	-3.22386186e+000	4.62813881e+003	0.00000000e+000	2.4672e+015	1.0000e-010	0.0000e+000
1.360000e+003	1.76600958e-001	-3.22339904e+000	4.58197904e+003	0.00000000e+000	2.4234e+015	1.0000e-010	0.0000e+000
1.370000e+003	1.77059156e-001	-3.22294084e+000	4.53663019e+003	0.00000000e+000	2.3808e+015	1.0000e-010	0.0000e+000
1.380000e+003	1.77512819e-001	-3.22248718e+000	4.49207021e+003	0.00000000e+000	2.3394e+015	1.0000e-010	0.0000e+000
1.390000e+003	1.77962026e-001	-3.22203797e+000	4.44827781e+003	0.00000000e+000	2.2991e+015	1.0000e-010	0.0000e+000
1.400000e+003	1.78406854e-001	-3.22159315e+000	4.40523249e+003	0.00000000e+000	2.2599e+015	1.0000e-010	0.0000e+000
1.410000e+003	1.78847377e-001	-3.22115262e+000	4.36291446e+003	0.00000000e+000	2.2217e+015	1.0000e-010	0.0000e+000
1.420000e+003	1.79283669e-001	-3.22071633e+000	4.32130462e+003	0.00000000e+000	2.1845e+015	1.0000e-010	0.0000e+000
1.430000e+003	1.79715799e-001	-3.22028420e+000	4.28038453e+003	0.00000000e+000	2.1483e+015	1.0000e-010	0.0000e+000
1.440000e+003	1.80143838e-001	-3.21985616e+000	4.24013638e+003	0.00000000e+000	2.1130e+015	1.0000e-010	0.0000e+000
1.450000e+003	1.80567851e-001	-3.21943215e+000	4.20054299e+003	0.00000000e+000	2.0787e+015	1.0000e-010	0.0000e+000
1.460000e+003	1.80987906e-001	-3.21901209e+000	4.16158773e+003	0.00000000e+000	2.0452e+015	1.0000e-010	0.0000e+000
1.470000e+003	1.81404065e-001	-3.21859594e+000	4.12325453e+003	0.00000000e+000	2.0125e+015	1.0000e-010	0.0000e+000
1.480000e+003	1.81816390e-001	-3.21818361e+000	4.08552789e+003	0.00000000e+000	1.9807e+015	1.0000e-010	0.0000e+000
1.490000e+003	1.82224943e-001	-3.21777506e+000	4.04839277e+003	0.00000000e+000	1.9496e+015	1.0000e-010	0.0000e+000
1.500000e+003	1.82629782e-001	-3.21737022e+000	4.01183465e+003	0.00000000e+000	1.9193e+015	1.0000e-010	0.0000e+000
1.510000e+003	1.83030966e-001	-3.21696903e+000	3.97583948e+003	0.00000000e+000	1.8898e+015	1.0000e-010	0.0000e+000
1.520000e+003	1.83428549e-001	-3.21657145e+000	3.94039365e+003	0.00000000e+000	1.8609e+015	1.0000e-010	0.0000e+000
1.530000e+003	1.83822589e-001	-3.21617741e+000	3.90548400e+003	0.00000000e+000	1.8328e+015	1.0000e-010	0.0000e+000
1.540000e+003	1.84213137e-001	-3.21578686e+000	3.87109776e+003	0.00000000e+000	1.8053e+015	1.0000e-010	0.0000e+000
1.550000e+003	1.84600247e-001	-3.21539975e+000	3.83722259e+003	0.00000000e+000	1.7785e+015	1.0000e-010	0.0000e+000
1.560000e+003	1.84983969e-001	-3.21501603e+000	3.80384652e+003	0.00000000e+000	1.7522e+015	1.0000e-010	0.0000e+000
1.570000e+003	1.85364354e-001	-3.21463565e+000	3.77095795e+003	0.00000000e+000	1.7267e+015	1.0000e-010	0.0000e+000
1.580000e+003	1.85741450e-001	-3.21425855e+000	3.73854563e+003	0.00000000e+000	1.7017e+015	1.0000e-010	0.0000e+000
1.590000e+003	1.86115304e-001	-3.21388470e+000	3.70659867e+003	0.00000000e+000	1.6772e+015	1.0000e-010	0.0000e+000
1.600000e+003	1.86485964e-001	-3.21351404e+000	3.67510648e+003	0.00000000e+000	1.6533e+015	1.0000e-010	0.0000e+000
1.610000e+003	1.86853475e-001	-3.21314653e+000	3.64405882e+003	0.00000000e+000	1.6300e+015	1.0000e-010	0.0000e+000
1.620000e+003	1.87217881e-001	-3.21278212e+000	3.61344573e+003	0.00000000e+000	1.6072e+015	1.0000e-010	0.0000e+000
1.630000e+003	1.87579225e-001	-3.21242077e+000	3.58325756e+003	0.00000000e+000	1.5849e+015	1.0000e-010	0.0000e+000
1.640000e+003	1.87937551e-001	-3.21206245e+000	3.55348493e+003	0.00000000e+000	1.5631e+015	1.0000e-010	0.0000e+000
1.650000e+003	1.88292899e-001	-3.21170710e+000	3.52411874e+003	0.00000000e+000	1.5417e+015	1.0000e-010	0.0000e+000
1.660000e+003	1.88645311e-001	-3.21135469e+000	3.49515015e+003	0.00000000e+000	1.5209e+015	1.0000e-010	0.0000e+000
1.670000e+003	1.88994826e-001	-3.21100517e+000	3.46657058e+003	0.00000000e+000	1.5004e+015	1.0000e-010	0.0000e+000
1.680000e+003	1.89341483e-001	-3.21065852e+000	3.43837168e+003	0.00000000e+000	1.4804e+015	1.0000e-010	0.0000e+000
1.690000e+003	1.89685321e-001	-3.21031468e+000	3.41054535e+003	0.00000000e+000	1.4609e+015	1.0000e-010	0.0000e+000
1.700000e+003	1.90026375e-001	-3.20997362e+000	3.38308371e+003	0.00000000e+000	1.4417e+015	1.0000e-010	0.0000e+000
1.710000e+003	1.90364684e-001	-3.20963532e+000	3.35597910e+003	0.00000000e+000	1.4230e+015	1.0000e-010	0.0000e+000
1.720000e+003	1.90700281e-001	-3.20929972e+000	3.32922407e+003	0.00000000e+000	1.4046e+015	1.0000e-010	0.0000e+000
1.730000e+003	1.91033204e-001	-3.20896680e+000	3.30281139e+003	0.00000000e+000	1.3867e+015	1.0000e-010	0.0000e+000
1.740000e+003	1.91363485e-001	-3.20863652e+000	3.27673401e+003	0.00000000e+000	1.3691e+015	1.0000e-010	0.0000e+000
1.750000e+003	1.91691158e-001	-3.20830884e+000	3.25098507e+003	0.00000000e+000	1.3518e+015	1.0000e-010	0.0000e+000
1.760000e+003	1.92016257e-001	-3.20798374e+000	3.22555790e+003	0.00000000e+000	1.3349e+015	1.0000e-010	0.0000e+000
1.770000e+003	1.92338813e-001	-3.20766119e+000	3.20044602e+003	0.00000000e+000	1.3184e+015	1.0000e-010	0.0000e+000
1.780000e+003	1.92658857e-001	-3.20734114e+000	3.17564311e+003	0.00000000e+000	1.3022e+015	1.0000e-010	0.0000e+000
1.790000e+003	1.92976422e-001	-3.20702358e+000	3.15114301e+003	0.00000000e+000	1.2863e+015	1.0000e-010	0.0000e+000
1.800000e+003	1.93291536e-001	-3.20670846e+000	3.12693973e+003	0.00000000e+000	1.2707e+015	1.0000e-010	0.0000e+000
1.810000e+003	1.93604230e-001	-3.20639577e+000	3.10302744e+003	0.00000000e+000	1.2554e+015	1.0000e-010	0.0000e+000
1.820000e+003	1.93914533e-001	-3.20608547e+000	3.07940046e+003	0.00000000e+000	1.2404e+015	1.0000e-010	0.0000e+000
1.830000e+003	1.94222473e-001	-3.20577753e+000	3.05605324e+003	0.00000000e+000	1.2257e+015	1.0000e-010	0.0000e+000
1.840000e+003	1.94528078e-001	-3.20547192e+000	3.03298040e+003	0.00000000e+000	1.2113e+015	1.0000e-010	0.0000e+000
1.850000e+003	1.94831376e-001	-3.20516862e+000	3.01017666e+003	0.00000000e+000	1.1972e+015	1.0000e-010	0.0000e+000
1.860000e+003	1.95132394e-001	-3.20486761e+000	2.98763691e+003	0.00000000e+000	1.1833e+015	1.0000e-010	0.0000e+000
1.870000e+003	1.95431157e-001	-3.20456884e+000	2.96535614e+003	0.00000000e+000	1.1697e+015	1.0000e-010	0.0000e+000
1.880000e+003	1.95727693e-001	-3.20427231e+000	2.94332949e+003	0.00000000e+000	1.1564e+015	1.0000e-010	0.0000e+000
1.890000e+003	1.96022026e-001	-3.20397797e+000	2.92155219e+003	0.00000000e+000	1.1433e+015	1.0000e-010	0.0000e+000
1.900000e+003	1.96314181e-001	-3.20368582e+000	2.90001962e+003	0.00000000e+000	1.1305e+015	1.0000e-010	0.0000e+000
1.910000e+003	1.96604183e-001	-3.20339582e+000	2.87872724e+003	0.00000000e+000	1.1179e+015	1.0000e-010	0.0000e+000
1.920000e+003	1.96892056e-001	-3.20310794e+000	2.85767065e+003	0.00000000e+000	1.1055e+015	1.0000e-010	0.0000e+000
1.930000e+003	1.97177823e-001	-3.20282218e+000	2.83684554e+003	0.00000000e+000	1.0933e+015	1.0000e-010	0.0000e+000
1.940000e+003	1.97461507e-001	-3.20253849e+000	2.81624770e+003	0.00000000e+000	1.0814e+015	1.0000e-010	0.0000e+000
1.950000e+003	1.97743132e-001	-3.20225687e+000	2.79587302e+003	0.00000000e+000	1.0697e+015	1.0000e-010	0.0000e+000
1.960000e+003	1.98022720e-001	-3.20197728e+000	2.77571752e+003	0.00000000e+000	1.0582e+015	1.0000e-010	0.0000e+000
1.970000e+003	1.98300291e-001	-3.20169971e+000	2.75577726e+003	0.00000000e+000	1.0469e+015	1.0000e-010	0.0000e+000
1.980000e+003	1.98575869e-001	-3.20142413e+000	2.73604843e+003	0.00000000e+000	1.0358e+015	1.0000e-010	0.0000e+000
1.990000e+003	1.98849474e-001	-3.20115053e+000	2.71652730e+003	0.00000000e+000	1.0249e+015	1.0000e-010	0.0000e+000
2.000000e+003	1.99121127e-001	-3.20087887e+000	2.69721023e+003	0.00000000e+000	1.0141e+015	1.0000e-010	0.0000e+000
2.010000e+003	1.99390848e-001	-3.20060915e+000	2.67809365e+003	0.00000000e+000	1.0036e+015	1.0000e-010	0.0000e+000
2.020000e+003	1.99658657e-001	-3.20034134e+000	2.65917408e+003	0.00000000e+000	9.9328e+014	1.0000e-010	0.0000e+000
2.030000e+003	1.99924574e-001	-3.20007543e+000	2.64044813e+003	0.00000000e+000	9.8312e+014	1.0000e-010	0.0000e+000
2.040000e+003	2.00188619e-001	-3.19981138e+000	2.62191246e+003	0.00000000e+000	9.7313e+014	1.0000e-010	0.0000e+000
2.050000e+003	2.00450810e-001	-3.19954919e+000	2.60356383e+003	0.00000000e+000	9.6331e+014	1.0000e-010	0.0000e+000
2.060000e+003	2.00711167e-001	-3.19928883e+000	2.58539906e+003	0.00000000e+000	9.5365e+014	1.0000e-010	0.0000e+000
2.070000e+003	2.00969707e-001	-3.19903029e+000	2.56741505e+003	0.00000000e+000	9.4416e+014	1.0000e-010	0.0000e+000
2.080000e+003	2.01226448e-001	-3.19877355e+000	2.54960876e+003	0.00000000e+000	9.3483e+014	1.0000e-010	0.0000e+000
2.090000e+003	2.01481409e-001	-3.19851859e+000	2.53197722e+003	0.00000000e+000	9.2566e+014	1.0000e-010	0.0000e+000
2.100000e+003	2.01734607e-001	-3.19826539e+000	2.51451752e+003	0.00000000e+000	9.1664e+014	1.0000e-010	0.0000e+000
2.110000e+003	2.01986059e-001	-3.19801394e+000	2.49722682e+003	0.00000000e+000	9.0776e+014	1.0000e-010	0.0000e+000
2.120000e+003	2.02235781e-001	-3.19776422e+000	2.48010234e+003	0.00000000e+000	8.9904e+014	1.0000e-010	0.0000e+000
2.130000e+003	2.02483792e-001	-3.19751621e+000	2.46314136e+003	0.00000000e+000	8.9045e+014	1.0000e-010	0.0000e+000
2.140000e+003	2.02730106e-001	-3.19726989e+000	2.44634121e+003	0.00000000e+000	8.8201e+014	1.0000e-010	0.0000e+000
2.150000e+003	2.02974740e-001	-3.19702526e+000	2.42969929e+003	0.00000000e+000	8.7370e+014	1.0000e-010	0.0000e+000
2.160000e+003	2.03217710e-001	-3.19678229e+000	2.41321304e+003	0.00000000e+000	8.6553e+014	1.0000e-010	0.0000e+000
2.170000e+003	2.03459031e-001	-3.19654097e+000	2.39687998e+003	0.00000000e+000	8.5749e+014	1.0000e-010	0.0000e+000
2.180000e+003	2.03698719e-001	-3.19630128e+000	2.38069765e+003	0.00000000e+000	8.4958e+014	1.0000e-010	0.0000e+000
2.190000e+003	2.03936789e-001	-3.19606321e+000	2.36466365e+003	0.00000000e+000	8.4179e+014	1.0000e-010	0.0000e+000
2.200000e+003	2.04173255e-001	-3.19582674e+000	2.34877565e+003	0.00000000e+000	8.3412e+014	1.0000e-010	0.0000e+000
2.210000e+003	2.04408133e-001	-3.19559187e+000	2.33303134e+003	0.00000000e+000	8.2658e+014	1.0000e-010	0.0000e+000
2.220000e+003	2.04641436e-001	-3.19535856e+000	2.31742849e+003	0.00000000e+000	8.1915e+014	1.0000e-010	0.0000e+000
2.230000e+003	2.04873179e-001	-3.19512682e+000	2.30196487e+003	0.00000000e+000	8.1184e+014	1.0000e-010	0.0000e+000
2.240000e+003	2.05103375e-001	-3.19489662e+000	2.28663834e+003	0.00000000e+000	8.0465e+014	1.0000e-010	0.0000e+000
2.250000e+003	2.05332039e-001	-3.19466796e+000	2.27144677e+003	0.00000000e+000	7.9756e+014	1.0000e-010	0.0000e+000
2.260000e+003	2.05559184e-001	-3.19444082e+000	2.25638810e+003	0.00000000e+000	7.9058e+014	1.0000e-010	0.0000e+000
2.270000e+003	2.05784822e-001	-3.19421518e+000	2.24146029e+003	0.00000000e+000	7.8371e+014	1.0000e-010	0.0000e+000
2.280000e+003	2.06008969e-001	-3.19399103e+000	2.22666135e+003	0.00000000e+000	7.7695e+014	1.0000e-010	0.0000e+000
2.290000e+003	2.06231635e-001	-3.19376837e+000	2.21198932e+003	0.00000000e+000	7.7028e+014	1.0000e-010	0.0000e+000
2.300000e+003	2.06452834e-001	-3.19354717e+000	2.19744230e+003	0.00000000e+000	7.6372e+014	1.0000e-010	0.0000e+000
2.310000e+003	2.06672578e-001	-3.19332742e+000	2.18301841e+003	0.00000000e+000	7.5726e+014	1.0000e-010	0.0000e+000
2.320000e+003	2.06890880e-001	-3.19310912e+000	2.16871580e+003	0.00000000e+000	7.5089e+014	1.0000e-010	0.0000e+000
2.330000e+003	2.07107751e-001	-3.19289225e+000	2.15453268e+003	0.00000000e+000	7.4462e+014	1.0000e-010	0.0000e+000
2.340000e+003	2.07323204e-001	-3.19267680e+000	2.14046727e+003	0.00000000e+000	7.3844e+014	1.0000e-010	0.0000e+000
2.350000e+003	2.07537251e-001	-3.19246275e+000	2.12651783e+003	0.00000000e+000	7.3235e+014	1.0000e-010	0.0000e+000
2.360000e+003	2.07749903e-001	-3.19225010e+000	2.11268267e+003	0.00000000e+000	7.2635e+014	1.0000e-010	0.0000e+000
2.370000e+003	2.07961171e-001	-3.19203883e+000	2.09896012e+003	0.00000000e+000	7.2044e+014	1.0000e-010	0.0000e+000
2.380000e+003	2.08171067e-001	-3.19182893e+000	2.08534852e+003	0.00000000e+000	7.1461e+014	1.0000e-010	0.0000e+000
2.390000e+003	2.08379602e-001	-3.19162040e+000	2.07184629e+003	0.00000000e+000	7.0887e+014	1.0000e-010	0.0000e+000
2.400000e+003	2.08586787e-001	-3.19141321e+000	2.05845183e+003	0.00000000e+000	7.0321e+014	1.0000e-010	0.0000e+000
2.410000e+003	2.08792632e-001	-3.19120737e+000	2.04516360e+003	0.00000000e+000	6.9763e+014	1.0000e-010	0.0000e+000
2.420000e+003	2.08997148e-001	-3.19100285e+000	2.03198008e+003	0.00000000e+000	6.9214e+014	1.0000e-010	0.0000e+000
2.430000e+003	2.09200346e-001	-3.19079965e+000	2.01889977e+003	0.00000000e+000	6.8672e+014	1.0000e-010	0.0000e+000
2.440000e+003	2.09402236e-001	-3.19059776e+000	2.00592122e+003	0.00000000e+000	6.8138e+014	1.0000e-010	0.0000e+000
2.450000e+003	2.09602828e-001	-3.19039717e+000	1.99304299e+003	0.00000000e+000	6.7611e+014	1.0000e-010	0.0000e+000
2.460000e+003	2.09802133e-001	-3.19019787e+000	1.98026365e+003	0.00000000e+000	6.7092e+014	1.0000e-010	0.0000e+000
2.470000e+003	2.10000159e-001	-3.18999984e+000	1.96758183e+003	0.00000000e+000	6.6580e+014	1.0000e-010	0.0000e+000
2.480000e+003	2.10196917e-001	-3.18980308e+000	1.95499617e+003	0.00000000e+000	6.6075e+014	1.0000e-010	0.0000e+000
2.490000e+003	2.10392417e-001	-3.18960758e+000	1.94250532e+003	0.00000000e+000	6.5577e+014	1.0000e-010	0.0000e+000
2.500000e+003	2.10586667e-001	-3.18941333e+000	1.93010798e+003	0.00000000e+000	6.5086e+014	1.0000e-010	0.0000e+000
2.510000e+003	2.10779678e-001	-3.18922032e+000	1.91780285e+003	0.00000000e+000	6.4602e+014	1.0000e-010	0.0000e+000
2.520000e+003	2.10971458e-001	-3.18902854e+000	1.90558866e+003	0.00000000e+000	6.4125e+014	1.0000e-010	0.0000e+000
2.530000e+003	2.11162017e-001	-3.18883798e+000	1.89346418e+003	0.00000000e+000	6.3654e+014	1.0000e-010	0.0000e+000
2.540000e+003	2.11351364e-001	-3.18864864e+000	1.88142818e+003	0.00000000e+000	6.3189e+014	1.0000e-010	0.0000e+000
2.550000e+003	2.11539507e-001	-3.18846049e+000	1.86947945e+003	0.00000000e+000	6.2731e+014	1.0000e-010	0.0000e+000
2.560000e+003	2.11726455e-001	-3.18827355e+000	1.85761682e+003	0.00000000e+000	6.2279e+014	1.0000e-010	0.0000e+000
2.570000e+003	2.11912216e-001	-3.18808778e+000	1.84583912e+003	0.00000000e+000	6.1833e+014	1.0000e-010	0.0000e+000
2.580000e+003	2.12096800e-001	-3.18790320e+000	1.83414522e+003	0.00000000e+000	6.1393e+014	1.0000e-010	0.0000e+000
2.590000e+003	2.12280215e-001	-3.18771979e+000	1.82253398e+003	0.00000000e+000	6.0959e+014	1.0000e-010	0.0000e+000
2.600000e+003	2.12462468e-001	-3.18753753e+000	1.81100432e+003	0.00000000e+000	6.0531e+014	1.0000e-010	0.0000e+000
2.610000e+003	2.12643568e-001	-3.18735643e+000	1.79955515e+003	0.00000000e+000	6.0108e+014	1.0000e-010	0.0000e+000
2.620000e+003	2.12823524e-001	-3.18717648e+000	1.78818539e+003	0.00000000e+000	5.9691e+014	1.0000e-010	0.0000e+000
2.630000e+003	2.13002343e-001	-3.18699766e+000	1.77689401e+003	0.00000000e+000	5.9280e+014	1.0000e-010	0.0000e+000
2.640000e+003	2.13180032e-001	-3.18681997e+000	1.76567997e+003	0.00000000e+000	5.8874e+014	1.0000e-010	0.0000e+000
2.650000e+003	2.13356600e-001	-3.18664340e+000	1.75454226e+003	0.00000000e+000	5.8473e+014	1.0000e-010	0.0000e+000
2.660000e+003	2.13532054e-001	-3.18646795e+000	1.74347989e+003	0.00000000e+000	5.8078e+014	1.0000e-010	0.0000e+000
2.670000e+003	2.13706402e-001	-3.18629360e+000	1.73249187e+003	0.00000000e+000	5.7687e+014	1.0000e-010	0.0000e+000
2.680000e+003	2.13879651e-001	-3.18612035e+000	1.72157725e+003	0.00000000e+000	5.7302e+014	1.0000e-010	0.0000e+000
2.690000e+003	2.14051809e-001	-3.18594819e+000	1.71073506e+003	0.00000000e+000	5.6922e+014	1.0000e-010	0.0000e+000
2.700000e+003	2.14222883e-001	-3.18577712e+000	1.69996439e+003	0.00000000e+000	5.6546e+014	1.0000e-010	0.0000e+000
2.710000e+003	2.14392879e-001	-3.18560712e+000	1.68926430e+003	0.00000000e+000	5.6176e+014	1.0000e-010	0.0000e+000
2.720000e+003	2.14561805e-001	-3.18543819e+000	1.67863391e+003	0.00000000e+000	5.5810e+014	1.0000e-010	0.0000e+000
2.730000e+003	2.14729669e-001	-3.18527033e+000	1.66807232e+003	0.00000000e+000	5.5449e+014	1.0000e-010	0.0000e+000
2.740000e+003	2.14896476e-001	-3.18510352e+000	1.65757866e+003	0.00000000e+000	5.5092e+014	1.0000e-010	0.0000e+000
2.750000e+003	2.15062234e-001	-3.18493777e+000	1.64715207e+003	0.00000000e+000	5.4740e+014	1.0000e-010	0.0000e+000
2.760000e+003	2.15226949e-001	-3.18477305e+000	1.63679170e+003	0.00000000e+000	5.4392e+014	1.0000e-010	0.0000e+000
2.770000e+003	2.15390628e-001	-3.18460937e+000	1.62649672e+003	0.00000000e+000	5.4049e+014	1.0000e-010	0.0000e+000
2.780000e+003	2.15553278e-001	-3.18444672e+000	1.61626630e+003	0.00000000e+000	5.3710e+014	1.0000e-010	0.0000e+000
2.790000e+003	2.15714905e-001	-3.18428510e+000	1.60609965e+003	0.00000000e+000	5.3375e+014	1.0000e-010	0.0000e+000
2.800000e+003	2.15875515e-001	-3.18412449e+000	1.59599596e+003	0.00000000e+000	5.3045e+014	1.0000e-010	0.0000e+000
2.810000e+003	2.16035114e-001	-3.18396489e+000	1.58595446e+003	0.00000000e+000	5.2718e+014	1.0000e-010	0.0000e+000
2.820000e+003	2.16193710e-001	-3.18380629e+000	1.57597437e+003	0.00000000e+000	5.2396e+014	1.0000e-010	0.0000e+000
2.830000e+003	2.16351307e-001	-3.18364869e+000	1.56605493e+003	0.00000000e+000	5.2077e+014	1.0000e-010	0.0000e+000
2.840000e+003	2.16507913e-001	-3.18349209e+000	1.55619541e+003	0.00000000e+000	5.1763e+014	1.0000e-010	0.0000e+000
2.850000e+003	2.16663532e-001	-3.18333647e+000	1.54639505e+003	0.00000000e+000	5.1452e+014	1.0000e-010	0.0000e+000
2.860000e+003	2.16818172e-001	-3.18318183e+000	1.53665315e+003	0.00000000e+000	5.1145e+014	1.0000e-010	0.0000e+000
2.870000e+003	2.16971837e-001	-3.18302816e+000	1.52696898e+003	0.00000000e+000	5.0842e+014	1.0000e-010	0.0000e+000
2.880000e+003	2.17124534e-001	-3.18287547e+000	1.51734184e+003	0.00000000e+000	5.0543e+014	1.0000e-010	0.0000e+000
2.890000e+003	2.17276268e-001	-3.18272373e+000	1.50777104e+003	0.00000000e+000	5.0247e+014	1.0000e-010	0.0000e+000
2.900000e+003	2.17427045e-001	-3.18257295e+000	1.49825589e+003	0.00000000e+000	4.9955e+014	1.0000e-010	0.0000e+000
2.910000e+003	2.17576871e-001	-3.18242313e+000	1.48879574e+003	0.00000000e+000	4.9666e+014	1.0000e-010	0.0000e+000
2.920000e+003	2.17725750e-001	-3.18227425e+000	1.47938990e+003	0.00000000e+000	4.9381e+014	1.0000e-010	0.0000e+000
2.930000e+003	2.17873689e-001	-3.18212631e+000	1.47003774e+003	0.00000000e+000	4.9099e+014	1.0000e-010	0.0000e+000
2.940000e+003	2.18020693e-001	-3.18197931e+000	1.46073861e+003	0.00000000e+000	4.8821e+014	1.0000e-010	0.0000e+000
2.950000e+003	2.18166767e-001	-3.18183323e+000	1.45149187e+003	0.00000000e+000	4.8546e+014	1.0000e-010	0.0000e+000
2.960000e+003	2.18311916e-001	-3.18168808e+000	1.44229690e+003	0.00000000e+000	4.8274e+014	1.0000e-010	0.0000e+000
2.970000e+003	2.18456146e-001	-3.18154385e+000	1.43315309e+003	0.00000000e+000	4.8005e+014	1.0000e-010	0.0000e+000
2.980000e+003	2.18599461e-001	-3.18140054e+000	1.42405983e+003	0.00000000e+000	4.7740e+014	1.0000e-010	0.0000e+000
2.990000e+003	2.18741867e-001	-3.18125813e+000	1.41501653e+003	0.00000000e+000	4.7478e+014	1.0000e-010	0.0000e+000
3.000000e+003	2.18883369e-001	-3.18111663e+000	1.40602258e+003	0.00000000e+000	4.7218e+014	1.0000e-010	0.0000e+000
3.010000e+003	2.19023971e-001	-3.18097603e+000	1.39707742e+003	0.00000000e+000	4.6962e+014	1.0000e-010	0.0000e+000
3.020000e+003	2.19163679e-001	-3.18083632e+000	1.38818047e+003	0.00000000e+000	4.6709e+014	1.0000e-010	0.0000e+000
3.030000e+003	2.19302497e-001	-3.18069750e+000	1.37933117e+003	0.00000000e+000	4.6459e+014	1.0000e-010	0.0000e+000
3.040000e+003	2.19440430e-001	-3.18055957e+000	1.37052896e+003	0.00000000e+000	4.6212e+014	1.0000e-010	0.0000e+000
3.050000e+003	2.19577483e-001	-3.18042252e+000	1.36177328e+003	0.00000000e+000	4.5967e+014	1.0000e-010	0.0000e+000
3.060000e+003	2.19713660e-001	-3.18028634e+000	1.35306361e+003	0.00000000e+000	4.5726e+014	1.0000e-010	0.0000e+000
3.070000e+003	2.19848966e-001	-3.18015103e+000	1.34439940e+003	0.00000000e+000	4.5487e+014	1.0000e-010	0.0000e+000
3.080000e+003	2.19983406e-001	-3.18001659e+000	1.33578014e+003	0.00000000e+000	4.5251e+014	1.0000e-010	0.0000e+000
3.090000e+003	2.20116984e-001	-3.17988302e+000	1.32720529e+003	0.00000000e+000	4.5018e+014	1.0000e-010	0.0000e+000
3.100000e+003	2.20249705e-001	-3.17975030e+000	1.31867435e+003	0.00000000e+000	4.4788e+014	1.0000e-010	0.0000e+000
3.110000e+003	2.20381572e-001	-3.17961843e+000	1.31018682e+003	0.00000000e+000	4.4560e+014	1.0000e-010	0.0000e+000
3.120000e+003	2.20512591e-001	-3.17948741e+000	1.30174220e+003	0.00000000e+000	4.4334e+014	1.0000e-010	0.0000e+000
3.130000e+003	2.20642765e-001	-3.17935723e+000	1.29333999e+003	0.00000000e+000	4.4112e+014	1.0000e-010	0.0000e+000
3.140000e+003	2.20772099e-001	-3.17922790e+000	1.28497971e+003	0.00000000e+000	4.3892e+014	1.0000e-010	0.0000e+000
3.150000e+003	2.20900597e-001	-3.17909940e+000	1.27666088e+003	0.00000000e+000	4.3674e+014	1.0000e-010	0.0000e+000
3.160000e+003	2.21028263e-001	-3.17897174e+000	1.26838303e+003	0.00000000e+000	4.3459e+014	1.0000e-010	0.0000e+000
3.170000e+003	2.21155102e-001	-3.17884490e+000	1.26014569e+003	0.00000000e+000	4.3246e+014	1.0000e-010	0.0000e+000
3.180000e+003	2.21281116e-001	-3.17871888e+000	1.25194841e+003	0.00000000e+000	4.3036e+014	1.0000e-010	0.0000e+000
3.190000e+003	2.21406311e-001	-3.17859369e+000	1.24379074e+003	0.00000000e+000	4.2828e+014	1.0000e-010	0.0000e+000
3.200000e+003	2.21530690e-001	-3.17846931e+000	1.23567221e+003	0.00000000e+000	4.2622e+014	1.0000e-010	0.0000e+000
3.210000e+003	2.21654257e-001	-3.17834574e+000	1.22759240e+003	0.00000000e+000	4.2419e+014	1.0000e-010	0.0000e+000
3.220000e+003	2.21777017e-001	-3.17822298e+000	1.21955086e+003	0.00000000e+000	4.2218e+014	1.0000e-010	0.0000e+000
3.230000e+003	2.21898972e-001	-3.17810103e+000	1.21154717e+003	0.00000000e+000	4.2019e+014	1.0000e-010	0.0000e+000
3.240000e+003	2.22020126e-001	-3.17797987e+000	1.20358091e+003	0.00000000e+000	4.1823e+014	1.0000e-010	0.0000e+000
3.250000e+003	2.22140484e-001	-3.17785952e+000	1.19565164e+003	0.00000000e+000	4.1629e+014	1.0000e-010	0.0000e+000
3.260000e+003	2.22260050e-001	-3.17773995e+000	1.18775896e+003	0.00000000e+000	4.1437e+014	1.0000e-010	0.0000e+000
3.270000e+003	2.22378826e-001	-3.17762117e+000	1.17990246e+003	0.00000000e+000	4.1247e+014	1.0000e-010	0.0000e+000
3.280000e+003	2.22496816e-001	-3.17750318e+000	1.17208174e+003	0.00000000e+000	4.1059e+014	1.0000e-010	0.0000e+000
3.290000e+003	2.22614024e-001	-3.17738598e+000	1.16429640e+003	0.00000000e+000	4.0873e+014	1.0000e-010	0.0000e+000
3.300000e+003	2.22730454e-001	-3.17726955e+000	1.15654604e+003	0.00000000e+000	4.0690e+014	1.0000e-010	0.0000e+000
3.310000e+003	2.22846108e-001	-3.17715389e+000	1.14883027e+003	0.00000000e+000	4.0508e+014	1.0000e-010	0.0000e+000
3.320000e+003	2.22960991e-001	-3.17703901e+000	1.14114872e+003	0.00000000e+000	4.0328e+014	1.0000e-010	0.0000e+000
3.330000e+003	2.23075106e-001	-3.17692489e+000	1.13350099e+003	0.00000000e+000	4.0151e+014	1.0000e-010	0.0000e+000
3.340000e+003	2.23188456e-001	-3.17681154e+000	1.12588673e+003	0.00000000e+000	3.9975e+014	1.0000e-010	0.0000e+000
3.350000e+003	2.23301045e-001	-3.17669896e+000	1.11830556e+003	0.00000000e+000	3.9801e+014	1.0000e-010	0.0000e+000
3.360000e+003	2.23412875e-001	-3.17658712e+000	1.11075711e+003	0.00000000e+000	3.9629e+014	1.0000e-010	0.0000e+000
3.370000e+003	2.23523951e-001	-3.17647605e+000	1.10324102e+003	0.00000000e+000	3.9460e+014	1.0000e-010	0.0000e+000
3.380000e+003	2.23634275e-001	-3.17636572e+000	1.09575694e+003	0.00000000e+000	3.9292e+014	1.0000e-010	0.0000e+000
3.390000e+003	2.23743851e-001	-3.17625615e+000	1.08830452e+003	0.00000000e+000	3.9125e+014	1.0000e-010	0.0000e+000
3.400000e+003	2.23852681e-001	-3.17614732e+000	1.08088340e+003	0.00000000e+000	3.8961e+014	1.0000e-010	0.0000e+000
3.410000e+003	2.23960770e-001	-3.17603923e+000	1.07349325e+003	0.00000000e+000	3.8798e+014	1.0000e-010	0.0000e+000
3.420000e+003	2.24068119e-001	-3.17593188e+000	1.06613372e+003	0.00000000e+000	3.8638e+014	1.0000e-010	0.0000e+000
3.430000e+003	2.24174732e-001	-3.17582527e+000	1.05880447e+003	0.00000000e+000	3.8479e+014	1.0000e-010	0.0000e+000
3.440000e+003	2.24280613e-001	-3.17571939e+000	1.05150519e+003	0.00000000e+000	3.8321e+014	1.0000e-010	0.0000e+000
3.450000e+003	2.24385763e-001	-3.17561424e+000	1.04423553e+003	0.00000000e+000	3.8166e+014	1.0000e-010	0.0000e+000
3.460000e+003	2.24490187e-001	-3.17550981e+000	1.03699518e+003	0.00000000e+000	3.8012e+014	1.0000e-010	0.0000e+000
3.470000e+003	2.24593886e-001	-3.17540611e+000	1.02978381e+003	0.00000000e+000	3.7860e+014	1.0000e-010	0.0000e+000
3.480000e+003	2.24696865e-001	-3.17530314e+000	1.02260111e+003	0.00000000e+000	3.7709e+014	1.0000e-010	0.0000e+000
3.490000e+003	2.24799125e-001	-3.17520088e+000	1.01544677e+003	0.00000000e+000	3.7560e+014	1.0000e-010	0.0000e+000
3.500000e+003	2.24900670e-001	-3.17509933e+000	1.00832047e+003	0.00000000e+000	3.7413e+014	1.0000e-010	0.0000e+000
3.510000e+003	2.25001502e-001	-3.17499850e+000	1.00122191e+003	0.00000000e+000	3.7268e+014	1.0000e-010	0.0000e+000
3.520000e+003	2.25101624e-001	-3.17489838e+000	9.94150797e+002	0.00000000e+000	3.7123e+014	1.0000e-010	0.0000e+000
3.530000e+003	2.25201039e-001	-3.17479896e+000	9.87106820e+002	0.00000000e+000	3.6981e+014	1.0000e-010	0.0000e+000
3.540000e+003	2.25299750e-001	-3.17470025e+000	9.80089688e+002	0.00000000e+000	3.6840e+014	1.0000e-010	0.0000e+000
3.550000e+003	2.25397759e-001	-3.17460224e+000	9.73099109e+002	0.00000000e+000	3.6701e+014	1.0000e-010	0.0000e+000
3.560000e+003	2.25495068e-001	-3.17450493e+000	9.66134793e+002	0.00000000e+000	3.6563e+014	1.0000e-010	0.0000e+000
3.570000e+003	2.25591682e-001	-3.17440832e+000	9.59196456e+002	0.00000000e+000	3.6426e+014	1.0000e-010	0.0000e+000
3.580000e+003	2.25687602e-001	-3.17431240e+000	9.52283815e+002	0.00000000e+000	3.6291e+014	1.0000e-010	0.0000e+000
3.590000e+003	2.25782830e-001	-3.17421717e+000	9.45396590e+002	0.00000000e+000	3.6158e+014	1.0000e-010	0.0000e+000
3.600000e+003	2.25877370e-001	-3.17412263e+000	9.38534506e+002	0.00000000e+000	3.6026e+014	1.0000e-010	0.0000e+000
3.610000e+003	2.25971223e-001	-3.17402878e+000	9.31697288e+002	0.00000000e+000	3.5896e+014	1.0000e-010	0.0000e+000
3.620000e+003	2.26064393e-001	-3.17393561e+000	9.24884668e+002	0.00000000e+000	3.5766e+014	1.0000e-010	0.0000e+000
3.630000e+003	2.26156881e-001	-3.17384312e+000	9.18096377e+002	0.00000000e+000	3.5639e+014	1.0000e-010	0.0000e+000
3.640000e+003	2.26248691e-001	-3.17375131e+000	9.11332150e+002	0.00000000e+000	3.5512e+014	1.0000e-010	0.0000e+000
3.650000e+003	2.26339824e-001	-3.17366018e+000	9.04591727e+002	0.00000000e+000	3.5387e+014	1.0000e-010	0.0000e+000
3.660000e+003	2.26430283e-001	-3.17356972e+000	8.97874848e+002	0.00000000e+000	3.5264e+014	1.0000e-010	0.0000e+000
3.670000e+003	2.26520071e-001	-3.17347993e+000	8.91181258e+002	0.00000000e+000	3.5141e+014	1.0000e-010	0.0000e+000
3.680000e+003	2.26609189e-001	-3.17339081e+000	8.84510702e+002	0.00000000e+000	3.5021e+014	1.0000e-010	0.0000e+000
3.690000e+003	2.26697640e-001	-3.17330236e+000	8.77862930e+002	0.00000000e+000	3.4901e+014	1.0000e-010	0.0000e+000
3.700000e+003	2.26785426e-001	-3.17321457e+000	8.71237694e+002	0.00000000e+000	3.4783e+014	1.0000e-010	0.0000e+000
3.710000e+003	2.26872550e-001	-3.17312745e+000	8.64634747e+002	0.00000000e+000	3.4666e+014	1.0000e-010	0.0000e+000
3.720000e+003	2.26959014e-001	-3.17304099e+000	8.58053848e+002	0.00000000e+000	3.4550e+014	1.0000e-010	0.0000e+000
3.730000e+003	2.27044819e-001	-3.17295518e+000	8.51494756e+002	0.00000000e+000	3.4435e+014	1.0000e-010	0.0000e+000
3.740000e+003	2.27129968e-001	-3.17287003e+000	8.44957231e+002	0.00000000e+000	3.4322e+014	1.0000e-010	0.0000e+000
3.750000e+003	2.27214464e-001	-3.17278554e+000	8.38441040e+002	0.00000000e+000	3.4210e+014	1.0000e-010	0.0000e+000
3.760000e+003	2.27298308e-001	-3.17270169e+000	8.31945947e+002	0.00000000e+000	3.4099e+014	1.0000e-010	0.0000e+000
3.770000e+003	2.27381503e-001	-3.17261850e+000	8.25471723e+002	0.00000000e+000	3.3990e+014	1.0000e-010	0.0000e+000
3.780000e+003	2.27464050e-001	-3.17253595e+000	8.19018139e+002	0.00000000e+000	3.3881e+014	1.0000e-010	0.0000e+000
3.790000e+003	2.27545952e-001	-3.17245405e+000	8.12584968e+002	0.00000000e+000	3.3774e+014	1.0000e-010	0.0000e+000
3.800000e+003	2.27627210e-001	-3.17237279e+000	8.06171986e+002	0.00000000e+000	3.3668e+014	1.0000e-010	0.0000e+000
3.810000e+003	2.27707828e-001	-3.17229217e+000	7.99778971e+002	0.00000000e+000	3.3563e+014	1.0000e-010	0.0000e+000
3.820000e+003	2.27787805e-001	-3.17221219e+000	7.93405704e+002	0.00000000e+000	3.3460e+014	1.0000e-010	0.0000e+000
3.830000e+003	2.27867146e-001	-3.17213285e+000	7.87051966e+002	0.00000000e+000	3.3357e+014	1.0000e-010	0.0000e+000
3.840000e+003	2.27945851e-001	-3.17205415e+000	7.80717543e+002	0.00000000e+000	3.3256e+014	1.0000e-010	0.0000e+000
3.850000e+003	2.28023923e-001	-3.17197608e+000	7.74402221e+002	0.00000000e+000	3.3156e+014	1.0000e-010	0.0000e+000
3.860000e+003	2.28101363e-001	-3.17189864e+000	7.68105787e+002	0.00000000e+000	3.3056e+014	1.0000e-010	0.0000e+000
3.870000e+003	2.28178174e-001	-3.17182183e+000	7.61828034e+002	0.00000000e+000	3.2958e+014	1.0000e-010	0.0000e+000
3.880000e+003	2.28254357e-001	-3.17174564e+000	7.55568754e+002	0.00000000e+000	3.2861e+014	1.0000e-010	0.0000e+000
3.890000e+003	2.28329913e-001	-3.17167009e+000	7.49327740e+002	0.00000000e+000	3.2765e+014	1.0000e-010	0.0000e+000
3.900000e+003	2.28404846e-001	-3.17159515e+000	7.43104790e+002	0.00000000e+000	3.2671e+014	1.0000e-010	0.0000e+000
3.910000e+003	2.28479157e-001	-3.17152084e+000	7.36899703e+002	0.00000000e+000	3.2577e+014	1.0000e-010	0.0000e+000
3.920000e+003	2.28552847e-001	-3.17144715e+000	7.30712277e+002	0.00000000e+000	3.2484e+014	1.0000e-010	0.0000e+000
3.930000e+003	2.28625918e-001	-3.17137408e+000	7.24542315e+002	0.00000000e+000	3.2392e+014	1.0000e-010	0.0000e+000
3.940000e+003	2.28698372e-001	-3.17130163e+000	7.18389622e+002	0.00000000e+000	3.2302e+014	1.0000e-010	0.0000e+000
3.950000e+003	2.28770211e-001	-3.17122979e+000	7.12254002e+002	0.00000000e+000	3.2212e+014	1.0000e-010	0.0000e+000
3.960000e+003	2.28841436e-001	-3.17115856e+000	7.06135263e+002	0.00000000e+000	3.2123e+014	1.0000e-010	0.0000e+000
3.970000e+003	2.28912050e-001	-3.17108795e+000	7.00033215e+002	0.00000000e+000	3.2036e+014	1.0000e-010	0.0000e+000
3.980000e+003	2.28982053e-001	-3.17101795e+000	6.93947667e+002	0.00000000e+000	3.1949e+014	1.0000e-010	0.0000e+000
3.990000e+003	2.29051448e-001	-3.17094855e+000	6.87878434e+002	0.00000000e+000	3.1864e+014	1.0000e-010	0.0000e+000
4.000000e+003	2.29120236e-001	-3.17087976e+000	6.81825328e+002	0.00000000e+000	3.1779e+014	1.0000e-010	0.0000e+000
4.010000e+003	2.29188418e-001	-3.17081158e+000	6.75788165e+002	0.00000000e+000	3.1695e+014	1.0000e-010	0.0000e+000
4.020000e+003	2.29255997e-001	-3.17074400e+000	6.69766764e+002	0.00000000e+000	3.1612e+014	1.0000e-010	0.0000e+000
4.030000e+003	2.29322974e-001	-3.17067703e+000	6.63760942e+002	0.00000000e+000	3.1531e+014	1.0000e-010	0.0000e+000
4.040000e+003	2.29389350e-001	-3.17061065e+000	6.57770521e+002	0.00000000e+000	3.1450e+014	1.0000e-010	0.0000e+000
4.050000e+003	2.29455127e-001	-3.17054487e+000	6.51795322e+002	0.00000000e+000	3.1370e+014	1.0000e-010	0.0000e+000
4.060000e+003	2.29520307e-001	-3.17047969e+000	6.45835169e+002	0.00000000e+000	3.1291e+014	1.0000e-010	0.0000e+000
4.070000e+003	2.29584890e-001	-3.17041511e+000	6.39889888e+002	0.00000000e+000	3.1213e+014	1.0000e-010	0.0000e+000
4.080000e+003	2.29648879e-001	-3.17035112e+000	6.33959304e+002	0.00000000e+000	3.1136e+014	1.0000e-010	0.0000e+000
4.090000e+003	2.29712275e-001	-3.17028772e+000	6.28043245e+002	0.00000000e+000	3.1059e+014	1.0000e-010	0.0000e+000
4.100000e+003	2.29775079e-001	-3.17022492e+000	6.22141542e+002	0.00000000e+000	3.0984e+014	1.0000e-010	0.0000e+000
4.110000e+003	2.29837294e-001	-3.17016271e+000	6.16254024e+002	0.00000000e+000	3.0910e+014	1.0000e-010	0.0000e+000
4.120000e+003	2.29898919e-001	-3.17010108e+000	6.10380524e+002	0.00000000e+000	3.0836e+014	1.0000e-010	0.0000e+000
4.130000e+003	2.29959957e-001	-3.17004004e+000	6.04520875e+002	0.00000000e+000	3.0763e+014	1.0000e-010	0.0000e+000
4.140000e+003	2.30020409e-001	-3.16997959e+000	5.98674912e+002	0.00000000e+000	3.0691e+014	1.0000e-010	0.0000e+000
4.150000e+003	2.30080277e-001	-3.16991972e+000	5.92842472e+002	0.00000000e+000	3.0620e+014	1.0000e-010	0.0000e+000
4.160000e+003	2.30139561e-001	-3.16986044e+000	5.87023392e+002	0.00000000e+000	3.0550e+014	1.0000e-010	0.0000e+000
4.170000e+003	2.30198263e-001	-3.16980174e+000	5.81217510e+002	0.00000000e+000	3.0481e+014	1.0000e-010	0.0000e+000
4.180000e+003	2.30256385e-001	-3.16974362e+000	5.75424666e+002	0.00000000e+000	3.0413e+014	1.0000e-010	0.0000e+000
4.190000e+003	2.30313927e-001	-3.16968607e+000	5.69644702e+002	0.00000000e+000	3.0345e+014	1.0000e-010	0.0000e+000
4.200000e+003	2.30370892e-001	-3.16962911e+000	5.63877460e+002	0.00000000e+000	3.0278e+014	1.0000e-010	0.0000e+000
4.210000e+003	2.30427280e-001	-3.16957272e+000	5.58122783e+002	0.00000000e+000	3.0212e+014	1.0000e-010	0.0000e+000
4.220000e+003	2.30483092e-001	-3.16951691e+000	5.52380517e+002	0.00000000e+000	3.0147e+014	1.0000e-010	0.0000e+000
4.230000e+003	2.30538330e-001	-3.16946167e+000	5.46650508e+002	0.00000000e+000	3.0083e+014	1.0000e-010	0.0000e+000
4.240000e+003	2.30592995e-001	-3.16940701e+000	5.40932602e+002	0.00000000e+000	3.0019e+014	1.0000e-010	0.0000e+000
4.250000e+003	2.30647088e-001	-3.16935291e+000	5.35226648e+002	0.00000000e+000	2.9956e+014	1.0000e-010	0.0000e+000
4.260000e+003	2.30700611e-001	-3.16929939e+000	5.29532495e+002	0.00000000e+000	2.9894e+014	1.0000e-010	0.0000e+000
4.270000e+003	2.30753564e-001	-3.16924644e+000	5.23849993e+002	0.00000000e+000	2.9833e+014	1.0000e-010	0.0000e+000
4.280000e+003	2.30805949e-001	-3.16919405e+000	5.18178995e+002	0.00000000e+000	2.9773e+014	1.0000e-010	0.0000e+000
4.290000e+003	2.30857767e-001	-3.16914223e+000	5.12519352e+002	0.00000000e+000	2.9713e+014	1.0000e-010	0.0000e+000
4.300000e+003	2.30909019e-001	-3.16909098e+000	5.06870918e+002	0.00000000e+000	2.9654e+014	1.0000e-010	0.0000e+000
4.310000e+003	2.30959706e-001	-3.16904029e+000	5.01233548e+002	0.00000000e+000	2.9596e+014	1.0000e-010	0.0000e+000
4.320000e+003	2.31009829e-001	-3.16899017e+000	4.95607098e+002	0.00000000e+000	2.9539e+014	1.0000e-010	0.0000e+000
4.330000e+003	2.31059390e-001	-3.16894061e+000	4.89991424e+002	0.00000000e+000	2.9482e+014	1.0000e-010	0.0000e+000
4.340000e+003	2.31108389e-001	-3.16889161e+000	4.84386383e+002	0.00000000e+000	2.9427e+014	1.0000e-010	0.0000e+000
4.350000e+003	2.31156828e-001	-3.16884317e+000	4.78791835e+002	0.00000000e+000	2.9371e+014	1.0000e-010	0.0000e+000
4.360000e+003	2.31204707e-001	-3.16879529e+000	4.73207638e+002	0.00000000e+000	2.9317e+014	1.0000e-010	0.0000e+000
4.370000e+003	2.31252028e-001	-3.16874797e+000	4.67633654e+002	0.00000000e+000	2.9264e+014	1.0000e-010	0.0000e+000
4.380000e+003	2.31298791e-001	-3.16870121e+000	4.62069743e+002	0.00000000e+000	2.9211e+014	1.0000e-010	0.0000e+000
4.390000e+003	2.31344998e-001	-3.16865500e+000	4.56515768e+002	0.00000000e+000	2.9158e+014	1.0000e-010	0.0000e+000
4.400000e+003	2.31390650e-001	-3.16860935e+000	4.50971593e+002	0.00000000e+000	2.9107e+014	1.0000e-010	0.0000e+000
4.410000e+003	2.31435747e-001	-3.16856425e+000	4.45437080e+002	0.00000000e+000	2.9056e+014	1.0000e-010	0.0000e+000
4.420000e+003	2.31480291e-001	-3.16851971e+000	4.39912095e+002	0.00000000e+000	2.9006e+014	1.0000e-010	0.0000e+000
4.430000e+003	2.31524282e-001	-3.16847572e+000	4.34396504e+002	0.00000000e+000	2.8957e+014	1.0000e-010	0.0000e+000
4.440000e+003	2.31567722e-001	-3.16843228e+000	4.28890173e+002	0.00000000e+000	2.8908e+014	1.0000e-010	0.0000e+000
4.450000e+003	2.31610611e-001	-3.16838939e+000	4.23392969e+002	0.00000000e+000	2.8860e+014	1.0000e-010	0.0000e+000
4.460000e+003	2.31652950e-001	-3.16834705e+000	4.17904762e+002	0.00000000e+000	2.8813e+014	1.0000e-010	0.0000e+000
4.470000e+003	2.31694740e-001	-3.16830526e+000	4.12425419e+002	0.00000000e+000	2.8767e+014	1.0000e-010	0.0000e+000
4.480000e+003	2.31735983e-001	-3.16826402e+000	4.06954810e+002	0.00000000e+000	2.8721e+014	1.0000e-010	0.0000e+000
4.490000e+003	2.31776678e-001	-3.16822332e+000	4.01492806e+002	0.00000000e+000	2.8676e+014	1.0000e-010	0.0000e+000
4.500000e+003	2.31816828e-001	-3.16818317e+000	3.96039279e+002	0.00000000e+000	2.8631e+014	1.0000e-010	0.0000e+000
4.510000e+003	2.31856432e-001	-3.16814357e+000	3.90594099e+002	0.00000000e+000	2.8587e+014	1.0000e-010	0.0000e+000
4.520000e+003	2.31895491e-001	-3.16810451e+000	3.85157140e+002	0.00000000e+000	2.8544e+014	1.0000e-010	0.0000e+000
4.530000e+003	2.31934007e-001	-3.16806599e+000	3.79728276e+002	0.00000000e+000	2.8502e+014	1.0000e-010	0.0000e+000
4.540000e+003	2.31971979e-001	-3.16802802e+000	3.74307380e+002	0.00000000e+000	2.8460e+014	1.0000e-010	0.0000e+000
4.550000e+003	2.32009410e-001	-3.16799059e+000	3.68894327e+002	0.00000000e+000	2.8419e+014	1.0000e-010	0.0000e+000
4.560000e+003	2.32046300e-001	-3.16795370e+000	3.63488993e+002	0.00000000e+000	2.8378e+014	1.0000e-010	0.0000e+000
4.570000e+003	2.32082649e-001	-3.16791735e+000	3.58091253e+002	0.00000000e+000	2.8338e+014	1.0000e-010	0.0000e+000
4.580000e+003	2.32118458e-001	-3.16788154e+000	3.52700985e+002	0.00000000e+000	2.8299e+014	1.0000e-010	0.0000e+000
4.590000e+003	2.32153728e-001	-3.16784627e+000	3.47318067e+002	0.00000000e+000	2.8260e+014	1.0000e-010	0.0000e+000
4.600000e+003	2.32188460e-001	-3.16781154e+000	3.41942375e+002	0.00000000e+000	2.8222e+014	1.0000e-010	0.0000e+000
4.610000e+003	2.32222654e-001	-3.16777735e+000	3.36573788e+002	0.00000000e+000	2.8185e+014	1.0000e-010	0.0000e+000
4.620000e+003	2.32256311e-001	-3.16774369e+000	3.31212187e+002	0.00000000e+000	2.8148e+014	1.0000e-010	0.0000e+000
4.630000e+003	2.32289432e-001	-3.16771057e+000	3.25857451e+002	0.00000000e+000	2.8112e+014	1.0000e-010	0.0000e+000
4.640000e+003	2.32322018e-001	-3.16767798e+000	3.20509459e+002	0.00000000e+000	2.8077e+014	1.0000e-010	0.0000e+000
4.650000e+003	2.32354069e-001	-3.16764593e+000	3.15168094e+002	0.00000000e+000	2.8042e+014	1.0000e-010	0.0000e+000
4.660000e+003	2.32385586e-001	-3.16761441e+000	3.09833237e+002	0.00000000e+000	2.8008e+014	1.0000e-010	0.0000e+000
4.670000e+003	2.32416569e-001	-3.16758343e+000	3.04504770e+002	0.00000000e+000	2.7975e+014	1.0000e-010	0.0000e+000
4.680000e+003	2.32447020e-001	-3.16755298e+000	2.99182576e+002	0.00000000e+000	2.7942e+014	1.0000e-010	0.0000e+000
4.690000e+003	2.32476938e-001	-3.16752306e+000	2.93866537e+002	0.00000000e+000	2.7909e+014	1.0000e-010	0.0000e+000
4.700000e+003	2.32506325e-001	-3.16749368e+000	2.88556537e+002	0.00000000e+000	2.7878e+014	1.0000e-010	0.0000e+000
4.710000e+003	2.32535180e-001	-3.16746482e+000	2.83252462e+002	0.00000000e+000	2.7846e+014	1.0000e-010	0.0000e+000
4.720000e+003	2.32563506e-001	-3.16743649e+000	2.77954194e+002	0.00000000e+000	2.7816e+014	1.0000e-010	0.0000e+000
4.730000e+003	2.32591301e-001	-3.16740870e+000	2.72661620e+002	0.00000000e+000	2.7786e+014	1.0000e-010	0.0000e+000
4.740000e+003	2.32618567e-001	-3.16738143e+000	2.67374625e+002	0.00000000e+000	2.7757e+014	1.0000e-010	0.0000e+000
4.750000e+003	2.32645305e-001	-3.16735470e+000	2.62093096e+002	0.00000000e+000	2.7728e+014	1.0000e-010	0.0000e+000
4.760000e+003	2.32671514e-001	-3.16732849e+000	2.56816918e+002	0.00000000e+000	2.7700e+014	1.0000e-010	0.0000e+000
4.770000e+003	2.32697196e-001	-3.16730280e+000	2.51545979e+002	0.00000000e+000	2.7673e+014	1.0000e-010	0.0000e+000
4.780000e+003	2.32722350e-001	-3.16727765e+000	2.46280167e+002	0.00000000e+000	2.7646e+014	1.0000e-010	0.0000e+000
4.790000e+003	2.32746978e-001	-3.16725302e+000	2.41019368e+002	0.00000000e+000	2.7619e+014	1.0000e-010	0.0000e+000
4.800000e+003	2.32771080e-001	-3.16722892e+000	2.35763472e+002	0.00000000e+000	2.7594e+014	1.0000e-010	0.0000e+000
4.810000e+003	2.32794656e-001	-3.16720534e+000	2.30512367e+002	0.00000000e+000	2.7568e+014	1.0000e-010	0.0000e+000
4.820000e+003	2.32817708e-001	-3.16718229e+000	2.25265942e+002	0.00000000e+000	2.7544e+014	1.0000e-010	0.0000e+000
4.830000e+003	2.32840234e-001	-3.16715977e+000	2.20024087e+002	0.00000000e+000	2.7520e+014	1.0000e-010	0.0000e+000
4.840000e+003	2.32862237e-001	-3.16713776e+000	2.14786691e+002	0.00000000e+000	2.7496e+014	1.0000e-010	0.0000e+000
4.850000e+003	2.32883715e-001	-3.16711628e+000	2.09553644e+002	0.00000000e+000	2.7474e+014	1.0000e-010	0.0000e+000
4.860000e+003	2.32904671e-001	-3.16709533e+000	2.04324838e+002	0.00000000e+000	2.7451e+014	1.0000e-010	0.0000e+000
4.870000e+003	2.32925103e-001	-3.16707490e+000	1.99100163e+002	0.00000000e+000	2.7430e+014	1.0000e-010	0.0000e+000
4.880000e+003	2.32945013e-001	-3.16705499e+000	1.93879510e+002	0.00000000e+000	2.7409e+014	1.0000e-010	0.0000e+000
4.890000e+003	2.32964401e-001	-3.16703560e+000	1.88662771e+002	0.00000000e+000	2.7388e+014	1.0000e-010	0.0000e+000
4.900000e+003	2.32983267e-001	-3.16701673e+000	1.83449837e+002	0.00000000e+000	2.7368e+014	1.0000e-010	0.0000e+000
4.910000e+003	2.33001612e-001	-3.16699839e+000	1.78240602e+002	0.00000000e+000	2.7349e+014	1.0000e-010	0.0000e+000
4.920000e+003	2.33019437e-001	-3.16698056e+000	1.73034957e+002	0.00000000e+000	2.7330e+014	1.0000e-010	0.0000e+000
4.930000e+003	2.33036740e-001	-3.16696326e+000	1.67832794e+002	0.00000000e+000	2.7311e+014	1.0000e-010	0.0000e+000
4.940000e+003	2.33053523e-001	-3.16694648e+000	1.62634008e+002	0.00000000e+000	2.7294e+014	1.0000e-010	0.0000e+000
4.950000e+003	2.33069787e-001	-3.16693021e+000	1.57438492e+002	0.00000000e+000	2.7277e+014	1.0000e-010	0.0000e+000
4.960000e+003	2.33085531e-001	-3.16691447e+000	1.52246139e+002	0.00000000e+000	2.7260e+014	1.0000e-010	0.0000e+000
4.970000e+003	2.33100755e-001	-3.16689924e+000	1.47056842e+002	0.00000000e+000	2.7244e+014	1.0000e-010	0.0000e+000
4.980000e+003	2.33115461e-001	-3.16688454e+000	1.41870497e+002	0.00000000e+000	2.7228e+014	1.0000e-010	0.0000e+000
4.990000e+003	2.33129648e-001	-3.16687035e+000	1.36686997e+002	0.00000000e+000	2.7213e+014	1.0000e-010	0.0000e+000
5.000000e+003	2.33143317e-001	-3.16685668e+000	1.31506237e+002	0.00000000e+000	2.7199e+014	1.0000e-010	0.0000e+000
5.010000e+003	2.33156467e-001	-3.16684353e+000	1.26328112e+002	0.00000000e+000	2.7185e+014	1.0000e-010	0.0000e+000
5.020000e+003	2.33169100e-001	-3.16683090e+000	1.21152516e+002	0.00000000e+000	2.7172e+014	1.0000e-010	0.0000e+000
5.030000e+003	2.33181215e-001	-3.16681878e+000	1.15979346e+002	0.00000000e+000	2.7159e+014	1.0000e-010	0.0000e+000
5.040000e+003	2.33192813e-001	-3.16680719e+000	1.10808495e+002	0.00000000e+000	2.7147e+014	1.0000e-010	0.0000e+000
5.050000e+003	2.33203894e-001	-3.16679611e+000	1.05639861e+002	0.00000000e+000	2.7135e+014	1.0000e-010	0.0000e+000
5.060000e+003	2.33214458e-001	-3.16678554e+000	1.00473338e+002	0.00000000e+000	2.7124e+014	1.0000e-010	0.0000e+000
5.070000e+003	2.33224505e-001	-3.16677549e+000	9.53088229e+001	0.00000000e+000	2.7114e+014	1.0000e-010	0.0000e+000
5.080000e+003	2.33234036e-001	-3.16676596e+000	9.01462113e+001	0.00000000e+000	2.7104e+014	1.0000e-010	0.0000e+000
5.090000e+003	2.33243051e-001	-3.16675695e+000	8.49853997e+001	0.00000000e+000	2.7094e+014	1.0000e-010	0.0000e+000
5.100000e+003	2.33251549e-001	-3.16674845e+000	7.98262843e+001	0.00000000e+000	2.7085e+014	1.0000e-010	0.0000e+000
5.110000e+003	2.33259532e-001	-3.16674047e+000	7.46687617e+001	0.00000000e+000	2.7077e+014	1.0000e-010	0.0000e+000
5.120000e+003	2.33266999e-001	-3.16673300e+000	6.95127285e+001	0.00000000e+000	2.7069e+014	1.0000e-010	0.0000e+000
5.130000e+003	2.33273950e-001	-3.16672605e+000	6.43580816e+001	0.00000000e+000	2.7062e+014	1.0000e-010	0.0000e+000
5.140000e+003	2.33280386e-001	-3.16671961e+000	5.92047177e+001	0.00000000e+000	2.7055e+014	1.0000e-010	0.0000e+000
5.150000e+003	2.33286306e-001	-3.16671369e+000	5.40525339e+001	0.00000000e+000	2.7049e+014	1.0000e-010	0.0000e+000
5.160000e+003	2.33291712e-001	-3.16670829e+000	4.89014272e+001	0.00000000e+000	2.7043e+014	1.0000e-010	0.0000e+000
5.170000e+003	2.33296602e-001	-3.16670340e+000	4.37512948e+001	0.00000000e+000	2.7038e+014	1.0000e-010	0.0000e+000
5.180000e+003	2.33300977e-001	-3.16669902e+000	3.86020340e+001	0.00000000e+000	2.7034e+014	1.0000e-010	0.0000e+000
5.190000e+003	2.33304837e-001	-3.16669516e+000	3.34535419e+001	0.00000000e+000	2.7030e+014	1.0000e-010	0.0000e+000
5.200000e+003	2.33308183e-001	-3.16669182e+000	2.83057161e+001	0.00000000e+000	2.7026e+014	1.0000e-010	0.0000e+000
5.210000e+003	2.33311013e-001	-3.16668899e+000	2.31584538e+001	0.00000000e+000	2.7023e+014	1.0000e-010	0.0000e+000
5.220000e+003	2.33313329e-001	-3.16668667e+000	1.80116527e+001	0.00000000e+000	2.7021e+014	1.0000e-010	0.0000e+000
5.230000e+003	2.33315130e-001	-3.16668487e+000	1.28652101e+001	0.00000000e+000	2.7019e+014	1.0000e-010	0.0000e+000
5.240000e+003	2.33316417e-001	-3.16668358e+000	7.71902362e+000	0.00000000e+000	2.7018e+014	1.0000e-010	0.0000e+000
5.250000e+003	2.33317189e-001	-3.16668281e+000	2.57299080e+000	0.00000000e+000	2.7017e+014	1.0000e-010	0.0000e+000
5.260000e+003	2.33317446e-001	-3.16668255e+000	2.57299080e+000	0.00000000e+000	2.7016e+014	1.0000e-010	0.0000e+000
