Y (ang)	Ec (eV)	Ev (eV)	E (V/cm)	Ef (eV)	n (cm-3)	p (cm-3)	Nd - Na (cm-3)	el eval 1 (eV)	el eval 2 (eV)	el eval 3 (eV)	el eval 4 (eV)	el eval 5 (eV)	el eval 6 (eV)	el eval 7 (eV)	el eval 8 (eV)	el eval 9 (eV)	el eval 10 (eV)	el eval 11 (eV)	el eval 12 (eV)
0.000000e+000	6.00000000e-001	-2.80000000e+000	1.01878588e+006	-0.00000000e+000	1.8691e+008	1.0000e-010	0.0000e+000
1.000000e+001	1.26187859e+000	-2.83812141e+000	-1.66273729e+006	0.00000000e+000	9.6929e-004	1.0000e-010	-1.3848e+020
2.000000e+001	1.09560486e+000	-3.00439514e+000	-1.66273732e+006	0.00000000e+000	1.2431e+012	1.0000e-010	0.0000e+000	-4.5188e-002	3.3781e-002	4.7943e-002	6.7550e-002	8.8398e-002	1.0339e-001	1.1506e-001	1.2461e-001	1.3268e-001	1.3966e-001	1.4581e-001	1.5147e-001
3.000000e+001	9.29331126e-001	-3.17066887e+000	-1.66273835e+006	0.00000000e+000	5.2516e+013	1.0000e-010	0.0000e+000
4.000000e+001	7.63057292e-001	-3.33694271e+000	-1.66278140e+006	0.00000000e+000	2.2003e+015	1.0000e-010	0.0000e+000
5.000000e+001	5.96779152e-001	-3.50322085e+000	-1.66413133e+006	0.00000000e+000	6.8987e+016	1.0000e-010	0.0000e+000
6.000000e+001	-1.29633982e-001	-3.52963398e+000	9.87953049e+005	0.00000000e+000	1.5459e+018	1.0000e-010	1.3848e+020
7.000000e+001	-8.43867656e-003	-3.43643868e+000	8.67199631e+005	0.00000000e+000	1.1317e+018	1.0000e-010	-5.2547e+018
8.000000e+001	1.00681287e-001	-3.35531871e+000	7.61069288e+005	0.00000000e+000	3.2949e+017	1.0000e-010	-5.2784e+018
9.000000e+001	1.99188215e-001	-3.28481178e+000	6.59529842e+005	0.00000000e+000	5.3895e+016	1.0000e-010	-5.3022e+018
1.000000e+002	2.87541200e-001	-3.22445880e+000	5.58237465e+005	0.00000000e+000	6.0527e+015	1.0000e-010	-5.3259e+018
1.100000e+002	3.65764946e-001	-3.17423505e+000	4.56382511e+005	0.00000000e+000	5.2112e+014	1.0000e-010	-5.3496e+018
1.200000e+002	4.33803197e-001	-3.13419680e+000	3.53866421e+005	0.00000000e+000	3.6444e+013	1.0000e-010	-5.3733e+018
1.300000e+002	4.91589839e-001	-3.10441016e+000	2.50678445e+005	0.00000000e+000	2.1740e+012	1.0000e-010	-5.3970e+018
1.400000e+002	5.39057684e-001	-3.08494232e+000	1.46815825e+005	0.00000000e+000	1.1575e+011	1.0000e-010	-5.4207e+018
1.500000e+002	5.76139266e-001	-3.07586073e+000	4.22763736e+004	0.00000000e+000	5.9418e+009	1.0000e-010	-5.4445e+018
1.600000e+002	6.02766904e-001	-3.07723310e+000	-6.29420725e+004	0.00000000e+000	4.1549e+008	1.0000e-010	-5.4682e+018
1.700000e+002	6.18872696e-001	-3.08912730e+000	-1.68841682e+005	0.00000000e+000	1.0805e+008	1.0000e-010	-5.4919e+018
1.800000e+002	6.24388528e-001	-3.11161147e+000	-2.75424634e+005	0.00000000e+000	2.6495e+008	1.0000e-010	-5.5156e+018
1.900000e+002	6.19246065e-001	-3.14475394e+000	-3.82693117e+005	0.00000000e+000	5.2957e+009	1.0000e-010	-5.5393e+018
2.000000e+002	6.03376753e-001	-3.18862325e+000	-4.90649329e+005	0.00000000e+000	1.4126e+011	1.0000e-010	-5.5630e+018
2.100000e+002	5.76711820e-001	-3.24328818e+000	-5.99295545e+005	0.00000000e+000	3.7251e+012	1.0000e-010	-5.5868e+018
2.200000e+002	5.39182266e-001	-3.30881773e+000	-7.08635649e+005	0.00000000e+000	9.3455e+013	1.0000e-010	-5.6105e+018
2.300000e+002	4.90718701e-001	-3.38528130e+000	-8.18710403e+005	0.00000000e+000	2.1697e+015	1.0000e-010	-5.6342e+018
2.400000e+002	4.31247661e-001	-3.47275234e+000	-9.30317960e+005	0.00000000e+000	4.5232e+016	1.0000e-010	-5.6579e+018
2.500000e+002	3.60615865e-001	-3.57138414e+000	-1.05763018e+006	0.00000000e+000	8.1716e+017	1.0000e-010	-5.6816e+018
2.600000e+002	-1.70747153e-001	-3.57074715e+000	7.08882409e+005	0.00000000e+000	1.2263e+019	1.0000e-010	1.0390e+020
2.700000e+002	-9.98589123e-002	-3.49985891e+000	4.42729231e+005	0.00000000e+000	1.3973e+019	1.0000e-010	0.0000e+000
2.800000e+002	-5.55859892e-002	-3.45558599e+000	2.77564538e+005	0.00000000e+000	8.6708e+018	1.0000e-010	0.0000e+000
2.900000e+002	-2.78295354e-002	-3.42782954e+000	1.92079599e+005	0.00000000e+000	4.4877e+018	1.0000e-010	0.0000e+000
3.000000e+002	-8.62157550e-003	-3.40862158e+000	1.45248848e+005	0.00000000e+000	2.4584e+018	1.0000e-010	0.0000e+000
3.100000e+002	5.90330929e-003	-3.39409669e+000	1.15899740e+005	0.00000000e+000	1.5406e+018	1.0000e-010	0.0000e+000
3.200000e+002	1.74932833e-002	-3.38250672e+000	9.57248361e+004	0.00000000e+000	1.0590e+018	1.0000e-010	0.0000e+000
3.300000e+002	2.70657669e-002	-3.37293423e+000	8.11484440e+004	0.00000000e+000	7.6512e+017	1.0000e-010	0.0000e+000
3.400000e+002	3.51806113e-002	-3.36481939e+000	7.02682410e+004	0.00000000e+000	5.7110e+017	1.0000e-010	0.0000e+000
3.500000e+002	4.22074354e-002	-3.35779256e+000	6.19159080e+004	0.00000000e+000	4.3841e+017	1.0000e-010	0.0000e+000
3.600000e+002	4.83990262e-002	-3.35160097e+000	5.53182373e+004	0.00000000e+000	3.4630e+017	1.0000e-010	0.0000e+000
3.700000e+002	5.39308500e-002	-3.34606915e+000	4.99718786e+004	0.00000000e+000	2.8062e+017	1.0000e-010	0.0000e+000
3.800000e+002	5.89280378e-002	-3.34107196e+000	4.55594276e+004	0.00000000e+000	2.3160e+017	1.0000e-010	0.0000e+000
3.900000e+002	6.34839806e-002	-3.33651602e+000	4.18648144e+004	0.00000000e+000	1.9392e+017	1.0000e-010	0.0000e+000
4.000000e+002	6.76704620e-002	-3.33232954e+000	3.87242545e+004	0.00000000e+000	1.6484e+017	1.0000e-010	0.0000e+000
4.100000e+002	7.15428875e-002	-3.32845711e+000	3.60164118e+004	0.00000000e+000	1.4212e+017	1.0000e-010	0.0000e+000
4.200000e+002	7.51445287e-002	-3.32485547e+000	3.36583810e+004	0.00000000e+000	1.2376e+017	1.0000e-010	0.0000e+000
4.300000e+002	7.85103668e-002	-3.32148963e+000	3.15910751e+004	0.00000000e+000	1.0850e+017	1.0000e-010	0.0000e+000
4.400000e+002	8.16694743e-002	-3.31833053e+000	2.97651061e+004	0.00000000e+000	9.5837e+016	1.0000e-010	0.0000e+000
4.500000e+002	8.46459849e-002	-3.31535402e+000	2.81376890e+004	0.00000000e+000	8.5415e+016	1.0000e-010	0.0000e+000
4.600000e+002	8.74597538e-002	-3.31254025e+000	2.66758526e+004	0.00000000e+000	7.6725e+016	1.0000e-010	0.0000e+000
4.700000e+002	9.01273391e-002	-3.30987266e+000	2.53566145e+004	0.00000000e+000	6.9240e+016	1.0000e-010	0.0000e+000
4.800000e+002	9.26630005e-002	-3.30733700e+000	2.41624334e+004	0.00000000e+000	6.2676e+016	1.0000e-010	0.0000e+000
4.900000e+002	9.50792438e-002	-3.30492076e+000	2.30769388e+004	0.00000000e+000	5.6972e+016	1.0000e-010	0.0000e+000
5.000000e+002	9.73869377e-002	-3.30261306e+000	2.20844703e+004	0.00000000e+000	5.2089e+016	1.0000e-010	0.0000e+000
5.100000e+002	9.95953848e-002	-3.30040462e+000	2.11720420e+004	0.00000000e+000	4.7888e+016	1.0000e-010	0.0000e+000
5.200000e+002	1.01712589e-001	-3.29828741e+000	2.03303968e+004	0.00000000e+000	4.4173e+016	1.0000e-010	0.0000e+000
5.300000e+002	1.03745629e-001	-3.29625437e+000	1.95528598e+004	0.00000000e+000	4.0808e+016	1.0000e-010	0.0000e+000
5.400000e+002	1.05700915e-001	-3.29429909e+000	1.88333485e+004	0.00000000e+000	3.7763e+016	1.0000e-010	0.0000e+000
5.500000e+002	1.07584249e-001	-3.29241575e+000	1.81654004e+004	0.00000000e+000	3.5057e+016	1.0000e-010	0.0000e+000
5.600000e+002	1.09400790e-001	-3.29059921e+000	1.75426757e+004	0.00000000e+000	3.2683e+016	1.0000e-010	0.0000e+000
5.700000e+002	1.11155057e-001	-3.28884494e+000	1.69599772e+004	0.00000000e+000	3.0582e+016	1.0000e-010	0.0000e+000
5.800000e+002	1.12851055e-001	-3.28714895e+000	1.64136600e+004	0.00000000e+000	2.8673e+016	1.0000e-010	0.0000e+000
5.900000e+002	1.14492421e-001	-3.28550758e+000	1.59011351e+004	0.00000000e+000	2.6899e+016	1.0000e-010	0.0000e+000
6.000000e+002	1.16082534e-001	-3.28391747e+000	1.54200066e+004	0.00000000e+000	2.5251e+016	1.0000e-010	0.0000e+000
6.100000e+002	1.17624535e-001	-3.28237547e+000	1.49675467e+004	0.00000000e+000	2.3746e+016	1.0000e-010	0.0000e+000
6.200000e+002	1.19121290e-001	-3.28087871e+000	1.45407912e+004	0.00000000e+000	2.2397e+016	1.0000e-010	0.0000e+000
6.300000e+002	1.20575369e-001	-3.27942463e+000	1.41370129e+004	0.00000000e+000	2.1191e+016	1.0000e-010	0.0000e+000
6.400000e+002	1.21989070e-001	-3.27801093e+000	1.37541265e+004	0.00000000e+000	2.0095e+016	1.0000e-010	0.0000e+000
6.500000e+002	1.23364483e-001	-3.27663552e+000	1.33907355e+004	0.00000000e+000	1.9071e+016	1.0000e-010	0.0000e+000
6.600000e+002	1.24703556e-001	-3.27529644e+000	1.30458443e+004	0.00000000e+000	1.8100e+016	1.0000e-010	0.0000e+000
6.700000e+002	1.26008141e-001	-3.27399186e+000	1.27184726e+004	0.00000000e+000	1.7181e+016	1.0000e-010	0.0000e+000
6.800000e+002	1.27279988e-001	-3.27272001e+000	1.24074159e+004	0.00000000e+000	1.6324e+016	1.0000e-010	0.0000e+000
6.900000e+002	1.28520730e-001	-3.27147927e+000	1.21112570e+004	0.00000000e+000	1.5542e+016	1.0000e-010	0.0000e+000
7.000000e+002	1.29731855e-001	-3.27026814e+000	1.18285625e+004	0.00000000e+000	1.4836e+016	1.0000e-010	0.0000e+000
7.100000e+002	1.30914711e-001	-3.26908529e+000	1.15581147e+004	0.00000000e+000	1.4193e+016	1.0000e-010	0.0000e+000
7.200000e+002	1.32070523e-001	-3.26792948e+000	1.12990432e+004	0.00000000e+000	1.3596e+016	1.0000e-010	0.0000e+000
7.300000e+002	1.33200427e-001	-3.26679957e+000	1.10508023e+004	0.00000000e+000	1.3027e+016	1.0000e-010	0.0000e+000
7.400000e+002	1.34305508e-001	-3.26569449e+000	1.08130306e+004	0.00000000e+000	1.2477e+016	1.0000e-010	0.0000e+000
7.500000e+002	1.35386811e-001	-3.26461319e+000	1.05853741e+004	0.00000000e+000	1.1947e+016	1.0000e-010	0.0000e+000
7.600000e+002	1.36445348e-001	-3.26355465e+000	1.03673554e+004	0.00000000e+000	1.1441e+016	1.0000e-010	0.0000e+000
7.700000e+002	1.37482084e-001	-3.26251792e+000	1.01583362e+004	0.00000000e+000	1.0968e+016	1.0000e-010	0.0000e+000
7.800000e+002	1.38497917e-001	-3.26150208e+000	9.95756346e+003	0.00000000e+000	1.0535e+016	1.0000e-010	0.0000e+000
7.900000e+002	1.39493673e-001	-3.26050633e+000	9.76427133e+003	0.00000000e+000	1.0143e+016	1.0000e-010	0.0000e+000
8.000000e+002	1.40470101e-001	-3.25952990e+000	9.57778769e+003	0.00000000e+000	9.7852e+015	1.0000e-010	0.0000e+000
8.100000e+002	1.41427879e-001	-3.25857212e+000	9.39760868e+003	0.00000000e+000	9.4541e+015	1.0000e-010	0.0000e+000
8.200000e+002	1.42367640e-001	-3.25763236e+000	9.22342204e+003	0.00000000e+000	9.1395e+015	1.0000e-010	0.0000e+000
8.300000e+002	1.43289982e-001	-3.25671002e+000	9.05508121e+003	0.00000000e+000	8.8325e+015	1.0000e-010	0.0000e+000
8.400000e+002	1.44195491e-001	-3.25580451e+000	8.89254612e+003	0.00000000e+000	8.5276e+015	1.0000e-010	0.0000e+000
8.500000e+002	1.45084745e-001	-3.25491525e+000	8.73581221e+003	0.00000000e+000	8.2230e+015	1.0000e-010	0.0000e+000
8.600000e+002	1.45958326e-001	-3.25404167e+000	8.58484671e+003	0.00000000e+000	7.9201e+015	1.0000e-010	0.0000e+000
8.700000e+002	1.46816811e-001	-3.25318319e+000	8.43954480e+003	0.00000000e+000	7.6228e+015	1.0000e-010	0.0000e+000
8.800000e+002	1.47660766e-001	-3.25233923e+000	8.29971025e+003	0.00000000e+000	7.3358e+015	1.0000e-010	0.0000e+000
8.900000e+002	1.48490737e-001	-3.25150926e+000	8.16505849e+003	0.00000000e+000	7.0638e+015	1.0000e-010	0.0000e+000
9.000000e+002	1.49307242e-001	-3.25069276e+000	8.03523590e+003	0.00000000e+000	6.8104e+015	1.0000e-010	0.0000e+000
9.100000e+002	1.50110766e-001	-3.24988923e+000	7.90984797e+003	0.00000000e+000	6.5777e+015	1.0000e-010	0.0000e+000
9.200000e+002	1.50901751e-001	-3.24909825e+000	7.78848909e+003	0.00000000e+000	6.3663e+015	1.0000e-010	0.0000e+000
9.300000e+002	1.51680600e-001	-3.24831940e+000	7.67076907e+003	0.00000000e+000	6.1754e+015	1.0000e-010	0.0000e+000
9.400000e+002	1.52447677e-001	-3.24755232e+000	7.55633122e+003	0.00000000e+000	6.0033e+015	1.0000e-010	0.0000e+000
9.500000e+002	1.53203310e-001	-3.24679669e+000	7.44487032e+003	0.00000000e+000	5.8471e+015	1.0000e-010	0.0000e+000
9.600000e+002	1.53947797e-001	-3.24605220e+000	7.33613410e+003	0.00000000e+000	5.7042e+015	1.0000e-010	0.0000e+000
9.700000e+002	1.54681410e-001	-3.24531859e+000	7.22992563e+003	0.00000000e+000	5.5716e+015	1.0000e-010	0.0000e+000
9.800000e+002	1.55404403e-001	-3.24459560e+000	7.12610203e+003	0.00000000e+000	5.4465e+015	1.0000e-010	0.0000e+000
9.900000e+002	1.56117013e-001	-3.24388299e+000	7.02457192e+003	0.00000000e+000	5.3262e+015	1.0000e-010	0.0000e+000
1.000000e+003	1.56819470e-001	-3.24318053e+000	6.92543614e+003	0.00000000e+000	5.2004e+015	1.0000e-010	0.0000e+000	-4.5188e-002	3.3781e-002	4.7943e-002	6.7550e-002	8.8398e-002	1.0339e-001	1.1506e-001	1.2461e-001	1.3268e-001	1.3966e-001	1.4581e-001	1.5147e-001
1.010000e+003	1.57512014e-001	-3.24248799e+000	6.82884353e+003	0.00000000e+000	5.0698e+015	1.0000e-010	0.0000e+000
1.020000e+003	1.58194898e-001	-3.24180510e+000	6.73476903e+003	0.00000000e+000	4.9377e+015	1.0000e-010	0.0000e+000
1.030000e+003	1.58868375e-001	-3.24113162e+000	6.64311363e+003	0.00000000e+000	4.8107e+015	1.0000e-010	0.0000e+000
1.040000e+003	1.59532686e-001	-3.24046731e+000	6.55378348e+003	0.00000000e+000	4.6887e+015	1.0000e-010	0.0000e+000
1.050000e+003	1.60188065e-001	-3.23981194e+000	6.46668948e+003	0.00000000e+000	4.5713e+015	1.0000e-010	0.0000e+000
1.060000e+003	1.60834734e-001	-3.23916527e+000	6.38174706e+003	0.00000000e+000	4.4584e+015	1.0000e-010	0.0000e+000
1.070000e+003	1.61472908e-001	-3.23852709e+000	6.29887583e+003	0.00000000e+000	4.3497e+015	1.0000e-010	0.0000e+000
1.080000e+003	1.62102796e-001	-3.23789720e+000	6.21799937e+003	0.00000000e+000	4.2450e+015	1.0000e-010	0.0000e+000
1.090000e+003	1.62724596e-001	-3.23727540e+000	6.13904496e+003	0.00000000e+000	4.1442e+015	1.0000e-010	0.0000e+000
1.100000e+003	1.63338500e-001	-3.23666150e+000	6.06194340e+003	0.00000000e+000	4.0469e+015	1.0000e-010	0.0000e+000
1.110000e+003	1.63944695e-001	-3.23605531e+000	5.98662873e+003	0.00000000e+000	3.9531e+015	1.0000e-010	0.0000e+000
1.120000e+003	1.64543358e-001	-3.23545664e+000	5.91303810e+003	0.00000000e+000	3.8627e+015	1.0000e-010	0.0000e+000
1.130000e+003	1.65134661e-001	-3.23486534e+000	5.84111159e+003	0.00000000e+000	3.7753e+015	1.0000e-010	0.0000e+000
1.140000e+003	1.65718773e-001	-3.23428123e+000	5.77079199e+003	0.00000000e+000	3.6910e+015	1.0000e-010	0.0000e+000
1.150000e+003	1.66295852e-001	-3.23370415e+000	5.70202470e+003	0.00000000e+000	3.6095e+015	1.0000e-010	0.0000e+000
1.160000e+003	1.66866054e-001	-3.23313395e+000	5.63475758e+003	0.00000000e+000	3.5308e+015	1.0000e-010	0.0000e+000
1.170000e+003	1.67429530e-001	-3.23257047e+000	5.56894075e+003	0.00000000e+000	3.4547e+015	1.0000e-010	0.0000e+000
1.180000e+003	1.67986424e-001	-3.23201358e+000	5.50452657e+003	0.00000000e+000	3.3811e+015	1.0000e-010	0.0000e+000
1.190000e+003	1.68536877e-001	-3.23146312e+000	5.44146943e+003	0.00000000e+000	3.3098e+015	1.0000e-010	0.0000e+000
1.200000e+003	1.69081024e-001	-3.23091898e+000	5.37972567e+003	0.00000000e+000	3.2409e+015	1.0000e-010	0.0000e+000
1.210000e+003	1.69618996e-001	-3.23038100e+000	5.31925351e+003	0.00000000e+000	3.1742e+015	1.0000e-010	0.0000e+000
1.220000e+003	1.70150922e-001	-3.22984908e+000	5.26001290e+003	0.00000000e+000	3.1095e+015	1.0000e-010	0.0000e+000
1.230000e+003	1.70676923e-001	-3.22932308e+000	5.20196546e+003	0.00000000e+000	3.0469e+015	1.0000e-010	0.0000e+000
1.240000e+003	1.71197119e-001	-3.22880288e+000	5.14507438e+003	0.00000000e+000	2.9862e+015	1.0000e-010	0.0000e+000
1.250000e+003	1.71711627e-001	-3.22828837e+000	5.08930436e+003	0.00000000e+000	2.9274e+015	1.0000e-010	0.0000e+000
1.260000e+003	1.72220557e-001	-3.22777944e+000	5.03462151e+003	0.00000000e+000	2.8703e+015	1.0000e-010	0.0000e+000
1.270000e+003	1.72724019e-001	-3.22727598e+000	4.98099329e+003	0.00000000e+000	2.8150e+015	1.0000e-010	0.0000e+000
1.280000e+003	1.73222119e-001	-3.22677788e+000	4.92838845e+003	0.00000000e+000	2.7613e+015	1.0000e-010	0.0000e+000
1.290000e+003	1.73714958e-001	-3.22628504e+000	4.87677697e+003	0.00000000e+000	2.7091e+015	1.0000e-010	0.0000e+000
1.300000e+003	1.74202635e-001	-3.22579736e+000	4.82612997e+003	0.00000000e+000	2.6585e+015	1.0000e-010	0.0000e+000
1.310000e+003	1.74685248e-001	-3.22531475e+000	4.77641970e+003	0.00000000e+000	2.6093e+015	1.0000e-010	0.0000e+000
1.320000e+003	1.75162890e-001	-3.22483711e+000	4.72761944e+003	0.00000000e+000	2.5616e+015	1.0000e-010	0.0000e+000
1.330000e+003	1.75635652e-001	-3.22436435e+000	4.67970349e+003	0.00000000e+000	2.5152e+015	1.0000e-010	0.0000e+000
1.340000e+003	1.76103623e-001	-3.22389638e+000	4.63264711e+003	0.00000000e+000	2.4700e+015	1.0000e-010	0.0000e+000
1.350000e+003	1.76566887e-001	-3.22343311e+000	4.58642647e+003	0.00000000e+000	2.4262e+015	1.0000e-010	0.0000e+000
1.360000e+003	1.77025530e-001	-3.22297447e+000	4.54101860e+003	0.00000000e+000	2.3835e+015	1.0000e-010	0.0000e+000
1.370000e+003	1.77479632e-001	-3.22252037e+000	4.49640137e+003	0.00000000e+000	2.3420e+015	1.0000e-010	0.0000e+000
1.380000e+003	1.77929272e-001	-3.22207073e+000	4.45255345e+003	0.00000000e+000	2.3016e+015	1.0000e-010	0.0000e+000
1.390000e+003	1.78374527e-001	-3.22162547e+000	4.40945428e+003	0.00000000e+000	2.2623e+015	1.0000e-010	0.0000e+000
1.400000e+003	1.78815473e-001	-3.22118453e+000	4.36708399e+003	0.00000000e+000	2.2241e+015	1.0000e-010	0.0000e+000
1.410000e+003	1.79252181e-001	-3.22074782e+000	4.32542343e+003	0.00000000e+000	2.1868e+015	1.0000e-010	0.0000e+000
1.420000e+003	1.79684723e-001	-3.22031528e+000	4.28445412e+003	0.00000000e+000	2.1505e+015	1.0000e-010	0.0000e+000
1.430000e+003	1.80113169e-001	-3.21988683e+000	4.24415820e+003	0.00000000e+000	2.1152e+015	1.0000e-010	0.0000e+000
1.440000e+003	1.80537585e-001	-3.21946242e+000	4.20451843e+003	0.00000000e+000	2.0808e+015	1.0000e-010	0.0000e+000
1.450000e+003	1.80958037e-001	-3.21904196e+000	4.16551813e+003	0.00000000e+000	2.0472e+015	1.0000e-010	0.0000e+000
1.460000e+003	1.81374588e-001	-3.21862541e+000	4.12714121e+003	0.00000000e+000	2.0145e+015	1.0000e-010	0.0000e+000
1.470000e+003	1.81787302e-001	-3.21821270e+000	4.08937209e+003	0.00000000e+000	1.9826e+015	1.0000e-010	0.0000e+000
1.480000e+003	1.82196240e-001	-3.21780376e+000	4.05219571e+003	0.00000000e+000	1.9515e+015	1.0000e-010	0.0000e+000
1.490000e+003	1.82601459e-001	-3.21739854e+000	4.01559752e+003	0.00000000e+000	1.9211e+015	1.0000e-010	0.0000e+000
1.500000e+003	1.83003019e-001	-3.21699698e+000	3.97956342e+003	0.00000000e+000	1.8915e+015	1.0000e-010	0.0000e+000
1.510000e+003	1.83400975e-001	-3.21659902e+000	3.94407977e+003	0.00000000e+000	1.8626e+015	1.0000e-010	0.0000e+000
1.520000e+003	1.83795383e-001	-3.21620462e+000	3.90913336e+003	0.00000000e+000	1.8344e+015	1.0000e-010	0.0000e+000
1.530000e+003	1.84186297e-001	-3.21581370e+000	3.87471140e+003	0.00000000e+000	1.8069e+015	1.0000e-010	0.0000e+000
1.540000e+003	1.84573768e-001	-3.21542623e+000	3.84080152e+003	0.00000000e+000	1.7800e+015	1.0000e-010	0.0000e+000
1.550000e+003	1.84957848e-001	-3.21504215e+000	3.80739171e+003	0.00000000e+000	1.7538e+015	1.0000e-010	0.0000e+000
1.560000e+003	1.85338587e-001	-3.21466141e+000	3.77447034e+003	0.00000000e+000	1.7281e+015	1.0000e-010	0.0000e+000
1.570000e+003	1.85716034e-001	-3.21428397e+000	3.74202614e+003	0.00000000e+000	1.7031e+015	1.0000e-010	0.0000e+000
1.580000e+003	1.86090237e-001	-3.21390976e+000	3.71004818e+003	0.00000000e+000	1.6786e+015	1.0000e-010	0.0000e+000
1.590000e+003	1.86461242e-001	-3.21353876e+000	3.67852587e+003	0.00000000e+000	1.6547e+015	1.0000e-010	0.0000e+000
1.600000e+003	1.86829094e-001	-3.21317091e+000	3.64744891e+003	0.00000000e+000	1.6313e+015	1.0000e-010	0.0000e+000
1.610000e+003	1.87193839e-001	-3.21280616e+000	3.61680734e+003	0.00000000e+000	1.6085e+015	1.0000e-010	0.0000e+000
1.620000e+003	1.87555520e-001	-3.21244448e+000	3.58659148e+003	0.00000000e+000	1.5861e+015	1.0000e-010	0.0000e+000
1.630000e+003	1.87914179e-001	-3.21208582e+000	3.55679192e+003	0.00000000e+000	1.5643e+015	1.0000e-010	0.0000e+000
1.640000e+003	1.88269858e-001	-3.21173014e+000	3.52739954e+003	0.00000000e+000	1.5429e+015	1.0000e-010	0.0000e+000
1.650000e+003	1.88622598e-001	-3.21137740e+000	3.49840549e+003	0.00000000e+000	1.5220e+015	1.0000e-010	0.0000e+000
1.660000e+003	1.88972439e-001	-3.21102756e+000	3.46980116e+003	0.00000000e+000	1.5015e+015	1.0000e-010	0.0000e+000
1.670000e+003	1.89319419e-001	-3.21068058e+000	3.44157818e+003	0.00000000e+000	1.4815e+015	1.0000e-010	0.0000e+000
1.680000e+003	1.89663577e-001	-3.21033642e+000	3.41372844e+003	0.00000000e+000	1.4619e+015	1.0000e-010	0.0000e+000
1.690000e+003	1.90004949e-001	-3.20999505e+000	3.38624403e+003	0.00000000e+000	1.4428e+015	1.0000e-010	0.0000e+000
1.700000e+003	1.90343574e-001	-3.20965643e+000	3.35911728e+003	0.00000000e+000	1.4240e+015	1.0000e-010	0.0000e+000
1.710000e+003	1.90679486e-001	-3.20932051e+000	3.33234072e+003	0.00000000e+000	1.4056e+015	1.0000e-010	0.0000e+000
1.720000e+003	1.91012720e-001	-3.20898728e+000	3.30590710e+003	0.00000000e+000	1.3876e+015	1.0000e-010	0.0000e+000
1.730000e+003	1.91343310e-001	-3.20865669e+000	3.27980936e+003	0.00000000e+000	1.3700e+015	1.0000e-010	0.0000e+000
1.740000e+003	1.91671291e-001	-3.20832871e+000	3.25404062e+003	0.00000000e+000	1.3527e+015	1.0000e-010	0.0000e+000
1.750000e+003	1.91996695e-001	-3.20800330e+000	3.22859421e+003	0.00000000e+000	1.3358e+015	1.0000e-010	0.0000e+000
1.760000e+003	1.92319555e-001	-3.20768045e+000	3.20346362e+003	0.00000000e+000	1.3192e+015	1.0000e-010	0.0000e+000
1.770000e+003	1.92639901e-001	-3.20736010e+000	3.17864251e+003	0.00000000e+000	1.3030e+015	1.0000e-010	0.0000e+000
1.780000e+003	1.92957765e-001	-3.20704223e+000	3.15412472e+003	0.00000000e+000	1.2870e+015	1.0000e-010	0.0000e+000
1.790000e+003	1.93273178e-001	-3.20672682e+000	3.12990425e+003	0.00000000e+000	1.2714e+015	1.0000e-010	0.0000e+000
1.800000e+003	1.93586168e-001	-3.20641383e+000	3.10597525e+003	0.00000000e+000	1.2561e+015	1.0000e-010	0.0000e+000
1.810000e+003	1.93896766e-001	-3.20610323e+000	3.08233203e+003	0.00000000e+000	1.2411e+015	1.0000e-010	0.0000e+000
1.820000e+003	1.94204999e-001	-3.20579500e+000	3.05896902e+003	0.00000000e+000	1.2264e+015	1.0000e-010	0.0000e+000
1.830000e+003	1.94510896e-001	-3.20548910e+000	3.03588084e+003	0.00000000e+000	1.2120e+015	1.0000e-010	0.0000e+000
1.840000e+003	1.94814484e-001	-3.20518552e+000	3.01306220e+003	0.00000000e+000	1.1978e+015	1.0000e-010	0.0000e+000
1.850000e+003	1.95115790e-001	-3.20488421e+000	2.99050796e+003	0.00000000e+000	1.1840e+015	1.0000e-010	0.0000e+000
1.860000e+003	1.95414841e-001	-3.20458516e+000	2.96821313e+003	0.00000000e+000	1.1703e+015	1.0000e-010	0.0000e+000
1.870000e+003	1.95711662e-001	-3.20428834e+000	2.94617282e+003	0.00000000e+000	1.1570e+015	1.0000e-010	0.0000e+000
1.880000e+003	1.96006280e-001	-3.20399372e+000	2.92438225e+003	0.00000000e+000	1.1439e+015	1.0000e-010	0.0000e+000
1.890000e+003	1.96298718e-001	-3.20370128e+000	2.90283679e+003	0.00000000e+000	1.1310e+015	1.0000e-010	0.0000e+000
1.900000e+003	1.96589002e-001	-3.20341100e+000	2.88153191e+003	0.00000000e+000	1.1184e+015	1.0000e-010	0.0000e+000
1.910000e+003	1.96877155e-001	-3.20312285e+000	2.86046318e+003	0.00000000e+000	1.1060e+015	1.0000e-010	0.0000e+000
1.920000e+003	1.97163201e-001	-3.20283680e+000	2.83962628e+003	0.00000000e+000	1.0938e+015	1.0000e-010	0.0000e+000
1.930000e+003	1.97447164e-001	-3.20255284e+000	2.81901701e+003	0.00000000e+000	1.0819e+015	1.0000e-010	0.0000e+000
1.940000e+003	1.97729065e-001	-3.20227093e+000	2.79863125e+003	0.00000000e+000	1.0701e+015	1.0000e-010	0.0000e+000
1.950000e+003	1.98008928e-001	-3.20199107e+000	2.77846498e+003	0.00000000e+000	1.0586e+015	1.0000e-010	0.0000e+000
1.960000e+003	1.98286775e-001	-3.20171323e+000	2.75851430e+003	0.00000000e+000	1.0473e+015	1.0000e-010	0.0000e+000
1.970000e+003	1.98562626e-001	-3.20143737e+000	2.73877536e+003	0.00000000e+000	1.0362e+015	1.0000e-010	0.0000e+000
1.980000e+003	1.98836504e-001	-3.20116350e+000	2.71924444e+003	0.00000000e+000	1.0253e+015	1.0000e-010	0.0000e+000
1.990000e+003	1.99108428e-001	-3.20089157e+000	2.69991788e+003	0.00000000e+000	1.0145e+015	1.0000e-010	0.0000e+000
2.000000e+003	1.99378420e-001	-3.20062158e+000	2.68079210e+003	0.00000000e+000	1.0040e+015	1.0000e-010	0.0000e+000
2.010000e+003	1.99646499e-001	-3.20035350e+000	2.66186364e+003	0.00000000e+000	9.9365e+014	1.0000e-010	0.0000e+000
2.020000e+003	1.99912686e-001	-3.20008731e+000	2.64312907e+003	0.00000000e+000	9.8347e+014	1.0000e-010	0.0000e+000
2.030000e+003	2.00176999e-001	-3.19982300e+000	2.62458507e+003	0.00000000e+000	9.7346e+014	1.0000e-010	0.0000e+000
2.040000e+003	2.00439457e-001	-3.19956054e+000	2.60622838e+003	0.00000000e+000	9.6363e+014	1.0000e-010	0.0000e+000
2.050000e+003	2.00700080e-001	-3.19929992e+000	2.58805582e+003	0.00000000e+000	9.5397e+014	1.0000e-010	0.0000e+000
2.060000e+003	2.00958886e-001	-3.19904111e+000	2.57006428e+003	0.00000000e+000	9.4446e+014	1.0000e-010	0.0000e+000
2.070000e+003	2.01215892e-001	-3.19878411e+000	2.55225072e+003	0.00000000e+000	9.3512e+014	1.0000e-010	0.0000e+000
2.080000e+003	2.01471117e-001	-3.19852888e+000	2.53461215e+003	0.00000000e+000	9.2594e+014	1.0000e-010	0.0000e+000
2.090000e+003	2.01724578e-001	-3.19827542e+000	2.51714568e+003	0.00000000e+000	9.1690e+014	1.0000e-010	0.0000e+000
2.100000e+003	2.01976293e-001	-3.19802371e+000	2.49984845e+003	0.00000000e+000	9.0802e+014	1.0000e-010	0.0000e+000
2.110000e+003	2.02226278e-001	-3.19777372e+000	2.48271767e+003	0.00000000e+000	8.9928e+014	1.0000e-010	0.0000e+000
2.120000e+003	2.02474549e-001	-3.19752545e+000	2.46575062e+003	0.00000000e+000	8.9069e+014	1.0000e-010	0.0000e+000
2.130000e+003	2.02721125e-001	-3.19727888e+000	2.44894464e+003	0.00000000e+000	8.8223e+014	1.0000e-010	0.0000e+000
2.140000e+003	2.02966019e-001	-3.19703398e+000	2.43229710e+003	0.00000000e+000	8.7392e+014	1.0000e-010	0.0000e+000
2.150000e+003	2.03209249e-001	-3.19679075e+000	2.41580546e+003	0.00000000e+000	8.6573e+014	1.0000e-010	0.0000e+000
2.160000e+003	2.03450829e-001	-3.19654917e+000	2.39946721e+003	0.00000000e+000	8.5768e+014	1.0000e-010	0.0000e+000
2.170000e+003	2.03690776e-001	-3.19630922e+000	2.38327991e+003	0.00000000e+000	8.4976e+014	1.0000e-010	0.0000e+000
2.180000e+003	2.03929104e-001	-3.19607090e+000	2.36724115e+003	0.00000000e+000	8.4196e+014	1.0000e-010	0.0000e+000
2.190000e+003	2.04165828e-001	-3.19583417e+000	2.35134858e+003	0.00000000e+000	8.3429e+014	1.0000e-010	0.0000e+000
2.200000e+003	2.04400963e-001	-3.19559904e+000	2.33559991e+003	0.00000000e+000	8.2673e+014	1.0000e-010	0.0000e+000
2.210000e+003	2.04634523e-001	-3.19536548e+000	2.31999288e+003	0.00000000e+000	8.1930e+014	1.0000e-010	0.0000e+000
2.220000e+003	2.04866522e-001	-3.19513348e+000	2.30452528e+003	0.00000000e+000	8.1198e+014	1.0000e-010	0.0000e+000
2.230000e+003	2.05096975e-001	-3.19490303e+000	2.28919495e+003	0.00000000e+000	8.0477e+014	1.0000e-010	0.0000e+000
2.240000e+003	2.05325894e-001	-3.19467411e+000	2.27399977e+003	0.00000000e+000	7.9768e+014	1.0000e-010	0.0000e+000
2.250000e+003	2.05553294e-001	-3.19444671e+000	2.25893767e+003	0.00000000e+000	7.9069e+014	1.0000e-010	0.0000e+000
2.260000e+003	2.05779188e-001	-3.19422081e+000	2.24400660e+003	0.00000000e+000	7.8381e+014	1.0000e-010	0.0000e+000
2.270000e+003	2.06003589e-001	-3.19399641e+000	2.22920458e+003	0.00000000e+000	7.7704e+014	1.0000e-010	0.0000e+000
2.280000e+003	2.06226509e-001	-3.19377349e+000	2.21452965e+003	0.00000000e+000	7.7037e+014	1.0000e-010	0.0000e+000
2.290000e+003	2.06447962e-001	-3.19355204e+000	2.19997989e+003	0.00000000e+000	7.6380e+014	1.0000e-010	0.0000e+000
2.300000e+003	2.06667960e-001	-3.19333204e+000	2.18555342e+003	0.00000000e+000	7.5733e+014	1.0000e-010	0.0000e+000
2.310000e+003	2.06886515e-001	-3.19311348e+000	2.17124840e+003	0.00000000e+000	7.5095e+014	1.0000e-010	0.0000e+000
2.320000e+003	2.07103640e-001	-3.19289636e+000	2.15706302e+003	0.00000000e+000	7.4467e+014	1.0000e-010	0.0000e+000
2.330000e+003	2.07319347e-001	-3.19268065e+000	2.14299551e+003	0.00000000e+000	7.3848e+014	1.0000e-010	0.0000e+000
2.340000e+003	2.07533646e-001	-3.19246635e+000	2.12904413e+003	0.00000000e+000	7.3239e+014	1.0000e-010	0.0000e+000
2.350000e+003	2.07746551e-001	-3.19225345e+000	2.11520717e+003	0.00000000e+000	7.2638e+014	1.0000e-010	0.0000e+000
2.360000e+003	2.07958071e-001	-3.19204193e+000	2.10148297e+003	0.00000000e+000	7.2046e+014	1.0000e-010	0.0000e+000
2.370000e+003	2.08168220e-001	-3.19183178e+000	2.08786988e+003	0.00000000e+000	7.1463e+014	1.0000e-010	0.0000e+000
2.380000e+003	2.08377007e-001	-3.19162299e+000	2.07436629e+003	0.00000000e+000	7.0888e+014	1.0000e-010	0.0000e+000
2.390000e+003	2.08584443e-001	-3.19141556e+000	2.06097061e+003	0.00000000e+000	7.0322e+014	1.0000e-010	0.0000e+000
2.400000e+003	2.08790540e-001	-3.19120946e+000	2.04768131e+003	0.00000000e+000	6.9763e+014	1.0000e-010	0.0000e+000
2.410000e+003	2.08995308e-001	-3.19100469e+000	2.03449685e+003	0.00000000e+000	6.9213e+014	1.0000e-010	0.0000e+000
2.420000e+003	2.09198758e-001	-3.19080124e+000	2.02141574e+003	0.00000000e+000	6.8670e+014	1.0000e-010	0.0000e+000
2.430000e+003	2.09400900e-001	-3.19059910e+000	2.00843652e+003	0.00000000e+000	6.8136e+014	1.0000e-010	0.0000e+000
2.440000e+003	2.09601743e-001	-3.19039826e+000	1.99555774e+003	0.00000000e+000	6.7608e+014	1.0000e-010	0.0000e+000
2.450000e+003	2.09801299e-001	-3.19019870e+000	1.98277800e+003	0.00000000e+000	6.7089e+014	1.0000e-010	0.0000e+000
2.460000e+003	2.09999577e-001	-3.19000042e+000	1.97009589e+003	0.00000000e+000	6.6576e+014	1.0000e-010	0.0000e+000
2.470000e+003	2.10196586e-001	-3.18980341e+000	1.95751006e+003	0.00000000e+000	6.6071e+014	1.0000e-010	0.0000e+000
2.480000e+003	2.10392337e-001	-3.18960766e+000	1.94501918e+003	0.00000000e+000	6.5572e+014	1.0000e-010	0.0000e+000
2.490000e+003	2.10586839e-001	-3.18941316e+000	1.93262192e+003	0.00000000e+000	6.5081e+014	1.0000e-010	0.0000e+000
2.500000e+003	2.10780102e-001	-3.18921990e+000	1.92031699e+003	0.00000000e+000	6.4596e+014	1.0000e-010	0.0000e+000
2.510000e+003	2.10972133e-001	-3.18902787e+000	1.90810312e+003	0.00000000e+000	6.4118e+014	1.0000e-010	0.0000e+000
2.520000e+003	2.11162944e-001	-3.18883706e+000	1.89597908e+003	0.00000000e+000	6.3647e+014	1.0000e-010	0.0000e+000
2.530000e+003	2.11352541e-001	-3.18864746e+000	1.88394362e+003	0.00000000e+000	6.3181e+014	1.0000e-010	0.0000e+000
2.540000e+003	2.11540936e-001	-3.18845906e+000	1.87199556e+003	0.00000000e+000	6.2723e+014	1.0000e-010	0.0000e+000
2.550000e+003	2.11728135e-001	-3.18827186e+000	1.86013369e+003	0.00000000e+000	6.2270e+014	1.0000e-010	0.0000e+000
2.560000e+003	2.11914149e-001	-3.18808585e+000	1.84835688e+003	0.00000000e+000	6.1824e+014	1.0000e-010	0.0000e+000
2.570000e+003	2.12098984e-001	-3.18790102e+000	1.83666396e+003	0.00000000e+000	6.1383e+014	1.0000e-010	0.0000e+000
2.580000e+003	2.12282651e-001	-3.18771735e+000	1.82505382e+003	0.00000000e+000	6.0949e+014	1.0000e-010	0.0000e+000
2.590000e+003	2.12465156e-001	-3.18753484e+000	1.81352536e+003	0.00000000e+000	6.0520e+014	1.0000e-010	0.0000e+000
2.600000e+003	2.12646509e-001	-3.18735349e+000	1.80207749e+003	0.00000000e+000	6.0097e+014	1.0000e-010	0.0000e+000
2.610000e+003	2.12826716e-001	-3.18717328e+000	1.79070914e+003	0.00000000e+000	5.9680e+014	1.0000e-010	0.0000e+000
2.620000e+003	2.13005787e-001	-3.18699421e+000	1.77941926e+003	0.00000000e+000	5.9268e+014	1.0000e-010	0.0000e+000
2.630000e+003	2.13183729e-001	-3.18681627e+000	1.76820683e+003	0.00000000e+000	5.8861e+014	1.0000e-010	0.0000e+000
2.640000e+003	2.13360550e-001	-3.18663945e+000	1.75707082e+003	0.00000000e+000	5.8460e+014	1.0000e-010	0.0000e+000
2.650000e+003	2.13536257e-001	-3.18646374e+000	1.74601024e+003	0.00000000e+000	5.8064e+014	1.0000e-010	0.0000e+000
2.660000e+003	2.13710858e-001	-3.18628914e+000	1.73502412e+003	0.00000000e+000	5.7673e+014	1.0000e-010	0.0000e+000
2.670000e+003	2.13884361e-001	-3.18611564e+000	1.72411148e+003	0.00000000e+000	5.7287e+014	1.0000e-010	0.0000e+000
2.680000e+003	2.14056772e-001	-3.18594323e+000	1.71327138e+003	0.00000000e+000	5.6907e+014	1.0000e-010	0.0000e+000
2.690000e+003	2.14228099e-001	-3.18577190e+000	1.70250288e+003	0.00000000e+000	5.6531e+014	1.0000e-010	0.0000e+000
2.700000e+003	2.14398349e-001	-3.18560165e+000	1.69180506e+003	0.00000000e+000	5.6160e+014	1.0000e-010	0.0000e+000
2.710000e+003	2.14567530e-001	-3.18543247e+000	1.68117702e+003	0.00000000e+000	5.5793e+014	1.0000e-010	0.0000e+000
2.720000e+003	2.14735647e-001	-3.18526435e+000	1.67061787e+003	0.00000000e+000	5.5432e+014	1.0000e-010	0.0000e+000
2.730000e+003	2.14902709e-001	-3.18509729e+000	1.66012674e+003	0.00000000e+000	5.5075e+014	1.0000e-010	0.0000e+000
2.740000e+003	2.15068722e-001	-3.18493128e+000	1.64970277e+003	0.00000000e+000	5.4722e+014	1.0000e-010	0.0000e+000
2.750000e+003	2.15233692e-001	-3.18476631e+000	1.63934510e+003	0.00000000e+000	5.4374e+014	1.0000e-010	0.0000e+000
2.760000e+003	2.15397627e-001	-3.18460237e+000	1.62905290e+003	0.00000000e+000	5.4030e+014	1.0000e-010	0.0000e+000
2.770000e+003	2.15560532e-001	-3.18443947e+000	1.61882536e+003	0.00000000e+000	5.3691e+014	1.0000e-010	0.0000e+000
2.780000e+003	2.15722414e-001	-3.18427759e+000	1.60866166e+003	0.00000000e+000	5.3356e+014	1.0000e-010	0.0000e+000
2.790000e+003	2.15883281e-001	-3.18411672e+000	1.59856100e+003	0.00000000e+000	5.3025e+014	1.0000e-010	0.0000e+000
2.800000e+003	2.16043137e-001	-3.18395686e+000	1.58852262e+003	0.00000000e+000	5.2698e+014	1.0000e-010	0.0000e+000
2.810000e+003	2.16201989e-001	-3.18379801e+000	1.57854572e+003	0.00000000e+000	5.2375e+014	1.0000e-010	0.0000e+000
2.820000e+003	2.16359843e-001	-3.18364016e+000	1.56862956e+003	0.00000000e+000	5.2057e+014	1.0000e-010	0.0000e+000
2.830000e+003	2.16516706e-001	-3.18348329e+000	1.55877339e+003	0.00000000e+000	5.1742e+014	1.0000e-010	0.0000e+000
2.840000e+003	2.16672584e-001	-3.18332742e+000	1.54897647e+003	0.00000000e+000	5.1431e+014	1.0000e-010	0.0000e+000
2.850000e+003	2.16827481e-001	-3.18317252e+000	1.53923807e+003	0.00000000e+000	5.1123e+014	1.0000e-010	0.0000e+000
2.860000e+003	2.16981405e-001	-3.18301859e+000	1.52955748e+003	0.00000000e+000	5.0820e+014	1.0000e-010	0.0000e+000
2.870000e+003	2.17134361e-001	-3.18286564e+000	1.51993400e+003	0.00000000e+000	5.0520e+014	1.0000e-010	0.0000e+000
2.880000e+003	2.17286354e-001	-3.18271365e+000	1.51036693e+003	0.00000000e+000	5.0224e+014	1.0000e-010	0.0000e+000
2.890000e+003	2.17437391e-001	-3.18256261e+000	1.50085560e+003	0.00000000e+000	4.9931e+014	1.0000e-010	0.0000e+000
2.900000e+003	2.17587477e-001	-3.18241252e+000	1.49139932e+003	0.00000000e+000	4.9642e+014	1.0000e-010	0.0000e+000
2.910000e+003	2.17736617e-001	-3.18226338e+000	1.48199744e+003	0.00000000e+000	4.9357e+014	1.0000e-010	0.0000e+000
2.920000e+003	2.17884816e-001	-3.18211518e+000	1.47264930e+003	0.00000000e+000	4.9075e+014	1.0000e-010	0.0000e+000
2.930000e+003	2.18032081e-001	-3.18196792e+000	1.46335426e+003	0.00000000e+000	4.8796e+014	1.0000e-010	0.0000e+000
2.940000e+003	2.18178417e-001	-3.18182158e+000	1.45411169e+003	0.00000000e+000	4.8521e+014	1.0000e-010	0.0000e+000
2.950000e+003	2.18323828e-001	-3.18167617e+000	1.44492096e+003	0.00000000e+000	4.8248e+014	1.0000e-010	0.0000e+000
2.960000e+003	2.18468320e-001	-3.18153168e+000	1.43578146e+003	0.00000000e+000	4.7980e+014	1.0000e-010	0.0000e+000
2.970000e+003	2.18611898e-001	-3.18138810e+000	1.42669257e+003	0.00000000e+000	4.7714e+014	1.0000e-010	0.0000e+000
2.980000e+003	2.18754567e-001	-3.18124543e+000	1.41765370e+003	0.00000000e+000	4.7451e+014	1.0000e-010	0.0000e+000
2.990000e+003	2.18896333e-001	-3.18110367e+000	1.40866427e+003	0.00000000e+000	4.7192e+014	1.0000e-010	0.0000e+000
3.000000e+003	2.19037199e-001	-3.18096280e+000	1.39972369e+003	0.00000000e+000	4.6935e+014	1.0000e-010	0.0000e+000
3.010000e+003	2.19177171e-001	-3.18082283e+000	1.39083138e+003	0.00000000e+000	4.6682e+014	1.0000e-010	0.0000e+000
3.020000e+003	2.19316255e-001	-3.18068375e+000	1.38198678e+003	0.00000000e+000	4.6431e+014	1.0000e-010	0.0000e+000
3.030000e+003	2.19454453e-001	-3.18054555e+000	1.37318934e+003	0.00000000e+000	4.6184e+014	1.0000e-010	0.0000e+000
3.040000e+003	2.19591772e-001	-3.18040823e+000	1.36443851e+003	0.00000000e+000	4.5939e+014	1.0000e-010	0.0000e+000
3.050000e+003	2.19728216e-001	-3.18027178e+000	1.35573374e+003	0.00000000e+000	4.5697e+014	1.0000e-010	0.0000e+000
3.060000e+003	2.19863789e-001	-3.18013621e+000	1.34707450e+003	0.00000000e+000	4.5458e+014	1.0000e-010	0.0000e+000
3.070000e+003	2.19998497e-001	-3.18000150e+000	1.33846026e+003	0.00000000e+000	4.5222e+014	1.0000e-010	0.0000e+000
3.080000e+003	2.20132343e-001	-3.17986766e+000	1.32989051e+003	0.00000000e+000	4.4989e+014	1.0000e-010	0.0000e+000
3.090000e+003	2.20265332e-001	-3.17973467e+000	1.32136473e+003	0.00000000e+000	4.4758e+014	1.0000e-010	0.0000e+000
3.100000e+003	2.20397468e-001	-3.17960253e+000	1.31288241e+003	0.00000000e+000	4.4530e+014	1.0000e-010	0.0000e+000
3.110000e+003	2.20528757e-001	-3.17947124e+000	1.30444306e+003	0.00000000e+000	4.4304e+014	1.0000e-010	0.0000e+000
3.120000e+003	2.20659201e-001	-3.17934080e+000	1.29604619e+003	0.00000000e+000	4.4081e+014	1.0000e-010	0.0000e+000
3.130000e+003	2.20788806e-001	-3.17921119e+000	1.28769131e+003	0.00000000e+000	4.3861e+014	1.0000e-010	0.0000e+000
3.140000e+003	2.20917575e-001	-3.17908243e+000	1.27937795e+003	0.00000000e+000	4.3643e+014	1.0000e-010	0.0000e+000
3.150000e+003	2.21045513e-001	-3.17895449e+000	1.27110562e+003	0.00000000e+000	4.3427e+014	1.0000e-010	0.0000e+000
3.160000e+003	2.21172623e-001	-3.17882738e+000	1.26287387e+003	0.00000000e+000	4.3214e+014	1.0000e-010	0.0000e+000
3.170000e+003	2.21298910e-001	-3.17870109e+000	1.25468223e+003	0.00000000e+000	4.3004e+014	1.0000e-010	0.0000e+000
3.180000e+003	2.21424379e-001	-3.17857562e+000	1.24653025e+003	0.00000000e+000	4.2796e+014	1.0000e-010	0.0000e+000
3.190000e+003	2.21549032e-001	-3.17845097e+000	1.23841748e+003	0.00000000e+000	4.2590e+014	1.0000e-010	0.0000e+000
3.200000e+003	2.21672873e-001	-3.17832713e+000	1.23034349e+003	0.00000000e+000	4.2386e+014	1.0000e-010	0.0000e+000
3.210000e+003	2.21795908e-001	-3.17820409e+000	1.22230783e+003	0.00000000e+000	4.2185e+014	1.0000e-010	0.0000e+000
3.220000e+003	2.21918139e-001	-3.17808186e+000	1.21431007e+003	0.00000000e+000	4.1986e+014	1.0000e-010	0.0000e+000
3.230000e+003	2.22039570e-001	-3.17796043e+000	1.20634979e+003	0.00000000e+000	4.1789e+014	1.0000e-010	0.0000e+000
3.240000e+003	2.22160205e-001	-3.17783980e+000	1.19842657e+003	0.00000000e+000	4.1595e+014	1.0000e-010	0.0000e+000
3.250000e+003	2.22280047e-001	-3.17771995e+000	1.19053999e+003	0.00000000e+000	4.1402e+014	1.0000e-010	0.0000e+000
3.260000e+003	2.22399101e-001	-3.17760090e+000	1.18268966e+003	0.00000000e+000	4.1212e+014	1.0000e-010	0.0000e+000
3.270000e+003	2.22517370e-001	-3.17748263e+000	1.17487515e+003	0.00000000e+000	4.1024e+014	1.0000e-010	0.0000e+000
3.280000e+003	2.22634858e-001	-3.17736514e+000	1.16709607e+003	0.00000000e+000	4.0838e+014	1.0000e-010	0.0000e+000
3.290000e+003	2.22751567e-001	-3.17724843e+000	1.15935204e+003	0.00000000e+000	4.0654e+014	1.0000e-010	0.0000e+000
3.300000e+003	2.22867503e-001	-3.17713250e+000	1.15164266e+003	0.00000000e+000	4.0472e+014	1.0000e-010	0.0000e+000
3.310000e+003	2.22982667e-001	-3.17701733e+000	1.14396754e+003	0.00000000e+000	4.0292e+014	1.0000e-010	0.0000e+000
3.320000e+003	2.23097064e-001	-3.17690294e+000	1.13632631e+003	0.00000000e+000	4.0114e+014	1.0000e-010	0.0000e+000
3.330000e+003	2.23210696e-001	-3.17678930e+000	1.12871860e+003	0.00000000e+000	3.9938e+014	1.0000e-010	0.0000e+000
3.340000e+003	2.23323568e-001	-3.17667643e+000	1.12114403e+003	0.00000000e+000	3.9764e+014	1.0000e-010	0.0000e+000
3.350000e+003	2.23435682e-001	-3.17656432e+000	1.11360224e+003	0.00000000e+000	3.9592e+014	1.0000e-010	0.0000e+000
3.360000e+003	2.23547043e-001	-3.17645296e+000	1.10609286e+003	0.00000000e+000	3.9422e+014	1.0000e-010	0.0000e+000
3.370000e+003	2.23657652e-001	-3.17634235e+000	1.09861554e+003	0.00000000e+000	3.9254e+014	1.0000e-010	0.0000e+000
3.380000e+003	2.23767514e-001	-3.17623249e+000	1.09116994e+003	0.00000000e+000	3.9087e+014	1.0000e-010	0.0000e+000
3.390000e+003	2.23876631e-001	-3.17612337e+000	1.08375569e+003	0.00000000e+000	3.8923e+014	1.0000e-010	0.0000e+000
3.400000e+003	2.23985006e-001	-3.17601499e+000	1.07637246e+003	0.00000000e+000	3.8760e+014	1.0000e-010	0.0000e+000
3.410000e+003	2.24092643e-001	-3.17590736e+000	1.06901991e+003	0.00000000e+000	3.8599e+014	1.0000e-010	0.0000e+000
3.420000e+003	2.24199545e-001	-3.17580045e+000	1.06169770e+003	0.00000000e+000	3.8440e+014	1.0000e-010	0.0000e+000
3.430000e+003	2.24305715e-001	-3.17569428e+000	1.05440550e+003	0.00000000e+000	3.8282e+014	1.0000e-010	0.0000e+000
3.440000e+003	2.24411156e-001	-3.17558884e+000	1.04714297e+003	0.00000000e+000	3.8126e+014	1.0000e-010	0.0000e+000
3.450000e+003	2.24515870e-001	-3.17548413e+000	1.03990981e+003	0.00000000e+000	3.7972e+014	1.0000e-010	0.0000e+000
3.460000e+003	2.24619861e-001	-3.17538014e+000	1.03270569e+003	0.00000000e+000	3.7820e+014	1.0000e-010	0.0000e+000
3.470000e+003	2.24723132e-001	-3.17527687e+000	1.02553028e+003	0.00000000e+000	3.7669e+014	1.0000e-010	0.0000e+000
3.480000e+003	2.24825685e-001	-3.17517432e+000	1.01838328e+003	0.00000000e+000	3.7520e+014	1.0000e-010	0.0000e+000
3.490000e+003	2.24927523e-001	-3.17507248e+000	1.01126439e+003	0.00000000e+000	3.7372e+014	1.0000e-010	0.0000e+000
3.500000e+003	2.25028649e-001	-3.17497135e+000	1.00417328e+003	0.00000000e+000	3.7226e+014	1.0000e-010	0.0000e+000
3.510000e+003	2.25129067e-001	-3.17487093e+000	9.97109666e+002	0.00000000e+000	3.7082e+014	1.0000e-010	0.0000e+000
3.520000e+003	2.25228778e-001	-3.17477122e+000	9.90073243e+002	0.00000000e+000	3.6939e+014	1.0000e-010	0.0000e+000
3.530000e+003	2.25327785e-001	-3.17467222e+000	9.83063717e+002	0.00000000e+000	3.6798e+014	1.0000e-010	0.0000e+000
3.540000e+003	2.25426091e-001	-3.17457391e+000	9.76080794e+002	0.00000000e+000	3.6659e+014	1.0000e-010	0.0000e+000
3.550000e+003	2.25523699e-001	-3.17447630e+000	9.69124188e+002	0.00000000e+000	3.6520e+014	1.0000e-010	0.0000e+000
3.560000e+003	2.25620612e-001	-3.17437939e+000	9.62193611e+002	0.00000000e+000	3.6384e+014	1.0000e-010	0.0000e+000
3.570000e+003	2.25716831e-001	-3.17428317e+000	9.55288781e+002	0.00000000e+000	3.6249e+014	1.0000e-010	0.0000e+000
3.580000e+003	2.25812360e-001	-3.17418764e+000	9.48409419e+002	0.00000000e+000	3.6115e+014	1.0000e-010	0.0000e+000
3.590000e+003	2.25907201e-001	-3.17409280e+000	9.41555248e+002	0.00000000e+000	3.5983e+014	1.0000e-010	0.0000e+000
3.600000e+003	2.26001356e-001	-3.17399864e+000	9.34725995e+002	0.00000000e+000	3.5852e+014	1.0000e-010	0.0000e+000
3.610000e+003	2.26094829e-001	-3.17390517e+000	9.27921391e+002	0.00000000e+000	3.5723e+014	1.0000e-010	0.0000e+000
3.620000e+003	2.26187621e-001	-3.17381238e+000	9.21141167e+002	0.00000000e+000	3.5595e+014	1.0000e-010	0.0000e+000
3.630000e+003	2.26279735e-001	-3.17372026e+000	9.14385058e+002	0.00000000e+000	3.5468e+014	1.0000e-010	0.0000e+000
3.640000e+003	2.26371174e-001	-3.17362883e+000	9.07652804e+002	0.00000000e+000	3.5343e+014	1.0000e-010	0.0000e+000
3.650000e+003	2.26461939e-001	-3.17353806e+000	9.00944145e+002	0.00000000e+000	3.5219e+014	1.0000e-010	0.0000e+000
3.660000e+003	2.26552034e-001	-3.17344797e+000	8.94258825e+002	0.00000000e+000	3.5096e+014	1.0000e-010	0.0000e+000
3.670000e+003	2.26641459e-001	-3.17335854e+000	8.87596591e+002	0.00000000e+000	3.4975e+014	1.0000e-010	0.0000e+000
3.680000e+003	2.26730219e-001	-3.17326978e+000	8.80957191e+002	0.00000000e+000	3.4855e+014	1.0000e-010	0.0000e+000
3.690000e+003	2.26818315e-001	-3.17318169e+000	8.74340378e+002	0.00000000e+000	3.4737e+014	1.0000e-010	0.0000e+000
3.700000e+003	2.26905749e-001	-3.17309425e+000	8.67745906e+002	0.00000000e+000	3.4619e+014	1.0000e-010	0.0000e+000
3.710000e+003	2.26992523e-001	-3.17300748e+000	8.61173531e+002	0.00000000e+000	3.4503e+014	1.0000e-010	0.0000e+000
3.720000e+003	2.27078641e-001	-3.17292136e+000	8.54623014e+002	0.00000000e+000	3.4389e+014	1.0000e-010	0.0000e+000
3.730000e+003	2.27164103e-001	-3.17283590e+000	8.48094117e+002	0.00000000e+000	3.4275e+014	1.0000e-010	0.0000e+000
3.740000e+003	2.27248913e-001	-3.17275109e+000	8.41586602e+002	0.00000000e+000	3.4163e+014	1.0000e-010	0.0000e+000
3.750000e+003	2.27333071e-001	-3.17266693e+000	8.35100238e+002	0.00000000e+000	3.4052e+014	1.0000e-010	0.0000e+000
3.760000e+003	2.27416581e-001	-3.17258342e+000	8.28634793e+002	0.00000000e+000	3.3942e+014	1.0000e-010	0.0000e+000
3.770000e+003	2.27499445e-001	-3.17250056e+000	8.22190038e+002	0.00000000e+000	3.3833e+014	1.0000e-010	0.0000e+000
3.780000e+003	2.27581664e-001	-3.17241834e+000	8.15765748e+002	0.00000000e+000	3.3726e+014	1.0000e-010	0.0000e+000
3.790000e+003	2.27663240e-001	-3.17233676e+000	8.09361697e+002	0.00000000e+000	3.3620e+014	1.0000e-010	0.0000e+000
3.800000e+003	2.27744176e-001	-3.17225582e+000	8.02977665e+002	0.00000000e+000	3.3515e+014	1.0000e-010	0.0000e+000
3.810000e+003	2.27824474e-001	-3.17217553e+000	7.96613431e+002	0.00000000e+000	3.3411e+014	1.0000e-010	0.0000e+000
3.820000e+003	2.27904136e-001	-3.17209586e+000	7.90268778e+002	0.00000000e+000	3.3308e+014	1.0000e-010	0.0000e+000
3.830000e+003	2.27983162e-001	-3.17201684e+000	7.83943491e+002	0.00000000e+000	3.3206e+014	1.0000e-010	0.0000e+000
3.840000e+003	2.28061557e-001	-3.17193844e+000	7.77637355e+002	0.00000000e+000	3.3106e+014	1.0000e-010	0.0000e+000
3.850000e+003	2.28139320e-001	-3.17186068e+000	7.71350160e+002	0.00000000e+000	3.3006e+014	1.0000e-010	0.0000e+000
3.860000e+003	2.28216456e-001	-3.17178354e+000	7.65081696e+002	0.00000000e+000	3.2908e+014	1.0000e-010	0.0000e+000
3.870000e+003	2.28292964e-001	-3.17170704e+000	7.58831756e+002	0.00000000e+000	3.2811e+014	1.0000e-010	0.0000e+000
3.880000e+003	2.28368847e-001	-3.17163115e+000	7.52600134e+002	0.00000000e+000	3.2715e+014	1.0000e-010	0.0000e+000
3.890000e+003	2.28444107e-001	-3.17155589e+000	7.46386628e+002	0.00000000e+000	3.2620e+014	1.0000e-010	0.0000e+000
3.900000e+003	2.28518746e-001	-3.17148125e+000	7.40191035e+002	0.00000000e+000	3.2525e+014	1.0000e-010	0.0000e+000
3.910000e+003	2.28592765e-001	-3.17140724e+000	7.34013156e+002	0.00000000e+000	3.2432e+014	1.0000e-010	0.0000e+000
3.920000e+003	2.28666166e-001	-3.17133383e+000	7.27852793e+002	0.00000000e+000	3.2341e+014	1.0000e-010	0.0000e+000
3.930000e+003	2.28738951e-001	-3.17126105e+000	7.21709749e+002	0.00000000e+000	3.2250e+014	1.0000e-010	0.0000e+000
3.940000e+003	2.28811122e-001	-3.17118888e+000	7.15583831e+002	0.00000000e+000	3.2160e+014	1.0000e-010	0.0000e+000
3.950000e+003	2.28882681e-001	-3.17111732e+000	7.09474847e+002	0.00000000e+000	3.2071e+014	1.0000e-010	0.0000e+000
3.960000e+003	2.28953628e-001	-3.17104637e+000	7.03382604e+002	0.00000000e+000	3.1983e+014	1.0000e-010	0.0000e+000
3.970000e+003	2.29023966e-001	-3.17097603e+000	6.97306915e+002	0.00000000e+000	3.1896e+014	1.0000e-010	0.0000e+000
3.980000e+003	2.29093697e-001	-3.17090630e+000	6.91247592e+002	0.00000000e+000	3.1810e+014	1.0000e-010	0.0000e+000
3.990000e+003	2.29162822e-001	-3.17083718e+000	6.85204449e+002	0.00000000e+000	3.1725e+014	1.0000e-010	0.0000e+000
4.000000e+003	2.29231342e-001	-3.17076866e+000	6.79177302e+002	0.00000000e+000	3.1641e+014	1.0000e-010	0.0000e+000
4.010000e+003	2.29299260e-001	-3.17070074e+000	6.73165969e+002	0.00000000e+000	3.1558e+014	1.0000e-010	0.0000e+000
4.020000e+003	2.29366577e-001	-3.17063342e+000	6.67170269e+002	0.00000000e+000	3.1476e+014	1.0000e-010	0.0000e+000
4.030000e+003	2.29433294e-001	-3.17056671e+000	6.61190021e+002	0.00000000e+000	3.1395e+014	1.0000e-010	0.0000e+000
4.040000e+003	2.29499413e-001	-3.17050059e+000	6.55225050e+002	0.00000000e+000	3.1315e+014	1.0000e-010	0.0000e+000
4.050000e+003	2.29564935e-001	-3.17043506e+000	6.49275177e+002	0.00000000e+000	3.1236e+014	1.0000e-010	0.0000e+000
4.060000e+003	2.29629863e-001	-3.17037014e+000	6.43340229e+002	0.00000000e+000	3.1157e+014	1.0000e-010	0.0000e+000
4.070000e+003	2.29694197e-001	-3.17030580e+000	6.37420032e+002	0.00000000e+000	3.1080e+014	1.0000e-010	0.0000e+000
4.080000e+003	2.29757939e-001	-3.17024206e+000	6.31514414e+002	0.00000000e+000	3.1003e+014	1.0000e-010	0.0000e+000
4.090000e+003	2.29821090e-001	-3.17017891e+000	6.25623205e+002	0.00000000e+000	3.0928e+014	1.0000e-010	0.0000e+000
4.100000e+003	2.29883652e-001	-3.17011635e+000	6.19746235e+002	0.00000000e+000	3.0853e+014	1.0000e-010	0.0000e+000
4.110000e+003	2.29945627e-001	-3.17005437e+000	6.13883338e+002	0.00000000e+000	3.0779e+014	1.0000e-010	0.0000e+000
4.120000e+003	2.30007015e-001	-3.16999298e+000	6.08034346e+002	0.00000000e+000	3.0706e+014	1.0000e-010	0.0000e+000
4.130000e+003	2.30067819e-001	-3.16993218e+000	6.02199094e+002	0.00000000e+000	3.0634e+014	1.0000e-010	0.0000e+000
4.140000e+003	2.30128039e-001	-3.16987196e+000	5.96377419e+002	0.00000000e+000	3.0563e+014	1.0000e-010	0.0000e+000
4.150000e+003	2.30187676e-001	-3.16981232e+000	5.90569159e+002	0.00000000e+000	3.0492e+014	1.0000e-010	0.0000e+000
4.160000e+003	2.30246733e-001	-3.16975327e+000	5.84774152e+002	0.00000000e+000	3.0423e+014	1.0000e-010	0.0000e+000
4.170000e+003	2.30305211e-001	-3.16969479e+000	5.78992239e+002	0.00000000e+000	3.0354e+014	1.0000e-010	0.0000e+000
4.180000e+003	2.30363110e-001	-3.16963689e+000	5.73223261e+002	0.00000000e+000	3.0286e+014	1.0000e-010	0.0000e+000
4.190000e+003	2.30420432e-001	-3.16957957e+000	5.67467060e+002	0.00000000e+000	3.0219e+014	1.0000e-010	0.0000e+000
4.200000e+003	2.30477179e-001	-3.16952282e+000	5.61723481e+002	0.00000000e+000	3.0153e+014	1.0000e-010	0.0000e+000
4.210000e+003	2.30533351e-001	-3.16946665e+000	5.55992368e+002	0.00000000e+000	3.0087e+014	1.0000e-010	0.0000e+000
4.220000e+003	2.30588951e-001	-3.16941105e+000	5.50273567e+002	0.00000000e+000	3.0023e+014	1.0000e-010	0.0000e+000
4.230000e+003	2.30643978e-001	-3.16935602e+000	5.44566926e+002	0.00000000e+000	2.9959e+014	1.0000e-010	0.0000e+000
4.240000e+003	2.30698435e-001	-3.16930157e+000	5.38872294e+002	0.00000000e+000	2.9896e+014	1.0000e-010	0.0000e+000
4.250000e+003	2.30752322e-001	-3.16924768e+000	5.33189519e+002	0.00000000e+000	2.9833e+014	1.0000e-010	0.0000e+000
4.260000e+003	2.30805641e-001	-3.16919436e+000	5.27518453e+002	0.00000000e+000	2.9772e+014	1.0000e-010	0.0000e+000
4.270000e+003	2.30858393e-001	-3.16914161e+000	5.21858947e+002	0.00000000e+000	2.9711e+014	1.0000e-010	0.0000e+000
4.280000e+003	2.30910579e-001	-3.16908942e+000	5.16210854e+002	0.00000000e+000	2.9651e+014	1.0000e-010	0.0000e+000
4.290000e+003	2.30962200e-001	-3.16903780e+000	5.10574028e+002	0.00000000e+000	2.9592e+014	1.0000e-010	0.0000e+000
4.300000e+003	2.31013257e-001	-3.16898674e+000	5.04948324e+002	0.00000000e+000	2.9534e+014	1.0000e-010	0.0000e+000
4.310000e+003	2.31063752e-001	-3.16893625e+000	4.99333597e+002	0.00000000e+000	2.9476e+014	1.0000e-010	0.0000e+000
4.320000e+003	2.31113685e-001	-3.16888631e+000	4.93729704e+002	0.00000000e+000	2.9419e+014	1.0000e-010	0.0000e+000
4.330000e+003	2.31163058e-001	-3.16883694e+000	4.88136504e+002	0.00000000e+000	2.9363e+014	1.0000e-010	0.0000e+000
4.340000e+003	2.31211872e-001	-3.16878813e+000	4.82553855e+002	0.00000000e+000	2.9308e+014	1.0000e-010	0.0000e+000
4.350000e+003	2.31260127e-001	-3.16873987e+000	4.76981617e+002	0.00000000e+000	2.9253e+014	1.0000e-010	0.0000e+000
4.360000e+003	2.31307825e-001	-3.16869217e+000	4.71419650e+002	0.00000000e+000	2.9199e+014	1.0000e-010	0.0000e+000
4.370000e+003	2.31354967e-001	-3.16864503e+000	4.65867817e+002	0.00000000e+000	2.9146e+014	1.0000e-010	0.0000e+000
4.380000e+003	2.31401554e-001	-3.16859845e+000	4.60325979e+002	0.00000000e+000	2.9094e+014	1.0000e-010	0.0000e+000
4.390000e+003	2.31447587e-001	-3.16855241e+000	4.54794000e+002	0.00000000e+000	2.9042e+014	1.0000e-010	0.0000e+000
4.400000e+003	2.31493066e-001	-3.16850693e+000	4.49271745e+002	0.00000000e+000	2.8991e+014	1.0000e-010	0.0000e+000
4.410000e+003	2.31537993e-001	-3.16846201e+000	4.43759079e+002	0.00000000e+000	2.8940e+014	1.0000e-010	0.0000e+000
4.420000e+003	2.31582369e-001	-3.16841763e+000	4.38255867e+002	0.00000000e+000	2.8891e+014	1.0000e-010	0.0000e+000
4.430000e+003	2.31626195e-001	-3.16837381e+000	4.32761976e+002	0.00000000e+000	2.8842e+014	1.0000e-010	0.0000e+000
4.440000e+003	2.31669471e-001	-3.16833053e+000	4.27277275e+002	0.00000000e+000	2.8794e+014	1.0000e-010	0.0000e+000
4.450000e+003	2.31712199e-001	-3.16828780e+000	4.21801631e+002	0.00000000e+000	2.8746e+014	1.0000e-010	0.0000e+000
4.460000e+003	2.31754379e-001	-3.16824562e+000	4.16334913e+002	0.00000000e+000	2.8699e+014	1.0000e-010	0.0000e+000
4.470000e+003	2.31796012e-001	-3.16820399e+000	4.10876993e+002	0.00000000e+000	2.8653e+014	1.0000e-010	0.0000e+000
4.480000e+003	2.31837100e-001	-3.16816290e+000	4.05427740e+002	0.00000000e+000	2.8607e+014	1.0000e-010	0.0000e+000
4.490000e+003	2.31877643e-001	-3.16812236e+000	3.99987027e+002	0.00000000e+000	2.8563e+014	1.0000e-010	0.0000e+000
4.500000e+003	2.31917642e-001	-3.16808236e+000	3.94554725e+002	0.00000000e+000	2.8519e+014	1.0000e-010	0.0000e+000
4.510000e+003	2.31957097e-001	-3.16804290e+000	3.89130707e+002	0.00000000e+000	2.8475e+014	1.0000e-010	0.0000e+000
4.520000e+003	2.31996010e-001	-3.16800399e+000	3.83714848e+002	0.00000000e+000	2.8432e+014	1.0000e-010	0.0000e+000
4.530000e+003	2.32034382e-001	-3.16796562e+000	3.78307021e+002	0.00000000e+000	2.8390e+014	1.0000e-010	0.0000e+000
4.540000e+003	2.32072212e-001	-3.16792779e+000	3.72907102e+002	0.00000000e+000	2.8349e+014	1.0000e-010	0.0000e+000
4.550000e+003	2.32109503e-001	-3.16789050e+000	3.67514967e+002	0.00000000e+000	2.8308e+014	1.0000e-010	0.0000e+000
4.560000e+003	2.32146255e-001	-3.16785375e+000	3.62130491e+002	0.00000000e+000	2.8267e+014	1.0000e-010	0.0000e+000
4.570000e+003	2.32182468e-001	-3.16781753e+000	3.56753553e+002	0.00000000e+000	2.8228e+014	1.0000e-010	0.0000e+000
4.580000e+003	2.32218143e-001	-3.16778186e+000	3.51384030e+002	0.00000000e+000	2.8189e+014	1.0000e-010	0.0000e+000
4.590000e+003	2.32253281e-001	-3.16774672e+000	3.46021801e+002	0.00000000e+000	2.8151e+014	1.0000e-010	0.0000e+000
4.600000e+003	2.32287884e-001	-3.16771212e+000	3.40666743e+002	0.00000000e+000	2.8113e+014	1.0000e-010	0.0000e+000
4.610000e+003	2.32321950e-001	-3.16767805e+000	3.35318738e+002	0.00000000e+000	2.8076e+014	1.0000e-010	0.0000e+000
4.620000e+003	2.32355482e-001	-3.16764452e+000	3.29977665e+002	0.00000000e+000	2.8040e+014	1.0000e-010	0.0000e+000
4.630000e+003	2.32388480e-001	-3.16761152e+000	3.24643405e+002	0.00000000e+000	2.8004e+014	1.0000e-010	0.0000e+000
4.640000e+003	2.32420944e-001	-3.16757906e+000	3.19315839e+002	0.00000000e+000	2.7969e+014	1.0000e-010	0.0000e+000
4.650000e+003	2.32452876e-001	-3.16754712e+000	3.13994850e+002	0.00000000e+000	2.7934e+014	1.0000e-010	0.0000e+000
4.660000e+003	2.32484275e-001	-3.16751572e+000	3.08680320e+002	0.00000000e+000	2.7900e+014	1.0000e-010	0.0000e+000
4.670000e+003	2.32515143e-001	-3.16748486e+000	3.03372132e+002	0.00000000e+000	2.7867e+014	1.0000e-010	0.0000e+000
4.680000e+003	2.32545480e-001	-3.16745452e+000	2.98070169e+002	0.00000000e+000	2.7834e+014	1.0000e-010	0.0000e+000
4.690000e+003	2.32575288e-001	-3.16742471e+000	2.92774315e+002	0.00000000e+000	2.7802e+014	1.0000e-010	0.0000e+000
4.700000e+003	2.32604565e-001	-3.16739544e+000	2.87484456e+002	0.00000000e+000	2.7771e+014	1.0000e-010	0.0000e+000
4.710000e+003	2.32633313e-001	-3.16736669e+000	2.82200477e+002	0.00000000e+000	2.7740e+014	1.0000e-010	0.0000e+000
4.720000e+003	2.32661533e-001	-3.16733847e+000	2.76922262e+002	0.00000000e+000	2.7710e+014	1.0000e-010	0.0000e+000
4.730000e+003	2.32689226e-001	-3.16731077e+000	2.71649697e+002	0.00000000e+000	2.7680e+014	1.0000e-010	0.0000e+000
4.740000e+003	2.32716391e-001	-3.16728361e+000	2.66382671e+002	0.00000000e+000	2.7651e+014	1.0000e-010	0.0000e+000
4.750000e+003	2.32743029e-001	-3.16725697e+000	2.61121069e+002	0.00000000e+000	2.7622e+014	1.0000e-010	0.0000e+000
4.760000e+003	2.32769141e-001	-3.16723086e+000	2.55864778e+002	0.00000000e+000	2.7595e+014	1.0000e-010	0.0000e+000
4.770000e+003	2.32794727e-001	-3.16720527e+000	2.50613688e+002	0.00000000e+000	2.7567e+014	1.0000e-010	0.0000e+000
4.780000e+003	2.32819789e-001	-3.16718021e+000	2.45367685e+002	0.00000000e+000	2.7541e+014	1.0000e-010	0.0000e+000
4.790000e+003	2.32844326e-001	-3.16715567e+000	2.40126659e+002	0.00000000e+000	2.7514e+014	1.0000e-010	0.0000e+000
4.800000e+003	2.32868338e-001	-3.16713166e+000	2.34890499e+002	0.00000000e+000	2.7489e+014	1.0000e-010	0.0000e+000
4.810000e+003	2.32891827e-001	-3.16710817e+000	2.29659094e+002	0.00000000e+000	2.7464e+014	1.0000e-010	0.0000e+000
4.820000e+003	2.32914793e-001	-3.16708521e+000	2.24432335e+002	0.00000000e+000	2.7439e+014	1.0000e-010	0.0000e+000
4.830000e+003	2.32937236e-001	-3.16706276e+000	2.19210112e+002	0.00000000e+000	2.7416e+014	1.0000e-010	0.0000e+000
4.840000e+003	2.32959157e-001	-3.16704084e+000	2.13992314e+002	0.00000000e+000	2.7392e+014	1.0000e-010	0.0000e+000
4.850000e+003	2.32980557e-001	-3.16701944e+000	2.08778834e+002	0.00000000e+000	2.7370e+014	1.0000e-010	0.0000e+000
4.860000e+003	2.33001435e-001	-3.16699857e+000	2.03569563e+002	0.00000000e+000	2.7348e+014	1.0000e-010	0.0000e+000
4.870000e+003	2.33021792e-001	-3.16697821e+000	1.98364392e+002	0.00000000e+000	2.7326e+014	1.0000e-010	0.0000e+000
4.880000e+003	2.33041628e-001	-3.16695837e+000	1.93163213e+002	0.00000000e+000	2.7305e+014	1.0000e-010	0.0000e+000
4.890000e+003	2.33060944e-001	-3.16693906e+000	1.87965919e+002	0.00000000e+000	2.7285e+014	1.0000e-010	0.0000e+000
4.900000e+003	2.33079741e-001	-3.16692026e+000	1.82772403e+002	0.00000000e+000	2.7265e+014	1.0000e-010	0.0000e+000
4.910000e+003	2.33098018e-001	-3.16690198e+000	1.77582557e+002	0.00000000e+000	2.7246e+014	1.0000e-010	0.0000e+000
4.920000e+003	2.33115776e-001	-3.16688422e+000	1.72396275e+002	0.00000000e+000	2.7227e+014	1.0000e-010	0.0000e+000
4.930000e+003	2.33133016e-001	-3.16686698e+000	1.67213450e+002	0.00000000e+000	2.7209e+014	1.0000e-010	0.0000e+000
4.940000e+003	2.33149737e-001	-3.16685026e+000	1.62033977e+002	0.00000000e+000	2.7191e+014	1.0000e-010	0.0000e+000
4.950000e+003	2.33165941e-001	-3.16683406e+000	1.56857749e+002	0.00000000e+000	2.7174e+014	1.0000e-010	0.0000e+000
4.960000e+003	2.33181627e-001	-3.16681837e+000	1.51684661e+002	0.00000000e+000	2.7158e+014	1.0000e-010	0.0000e+000
4.970000e+003	2.33196795e-001	-3.16680320e+000	1.46514607e+002	0.00000000e+000	2.7142e+014	1.0000e-010	0.0000e+000
4.980000e+003	2.33211446e-001	-3.16678855e+000	1.41347482e+002	0.00000000e+000	2.7126e+014	1.0000e-010	0.0000e+000
4.990000e+003	2.33225581e-001	-3.16677442e+000	1.36183182e+002	0.00000000e+000	2.7112e+014	1.0000e-010	0.0000e+000
5.000000e+003	2.33239200e-001	-3.16676080e+000	1.31021601e+002	0.00000000e+000	2.7097e+014	1.0000e-010	0.0000e+000
5.010000e+003	2.33252302e-001	-3.16674770e+000	1.25862636e+002	0.00000000e+000	2.7084e+014	1.0000e-010	0.0000e+000
5.020000e+003	2.33264888e-001	-3.16673511e+000	1.20706182e+002	0.00000000e+000	2.7070e+014	1.0000e-010	0.0000e+000
5.030000e+003	2.33276959e-001	-3.16672304e+000	1.15552135e+002	0.00000000e+000	2.7058e+014	1.0000e-010	0.0000e+000
5.040000e+003	2.33288514e-001	-3.16671149e+000	1.10400391e+002	0.00000000e+000	2.7046e+014	1.0000e-010	0.0000e+000
5.050000e+003	2.33299554e-001	-3.16670045e+000	1.05250846e+002	0.00000000e+000	2.7034e+014	1.0000e-010	0.0000e+000
5.060000e+003	2.33310079e-001	-3.16668992e+000	1.00103398e+002	0.00000000e+000	2.7023e+014	1.0000e-010	0.0000e+000
5.070000e+003	2.33320089e-001	-3.16667991e+000	9.49579426e+001	0.00000000e+000	2.7013e+014	1.0000e-010	0.0000e+000
5.080000e+003	2.33329585e-001	-3.16667041e+000	8.98143768e+001	0.00000000e+000	2.7003e+014	1.0000e-010	0.0000e+000
5.090000e+003	2.33338566e-001	-3.16666143e+000	8.46725977e+001	0.00000000e+000	2.6993e+014	1.0000e-010	0.0000e+000
5.100000e+003	2.33347034e-001	-3.16665297e+000	7.95325023e+001	0.00000000e+000	2.6985e+014	1.0000e-010	0.0000e+000
5.110000e+003	2.33354987e-001	-3.16664501e+000	7.43939881e+001	0.00000000e+000	2.6976e+014	1.0000e-010	0.0000e+000
5.120000e+003	2.33362426e-001	-3.16663757e+000	6.92569523e+001	0.00000000e+000	2.6968e+014	1.0000e-010	0.0000e+000
5.130000e+003	2.33369352e-001	-3.16663065e+000	6.41212926e+001	0.00000000e+000	2.6961e+014	1.0000e-010	0.0000e+000
5.140000e+003	2.33375764e-001	-3.16662424e+000	5.89869065e+001	0.00000000e+000	2.6955e+014	1.0000e-010	0.0000e+000
5.150000e+003	2.33381663e-001	-3.16661834e+000	5.38536918e+001	0.00000000e+000	2.6948e+014	1.0000e-010	0.0000e+000
5.160000e+003	2.33387048e-001	-3.16661295e+000	4.87215463e+001	0.00000000e+000	2.6943e+014	1.0000e-010	0.0000e+000
5.170000e+003	2.33391920e-001	-3.16660808e+000	4.35903679e+001	0.00000000e+000	2.6938e+014	1.0000e-010	0.0000e+000
5.180000e+003	2.33396279e-001	-3.16660372e+000	3.84600547e+001	0.00000000e+000	2.6933e+014	1.0000e-010	0.0000e+000
5.190000e+003	2.33400125e-001	-3.16659987e+000	3.33305046e+001	0.00000000e+000	2.6929e+014	1.0000e-010	0.0000e+000
5.200000e+003	2.33403459e-001	-3.16659654e+000	2.82016159e+001	0.00000000e+000	2.6926e+014	1.0000e-010	0.0000e+000
5.210000e+003	2.33406279e-001	-3.16659372e+000	2.30732866e+001	0.00000000e+000	2.6923e+014	1.0000e-010	0.0000e+000
5.220000e+003	2.33408586e-001	-3.16659141e+000	1.79454150e+001	0.00000000e+000	2.6920e+014	1.0000e-010	0.0000e+000
5.230000e+003	2.33410381e-001	-3.16658962e+000	1.28178993e+001	0.00000000e+000	2.6919e+014	1.0000e-010	0.0000e+000
5.240000e+003	2.33411662e-001	-3.16658834e+000	7.69063792e+000	0.00000000e+000	2.6917e+014	1.0000e-010	0.0000e+000
5.250000e+003	2.33412431e-001	-3.16658757e+000	2.56352903e+000	0.00000000e+000	2.6916e+014	1.0000e-010	0.0000e+000
5.260000e+003	2.33412688e-001	-3.16658731e+000	2.56352903e+000	0.00000000e+000	2.6916e+014	1.0000e-010	0.0000e+000
