Y (ang)	Ec (eV)	Ev (eV)	E (V/cm)	Ef (eV)	n (cm-3)	p (cm-3)	Nd - Na (cm-3)
0.000000e+000	6.00000000e-001	-2.80000000e+000	2.11375864e+006	-0.00000000e+000	1.8691e+008	1.0000e-010	0.0000e+000
1.000000e+001	1.37137586e+000	-2.72862414e+000	-5.38170675e+005	0.00000000e+000	2.0563e-005	1.0000e-010	-1.3848e+020
2.000000e+001	1.31755880e+000	-2.78244120e+000	-5.38170675e+005	0.00000000e+000	1.6488e-004	1.0000e-010	0.0000e+000
3.000000e+001	1.26374173e+000	-2.83625827e+000	-5.38170675e+005	0.00000000e+000	1.3221e-003	1.0000e-010	0.0000e+000
4.000000e+001	1.20992466e+000	-2.89007534e+000	-5.38170675e+005	0.00000000e+000	1.0601e-002	1.0000e-010	0.0000e+000
5.000000e+001	1.15610759e+000	-2.94389241e+000	-5.38170675e+005	0.00000000e+000	8.5002e-002	1.0000e-010	0.0000e+000
6.000000e+001	1.10229053e+000	-2.99770947e+000	-5.38170675e+005	0.00000000e+000	6.8158e-001	1.0000e-010	0.0000e+000
7.000000e+001	1.04847346e+000	-3.05152654e+000	-5.38170675e+005	0.00000000e+000	5.4652e+000	1.0000e-010	0.0000e+000
8.000000e+001	9.94656391e-001	-3.10534361e+000	-5.38170675e+005	0.00000000e+000	4.3822e+001	1.0000e-010	0.0000e+000
9.000000e+001	9.40839323e-001	-3.15916068e+000	-5.38170675e+005	0.00000000e+000	3.5138e+002	1.0000e-010	0.0000e+000
1.000000e+002	8.87022256e-001	-3.21297774e+000	-5.38170675e+005	0.00000000e+000	2.8175e+003	1.0000e-010	0.0000e+000
1.100000e+002	8.33205188e-001	-3.26679481e+000	-5.38170675e+005	0.00000000e+000	2.2592e+004	1.0000e-010	0.0000e+000
1.200000e+002	7.79388121e-001	-3.32061188e+000	-5.38170675e+005	0.00000000e+000	1.8115e+005	1.0000e-010	0.0000e+000
1.300000e+002	7.25571053e-001	-3.37442895e+000	-5.38170675e+005	0.00000000e+000	1.4525e+006	1.0000e-010	0.0000e+000
1.400000e+002	6.71753986e-001	-3.42824601e+000	-5.38170675e+005	0.00000000e+000	1.1647e+007	1.0000e-010	0.0000e+000
1.500000e+002	6.17936918e-001	-3.48206308e+000	-5.38170675e+005	0.00000000e+000	9.3391e+007	1.0000e-010	0.0000e+000
1.600000e+002	5.64119851e-001	-3.53588015e+000	-5.38170675e+005	0.00000000e+000	7.4884e+008	1.0000e-010	0.0000e+000
1.700000e+002	5.10302783e-001	-3.58969722e+000	-5.38170675e+005	0.00000000e+000	6.0045e+009	1.0000e-010	0.0000e+000
1.800000e+002	4.56485716e-001	-3.64351428e+000	-5.38170676e+005	0.00000000e+000	4.8147e+010	1.0000e-010	0.0000e+000
1.900000e+002	4.02668648e-001	-3.69733135e+000	-5.38170684e+005	0.00000000e+000	3.8606e+011	1.0000e-010	0.0000e+000
2.000000e+002	3.48851580e-001	-3.75114842e+000	-5.38170744e+005	0.00000000e+000	3.0956e+012	1.0000e-010	0.0000e+000
2.100000e+002	-2.64965495e-001	-3.66496549e+000	1.04525247e+006	0.00000000e+000	5.6097e+019	1.0000e-010	1.3848e+020
2.200000e+002	-1.38040248e-001	-3.56604025e+000	5.34002356e+005	0.00000000e+000	2.1616e+019	1.0000e-010	-5.2547e+018
2.300000e+002	-6.22400121e-002	-3.51824001e+000	2.86984671e+005	0.00000000e+000	7.6922e+018	1.0000e-010	-5.2784e+018
2.400000e+002	-1.11415450e-002	-3.49514155e+000	1.40425829e+005	0.00000000e+000	2.3838e+018	1.0000e-010	-5.3022e+018
2.500000e+002	2.53010379e-002	-3.48669896e+000	2.43454086e+004	0.00000000e+000	7.5047e+017	1.0000e-010	-5.3259e+018
2.600000e+002	-6.18644213e-002	-3.46186442e+000	2.81787586e+005	0.00000000e+000	7.6400e+018	1.0000e-010	2.1161e+019
2.700000e+002	-3.36856626e-002	-3.43368566e+000	2.00515597e+005	0.00000000e+000	4.2668e+018	1.0000e-010	0.0000e+000
2.800000e+002	-1.36341029e-002	-3.41363410e+000	1.51830293e+005	0.00000000e+000	2.5560e+018	1.0000e-010	0.0000e+000
2.900000e+002	1.54892638e-003	-3.39845107e+000	1.20628827e+005	0.00000000e+000	1.6381e+018	1.0000e-010	0.0000e+000
3.000000e+002	1.36118090e-002	-3.38638819e+000	9.94006294e+004	0.00000000e+000	1.1145e+018	1.0000e-010	0.0000e+000
3.100000e+002	2.35518720e-002	-3.37644813e+000	8.42162425e+004	0.00000000e+000	7.9718e+017	1.0000e-010	0.0000e+000
3.200000e+002	3.19734962e-002	-3.36802650e+000	7.29008138e+004	0.00000000e+000	5.9406e+017	1.0000e-010	0.0000e+000
3.300000e+002	3.92635776e-002	-3.36073642e+000	6.41824443e+004	0.00000000e+000	4.5772e+017	1.0000e-010	0.0000e+000
3.400000e+002	4.56818220e-002	-3.35431818e+000	5.72789991e+004	0.00000000e+000	3.6243e+017	1.0000e-010	0.0000e+000
3.500000e+002	5.14097219e-002	-3.34859028e+000	5.16877770e+004	0.00000000e+000	2.9354e+017	1.0000e-010	0.0000e+000
3.600000e+002	5.65784996e-002	-3.34342150e+000	4.70730416e+004	0.00000000e+000	2.4227e+017	1.0000e-010	0.0000e+000
3.700000e+002	6.12858038e-002	-3.33871420e+000	4.32030039e+004	0.00000000e+000	2.0318e+017	1.0000e-010	0.0000e+000
3.800000e+002	6.56061042e-002	-3.33439390e+000	3.99129772e+004	0.00000000e+000	1.7273e+017	1.0000e-010	0.0000e+000
3.900000e+002	6.95974019e-002	-3.33040260e+000	3.70829922e+004	0.00000000e+000	1.4857e+017	1.0000e-010	0.0000e+000
4.000000e+002	7.33057011e-002	-3.32669430e+000	3.46237267e+004	0.00000000e+000	1.2911e+017	1.0000e-010	0.0000e+000
4.100000e+002	7.67680738e-002	-3.32323193e+000	3.24673876e+004	0.00000000e+000	1.1321e+017	1.0000e-010	0.0000e+000
4.200000e+002	8.00148126e-002	-3.31998519e+000	3.05616411e+004	0.00000000e+000	1.0005e+017	1.0000e-010	0.0000e+000
4.300000e+002	8.30709767e-002	-3.31692902e+000	2.88654730e+004	0.00000000e+000	8.9049e+016	1.0000e-010	0.0000e+000
4.400000e+002	8.59575240e-002	-3.31404248e+000	2.73463034e+004	0.00000000e+000	7.9757e+016	1.0000e-010	0.0000e+000
4.500000e+002	8.86921543e-002	-3.31130785e+000	2.59779364e+004	0.00000000e+000	7.1839e+016	1.0000e-010	0.0000e+000
4.600000e+002	9.12899479e-002	-3.30871005e+000	2.47390771e+004	0.00000000e+000	6.5040e+016	1.0000e-010	0.0000e+000
4.700000e+002	9.37638557e-002	-3.30623614e+000	2.36122419e+004	0.00000000e+000	5.9159e+016	1.0000e-010	0.0000e+000
4.800000e+002	9.61250798e-002	-3.30387492e+000	2.25829458e+004	0.00000000e+000	5.4038e+016	1.0000e-010	0.0000e+000
4.900000e+002	9.83833744e-002	-3.30161663e+000	2.16390885e+004	0.00000000e+000	4.9553e+016	1.0000e-010	0.0000e+000
5.000000e+002	1.00547283e-001	-3.29945272e+000	2.07704845e+004	0.00000000e+000	4.5602e+016	1.0000e-010	0.0000e+000
5.100000e+002	1.02624332e-001	-3.29737567e+000	1.99685004e+004	0.00000000e+000	4.2104e+016	1.0000e-010	0.0000e+000
5.200000e+002	1.04621182e-001	-3.29537882e+000	1.92212415e+004	0.00000000e+000	3.9231e+016	1.0000e-010	0.0000e+000
5.300000e+002	1.06543306e-001	-3.29345669e+000	1.85275269e+004	0.00000000e+000	3.6420e+016	1.0000e-010	0.0000e+000
5.400000e+002	1.08396059e-001	-3.29160394e+000	1.78817894e+004	0.00000000e+000	3.3901e+016	1.0000e-010	0.0000e+000
5.500000e+002	1.10184238e-001	-3.28981576e+000	1.72792078e+004	0.00000000e+000	3.1636e+016	1.0000e-010	0.0000e+000
5.600000e+002	1.11912158e-001	-3.28808784e+000	1.67155857e+004	0.00000000e+000	2.9590e+016	1.0000e-010	0.0000e+000
5.700000e+002	1.13583717e-001	-3.28641628e+000	1.61872534e+004	0.00000000e+000	2.7738e+016	1.0000e-010	0.0000e+000
5.800000e+002	1.15202442e-001	-3.28479756e+000	1.56909883e+004	0.00000000e+000	2.6054e+016	1.0000e-010	0.0000e+000
5.900000e+002	1.16771541e-001	-3.28322846e+000	1.52239484e+004	0.00000000e+000	2.4520e+016	1.0000e-010	0.0000e+000
6.000000e+002	1.18293936e-001	-3.28170606e+000	1.47836178e+004	0.00000000e+000	2.3117e+016	1.0000e-010	0.0000e+000
6.100000e+002	1.19772298e-001	-3.28022770e+000	1.43677613e+004	0.00000000e+000	2.1833e+016	1.0000e-010	0.0000e+000
6.200000e+002	1.21209074e-001	-3.27879093e+000	1.39743864e+004	0.00000000e+000	2.0652e+016	1.0000e-010	0.0000e+000
6.300000e+002	1.22606512e-001	-3.27739349e+000	1.36017109e+004	0.00000000e+000	1.9566e+016	1.0000e-010	0.0000e+000
6.400000e+002	1.23966684e-001	-3.27603332e+000	1.32481365e+004	0.00000000e+000	1.8563e+016	1.0000e-010	0.0000e+000
6.500000e+002	1.25291497e-001	-3.27470850e+000	1.29122249e+004	0.00000000e+000	1.7635e+016	1.0000e-010	0.0000e+000
6.600000e+002	1.26582720e-001	-3.27341728e+000	1.25926789e+004	0.00000000e+000	1.6776e+016	1.0000e-010	0.0000e+000
6.700000e+002	1.27841988e-001	-3.27215801e+000	1.22883252e+004	0.00000000e+000	1.5979e+016	1.0000e-010	0.0000e+000
6.800000e+002	1.29070820e-001	-3.27092918e+000	1.19981000e+004	0.00000000e+000	1.5237e+016	1.0000e-010	0.0000e+000
6.900000e+002	1.30270630e-001	-3.26972937e+000	1.17210366e+004	0.00000000e+000	1.4546e+016	1.0000e-010	0.0000e+000
7.000000e+002	1.31442734e-001	-3.26855727e+000	1.14562544e+004	0.00000000e+000	1.3901e+016	1.0000e-010	0.0000e+000
7.100000e+002	1.32588359e-001	-3.26741164e+000	1.12029498e+004	0.00000000e+000	1.3299e+016	1.0000e-010	0.0000e+000
7.200000e+002	1.33708654e-001	-3.26629135e+000	1.09603877e+004	0.00000000e+000	1.2735e+016	1.0000e-010	0.0000e+000
7.300000e+002	1.34804693e-001	-3.26519531e+000	1.07278945e+004	0.00000000e+000	1.2206e+016	1.0000e-010	0.0000e+000
7.400000e+002	1.35877482e-001	-3.26412252e+000	1.05048517e+004	0.00000000e+000	1.1710e+016	1.0000e-010	0.0000e+000
7.500000e+002	1.36927968e-001	-3.26307203e+000	1.02906905e+004	0.00000000e+000	1.1243e+016	1.0000e-010	0.0000e+000
7.600000e+002	1.37957037e-001	-3.26204296e+000	1.00848868e+004	0.00000000e+000	1.0805e+016	1.0000e-010	0.0000e+000
7.700000e+002	1.38965525e-001	-3.26103447e+000	9.88695695e+003	0.00000000e+000	1.0391e+016	1.0000e-010	0.0000e+000
7.800000e+002	1.39954221e-001	-3.26004578e+000	9.69645389e+003	0.00000000e+000	1.0001e+016	1.0000e-010	0.0000e+000
7.900000e+002	1.40923866e-001	-3.25907613e+000	9.51296379e+003	0.00000000e+000	9.6333e+015	1.0000e-010	0.0000e+000
8.000000e+002	1.41875163e-001	-3.25812484e+000	9.33610300e+003	0.00000000e+000	9.2852e+015	1.0000e-010	0.0000e+000
8.100000e+002	1.42808773e-001	-3.25719123e+000	9.16551535e+003	0.00000000e+000	8.9559e+015	1.0000e-010	0.0000e+000
8.200000e+002	1.43725325e-001	-3.25627468e+000	9.00086972e+003	0.00000000e+000	8.6439e+015	1.0000e-010	0.0000e+000
8.300000e+002	1.44625412e-001	-3.25537459e+000	8.84185791e+003	0.00000000e+000	8.3481e+015	1.0000e-010	0.0000e+000
8.400000e+002	1.45509597e-001	-3.25449040e+000	8.68819264e+003	0.00000000e+000	8.0675e+015	1.0000e-010	0.0000e+000
8.500000e+002	1.46378417e-001	-3.25362158e+000	8.53960585e+003	0.00000000e+000	7.8008e+015	1.0000e-010	0.0000e+000
8.600000e+002	1.47232377e-001	-3.25276762e+000	8.39584711e+003	0.00000000e+000	7.5474e+015	1.0000e-010	0.0000e+000
8.700000e+002	1.48071962e-001	-3.25192804e+000	8.25668216e+003	0.00000000e+000	7.3062e+015	1.0000e-010	0.0000e+000
8.800000e+002	1.48897630e-001	-3.25110237e+000	8.12189167e+003	0.00000000e+000	7.0765e+015	1.0000e-010	0.0000e+000
8.900000e+002	1.49709819e-001	-3.25029018e+000	7.99127004e+003	0.00000000e+000	6.8577e+015	1.0000e-010	0.0000e+000
9.000000e+002	1.50508946e-001	-3.24949105e+000	7.86462438e+003	0.00000000e+000	6.6489e+015	1.0000e-010	0.0000e+000
9.100000e+002	1.51295409e-001	-3.24870459e+000	7.74177349e+003	0.00000000e+000	6.4497e+015	1.0000e-010	0.0000e+000
9.200000e+002	1.52069586e-001	-3.24793041e+000	7.62254701e+003	0.00000000e+000	6.2594e+015	1.0000e-010	0.0000e+000
9.300000e+002	1.52831841e-001	-3.24716816e+000	7.50678464e+003	0.00000000e+000	6.0775e+015	1.0000e-010	0.0000e+000
9.400000e+002	1.53582519e-001	-3.24641748e+000	7.39433539e+003	0.00000000e+000	5.9036e+015	1.0000e-010	0.0000e+000
9.500000e+002	1.54321953e-001	-3.24567805e+000	7.28505692e+003	0.00000000e+000	5.7371e+015	1.0000e-010	0.0000e+000
9.600000e+002	1.55050459e-001	-3.24494954e+000	7.17881492e+003	0.00000000e+000	5.5777e+015	1.0000e-010	0.0000e+000
9.700000e+002	1.55768340e-001	-3.24423166e+000	7.07548256e+003	0.00000000e+000	5.4250e+015	1.0000e-010	0.0000e+000
9.800000e+002	1.56475888e-001	-3.24352411e+000	6.97493997e+003	0.00000000e+000	5.2785e+015	1.0000e-010	0.0000e+000
9.900000e+002	1.57173382e-001	-3.24282662e+000	6.87707378e+003	0.00000000e+000	5.1380e+015	1.0000e-010	0.0000e+000
1.000000e+003	1.57861090e-001	-3.24213891e+000	6.78177667e+003	0.00000000e+000	5.0031e+015	1.0000e-010	0.0000e+000
1.010000e+003	1.58539267e-001	-3.24146073e+000	6.68894700e+003	0.00000000e+000	4.8736e+015	1.0000e-010	0.0000e+000
1.020000e+003	1.59208162e-001	-3.24079184e+000	6.59848840e+003	0.00000000e+000	4.7491e+015	1.0000e-010	0.0000e+000
1.030000e+003	1.59868011e-001	-3.24013199e+000	6.51030946e+003	0.00000000e+000	4.6294e+015	1.0000e-010	0.0000e+000
1.040000e+003	1.60519042e-001	-3.23948096e+000	6.42432339e+003	0.00000000e+000	4.5143e+015	1.0000e-010	0.0000e+000
1.050000e+003	1.61161474e-001	-3.23883853e+000	6.34044779e+003	0.00000000e+000	4.4035e+015	1.0000e-010	0.0000e+000
1.060000e+003	1.61795519e-001	-3.23820448e+000	6.25860429e+003	0.00000000e+000	4.2968e+015	1.0000e-010	0.0000e+000
1.070000e+003	1.62421379e-001	-3.23757862e+000	6.17871839e+003	0.00000000e+000	4.1940e+015	1.0000e-010	0.0000e+000
1.080000e+003	1.63039251e-001	-3.23696075e+000	6.10071914e+003	0.00000000e+000	4.0950e+015	1.0000e-010	0.0000e+000
1.090000e+003	1.63649323e-001	-3.23635068e+000	6.02453903e+003	0.00000000e+000	3.9995e+015	1.0000e-010	0.0000e+000
1.100000e+003	1.64251777e-001	-3.23574822e+000	5.95011369e+003	0.00000000e+000	3.9073e+015	1.0000e-010	0.0000e+000
1.110000e+003	1.64846788e-001	-3.23515321e+000	5.87738176e+003	0.00000000e+000	3.8184e+015	1.0000e-010	0.0000e+000
1.120000e+003	1.65434527e-001	-3.23456547e+000	5.80628472e+003	0.00000000e+000	3.7326e+015	1.0000e-010	0.0000e+000
1.130000e+003	1.66015155e-001	-3.23398484e+000	5.73676670e+003	0.00000000e+000	3.6497e+015	1.0000e-010	0.0000e+000
1.140000e+003	1.66588832e-001	-3.23341117e+000	5.66877436e+003	0.00000000e+000	3.5696e+015	1.0000e-010	0.0000e+000
1.150000e+003	1.67155709e-001	-3.23284429e+000	5.60225670e+003	0.00000000e+000	3.4922e+015	1.0000e-010	0.0000e+000
1.160000e+003	1.67715935e-001	-3.23228407e+000	5.53716502e+003	0.00000000e+000	3.4173e+015	1.0000e-010	0.0000e+000
1.170000e+003	1.68269651e-001	-3.23173035e+000	5.47345269e+003	0.00000000e+000	3.3449e+015	1.0000e-010	0.0000e+000
1.180000e+003	1.68816997e-001	-3.23118300e+000	5.41107511e+003	0.00000000e+000	3.2748e+015	1.0000e-010	0.0000e+000
1.190000e+003	1.69358104e-001	-3.23064190e+000	5.34998959e+003	0.00000000e+000	3.2070e+015	1.0000e-010	0.0000e+000
1.200000e+003	1.69893103e-001	-3.23010690e+000	5.29015522e+003	0.00000000e+000	3.1413e+015	1.0000e-010	0.0000e+000
1.210000e+003	1.70422119e-001	-3.22957788e+000	5.23153282e+003	0.00000000e+000	3.0777e+015	1.0000e-010	0.0000e+000
1.220000e+003	1.70945272e-001	-3.22905473e+000	5.17408480e+003	0.00000000e+000	3.0160e+015	1.0000e-010	0.0000e+000
1.230000e+003	1.71462680e-001	-3.22853732e+000	5.11777514e+003	0.00000000e+000	2.9563e+015	1.0000e-010	0.0000e+000
1.240000e+003	1.71974458e-001	-3.22802554e+000	5.06256924e+003	0.00000000e+000	2.8983e+015	1.0000e-010	0.0000e+000
1.250000e+003	1.72480715e-001	-3.22751929e+000	5.00843392e+003	0.00000000e+000	2.8421e+015	1.0000e-010	0.0000e+000
1.260000e+003	1.72981558e-001	-3.22701844e+000	4.95533729e+003	0.00000000e+000	2.7876e+015	1.0000e-010	0.0000e+000
1.270000e+003	1.73477092e-001	-3.22652291e+000	4.90324874e+003	0.00000000e+000	2.7347e+015	1.0000e-010	0.0000e+000
1.280000e+003	1.73967417e-001	-3.22603258e+000	4.85213882e+003	0.00000000e+000	2.6833e+015	1.0000e-010	0.0000e+000
1.290000e+003	1.74452631e-001	-3.22554737e+000	4.80197923e+003	0.00000000e+000	2.6334e+015	1.0000e-010	0.0000e+000
1.300000e+003	1.74932829e-001	-3.22506717e+000	4.75274275e+003	0.00000000e+000	2.5849e+015	1.0000e-010	0.0000e+000
1.310000e+003	1.75408103e-001	-3.22459190e+000	4.70440318e+003	0.00000000e+000	2.5378e+015	1.0000e-010	0.0000e+000
1.320000e+003	1.75878543e-001	-3.22412146e+000	4.65693532e+003	0.00000000e+000	2.4921e+015	1.0000e-010	0.0000e+000
1.330000e+003	1.76344237e-001	-3.22365576e+000	4.61031488e+003	0.00000000e+000	2.4476e+015	1.0000e-010	0.0000e+000
1.340000e+003	1.76805268e-001	-3.22319473e+000	4.56451847e+003	0.00000000e+000	2.4043e+015	1.0000e-010	0.0000e+000
1.350000e+003	1.77261720e-001	-3.22273828e+000	4.51952357e+003	0.00000000e+000	2.3622e+015	1.0000e-010	0.0000e+000
1.360000e+003	1.77713672e-001	-3.22228633e+000	4.47530844e+003	0.00000000e+000	2.3213e+015	1.0000e-010	0.0000e+000
1.370000e+003	1.78161203e-001	-3.22183880e+000	4.43185215e+003	0.00000000e+000	2.2815e+015	1.0000e-010	0.0000e+000
1.380000e+003	1.78604388e-001	-3.22139561e+000	4.38913448e+003	0.00000000e+000	2.2427e+015	1.0000e-010	0.0000e+000
1.390000e+003	1.79043302e-001	-3.22095670e+000	4.34713596e+003	0.00000000e+000	2.2049e+015	1.0000e-010	0.0000e+000
1.400000e+003	1.79478015e-001	-3.22052198e+000	4.30583775e+003	0.00000000e+000	2.1682e+015	1.0000e-010	0.0000e+000
1.410000e+003	1.79908599e-001	-3.22009140e+000	4.26522170e+003	0.00000000e+000	2.1323e+015	1.0000e-010	0.0000e+000
1.420000e+003	1.80335121e-001	-3.21966488e+000	4.22527026e+003	0.00000000e+000	2.0975e+015	1.0000e-010	0.0000e+000
1.430000e+003	1.80757648e-001	-3.21924235e+000	4.18596648e+003	0.00000000e+000	2.0635e+015	1.0000e-010	0.0000e+000
1.440000e+003	1.81176245e-001	-3.21882375e+000	4.14729399e+003	0.00000000e+000	2.0303e+015	1.0000e-010	0.0000e+000
1.450000e+003	1.81590974e-001	-3.21840903e+000	4.10923694e+003	0.00000000e+000	1.9980e+015	1.0000e-010	0.0000e+000
1.460000e+003	1.82001898e-001	-3.21799810e+000	4.07178004e+003	0.00000000e+000	1.9665e+015	1.0000e-010	0.0000e+000
1.470000e+003	1.82409076e-001	-3.21759092e+000	4.03490848e+003	0.00000000e+000	1.9358e+015	1.0000e-010	0.0000e+000
1.480000e+003	1.82812567e-001	-3.21718743e+000	3.99860794e+003	0.00000000e+000	1.9058e+015	1.0000e-010	0.0000e+000
1.490000e+003	1.83212428e-001	-3.21678757e+000	3.96286454e+003	0.00000000e+000	1.8765e+015	1.0000e-010	0.0000e+000
1.500000e+003	1.83608714e-001	-3.21639129e+000	3.92766488e+003	0.00000000e+000	1.8480e+015	1.0000e-010	0.0000e+000
1.510000e+003	1.84001481e-001	-3.21599852e+000	3.89299596e+003	0.00000000e+000	1.8201e+015	1.0000e-010	0.0000e+000
1.520000e+003	1.84390780e-001	-3.21560922e+000	3.85884520e+003	0.00000000e+000	1.7929e+015	1.0000e-010	0.0000e+000
1.530000e+003	1.84776665e-001	-3.21522334e+000	3.82520042e+003	0.00000000e+000	1.7664e+015	1.0000e-010	0.0000e+000
1.540000e+003	1.85159185e-001	-3.21484082e+000	3.79204979e+003	0.00000000e+000	1.7404e+015	1.0000e-010	0.0000e+000
1.550000e+003	1.85538390e-001	-3.21446161e+000	3.75938188e+003	0.00000000e+000	1.7151e+015	1.0000e-010	0.0000e+000
1.560000e+003	1.85914328e-001	-3.21408567e+000	3.72718559e+003	0.00000000e+000	1.6903e+015	1.0000e-010	0.0000e+000
1.570000e+003	1.86287047e-001	-3.21371295e+000	3.69545016e+003	0.00000000e+000	1.6661e+015	1.0000e-010	0.0000e+000
1.580000e+003	1.86656592e-001	-3.21334341e+000	3.66416514e+003	0.00000000e+000	1.6425e+015	1.0000e-010	0.0000e+000
1.590000e+003	1.87023008e-001	-3.21297699e+000	3.63332042e+003	0.00000000e+000	1.6194e+015	1.0000e-010	0.0000e+000
1.600000e+003	1.87386340e-001	-3.21261366e+000	3.60290617e+003	0.00000000e+000	1.5968e+015	1.0000e-010	0.0000e+000
1.610000e+003	1.87746631e-001	-3.21225337e+000	3.57291285e+003	0.00000000e+000	1.5747e+015	1.0000e-010	0.0000e+000
1.620000e+003	1.88103922e-001	-3.21189608e+000	3.54333121e+003	0.00000000e+000	1.5530e+015	1.0000e-010	0.0000e+000
1.630000e+003	1.88458255e-001	-3.21154174e+000	3.51415225e+003	0.00000000e+000	1.5319e+015	1.0000e-010	0.0000e+000
1.640000e+003	1.88809670e-001	-3.21119033e+000	3.48536725e+003	0.00000000e+000	1.5112e+015	1.0000e-010	0.0000e+000
1.650000e+003	1.89158207e-001	-3.21084179e+000	3.45696773e+003	0.00000000e+000	1.4910e+015	1.0000e-010	0.0000e+000
1.660000e+003	1.89503904e-001	-3.21049610e+000	3.42894544e+003	0.00000000e+000	1.4712e+015	1.0000e-010	0.0000e+000
1.670000e+003	1.89846799e-001	-3.21015320e+000	3.40129237e+003	0.00000000e+000	1.4518e+015	1.0000e-010	0.0000e+000
1.680000e+003	1.90186928e-001	-3.20981307e+000	3.37400075e+003	0.00000000e+000	1.4328e+015	1.0000e-010	0.0000e+000
1.690000e+003	1.90524328e-001	-3.20947567e+000	3.34706301e+003	0.00000000e+000	1.4142e+015	1.0000e-010	0.0000e+000
1.700000e+003	1.90859034e-001	-3.20914097e+000	3.32047178e+003	0.00000000e+000	1.3960e+015	1.0000e-010	0.0000e+000
1.710000e+003	1.91191081e-001	-3.20880892e+000	3.29421991e+003	0.00000000e+000	1.3782e+015	1.0000e-010	0.0000e+000
1.720000e+003	1.91520503e-001	-3.20847950e+000	3.26830043e+003	0.00000000e+000	1.3608e+015	1.0000e-010	0.0000e+000
1.730000e+003	1.91847333e-001	-3.20815267e+000	3.24270657e+003	0.00000000e+000	1.3437e+015	1.0000e-010	0.0000e+000
1.740000e+003	1.92171604e-001	-3.20782840e+000	3.21743175e+003	0.00000000e+000	1.3269e+015	1.0000e-010	0.0000e+000
1.750000e+003	1.92493347e-001	-3.20750665e+000	3.19246953e+003	0.00000000e+000	1.3105e+015	1.0000e-010	0.0000e+000
1.760000e+003	1.92812594e-001	-3.20718741e+000	3.16781367e+003	0.00000000e+000	1.2944e+015	1.0000e-010	0.0000e+000
1.770000e+003	1.93129376e-001	-3.20687062e+000	3.14345810e+003	0.00000000e+000	1.2787e+015	1.0000e-010	0.0000e+000
1.780000e+003	1.93443721e-001	-3.20655628e+000	3.11939689e+003	0.00000000e+000	1.2632e+015	1.0000e-010	0.0000e+000
1.790000e+003	1.93755661e-001	-3.20624434e+000	3.09562426e+003	0.00000000e+000	1.2481e+015	1.0000e-010	0.0000e+000
1.800000e+003	1.94065223e-001	-3.20593478e+000	3.07213459e+003	0.00000000e+000	1.2332e+015	1.0000e-010	0.0000e+000
1.810000e+003	1.94372437e-001	-3.20562756e+000	3.04892242e+003	0.00000000e+000	1.2186e+015	1.0000e-010	0.0000e+000
1.820000e+003	1.94677329e-001	-3.20532267e+000	3.02598239e+003	0.00000000e+000	1.2044e+015	1.0000e-010	0.0000e+000
1.830000e+003	1.94979927e-001	-3.20502007e+000	3.00330932e+003	0.00000000e+000	1.1903e+015	1.0000e-010	0.0000e+000
1.840000e+003	1.95280258e-001	-3.20471974e+000	2.98089812e+003	0.00000000e+000	1.1766e+015	1.0000e-010	0.0000e+000
1.850000e+003	1.95578348e-001	-3.20442165e+000	2.95874385e+003	0.00000000e+000	1.1631e+015	1.0000e-010	0.0000e+000
1.860000e+003	1.95874222e-001	-3.20412578e+000	2.93684169e+003	0.00000000e+000	1.1499e+015	1.0000e-010	0.0000e+000
1.870000e+003	1.96167907e-001	-3.20383209e+000	2.91518694e+003	0.00000000e+000	1.1369e+015	1.0000e-010	0.0000e+000
1.880000e+003	1.96459425e-001	-3.20354057e+000	2.89377500e+003	0.00000000e+000	1.1241e+015	1.0000e-010	0.0000e+000
1.890000e+003	1.96748803e-001	-3.20325120e+000	2.87260140e+003	0.00000000e+000	1.1116e+015	1.0000e-010	0.0000e+000
1.900000e+003	1.97036063e-001	-3.20296394e+000	2.85166178e+003	0.00000000e+000	1.0993e+015	1.0000e-010	0.0000e+000
1.910000e+003	1.97321229e-001	-3.20267877e+000	2.83095187e+003	0.00000000e+000	1.0873e+015	1.0000e-010	0.0000e+000
1.920000e+003	1.97604324e-001	-3.20239568e+000	2.81046750e+003	0.00000000e+000	1.0754e+015	1.0000e-010	0.0000e+000
1.930000e+003	1.97885371e-001	-3.20211463e+000	2.79020463e+003	0.00000000e+000	1.0638e+015	1.0000e-010	0.0000e+000
1.940000e+003	1.98164392e-001	-3.20183561e+000	2.77015927e+003	0.00000000e+000	1.0524e+015	1.0000e-010	0.0000e+000
1.950000e+003	1.98441408e-001	-3.20155859e+000	2.75032756e+003	0.00000000e+000	1.0412e+015	1.0000e-010	0.0000e+000
1.960000e+003	1.98716440e-001	-3.20128356e+000	2.73070572e+003	0.00000000e+000	1.0301e+015	1.0000e-010	0.0000e+000
1.970000e+003	1.98989511e-001	-3.20101049e+000	2.71129005e+003	0.00000000e+000	1.0193e+015	1.0000e-010	0.0000e+000
1.980000e+003	1.99260640e-001	-3.20073936e+000	2.69207694e+003	0.00000000e+000	1.0087e+015	1.0000e-010	0.0000e+000
1.990000e+003	1.99529848e-001	-3.20047015e+000	2.67306287e+003	0.00000000e+000	9.9824e+014	1.0000e-010	0.0000e+000
2.000000e+003	1.99797154e-001	-3.20020285e+000	2.65424439e+003	0.00000000e+000	9.8797e+014	1.0000e-010	0.0000e+000
2.010000e+003	2.00062578e-001	-3.19993742e+000	2.63561813e+003	0.00000000e+000	9.7788e+014	1.0000e-010	0.0000e+000
2.020000e+003	2.00326140e-001	-3.19967386e+000	2.61718081e+003	0.00000000e+000	9.6796e+014	1.0000e-010	0.0000e+000
2.030000e+003	2.00587858e-001	-3.19941214e+000	2.59892919e+003	0.00000000e+000	9.5821e+014	1.0000e-010	0.0000e+000
2.040000e+003	2.00847751e-001	-3.19915225e+000	2.58086014e+003	0.00000000e+000	9.4863e+014	1.0000e-010	0.0000e+000
2.050000e+003	2.01105837e-001	-3.19889416e+000	2.56297058e+003	0.00000000e+000	9.3920e+014	1.0000e-010	0.0000e+000
2.060000e+003	2.01362134e-001	-3.19863787e+000	2.54525750e+003	0.00000000e+000	9.2994e+014	1.0000e-010	0.0000e+000
2.070000e+003	2.01616660e-001	-3.19838334e+000	2.52771796e+003	0.00000000e+000	9.2083e+014	1.0000e-010	0.0000e+000
2.080000e+003	2.01869432e-001	-3.19813057e+000	2.51034908e+003	0.00000000e+000	9.1187e+014	1.0000e-010	0.0000e+000
2.090000e+003	2.02120467e-001	-3.19787953e+000	2.49314805e+003	0.00000000e+000	9.0306e+014	1.0000e-010	0.0000e+000
2.100000e+003	2.02369781e-001	-3.19763022e+000	2.47611210e+003	0.00000000e+000	8.9439e+014	1.0000e-010	0.0000e+000
2.110000e+003	2.02617393e-001	-3.19738261e+000	2.45923854e+003	0.00000000e+000	8.8586e+014	1.0000e-010	0.0000e+000
2.120000e+003	2.02863316e-001	-3.19713668e+000	2.44252474e+003	0.00000000e+000	8.7748e+014	1.0000e-010	0.0000e+000
2.130000e+003	2.03107569e-001	-3.19689243e+000	2.42596811e+003	0.00000000e+000	8.6923e+014	1.0000e-010	0.0000e+000
2.140000e+003	2.03350166e-001	-3.19664983e+000	2.40956612e+003	0.00000000e+000	8.6111e+014	1.0000e-010	0.0000e+000
2.150000e+003	2.03591122e-001	-3.19640888e+000	2.39331629e+003	0.00000000e+000	8.5312e+014	1.0000e-010	0.0000e+000
2.160000e+003	2.03830454e-001	-3.19616955e+000	2.37721621e+003	0.00000000e+000	8.4526e+014	1.0000e-010	0.0000e+000
2.170000e+003	2.04068176e-001	-3.19593182e+000	2.36126350e+003	0.00000000e+000	8.3752e+014	1.0000e-010	0.0000e+000
2.180000e+003	2.04304302e-001	-3.19569570e+000	2.34545583e+003	0.00000000e+000	8.2991e+014	1.0000e-010	0.0000e+000
2.190000e+003	2.04538848e-001	-3.19546115e+000	2.32979093e+003	0.00000000e+000	8.2241e+014	1.0000e-010	0.0000e+000
2.200000e+003	2.04771827e-001	-3.19522817e+000	2.31426657e+003	0.00000000e+000	8.1503e+014	1.0000e-010	0.0000e+000
2.210000e+003	2.05003253e-001	-3.19499675e+000	2.29888057e+003	0.00000000e+000	8.0777e+014	1.0000e-010	0.0000e+000
2.220000e+003	2.05233141e-001	-3.19476686e+000	2.28363077e+003	0.00000000e+000	8.0062e+014	1.0000e-010	0.0000e+000
2.230000e+003	2.05461504e-001	-3.19453850e+000	2.26851509e+003	0.00000000e+000	7.9358e+014	1.0000e-010	0.0000e+000
2.240000e+003	2.05688356e-001	-3.19431164e+000	2.25353148e+003	0.00000000e+000	7.8664e+014	1.0000e-010	0.0000e+000
2.250000e+003	2.05913709e-001	-3.19408629e+000	2.23867790e+003	0.00000000e+000	7.7981e+014	1.0000e-010	0.0000e+000
2.260000e+003	2.06137577e-001	-3.19386242e+000	2.22395240e+003	0.00000000e+000	7.7309e+014	1.0000e-010	0.0000e+000
2.270000e+003	2.06359972e-001	-3.19364003e+000	2.20935303e+003	0.00000000e+000	7.6647e+014	1.0000e-010	0.0000e+000
2.280000e+003	2.06580907e-001	-3.19341909e+000	2.19487790e+003	0.00000000e+000	7.5995e+014	1.0000e-010	0.0000e+000
2.290000e+003	2.06800395e-001	-3.19319960e+000	2.18052515e+003	0.00000000e+000	7.5352e+014	1.0000e-010	0.0000e+000
2.300000e+003	2.07018448e-001	-3.19298155e+000	2.16629295e+003	0.00000000e+000	7.4719e+014	1.0000e-010	0.0000e+000
2.310000e+003	2.07235077e-001	-3.19276492e+000	2.15217951e+003	0.00000000e+000	7.4096e+014	1.0000e-010	0.0000e+000
2.320000e+003	2.07450295e-001	-3.19254971e+000	2.13818307e+003	0.00000000e+000	7.3482e+014	1.0000e-010	0.0000e+000
2.330000e+003	2.07664113e-001	-3.19233589e+000	2.12430192e+003	0.00000000e+000	7.2876e+014	1.0000e-010	0.0000e+000
2.340000e+003	2.07876543e-001	-3.19212346e+000	2.11053437e+003	0.00000000e+000	7.2280e+014	1.0000e-010	0.0000e+000
2.350000e+003	2.08087597e-001	-3.19191240e+000	2.09687876e+003	0.00000000e+000	7.1692e+014	1.0000e-010	0.0000e+000
2.360000e+003	2.08297285e-001	-3.19170272e+000	2.08333346e+003	0.00000000e+000	7.1113e+014	1.0000e-010	0.0000e+000
2.370000e+003	2.08505618e-001	-3.19149438e+000	2.06989688e+003	0.00000000e+000	7.0542e+014	1.0000e-010	0.0000e+000
2.380000e+003	2.08712608e-001	-3.19128739e+000	2.05656745e+003	0.00000000e+000	6.9980e+014	1.0000e-010	0.0000e+000
2.390000e+003	2.08918265e-001	-3.19108174e+000	2.04334364e+003	0.00000000e+000	6.9425e+014	1.0000e-010	0.0000e+000
2.400000e+003	2.09122599e-001	-3.19087740e+000	2.03022394e+003	0.00000000e+000	6.8879e+014	1.0000e-010	0.0000e+000
2.410000e+003	2.09325621e-001	-3.19067438e+000	2.01720687e+003	0.00000000e+000	6.8340e+014	1.0000e-010	0.0000e+000
2.420000e+003	2.09527342e-001	-3.19047266e+000	2.00429097e+003	0.00000000e+000	6.7809e+014	1.0000e-010	0.0000e+000
2.430000e+003	2.09727771e-001	-3.19027223e+000	1.99147483e+003	0.00000000e+000	6.7285e+014	1.0000e-010	0.0000e+000
2.440000e+003	2.09926919e-001	-3.19007308e+000	1.97875703e+003	0.00000000e+000	6.6769e+014	1.0000e-010	0.0000e+000
2.450000e+003	2.10124794e-001	-3.18987521e+000	1.96613620e+003	0.00000000e+000	6.6260e+014	1.0000e-010	0.0000e+000
2.460000e+003	2.10321408e-001	-3.18967859e+000	1.95361100e+003	0.00000000e+000	6.5758e+014	1.0000e-010	0.0000e+000
2.470000e+003	2.10516769e-001	-3.18948323e+000	1.94118009e+003	0.00000000e+000	6.5262e+014	1.0000e-010	0.0000e+000
2.480000e+003	2.10710887e-001	-3.18928911e+000	1.92884217e+003	0.00000000e+000	6.4774e+014	1.0000e-010	0.0000e+000
2.490000e+003	2.10903771e-001	-3.18909623e+000	1.91659597e+003	0.00000000e+000	6.4293e+014	1.0000e-010	0.0000e+000
2.500000e+003	2.11095431e-001	-3.18890457e+000	1.90444022e+003	0.00000000e+000	6.3818e+014	1.0000e-010	0.0000e+000
2.510000e+003	2.11285875e-001	-3.18871413e+000	1.89237369e+003	0.00000000e+000	6.3349e+014	1.0000e-010	0.0000e+000
2.520000e+003	2.11475112e-001	-3.18852489e+000	1.88039516e+003	0.00000000e+000	6.2887e+014	1.0000e-010	0.0000e+000
2.530000e+003	2.11663152e-001	-3.18833685e+000	1.86850344e+003	0.00000000e+000	6.2432e+014	1.0000e-010	0.0000e+000
2.540000e+003	2.11850002e-001	-3.18815000e+000	1.85669737e+003	0.00000000e+000	6.1982e+014	1.0000e-010	0.0000e+000
2.550000e+003	2.12035672e-001	-3.18796433e+000	1.84497578e+003	0.00000000e+000	6.1539e+014	1.0000e-010	0.0000e+000
2.560000e+003	2.12220169e-001	-3.18777983e+000	1.83333755e+003	0.00000000e+000	6.1101e+014	1.0000e-010	0.0000e+000
2.570000e+003	2.12403503e-001	-3.18759650e+000	1.82178156e+003	0.00000000e+000	6.0669e+014	1.0000e-010	0.0000e+000
2.580000e+003	2.12585681e-001	-3.18741432e+000	1.81030672e+003	0.00000000e+000	6.0243e+014	1.0000e-010	0.0000e+000
2.590000e+003	2.12766712e-001	-3.18723329e+000	1.79891195e+003	0.00000000e+000	5.9823e+014	1.0000e-010	0.0000e+000
2.600000e+003	2.12946603e-001	-3.18705340e+000	1.78759620e+003	0.00000000e+000	5.9408e+014	1.0000e-010	0.0000e+000
2.610000e+003	2.13125363e-001	-3.18687464e+000	1.77635842e+003	0.00000000e+000	5.8999e+014	1.0000e-010	0.0000e+000
2.620000e+003	2.13302999e-001	-3.18669700e+000	1.76519759e+003	0.00000000e+000	5.8595e+014	1.0000e-010	0.0000e+000
2.630000e+003	2.13479518e-001	-3.18652048e+000	1.75411272e+003	0.00000000e+000	5.8196e+014	1.0000e-010	0.0000e+000
2.640000e+003	2.13654930e-001	-3.18634507e+000	1.74310280e+003	0.00000000e+000	5.7802e+014	1.0000e-010	0.0000e+000
2.650000e+003	2.13829240e-001	-3.18617076e+000	1.73216687e+003	0.00000000e+000	5.7414e+014	1.0000e-010	0.0000e+000
2.660000e+003	2.14002457e-001	-3.18599754e+000	1.72130397e+003	0.00000000e+000	5.7030e+014	1.0000e-010	0.0000e+000
2.670000e+003	2.14174587e-001	-3.18582541e+000	1.71051315e+003	0.00000000e+000	5.6652e+014	1.0000e-010	0.0000e+000
2.680000e+003	2.14345638e-001	-3.18565436e+000	1.69979350e+003	0.00000000e+000	5.6278e+014	1.0000e-010	0.0000e+000
2.690000e+003	2.14515618e-001	-3.18548438e+000	1.68914410e+003	0.00000000e+000	5.5910e+014	1.0000e-010	0.0000e+000
2.700000e+003	2.14684532e-001	-3.18531547e+000	1.67856405e+003	0.00000000e+000	5.5545e+014	1.0000e-010	0.0000e+000
2.710000e+003	2.14852389e-001	-3.18514761e+000	1.66805248e+003	0.00000000e+000	5.5186e+014	1.0000e-010	0.0000e+000
2.720000e+003	2.15019194e-001	-3.18498081e+000	1.65760852e+003	0.00000000e+000	5.4831e+014	1.0000e-010	0.0000e+000
2.730000e+003	2.15184955e-001	-3.18481505e+000	1.64723130e+003	0.00000000e+000	5.4481e+014	1.0000e-010	0.0000e+000
2.740000e+003	2.15349678e-001	-3.18465032e+000	1.63692000e+003	0.00000000e+000	5.4135e+014	1.0000e-010	0.0000e+000
2.750000e+003	2.15513370e-001	-3.18448663e+000	1.62667378e+003	0.00000000e+000	5.3793e+014	1.0000e-010	0.0000e+000
2.760000e+003	2.15676037e-001	-3.18432396e+000	1.61649183e+003	0.00000000e+000	5.3455e+014	1.0000e-010	0.0000e+000
2.770000e+003	2.15837686e-001	-3.18416231e+000	1.60637335e+003	0.00000000e+000	5.3122e+014	1.0000e-010	0.0000e+000
2.780000e+003	2.15998324e-001	-3.18400168e+000	1.59631754e+003	0.00000000e+000	5.2793e+014	1.0000e-010	0.0000e+000
2.790000e+003	2.16157955e-001	-3.18384204e+000	1.58632364e+003	0.00000000e+000	5.2468e+014	1.0000e-010	0.0000e+000
2.800000e+003	2.16316588e-001	-3.18368341e+000	1.57639087e+003	0.00000000e+000	5.2147e+014	1.0000e-010	0.0000e+000
2.810000e+003	2.16474227e-001	-3.18352577e+000	1.56651849e+003	0.00000000e+000	5.1830e+014	1.0000e-010	0.0000e+000
2.820000e+003	2.16630879e-001	-3.18336912e+000	1.55670575e+003	0.00000000e+000	5.1517e+014	1.0000e-010	0.0000e+000
2.830000e+003	2.16786549e-001	-3.18321345e+000	1.54695192e+003	0.00000000e+000	5.1208e+014	1.0000e-010	0.0000e+000
2.840000e+003	2.16941244e-001	-3.18305876e+000	1.53725628e+003	0.00000000e+000	5.0902e+014	1.0000e-010	0.0000e+000
2.850000e+003	2.17094970e-001	-3.18290503e+000	1.52761813e+003	0.00000000e+000	5.0600e+014	1.0000e-010	0.0000e+000
2.860000e+003	2.17247732e-001	-3.18275227e+000	1.51803676e+003	0.00000000e+000	5.0302e+014	1.0000e-010	0.0000e+000
2.870000e+003	2.17399536e-001	-3.18260046e+000	1.50851148e+003	0.00000000e+000	5.0008e+014	1.0000e-010	0.0000e+000
2.880000e+003	2.17550387e-001	-3.18244961e+000	1.49904163e+003	0.00000000e+000	4.9717e+014	1.0000e-010	0.0000e+000
2.890000e+003	2.17700291e-001	-3.18229971e+000	1.48962653e+003	0.00000000e+000	4.9429e+014	1.0000e-010	0.0000e+000
2.900000e+003	2.17849254e-001	-3.18215075e+000	1.48026552e+003	0.00000000e+000	4.9145e+014	1.0000e-010	0.0000e+000
2.910000e+003	2.17997280e-001	-3.18200272e+000	1.47095796e+003	0.00000000e+000	4.8865e+014	1.0000e-010	0.0000e+000
2.920000e+003	2.18144376e-001	-3.18185562e+000	1.46170321e+003	0.00000000e+000	4.8588e+014	1.0000e-010	0.0000e+000
2.930000e+003	2.18290546e-001	-3.18170945e+000	1.45250064e+003	0.00000000e+000	4.8314e+014	1.0000e-010	0.0000e+000
2.940000e+003	2.18435796e-001	-3.18156420e+000	1.44334963e+003	0.00000000e+000	4.8043e+014	1.0000e-010	0.0000e+000
2.950000e+003	2.18580131e-001	-3.18141987e+000	1.43424957e+003	0.00000000e+000	4.7775e+014	1.0000e-010	0.0000e+000
2.960000e+003	2.18723556e-001	-3.18127644e+000	1.42519986e+003	0.00000000e+000	4.7511e+014	1.0000e-010	0.0000e+000
2.970000e+003	2.18866076e-001	-3.18113392e+000	1.41619990e+003	0.00000000e+000	4.7250e+014	1.0000e-010	0.0000e+000
2.980000e+003	2.19007696e-001	-3.18099230e+000	1.40724910e+003	0.00000000e+000	4.6992e+014	1.0000e-010	0.0000e+000
2.990000e+003	2.19148421e-001	-3.18085158e+000	1.39834690e+003	0.00000000e+000	4.6737e+014	1.0000e-010	0.0000e+000
3.000000e+003	2.19288256e-001	-3.18071174e+000	1.38949272e+003	0.00000000e+000	4.6485e+014	1.0000e-010	0.0000e+000
3.010000e+003	2.19427205e-001	-3.18057279e+000	1.38068600e+003	0.00000000e+000	4.6235e+014	1.0000e-010	0.0000e+000
3.020000e+003	2.19565274e-001	-3.18043473e+000	1.37192619e+003	0.00000000e+000	4.5989e+014	1.0000e-010	0.0000e+000
3.030000e+003	2.19702466e-001	-3.18029753e+000	1.36321275e+003	0.00000000e+000	4.5746e+014	1.0000e-010	0.0000e+000
3.040000e+003	2.19838788e-001	-3.18016121e+000	1.35454513e+003	0.00000000e+000	4.5505e+014	1.0000e-010	0.0000e+000
3.050000e+003	2.19974242e-001	-3.18002576e+000	1.34592281e+003	0.00000000e+000	4.5267e+014	1.0000e-010	0.0000e+000
3.060000e+003	2.20108834e-001	-3.17989117e+000	1.33734526e+003	0.00000000e+000	4.5032e+014	1.0000e-010	0.0000e+000
3.070000e+003	2.20242569e-001	-3.17975743e+000	1.32881197e+003	0.00000000e+000	4.4800e+014	1.0000e-010	0.0000e+000
3.080000e+003	2.20375450e-001	-3.17962455e+000	1.32032242e+003	0.00000000e+000	4.4570e+014	1.0000e-010	0.0000e+000
3.090000e+003	2.20507482e-001	-3.17949252e+000	1.31187613e+003	0.00000000e+000	4.4343e+014	1.0000e-010	0.0000e+000
3.100000e+003	2.20638670e-001	-3.17936133e+000	1.30347259e+003	0.00000000e+000	4.4119e+014	1.0000e-010	0.0000e+000
3.110000e+003	2.20769017e-001	-3.17923098e+000	1.29511131e+003	0.00000000e+000	4.3897e+014	1.0000e-010	0.0000e+000
3.120000e+003	2.20898528e-001	-3.17910147e+000	1.28679182e+003	0.00000000e+000	4.3677e+014	1.0000e-010	0.0000e+000
3.130000e+003	2.21027207e-001	-3.17897279e+000	1.27851363e+003	0.00000000e+000	4.3461e+014	1.0000e-010	0.0000e+000
3.140000e+003	2.21155059e-001	-3.17884494e+000	1.27027628e+003	0.00000000e+000	4.3246e+014	1.0000e-010	0.0000e+000
3.150000e+003	2.21282086e-001	-3.17871791e+000	1.26207931e+003	0.00000000e+000	4.3034e+014	1.0000e-010	0.0000e+000
3.160000e+003	2.21408294e-001	-3.17859171e+000	1.25392226e+003	0.00000000e+000	4.2825e+014	1.0000e-010	0.0000e+000
3.170000e+003	2.21533687e-001	-3.17846631e+000	1.24580467e+003	0.00000000e+000	4.2617e+014	1.0000e-010	0.0000e+000
3.180000e+003	2.21658267e-001	-3.17834173e+000	1.23772611e+003	0.00000000e+000	4.2413e+014	1.0000e-010	0.0000e+000
3.190000e+003	2.21782040e-001	-3.17821796e+000	1.22968614e+003	0.00000000e+000	4.2210e+014	1.0000e-010	0.0000e+000
3.200000e+003	2.21905008e-001	-3.17809499e+000	1.22168432e+003	0.00000000e+000	4.2010e+014	1.0000e-010	0.0000e+000
3.210000e+003	2.22027177e-001	-3.17797282e+000	1.21372023e+003	0.00000000e+000	4.1812e+014	1.0000e-010	0.0000e+000
3.220000e+003	2.22148549e-001	-3.17785145e+000	1.20579343e+003	0.00000000e+000	4.1616e+014	1.0000e-010	0.0000e+000
3.230000e+003	2.22269128e-001	-3.17773087e+000	1.19790353e+003	0.00000000e+000	4.1422e+014	1.0000e-010	0.0000e+000
3.240000e+003	2.22388918e-001	-3.17761108e+000	1.19005009e+003	0.00000000e+000	4.1231e+014	1.0000e-010	0.0000e+000
3.250000e+003	2.22507923e-001	-3.17749208e+000	1.18223273e+003	0.00000000e+000	4.1041e+014	1.0000e-010	0.0000e+000
3.260000e+003	2.22626147e-001	-3.17737385e+000	1.17445104e+003	0.00000000e+000	4.0854e+014	1.0000e-010	0.0000e+000
3.270000e+003	2.22743592e-001	-3.17725641e+000	1.16670461e+003	0.00000000e+000	4.0669e+014	1.0000e-010	0.0000e+000
3.280000e+003	2.22860262e-001	-3.17713974e+000	1.15899307e+003	0.00000000e+000	4.0486e+014	1.0000e-010	0.0000e+000
3.290000e+003	2.22976162e-001	-3.17702384e+000	1.15131602e+003	0.00000000e+000	4.0305e+014	1.0000e-010	0.0000e+000
3.300000e+003	2.23091293e-001	-3.17690871e+000	1.14367309e+003	0.00000000e+000	4.0126e+014	1.0000e-010	0.0000e+000
3.310000e+003	2.23205661e-001	-3.17679434e+000	1.13606389e+003	0.00000000e+000	3.9948e+014	1.0000e-010	0.0000e+000
3.320000e+003	2.23319267e-001	-3.17668073e+000	1.12848806e+003	0.00000000e+000	3.9773e+014	1.0000e-010	0.0000e+000
3.330000e+003	2.23432116e-001	-3.17656788e+000	1.12094523e+003	0.00000000e+000	3.9600e+014	1.0000e-010	0.0000e+000
3.340000e+003	2.23544210e-001	-3.17645579e+000	1.11343503e+003	0.00000000e+000	3.9429e+014	1.0000e-010	0.0000e+000
3.350000e+003	2.23655554e-001	-3.17634445e+000	1.10595711e+003	0.00000000e+000	3.9259e+014	1.0000e-010	0.0000e+000
3.360000e+003	2.23766149e-001	-3.17623385e+000	1.09851111e+003	0.00000000e+000	3.9092e+014	1.0000e-010	0.0000e+000
3.370000e+003	2.23876001e-001	-3.17612400e+000	1.09109668e+003	0.00000000e+000	3.8926e+014	1.0000e-010	0.0000e+000
3.380000e+003	2.23985110e-001	-3.17601489e+000	1.08371348e+003	0.00000000e+000	3.8762e+014	1.0000e-010	0.0000e+000
3.390000e+003	2.24093482e-001	-3.17590652e+000	1.07636117e+003	0.00000000e+000	3.8600e+014	1.0000e-010	0.0000e+000
3.400000e+003	2.24201118e-001	-3.17579888e+000	1.06903940e+003	0.00000000e+000	3.8439e+014	1.0000e-010	0.0000e+000
3.410000e+003	2.24308022e-001	-3.17569198e+000	1.06174785e+003	0.00000000e+000	3.8281e+014	1.0000e-010	0.0000e+000
3.420000e+003	2.24414196e-001	-3.17558580e+000	1.05448618e+003	0.00000000e+000	3.8124e+014	1.0000e-010	0.0000e+000
3.430000e+003	2.24519645e-001	-3.17548035e+000	1.04725407e+003	0.00000000e+000	3.7969e+014	1.0000e-010	0.0000e+000
3.440000e+003	2.24624370e-001	-3.17537563e+000	1.04005121e+003	0.00000000e+000	3.7815e+014	1.0000e-010	0.0000e+000
3.450000e+003	2.24728376e-001	-3.17527162e+000	1.03287726e+003	0.00000000e+000	3.7663e+014	1.0000e-010	0.0000e+000
3.460000e+003	2.24831663e-001	-3.17516834e+000	1.02573191e+003	0.00000000e+000	3.7513e+014	1.0000e-010	0.0000e+000
3.470000e+003	2.24934237e-001	-3.17506576e+000	1.01861486e+003	0.00000000e+000	3.7365e+014	1.0000e-010	0.0000e+000
3.480000e+003	2.25036098e-001	-3.17496390e+000	1.01152580e+003	0.00000000e+000	3.7218e+014	1.0000e-010	0.0000e+000
3.490000e+003	2.25137251e-001	-3.17486275e+000	1.00446442e+003	0.00000000e+000	3.7072e+014	1.0000e-010	0.0000e+000
3.500000e+003	2.25237697e-001	-3.17476230e+000	9.97430425e+002	0.00000000e+000	3.6929e+014	1.0000e-010	0.0000e+000
3.510000e+003	2.25337440e-001	-3.17466256e+000	9.90423516e+002	0.00000000e+000	3.6786e+014	1.0000e-010	0.0000e+000
3.520000e+003	2.25436482e-001	-3.17456352e+000	9.83443400e+002	0.00000000e+000	3.6646e+014	1.0000e-010	0.0000e+000
3.530000e+003	2.25534827e-001	-3.17446517e+000	9.76489787e+002	0.00000000e+000	3.6507e+014	1.0000e-010	0.0000e+000
3.540000e+003	2.25632476e-001	-3.17436752e+000	9.69562389e+002	0.00000000e+000	3.6369e+014	1.0000e-010	0.0000e+000
3.550000e+003	2.25729432e-001	-3.17427057e+000	9.62660924e+002	0.00000000e+000	3.6233e+014	1.0000e-010	0.0000e+000
3.560000e+003	2.25825698e-001	-3.17417430e+000	9.55785110e+002	0.00000000e+000	3.6098e+014	1.0000e-010	0.0000e+000
3.570000e+003	2.25921277e-001	-3.17407872e+000	9.48934671e+002	0.00000000e+000	3.5965e+014	1.0000e-010	0.0000e+000
3.580000e+003	2.26016170e-001	-3.17398383e+000	9.42109330e+002	0.00000000e+000	3.5833e+014	1.0000e-010	0.0000e+000
3.590000e+003	2.26110381e-001	-3.17388962e+000	9.35308818e+002	0.00000000e+000	3.5703e+014	1.0000e-010	0.0000e+000
3.600000e+003	2.26203912e-001	-3.17379609e+000	9.28532865e+002	0.00000000e+000	3.5574e+014	1.0000e-010	0.0000e+000
3.610000e+003	2.26296765e-001	-3.17370323e+000	9.21781206e+002	0.00000000e+000	3.5446e+014	1.0000e-010	0.0000e+000
3.620000e+003	2.26388943e-001	-3.17361106e+000	9.15053577e+002	0.00000000e+000	3.5320e+014	1.0000e-010	0.0000e+000
3.630000e+003	2.26480449e-001	-3.17351955e+000	9.08349720e+002	0.00000000e+000	3.5195e+014	1.0000e-010	0.0000e+000
3.640000e+003	2.26571284e-001	-3.17342872e+000	9.01669376e+002	0.00000000e+000	3.5072e+014	1.0000e-010	0.0000e+000
3.650000e+003	2.26661451e-001	-3.17333855e+000	8.95012292e+002	0.00000000e+000	3.4950e+014	1.0000e-010	0.0000e+000
3.660000e+003	2.26750952e-001	-3.17324905e+000	8.88378214e+002	0.00000000e+000	3.4829e+014	1.0000e-010	0.0000e+000
3.670000e+003	2.26839790e-001	-3.17316021e+000	8.81766895e+002	0.00000000e+000	3.4710e+014	1.0000e-010	0.0000e+000
3.680000e+003	2.26927966e-001	-3.17307203e+000	8.75178088e+002	0.00000000e+000	3.4591e+014	1.0000e-010	0.0000e+000
3.690000e+003	2.27015484e-001	-3.17298452e+000	8.68611549e+002	0.00000000e+000	3.4474e+014	1.0000e-010	0.0000e+000
3.700000e+003	2.27102345e-001	-3.17289765e+000	8.62067035e+002	0.00000000e+000	3.4359e+014	1.0000e-010	0.0000e+000
3.710000e+003	2.27188552e-001	-3.17281145e+000	8.55544309e+002	0.00000000e+000	3.4244e+014	1.0000e-010	0.0000e+000
3.720000e+003	2.27274106e-001	-3.17272589e+000	8.49043133e+002	0.00000000e+000	3.4131e+014	1.0000e-010	0.0000e+000
3.730000e+003	2.27359011e-001	-3.17264099e+000	8.42563274e+002	0.00000000e+000	3.4019e+014	1.0000e-010	0.0000e+000
3.740000e+003	2.27443267e-001	-3.17255673e+000	8.36104499e+002	0.00000000e+000	3.3909e+014	1.0000e-010	0.0000e+000
3.750000e+003	2.27526877e-001	-3.17247312e+000	8.29666580e+002	0.00000000e+000	3.3799e+014	1.0000e-010	0.0000e+000
3.760000e+003	2.27609844e-001	-3.17239016e+000	8.23249289e+002	0.00000000e+000	3.3691e+014	1.0000e-010	0.0000e+000
3.770000e+003	2.27692169e-001	-3.17230783e+000	8.16852400e+002	0.00000000e+000	3.3584e+014	1.0000e-010	0.0000e+000
3.780000e+003	2.27773854e-001	-3.17222615e+000	8.10475693e+002	0.00000000e+000	3.3478e+014	1.0000e-010	0.0000e+000
3.790000e+003	2.27854902e-001	-3.17214510e+000	8.04118945e+002	0.00000000e+000	3.3373e+014	1.0000e-010	0.0000e+000
3.800000e+003	2.27935314e-001	-3.17206469e+000	7.97781939e+002	0.00000000e+000	3.3269e+014	1.0000e-010	0.0000e+000
3.810000e+003	2.28015092e-001	-3.17198491e+000	7.91464459e+002	0.00000000e+000	3.3167e+014	1.0000e-010	0.0000e+000
3.820000e+003	2.28094238e-001	-3.17190576e+000	7.85166291e+002	0.00000000e+000	3.3065e+014	1.0000e-010	0.0000e+000
3.830000e+003	2.28172755e-001	-3.17182724e+000	7.78887221e+002	0.00000000e+000	3.2965e+014	1.0000e-010	0.0000e+000
3.840000e+003	2.28250644e-001	-3.17174936e+000	7.72627042e+002	0.00000000e+000	3.2866e+014	1.0000e-010	0.0000e+000
3.850000e+003	2.28327906e-001	-3.17167209e+000	7.66385544e+002	0.00000000e+000	3.2768e+014	1.0000e-010	0.0000e+000
3.860000e+003	2.28404545e-001	-3.17159546e+000	7.60162522e+002	0.00000000e+000	3.2671e+014	1.0000e-010	0.0000e+000
3.870000e+003	2.28480561e-001	-3.17151944e+000	7.53957771e+002	0.00000000e+000	3.2575e+014	1.0000e-010	0.0000e+000
3.880000e+003	2.28555957e-001	-3.17144404e+000	7.47771089e+002	0.00000000e+000	3.2480e+014	1.0000e-010	0.0000e+000
3.890000e+003	2.28630734e-001	-3.17136927e+000	7.41602277e+002	0.00000000e+000	3.2386e+014	1.0000e-010	0.0000e+000
3.900000e+003	2.28704894e-001	-3.17129511e+000	7.35451136e+002	0.00000000e+000	3.2294e+014	1.0000e-010	0.0000e+000
3.910000e+003	2.28778439e-001	-3.17122156e+000	7.29317468e+002	0.00000000e+000	3.2202e+014	1.0000e-010	0.0000e+000
3.920000e+003	2.28851371e-001	-3.17114863e+000	7.23201081e+002	0.00000000e+000	3.2111e+014	1.0000e-010	0.0000e+000
3.930000e+003	2.28923691e-001	-3.17107631e+000	7.17101779e+002	0.00000000e+000	3.2021e+014	1.0000e-010	0.0000e+000
3.940000e+003	2.28995402e-001	-3.17100460e+000	7.11019373e+002	0.00000000e+000	3.1933e+014	1.0000e-010	0.0000e+000
3.950000e+003	2.29066503e-001	-3.17093350e+000	7.04953673e+002	0.00000000e+000	3.1845e+014	1.0000e-010	0.0000e+000
3.960000e+003	2.29136999e-001	-3.17086300e+000	6.98904491e+002	0.00000000e+000	3.1758e+014	1.0000e-010	0.0000e+000
3.970000e+003	2.29206889e-001	-3.17079311e+000	6.92871640e+002	0.00000000e+000	3.1673e+014	1.0000e-010	0.0000e+000
3.980000e+003	2.29276176e-001	-3.17072382e+000	6.86854937e+002	0.00000000e+000	3.1588e+014	1.0000e-010	0.0000e+000
3.990000e+003	2.29344862e-001	-3.17065514e+000	6.80854198e+002	0.00000000e+000	3.1504e+014	1.0000e-010	0.0000e+000
4.000000e+003	2.29412947e-001	-3.17058705e+000	6.74869242e+002	0.00000000e+000	3.1421e+014	1.0000e-010	0.0000e+000
4.010000e+003	2.29480434e-001	-3.17051957e+000	6.68899890e+002	0.00000000e+000	3.1339e+014	1.0000e-010	0.0000e+000
4.020000e+003	2.29547324e-001	-3.17045268e+000	6.62945963e+002	0.00000000e+000	3.1258e+014	1.0000e-010	0.0000e+000
4.030000e+003	2.29613619e-001	-3.17038638e+000	6.57007285e+002	0.00000000e+000	3.1178e+014	1.0000e-010	0.0000e+000
4.040000e+003	2.29679320e-001	-3.17032068e+000	6.51083680e+002	0.00000000e+000	3.1099e+014	1.0000e-010	0.0000e+000
4.050000e+003	2.29744428e-001	-3.17025557e+000	6.45174975e+002	0.00000000e+000	3.1021e+014	1.0000e-010	0.0000e+000
4.060000e+003	2.29808945e-001	-3.17019105e+000	6.39280997e+002	0.00000000e+000	3.0943e+014	1.0000e-010	0.0000e+000
4.070000e+003	2.29872874e-001	-3.17012713e+000	6.33401577e+002	0.00000000e+000	3.0867e+014	1.0000e-010	0.0000e+000
4.080000e+003	2.29936214e-001	-3.17006379e+000	6.27536544e+002	0.00000000e+000	3.0792e+014	1.0000e-010	0.0000e+000
4.090000e+003	2.29998967e-001	-3.17000103e+000	6.21685731e+002	0.00000000e+000	3.0717e+014	1.0000e-010	0.0000e+000
4.100000e+003	2.30061136e-001	-3.16993886e+000	6.15848970e+002	0.00000000e+000	3.0643e+014	1.0000e-010	0.0000e+000
4.110000e+003	2.30122721e-001	-3.16987728e+000	6.10026098e+002	0.00000000e+000	3.0570e+014	1.0000e-010	0.0000e+000
4.120000e+003	2.30183723e-001	-3.16981628e+000	6.04216950e+002	0.00000000e+000	3.0498e+014	1.0000e-010	0.0000e+000
4.130000e+003	2.30244145e-001	-3.16975585e+000	5.98421363e+002	0.00000000e+000	3.0427e+014	1.0000e-010	0.0000e+000
4.140000e+003	2.30303987e-001	-3.16969601e+000	5.92639176e+002	0.00000000e+000	3.0357e+014	1.0000e-010	0.0000e+000
4.150000e+003	2.30363251e-001	-3.16963675e+000	5.86870229e+002	0.00000000e+000	3.0287e+014	1.0000e-010	0.0000e+000
4.160000e+003	2.30421938e-001	-3.16957806e+000	5.81114364e+002	0.00000000e+000	3.0218e+014	1.0000e-010	0.0000e+000
4.170000e+003	2.30480050e-001	-3.16951995e+000	5.75371422e+002	0.00000000e+000	3.0151e+014	1.0000e-010	0.0000e+000
4.180000e+003	2.30537587e-001	-3.16946241e+000	5.69641248e+002	0.00000000e+000	3.0084e+014	1.0000e-010	0.0000e+000
4.190000e+003	2.30594551e-001	-3.16940545e+000	5.63923686e+002	0.00000000e+000	3.0017e+014	1.0000e-010	0.0000e+000
4.200000e+003	2.30650943e-001	-3.16934906e+000	5.58218582e+002	0.00000000e+000	2.9952e+014	1.0000e-010	0.0000e+000
4.210000e+003	2.30706765e-001	-3.16929323e+000	5.52525785e+002	0.00000000e+000	2.9887e+014	1.0000e-010	0.0000e+000
4.220000e+003	2.30762018e-001	-3.16923798e+000	5.46845141e+002	0.00000000e+000	2.9823e+014	1.0000e-010	0.0000e+000
4.230000e+003	2.30816702e-001	-3.16918330e+000	5.41176501e+002	0.00000000e+000	2.9760e+014	1.0000e-010	0.0000e+000
4.240000e+003	2.30870820e-001	-3.16912918e+000	5.35519715e+002	0.00000000e+000	2.9698e+014	1.0000e-010	0.0000e+000
4.250000e+003	2.30924372e-001	-3.16907563e+000	5.29874635e+002	0.00000000e+000	2.9637e+014	1.0000e-010	0.0000e+000
4.260000e+003	2.30977359e-001	-3.16902264e+000	5.24241113e+002	0.00000000e+000	2.9576e+014	1.0000e-010	0.0000e+000
4.270000e+003	2.31029783e-001	-3.16897022e+000	5.18619004e+002	0.00000000e+000	2.9516e+014	1.0000e-010	0.0000e+000
4.280000e+003	2.31081645e-001	-3.16891835e+000	5.13008162e+002	0.00000000e+000	2.9457e+014	1.0000e-010	0.0000e+000
4.290000e+003	2.31132946e-001	-3.16886705e+000	5.07408443e+002	0.00000000e+000	2.9399e+014	1.0000e-010	0.0000e+000
4.300000e+003	2.31183687e-001	-3.16881631e+000	5.01819704e+002	0.00000000e+000	2.9341e+014	1.0000e-010	0.0000e+000
4.310000e+003	2.31233869e-001	-3.16876613e+000	4.96241803e+002	0.00000000e+000	2.9284e+014	1.0000e-010	0.0000e+000
4.320000e+003	2.31283493e-001	-3.16871651e+000	4.90674599e+002	0.00000000e+000	2.9228e+014	1.0000e-010	0.0000e+000
4.330000e+003	2.31332561e-001	-3.16866744e+000	4.85117952e+002	0.00000000e+000	2.9172e+014	1.0000e-010	0.0000e+000
4.340000e+003	2.31381072e-001	-3.16861893e+000	4.79571721e+002	0.00000000e+000	2.9118e+014	1.0000e-010	0.0000e+000
4.350000e+003	2.31429030e-001	-3.16857097e+000	4.74035770e+002	0.00000000e+000	2.9064e+014	1.0000e-010	0.0000e+000
4.360000e+003	2.31476433e-001	-3.16852357e+000	4.68509961e+002	0.00000000e+000	2.9011e+014	1.0000e-010	0.0000e+000
4.370000e+003	2.31523284e-001	-3.16847672e+000	4.62994157e+002	0.00000000e+000	2.8958e+014	1.0000e-010	0.0000e+000
4.380000e+003	2.31569584e-001	-3.16843042e+000	4.57488223e+002	0.00000000e+000	2.8906e+014	1.0000e-010	0.0000e+000
4.390000e+003	2.31615332e-001	-3.16838467e+000	4.51992023e+002	0.00000000e+000	2.8855e+014	1.0000e-010	0.0000e+000
4.400000e+003	2.31660532e-001	-3.16833947e+000	4.46505425e+002	0.00000000e+000	2.8805e+014	1.0000e-010	0.0000e+000
4.410000e+003	2.31705182e-001	-3.16829482e+000	4.41028294e+002	0.00000000e+000	2.8755e+014	1.0000e-010	0.0000e+000
4.420000e+003	2.31749285e-001	-3.16825072e+000	4.35560500e+002	0.00000000e+000	2.8706e+014	1.0000e-010	0.0000e+000
4.430000e+003	2.31792841e-001	-3.16820716e+000	4.30101910e+002	0.00000000e+000	2.8658e+014	1.0000e-010	0.0000e+000
4.440000e+003	2.31835851e-001	-3.16816415e+000	4.24652394e+002	0.00000000e+000	2.8610e+014	1.0000e-010	0.0000e+000
4.450000e+003	2.31878316e-001	-3.16812168e+000	4.19211822e+002	0.00000000e+000	2.8563e+014	1.0000e-010	0.0000e+000
4.460000e+003	2.31920238e-001	-3.16807976e+000	4.13780065e+002	0.00000000e+000	2.8517e+014	1.0000e-010	0.0000e+000
4.470000e+003	2.31961616e-001	-3.16803838e+000	4.08356996e+002	0.00000000e+000	2.8471e+014	1.0000e-010	0.0000e+000
4.480000e+003	2.32002451e-001	-3.16799755e+000	4.02942485e+002	0.00000000e+000	2.8426e+014	1.0000e-010	0.0000e+000
4.490000e+003	2.32042746e-001	-3.16795725e+000	3.97536408e+002	0.00000000e+000	2.8382e+014	1.0000e-010	0.0000e+000
4.500000e+003	2.32082499e-001	-3.16791750e+000	3.92138637e+002	0.00000000e+000	2.8338e+014	1.0000e-010	0.0000e+000
4.510000e+003	2.32121713e-001	-3.16787829e+000	3.86749048e+002	0.00000000e+000	2.8295e+014	1.0000e-010	0.0000e+000
4.520000e+003	2.32160388e-001	-3.16783961e+000	3.81367516e+002	0.00000000e+000	2.8253e+014	1.0000e-010	0.0000e+000
4.530000e+003	2.32198525e-001	-3.16780148e+000	3.75993916e+002	0.00000000e+000	2.8211e+014	1.0000e-010	0.0000e+000
4.540000e+003	2.32236124e-001	-3.16776388e+000	3.70628127e+002	0.00000000e+000	2.8170e+014	1.0000e-010	0.0000e+000
4.550000e+003	2.32273187e-001	-3.16772681e+000	3.65270024e+002	0.00000000e+000	2.8130e+014	1.0000e-010	0.0000e+000
4.560000e+003	2.32309714e-001	-3.16769029e+000	3.59919487e+002	0.00000000e+000	2.8090e+014	1.0000e-010	0.0000e+000
4.570000e+003	2.32345706e-001	-3.16765429e+000	3.54576394e+002	0.00000000e+000	2.8051e+014	1.0000e-010	0.0000e+000
4.580000e+003	2.32381164e-001	-3.16761884e+000	3.49240624e+002	0.00000000e+000	2.8013e+014	1.0000e-010	0.0000e+000
4.590000e+003	2.32416088e-001	-3.16758391e+000	3.43912058e+002	0.00000000e+000	2.7975e+014	1.0000e-010	0.0000e+000
4.600000e+003	2.32450479e-001	-3.16754952e+000	3.38590575e+002	0.00000000e+000	2.7938e+014	1.0000e-010	0.0000e+000
4.610000e+003	2.32484338e-001	-3.16751566e+000	3.33276058e+002	0.00000000e+000	2.7901e+014	1.0000e-010	0.0000e+000
4.620000e+003	2.32517665e-001	-3.16748233e+000	3.27968387e+002	0.00000000e+000	2.7865e+014	1.0000e-010	0.0000e+000
4.630000e+003	2.32550462e-001	-3.16744954e+000	3.22667446e+002	0.00000000e+000	2.7830e+014	1.0000e-010	0.0000e+000
4.640000e+003	2.32582729e-001	-3.16741727e+000	3.17373117e+002	0.00000000e+000	2.7795e+014	1.0000e-010	0.0000e+000
4.650000e+003	2.32614466e-001	-3.16738553e+000	3.12085283e+002	0.00000000e+000	2.7761e+014	1.0000e-010	0.0000e+000
4.660000e+003	2.32645675e-001	-3.16735433e+000	3.06803830e+002	0.00000000e+000	2.7728e+014	1.0000e-010	0.0000e+000
4.670000e+003	2.32676355e-001	-3.16732364e+000	3.01528640e+002	0.00000000e+000	2.7695e+014	1.0000e-010	0.0000e+000
4.680000e+003	2.32706508e-001	-3.16729349e+000	2.96259599e+002	0.00000000e+000	2.7663e+014	1.0000e-010	0.0000e+000
4.690000e+003	2.32736134e-001	-3.16726387e+000	2.90996594e+002	0.00000000e+000	2.7631e+014	1.0000e-010	0.0000e+000
4.700000e+003	2.32765234e-001	-3.16723477e+000	2.85739509e+002	0.00000000e+000	2.7600e+014	1.0000e-010	0.0000e+000
4.710000e+003	2.32793808e-001	-3.16720619e+000	2.80488231e+002	0.00000000e+000	2.7569e+014	1.0000e-010	0.0000e+000
4.720000e+003	2.32821857e-001	-3.16717814e+000	2.75242648e+002	0.00000000e+000	2.7539e+014	1.0000e-010	0.0000e+000
4.730000e+003	2.32849381e-001	-3.16715062e+000	2.70002647e+002	0.00000000e+000	2.7510e+014	1.0000e-010	0.0000e+000
4.740000e+003	2.32876381e-001	-3.16712362e+000	2.64768116e+002	0.00000000e+000	2.7481e+014	1.0000e-010	0.0000e+000
4.750000e+003	2.32902858e-001	-3.16709714e+000	2.59538943e+002	0.00000000e+000	2.7453e+014	1.0000e-010	0.0000e+000
4.760000e+003	2.32928812e-001	-3.16707119e+000	2.54315017e+002	0.00000000e+000	2.7426e+014	1.0000e-010	0.0000e+000
4.770000e+003	2.32954243e-001	-3.16704576e+000	2.49096228e+002	0.00000000e+000	2.7399e+014	1.0000e-010	0.0000e+000
4.780000e+003	2.32979153e-001	-3.16702085e+000	2.43882465e+002	0.00000000e+000	2.7372e+014	1.0000e-010	0.0000e+000
4.790000e+003	2.33003541e-001	-3.16699646e+000	2.38673618e+002	0.00000000e+000	2.7347e+014	1.0000e-010	0.0000e+000
4.800000e+003	2.33027408e-001	-3.16697259e+000	2.33469577e+002	0.00000000e+000	2.7321e+014	1.0000e-010	0.0000e+000
4.810000e+003	2.33050755e-001	-3.16694924e+000	2.28270235e+002	0.00000000e+000	2.7297e+014	1.0000e-010	0.0000e+000
4.820000e+003	2.33073582e-001	-3.16692642e+000	2.23075481e+002	0.00000000e+000	2.7273e+014	1.0000e-010	0.0000e+000
4.830000e+003	2.33095890e-001	-3.16690411e+000	2.17885208e+002	0.00000000e+000	2.7249e+014	1.0000e-010	0.0000e+000
4.840000e+003	2.33117679e-001	-3.16688232e+000	2.12699308e+002	0.00000000e+000	2.7226e+014	1.0000e-010	0.0000e+000
4.850000e+003	2.33138948e-001	-3.16686105e+000	2.07517672e+002	0.00000000e+000	2.7204e+014	1.0000e-010	0.0000e+000
4.860000e+003	2.33159700e-001	-3.16684030e+000	2.02340195e+002	0.00000000e+000	2.7182e+014	1.0000e-010	0.0000e+000
4.870000e+003	2.33179934e-001	-3.16682007e+000	1.97166768e+002	0.00000000e+000	2.7161e+014	1.0000e-010	0.0000e+000
4.880000e+003	2.33199651e-001	-3.16680035e+000	1.91997285e+002	0.00000000e+000	2.7140e+014	1.0000e-010	0.0000e+000
4.890000e+003	2.33218851e-001	-3.16678115e+000	1.86831640e+002	0.00000000e+000	2.7120e+014	1.0000e-010	0.0000e+000
4.900000e+003	2.33237534e-001	-3.16676247e+000	1.81669727e+002	0.00000000e+000	2.7100e+014	1.0000e-010	0.0000e+000
4.910000e+003	2.33255701e-001	-3.16674430e+000	1.76511440e+002	0.00000000e+000	2.7081e+014	1.0000e-010	0.0000e+000
4.920000e+003	2.33273352e-001	-3.16672665e+000	1.71356673e+002	0.00000000e+000	2.7063e+014	1.0000e-010	0.0000e+000
4.930000e+003	2.33290488e-001	-3.16670951e+000	1.66205323e+002	0.00000000e+000	2.7045e+014	1.0000e-010	0.0000e+000
4.940000e+003	2.33307108e-001	-3.16669289e+000	1.61057283e+002	0.00000000e+000	2.7027e+014	1.0000e-010	0.0000e+000
4.950000e+003	2.33323214e-001	-3.16667679e+000	1.55912449e+002	0.00000000e+000	2.7010e+014	1.0000e-010	0.0000e+000
4.960000e+003	2.33338805e-001	-3.16666119e+000	1.50770718e+002	0.00000000e+000	2.6994e+014	1.0000e-010	0.0000e+000
4.970000e+003	2.33353882e-001	-3.16664612e+000	1.45631984e+002	0.00000000e+000	2.6978e+014	1.0000e-010	0.0000e+000
4.980000e+003	2.33368445e-001	-3.16663155e+000	1.40496144e+002	0.00000000e+000	2.6963e+014	1.0000e-010	0.0000e+000
4.990000e+003	2.33382495e-001	-3.16661751e+000	1.35363094e+002	0.00000000e+000	2.6949e+014	1.0000e-010	0.0000e+000
5.000000e+003	2.33396031e-001	-3.16660397e+000	1.30232732e+002	0.00000000e+000	2.6934e+014	1.0000e-010	0.0000e+000
5.010000e+003	2.33409055e-001	-3.16659095e+000	1.25104953e+002	0.00000000e+000	2.6921e+014	1.0000e-010	0.0000e+000
5.020000e+003	2.33421565e-001	-3.16657843e+000	1.19979655e+002	0.00000000e+000	2.6908e+014	1.0000e-010	0.0000e+000
5.030000e+003	2.33433563e-001	-3.16656644e+000	1.14856736e+002	0.00000000e+000	2.6895e+014	1.0000e-010	0.0000e+000
5.040000e+003	2.33445049e-001	-3.16655495e+000	1.09736092e+002	0.00000000e+000	2.6883e+014	1.0000e-010	0.0000e+000
5.050000e+003	2.33456022e-001	-3.16654398e+000	1.04617621e+002	0.00000000e+000	2.6872e+014	1.0000e-010	0.0000e+000
5.060000e+003	2.33466484e-001	-3.16653352e+000	9.95012206e+001	0.00000000e+000	2.6861e+014	1.0000e-010	0.0000e+000
5.070000e+003	2.33476434e-001	-3.16652357e+000	9.43867894e+001	0.00000000e+000	2.6851e+014	1.0000e-010	0.0000e+000
5.080000e+003	2.33485873e-001	-3.16651413e+000	8.92742251e+001	0.00000000e+000	2.6841e+014	1.0000e-010	0.0000e+000
5.090000e+003	2.33494800e-001	-3.16650520e+000	8.41634261e+001	0.00000000e+000	2.6832e+014	1.0000e-010	0.0000e+000
5.100000e+003	2.33503217e-001	-3.16649678e+000	7.90542906e+001	0.00000000e+000	2.6823e+014	1.0000e-010	0.0000e+000
5.110000e+003	2.33511122e-001	-3.16648888e+000	7.39467173e+001	0.00000000e+000	2.6815e+014	1.0000e-010	0.0000e+000
5.120000e+003	2.33518517e-001	-3.16648148e+000	6.88406047e+001	0.00000000e+000	2.6807e+014	1.0000e-010	0.0000e+000
5.130000e+003	2.33525401e-001	-3.16647460e+000	6.37358517e+001	0.00000000e+000	2.6800e+014	1.0000e-010	0.0000e+000
5.140000e+003	2.33531774e-001	-3.16646823e+000	5.86323570e+001	0.00000000e+000	2.6793e+014	1.0000e-010	0.0000e+000
5.150000e+003	2.33537638e-001	-3.16646236e+000	5.35300196e+001	0.00000000e+000	2.6787e+014	1.0000e-010	0.0000e+000
5.160000e+003	2.33542991e-001	-3.16645701e+000	4.84287387e+001	0.00000000e+000	2.6782e+014	1.0000e-010	0.0000e+000
5.170000e+003	2.33547834e-001	-3.16645217e+000	4.33284133e+001	0.00000000e+000	2.6777e+014	1.0000e-010	0.0000e+000
5.180000e+003	2.33552166e-001	-3.16644783e+000	3.82289426e+001	0.00000000e+000	2.6772e+014	1.0000e-010	0.0000e+000
5.190000e+003	2.33555989e-001	-3.16644401e+000	3.31302260e+001	0.00000000e+000	2.6768e+014	1.0000e-010	0.0000e+000
5.200000e+003	2.33559302e-001	-3.16644070e+000	2.80321627e+001	0.00000000e+000	2.6765e+014	1.0000e-010	0.0000e+000
5.210000e+003	2.33562105e-001	-3.16643789e+000	2.29346522e+001	0.00000000e+000	2.6762e+014	1.0000e-010	0.0000e+000
5.220000e+003	2.33564399e-001	-3.16643560e+000	1.78375940e+001	0.00000000e+000	2.6760e+014	1.0000e-010	0.0000e+000
5.230000e+003	2.33566183e-001	-3.16643382e+000	1.27408874e+001	0.00000000e+000	2.6758e+014	1.0000e-010	0.0000e+000
5.240000e+003	2.33567457e-001	-3.16643254e+000	7.64443196e+000	0.00000000e+000	2.6756e+014	1.0000e-010	0.0000e+000
5.250000e+003	2.33568221e-001	-3.16643178e+000	2.54812724e+000	0.00000000e+000	2.6756e+014	1.0000e-010	0.0000e+000
5.260000e+003	2.33568476e-001	-3.16643152e+000	2.54812724e+000	0.00000000e+000	2.6755e+014	1.0000e-010	0.0000e+000
