Y (ang)	Ec (eV)	Ev (eV)	E (V/cm)	Ef (eV)	n (cm-3)	p (cm-3)	Nd - Na (cm-3)
0.000000e+000	-6.40000000e+000	-9.80000000e+000	3.74568608e+007	-7.00000000e+000	1.8691e+008	1.0000e-010	0.0000e+000
1.000000e+001	-2.09431392e+000	-6.19431392e+000	1.16676386e+007	0.00000000e+000	1.2316e+021	1.0000e-010	-1.3848e+020
2.000000e+001	-9.23070070e-001	-5.02867007e+000	4.59028588e+006	0.00000000e+000	3.6067e+020	1.0000e-010	-1.1676e+018
3.000000e+001	-4.59561481e-001	-4.57076148e+000	2.08115772e+006	0.00000000e+000	1.2709e+020	1.0000e-010	-1.1686e+018
4.000000e+001	-2.46965709e-001	-4.36376571e+000	1.06876497e+006	0.00000000e+000	5.0572e+019	1.0000e-010	-1.1695e+018
5.000000e+001	-1.35609212e-001	-4.25800921e+000	6.33511168e+005	0.00000000e+000	2.1072e+019	1.0000e-010	-1.1705e+018
6.000000e+001	-6.77780953e-002	-4.19577810e+000	4.44577793e+005	0.00000000e+000	8.4831e+018	1.0000e-010	-1.1714e+018
7.000000e+001	-1.88403161e-002	-4.15244032e+000	3.64040174e+005	0.00000000e+000	2.9442e+018	1.0000e-010	-1.1724e+018
8.000000e+001	2.20437014e-002	-4.11715630e+000	3.24683381e+005	0.00000000e+000	8.3952e+017	1.0000e-010	-1.1733e+018
9.000000e+001	5.89920394e-002	-4.08580796e+000	2.97403721e+005	0.00000000e+000	2.2140e+017	1.0000e-010	-1.1743e+018
1.000000e+002	9.32124116e-002	-4.05718759e+000	2.73248863e+005	0.00000000e+000	6.0423e+016	1.0000e-010	-1.1752e+018
1.100000e+002	1.25017298e-001	-4.03098270e+000	2.49900083e+005	0.00000000e+000	1.7823e+016	1.0000e-010	-1.1762e+018
1.200000e+002	1.54487306e-001	-4.00711269e+000	2.26760297e+005	0.00000000e+000	5.7006e+015	1.0000e-010	-1.1771e+018
1.300000e+002	1.81643336e-001	-3.98555666e+000	2.03664570e+005	0.00000000e+000	1.9940e+015	1.0000e-010	-1.1781e+018
1.400000e+002	2.06489793e-001	-3.96631021e+000	1.80564371e+005	0.00000000e+000	7.6263e+014	1.0000e-010	-1.1790e+018
1.500000e+002	2.29026230e-001	-3.94937377e+000	1.57444243e+005	0.00000000e+000	3.1895e+014	1.0000e-010	-1.1800e+018
1.600000e+002	2.49250654e-001	-3.93474935e+000	1.34298863e+005	0.00000000e+000	1.4587e+014	1.0000e-010	-1.1809e+018
1.700000e+002	2.67160541e-001	-3.92243946e+000	1.11126247e+005	0.00000000e+000	7.2961e+013	1.0000e-010	-1.1819e+018
1.800000e+002	2.82753165e-001	-3.91244683e+000	8.79255943e+004	0.00000000e+000	3.9916e+013	1.0000e-010	-1.1828e+018
1.900000e+002	2.96025725e-001	-3.90477428e+000	6.46965532e+004	0.00000000e+000	2.3888e+013	1.0000e-010	-1.1838e+018
2.000000e+002	3.06975380e-001	-3.89942462e+000	4.14389523e+004	0.00000000e+000	1.5640e+013	1.0000e-010	-1.1847e+018
2.100000e+002	3.15599275e-001	-3.89640072e+000	1.81526979e+004	0.00000000e+000	1.1204e+013	1.0000e-010	-1.1857e+018
2.200000e+002	3.21894545e-001	-3.89570545e+000	-5.16226815e+003	0.00000000e+000	8.7821e+012	1.0000e-010	-1.1866e+018
2.300000e+002	3.25858318e-001	-3.89734168e+000	-2.85059877e+004	0.00000000e+000	7.5337e+012	1.0000e-010	-1.1876e+018
2.400000e+002	3.27487719e-001	-3.90131228e+000	-5.18784949e+004	0.00000000e+000	7.0735e+012	1.0000e-010	-1.1885e+018
2.500000e+002	3.26779870e-001	-3.90762013e+000	-7.52798215e+004	0.00000000e+000	7.2699e+012	1.0000e-010	-1.1895e+018
2.600000e+002	-3.48268112e-001	-3.74826811e+000	1.50175967e+006	0.00000000e+000	8.4097e+019	1.0000e-010	1.6677e+020
2.700000e+002	-1.98092145e-001	-3.59809215e+000	8.04389765e+005	0.00000000e+000	3.6612e+019	1.0000e-010	0.0000e+000
2.800000e+002	-1.17653168e-001	-3.51765317e+000	4.75884630e+005	0.00000000e+000	1.7247e+019	1.0000e-010	0.0000e+000
2.900000e+002	-7.00647054e-002	-3.47006471e+000	3.07865867e+005	0.00000000e+000	8.8210e+018	1.0000e-010	0.0000e+000
3.000000e+002	-3.92781188e-002	-3.43927812e+000	2.15522769e+005	0.00000000e+000	4.8480e+018	1.0000e-010	0.0000e+000
3.100000e+002	-1.77258419e-002	-3.41772584e+000	1.61088687e+005	0.00000000e+000	2.8578e+018	1.0000e-010	0.0000e+000
3.200000e+002	-1.61697317e-003	-3.40161697e+000	1.26721610e+005	0.00000000e+000	1.8043e+018	1.0000e-010	0.0000e+000
3.300000e+002	1.10551879e-002	-3.38894481e+000	1.03639295e+005	0.00000000e+000	1.2118e+018	1.0000e-010	0.0000e+000
3.400000e+002	2.14191173e-002	-3.37858088e+000	8.73036883e+004	0.00000000e+000	8.5762e+017	1.0000e-010	0.0000e+000
3.500000e+002	3.01494862e-002	-3.36985051e+000	7.52356205e+004	0.00000000e+000	6.3358e+017	1.0000e-010	0.0000e+000
3.600000e+002	3.76730482e-002	-3.36232695e+000	6.60029642e+004	0.00000000e+000	4.8472e+017	1.0000e-010	0.0000e+000
3.700000e+002	4.42733446e-002	-3.35572666e+000	5.87347072e+004	0.00000000e+000	3.8158e+017	1.0000e-010	0.0000e+000
3.800000e+002	5.01468154e-002	-3.34985318e+000	5.28763882e+004	0.00000000e+000	3.0756e+017	1.0000e-010	0.0000e+000
3.900000e+002	5.54344542e-002	-3.34456555e+000	4.80607734e+004	0.00000000e+000	2.5282e+017	1.0000e-010	0.0000e+000
4.000000e+002	6.02405315e-002	-3.33975947e+000	4.40361486e+004	0.00000000e+000	2.1129e+017	1.0000e-010	0.0000e+000
4.100000e+002	6.46441464e-002	-3.33535585e+000	4.06247834e+004	0.00000000e+000	1.7910e+017	1.0000e-010	0.0000e+000
4.200000e+002	6.87066247e-002	-3.33129338e+000	3.76979091e+004	0.00000000e+000	1.5366e+017	1.0000e-010	0.0000e+000
4.300000e+002	7.24764156e-002	-3.32752358e+000	3.51601079e+004	0.00000000e+000	1.3323e+017	1.0000e-010	0.0000e+000
4.400000e+002	7.59924264e-002	-3.32400757e+000	3.29392640e+004	0.00000000e+000	1.1659e+017	1.0000e-010	0.0000e+000
4.500000e+002	7.92863528e-002	-3.32071365e+000	3.09799134e+004	0.00000000e+000	1.0287e+017	1.0000e-010	0.0000e+000
4.600000e+002	8.23843442e-002	-3.31761566e+000	2.92387330e+004	0.00000000e+000	9.1412e+016	1.0000e-010	0.0000e+000
4.700000e+002	8.53082175e-002	-3.31469178e+000	2.76814107e+004	0.00000000e+000	8.1760e+016	1.0000e-010	0.0000e+000
4.800000e+002	8.80763585e-002	-3.31192364e+000	2.62804318e+004	0.00000000e+000	7.3552e+016	1.0000e-010	0.0000e+000
4.900000e+002	9.07044017e-002	-3.30929560e+000	2.50134836e+004	0.00000000e+000	6.6515e+016	1.0000e-010	0.0000e+000
5.000000e+002	9.32057501e-002	-3.30679425e+000	2.38622868e+004	0.00000000e+000	6.0438e+016	1.0000e-010	0.0000e+000
5.100000e+002	9.55919788e-002	-3.30440802e+000	2.28117279e+004	0.00000000e+000	5.5155e+016	1.0000e-010	0.0000e+000
5.200000e+002	9.78731515e-002	-3.30212685e+000	2.18492043e+004	0.00000000e+000	5.0533e+016	1.0000e-010	0.0000e+000
5.300000e+002	1.00058072e-001	-3.29994193e+000	2.09641261e+004	0.00000000e+000	4.6467e+016	1.0000e-010	0.0000e+000
5.400000e+002	1.02154485e-001	-3.29784552e+000	2.01475308e+004	0.00000000e+000	4.2871e+016	1.0000e-010	0.0000e+000
5.500000e+002	1.04169238e-001	-3.29583076e+000	1.93870934e+004	0.00000000e+000	3.9923e+016	1.0000e-010	0.0000e+000
5.600000e+002	1.06107947e-001	-3.29389205e+000	1.86815974e+004	0.00000000e+000	3.7039e+016	1.0000e-010	0.0000e+000
5.700000e+002	1.07976107e-001	-3.29202389e+000	1.80252846e+004	0.00000000e+000	3.4457e+016	1.0000e-010	0.0000e+000
5.800000e+002	1.09778635e-001	-3.29022136e+000	1.74131743e+004	0.00000000e+000	3.2136e+016	1.0000e-010	0.0000e+000
5.900000e+002	1.11519953e-001	-3.28848005e+000	1.68409362e+004	0.00000000e+000	3.0043e+016	1.0000e-010	0.0000e+000
6.000000e+002	1.13204046e-001	-3.28679595e+000	1.63047874e+004	0.00000000e+000	2.8148e+016	1.0000e-010	0.0000e+000
6.100000e+002	1.14834525e-001	-3.28516547e+000	1.58014092e+004	0.00000000e+000	2.6427e+016	1.0000e-010	0.0000e+000
6.200000e+002	1.16414666e-001	-3.28358533e+000	1.53278773e+004	0.00000000e+000	2.4861e+016	1.0000e-010	0.0000e+000
6.300000e+002	1.17947454e-001	-3.28205255e+000	1.48816054e+004	0.00000000e+000	2.3429e+016	1.0000e-010	0.0000e+000
6.400000e+002	1.19435614e-001	-3.28056439e+000	1.44602975e+004	0.00000000e+000	2.2119e+016	1.0000e-010	0.0000e+000
6.500000e+002	1.20881644e-001	-3.27911836e+000	1.40619086e+004	0.00000000e+000	2.0915e+016	1.0000e-010	0.0000e+000
6.600000e+002	1.22287835e-001	-3.27771217e+000	1.36846108e+004	0.00000000e+000	1.9808e+016	1.0000e-010	0.0000e+000
6.700000e+002	1.23656296e-001	-3.27634370e+000	1.33267656e+004	0.00000000e+000	1.8787e+016	1.0000e-010	0.0000e+000
6.800000e+002	1.24988972e-001	-3.27501103e+000	1.29869000e+004	0.00000000e+000	1.7843e+016	1.0000e-010	0.0000e+000
6.900000e+002	1.26287662e-001	-3.27371234e+000	1.26636860e+004	0.00000000e+000	1.6969e+016	1.0000e-010	0.0000e+000
7.000000e+002	1.27554031e-001	-3.27244597e+000	1.23559233e+004	0.00000000e+000	1.6158e+016	1.0000e-010	0.0000e+000
7.100000e+002	1.28789623e-001	-3.27121038e+000	1.20625240e+004	0.00000000e+000	1.5404e+016	1.0000e-010	0.0000e+000
7.200000e+002	1.29995876e-001	-3.27000412e+000	1.17825003e+004	0.00000000e+000	1.4701e+016	1.0000e-010	0.0000e+000
7.300000e+002	1.31174126e-001	-3.26882587e+000	1.15149526e+004	0.00000000e+000	1.4046e+016	1.0000e-010	0.0000e+000
7.400000e+002	1.32325621e-001	-3.26767438e+000	1.12590605e+004	0.00000000e+000	1.3434e+016	1.0000e-010	0.0000e+000
7.500000e+002	1.33451527e-001	-3.26654847e+000	1.10140738e+004	0.00000000e+000	1.2862e+016	1.0000e-010	0.0000e+000
7.600000e+002	1.34552934e-001	-3.26544707e+000	1.07793055e+004	0.00000000e+000	1.2325e+016	1.0000e-010	0.0000e+000
7.700000e+002	1.35630865e-001	-3.26436913e+000	1.05541247e+004	0.00000000e+000	1.1822e+016	1.0000e-010	0.0000e+000
7.800000e+002	1.36686278e-001	-3.26331372e+000	1.03379520e+004	0.00000000e+000	1.1349e+016	1.0000e-010	0.0000e+000
7.900000e+002	1.37720073e-001	-3.26227993e+000	1.01302531e+004	0.00000000e+000	1.0904e+016	1.0000e-010	0.0000e+000
8.000000e+002	1.38733098e-001	-3.26126690e+000	9.93053572e+003	0.00000000e+000	1.0485e+016	1.0000e-010	0.0000e+000
8.100000e+002	1.39726152e-001	-3.26027385e+000	9.73834458e+003	0.00000000e+000	1.0090e+016	1.0000e-010	0.0000e+000
8.200000e+002	1.40699986e-001	-3.25930001e+000	9.55325854e+003	0.00000000e+000	9.7170e+015	1.0000e-010	0.0000e+000
8.300000e+002	1.41655312e-001	-3.25834469e+000	9.37488728e+003	0.00000000e+000	9.3645e+015	1.0000e-010	0.0000e+000
8.400000e+002	1.42592801e-001	-3.25740720e+000	9.20286854e+003	0.00000000e+000	9.0310e+015	1.0000e-010	0.0000e+000
8.500000e+002	1.43513087e-001	-3.25648691e+000	9.03686566e+003	0.00000000e+000	8.7152e+015	1.0000e-010	0.0000e+000
8.600000e+002	1.44416774e-001	-3.25558323e+000	8.87656535e+003	0.00000000e+000	8.4158e+015	1.0000e-010	0.0000e+000
8.700000e+002	1.45304431e-001	-3.25469557e+000	8.72167571e+003	0.00000000e+000	8.1317e+015	1.0000e-010	0.0000e+000
8.800000e+002	1.46176598e-001	-3.25382340e+000	8.57192441e+003	0.00000000e+000	7.8620e+015	1.0000e-010	0.0000e+000
8.900000e+002	1.47033791e-001	-3.25296621e+000	8.42705710e+003	0.00000000e+000	7.6056e+015	1.0000e-010	0.0000e+000
9.000000e+002	1.47876496e-001	-3.25212350e+000	8.28683595e+003	0.00000000e+000	7.3616e+015	1.0000e-010	0.0000e+000
9.100000e+002	1.48705180e-001	-3.25129482e+000	8.15103829e+003	0.00000000e+000	7.1294e+015	1.0000e-010	0.0000e+000
9.200000e+002	1.49520284e-001	-3.25047972e+000	8.01945549e+003	0.00000000e+000	6.9081e+015	1.0000e-010	0.0000e+000
9.300000e+002	1.50322229e-001	-3.24967777e+000	7.89189181e+003	0.00000000e+000	6.6971e+015	1.0000e-010	0.0000e+000
9.400000e+002	1.51111418e-001	-3.24888858e+000	7.76816346e+003	0.00000000e+000	6.4958e+015	1.0000e-010	0.0000e+000
9.500000e+002	1.51888235e-001	-3.24811177e+000	7.64809767e+003	0.00000000e+000	6.3035e+015	1.0000e-010	0.0000e+000
9.600000e+002	1.52653045e-001	-3.24734696e+000	7.53153189e+003	0.00000000e+000	6.1197e+015	1.0000e-010	0.0000e+000
9.700000e+002	1.53406198e-001	-3.24659380e+000	7.41831308e+003	0.00000000e+000	5.9440e+015	1.0000e-010	0.0000e+000
9.800000e+002	1.54148029e-001	-3.24585197e+000	7.30829694e+003	0.00000000e+000	5.7759e+015	1.0000e-010	0.0000e+000
9.900000e+002	1.54878859e-001	-3.24512114e+000	7.20134738e+003	0.00000000e+000	5.6149e+015	1.0000e-010	0.0000e+000
1.000000e+003	1.55598993e-001	-3.24440101e+000	7.09733590e+003	0.00000000e+000	5.4606e+015	1.0000e-010	0.0000e+000
1.010000e+003	1.56308727e-001	-3.24369127e+000	6.99614109e+003	0.00000000e+000	5.3127e+015	1.0000e-010	0.0000e+000
1.020000e+003	1.57008341e-001	-3.24299166e+000	6.89764811e+003	0.00000000e+000	5.1709e+015	1.0000e-010	0.0000e+000
1.030000e+003	1.57698106e-001	-3.24230189e+000	6.80174831e+003	0.00000000e+000	5.0348e+015	1.0000e-010	0.0000e+000
1.040000e+003	1.58378281e-001	-3.24162172e+000	6.70833877e+003	0.00000000e+000	4.9040e+015	1.0000e-010	0.0000e+000
1.050000e+003	1.59049115e-001	-3.24095089e+000	6.61732193e+003	0.00000000e+000	4.7784e+015	1.0000e-010	0.0000e+000
1.060000e+003	1.59710847e-001	-3.24028915e+000	6.52860527e+003	0.00000000e+000	4.6576e+015	1.0000e-010	0.0000e+000
1.070000e+003	1.60363707e-001	-3.23963629e+000	6.44210100e+003	0.00000000e+000	4.5415e+015	1.0000e-010	0.0000e+000
1.080000e+003	1.61007918e-001	-3.23899208e+000	6.35772571e+003	0.00000000e+000	4.4297e+015	1.0000e-010	0.0000e+000
1.090000e+003	1.61643690e-001	-3.23835631e+000	6.27540013e+003	0.00000000e+000	4.3221e+015	1.0000e-010	0.0000e+000
1.100000e+003	1.62271230e-001	-3.23772877e+000	6.19504889e+003	0.00000000e+000	4.2185e+015	1.0000e-010	0.0000e+000
1.110000e+003	1.62890735e-001	-3.23710926e+000	6.11660026e+003	0.00000000e+000	4.1186e+015	1.0000e-010	0.0000e+000
1.120000e+003	1.63502395e-001	-3.23649760e+000	6.03998595e+003	0.00000000e+000	4.0223e+015	1.0000e-010	0.0000e+000
1.130000e+003	1.64106394e-001	-3.23589361e+000	5.96514089e+003	0.00000000e+000	3.9294e+015	1.0000e-010	0.0000e+000
1.140000e+003	1.64702908e-001	-3.23529709e+000	5.89200304e+003	0.00000000e+000	3.8397e+015	1.0000e-010	0.0000e+000
1.150000e+003	1.65292108e-001	-3.23470789e+000	5.82051325e+003	0.00000000e+000	3.7532e+015	1.0000e-010	0.0000e+000
1.160000e+003	1.65874159e-001	-3.23412584e+000	5.75061504e+003	0.00000000e+000	3.6697e+015	1.0000e-010	0.0000e+000
1.170000e+003	1.66449221e-001	-3.23355078e+000	5.68225452e+003	0.00000000e+000	3.5889e+015	1.0000e-010	0.0000e+000
1.180000e+003	1.67017446e-001	-3.23298255e+000	5.61538016e+003	0.00000000e+000	3.5109e+015	1.0000e-010	0.0000e+000
1.190000e+003	1.67578984e-001	-3.23242102e+000	5.54994274e+003	0.00000000e+000	3.4355e+015	1.0000e-010	0.0000e+000
1.200000e+003	1.68133979e-001	-3.23186602e+000	5.48589516e+003	0.00000000e+000	3.3625e+015	1.0000e-010	0.0000e+000
1.210000e+003	1.68682568e-001	-3.23131743e+000	5.42319238e+003	0.00000000e+000	3.2919e+015	1.0000e-010	0.0000e+000
1.220000e+003	1.69224887e-001	-3.23077511e+000	5.36179127e+003	0.00000000e+000	3.2236e+015	1.0000e-010	0.0000e+000
1.230000e+003	1.69761066e-001	-3.23023893e+000	5.30165052e+003	0.00000000e+000	3.1574e+015	1.0000e-010	0.0000e+000
1.240000e+003	1.70291232e-001	-3.22970877e+000	5.24273056e+003	0.00000000e+000	3.0933e+015	1.0000e-010	0.0000e+000
1.250000e+003	1.70815505e-001	-3.22918450e+000	5.18499346e+003	0.00000000e+000	3.0312e+015	1.0000e-010	0.0000e+000
1.260000e+003	1.71334004e-001	-3.22866600e+000	5.12840281e+003	0.00000000e+000	2.9710e+015	1.0000e-010	0.0000e+000
1.270000e+003	1.71846844e-001	-3.22815316e+000	5.07292373e+003	0.00000000e+000	2.9127e+015	1.0000e-010	0.0000e+000
1.280000e+003	1.72354137e-001	-3.22764586e+000	5.01852270e+003	0.00000000e+000	2.8561e+015	1.0000e-010	0.0000e+000
1.290000e+003	1.72855989e-001	-3.22714401e+000	4.96516754e+003	0.00000000e+000	2.8012e+015	1.0000e-010	0.0000e+000
1.300000e+003	1.73352506e-001	-3.22664749e+000	4.91282736e+003	0.00000000e+000	2.7479e+015	1.0000e-010	0.0000e+000
1.310000e+003	1.73843788e-001	-3.22615621e+000	4.86147243e+003	0.00000000e+000	2.6961e+015	1.0000e-010	0.0000e+000
1.320000e+003	1.74329936e-001	-3.22567006e+000	4.81107422e+003	0.00000000e+000	2.6459e+015	1.0000e-010	0.0000e+000
1.330000e+003	1.74811043e-001	-3.22518896e+000	4.76160524e+003	0.00000000e+000	2.5971e+015	1.0000e-010	0.0000e+000
1.340000e+003	1.75287204e-001	-3.22471280e+000	4.71303908e+003	0.00000000e+000	2.5497e+015	1.0000e-010	0.0000e+000
1.350000e+003	1.75758507e-001	-3.22424149e+000	4.66535030e+003	0.00000000e+000	2.5037e+015	1.0000e-010	0.0000e+000
1.360000e+003	1.76225042e-001	-3.22377496e+000	4.61851442e+003	0.00000000e+000	2.4589e+015	1.0000e-010	0.0000e+000
1.370000e+003	1.76686894e-001	-3.22331311e+000	4.57250783e+003	0.00000000e+000	2.4154e+015	1.0000e-010	0.0000e+000
1.380000e+003	1.77144145e-001	-3.22285586e+000	4.52730782e+003	0.00000000e+000	2.3730e+015	1.0000e-010	0.0000e+000
1.390000e+003	1.77596875e-001	-3.22240312e+000	4.48289249e+003	0.00000000e+000	2.3318e+015	1.0000e-010	0.0000e+000
1.400000e+003	1.78045165e-001	-3.22195484e+000	4.43924070e+003	0.00000000e+000	2.2917e+015	1.0000e-010	0.0000e+000
1.410000e+003	1.78489089e-001	-3.22151091e+000	4.39633209e+003	0.00000000e+000	2.2527e+015	1.0000e-010	0.0000e+000
1.420000e+003	1.78928722e-001	-3.22107128e+000	4.35414700e+003	0.00000000e+000	2.2147e+015	1.0000e-010	0.0000e+000
1.430000e+003	1.79364137e-001	-3.22063586e+000	4.31266648e+003	0.00000000e+000	2.1777e+015	1.0000e-010	0.0000e+000
1.440000e+003	1.79795403e-001	-3.22020460e+000	4.27187219e+003	0.00000000e+000	2.1417e+015	1.0000e-010	0.0000e+000
1.450000e+003	1.80222591e-001	-3.21977741e+000	4.23174647e+003	0.00000000e+000	2.1066e+015	1.0000e-010	0.0000e+000
1.460000e+003	1.80645765e-001	-3.21935423e+000	4.19227222e+003	0.00000000e+000	2.0724e+015	1.0000e-010	0.0000e+000
1.470000e+003	1.81064992e-001	-3.21893501e+000	4.15343294e+003	0.00000000e+000	2.0391e+015	1.0000e-010	0.0000e+000
1.480000e+003	1.81480336e-001	-3.21851966e+000	4.11521268e+003	0.00000000e+000	2.0066e+015	1.0000e-010	0.0000e+000
1.490000e+003	1.81891857e-001	-3.21810814e+000	4.07759600e+003	0.00000000e+000	1.9749e+015	1.0000e-010	0.0000e+000
1.500000e+003	1.82299617e-001	-3.21770038e+000	4.04056799e+003	0.00000000e+000	1.9440e+015	1.0000e-010	0.0000e+000
1.510000e+003	1.82703673e-001	-3.21729633e+000	4.00411422e+003	0.00000000e+000	1.9138e+015	1.0000e-010	0.0000e+000
1.520000e+003	1.83104085e-001	-3.21689592e+000	3.96822071e+003	0.00000000e+000	1.8844e+015	1.0000e-010	0.0000e+000
1.530000e+003	1.83500907e-001	-3.21649909e+000	3.93287396e+003	0.00000000e+000	1.8557e+015	1.0000e-010	0.0000e+000
1.540000e+003	1.83894194e-001	-3.21610581e+000	3.89806086e+003	0.00000000e+000	1.8277e+015	1.0000e-010	0.0000e+000
1.550000e+003	1.84284000e-001	-3.21571600e+000	3.86376876e+003	0.00000000e+000	1.8003e+015	1.0000e-010	0.0000e+000
1.560000e+003	1.84670377e-001	-3.21532962e+000	3.82998536e+003	0.00000000e+000	1.7736e+015	1.0000e-010	0.0000e+000
1.570000e+003	1.85053376e-001	-3.21494662e+000	3.79669877e+003	0.00000000e+000	1.7476e+015	1.0000e-010	0.0000e+000
1.580000e+003	1.85433046e-001	-3.21456695e+000	3.76389747e+003	0.00000000e+000	1.7221e+015	1.0000e-010	0.0000e+000
1.590000e+003	1.85809435e-001	-3.21419056e+000	3.73157028e+003	0.00000000e+000	1.6972e+015	1.0000e-010	0.0000e+000
1.600000e+003	1.86182592e-001	-3.21381741e+000	3.69970636e+003	0.00000000e+000	1.6729e+015	1.0000e-010	0.0000e+000
1.610000e+003	1.86552563e-001	-3.21344744e+000	3.66829520e+003	0.00000000e+000	1.6491e+015	1.0000e-010	0.0000e+000
1.620000e+003	1.86919393e-001	-3.21308061e+000	3.63732661e+003	0.00000000e+000	1.6259e+015	1.0000e-010	0.0000e+000
1.630000e+003	1.87283125e-001	-3.21271687e+000	3.60679068e+003	0.00000000e+000	1.6031e+015	1.0000e-010	0.0000e+000
1.640000e+003	1.87643804e-001	-3.21235620e+000	3.57667783e+003	0.00000000e+000	1.5809e+015	1.0000e-010	0.0000e+000
1.650000e+003	1.88001472e-001	-3.21199853e+000	3.54697872e+003	0.00000000e+000	1.5592e+015	1.0000e-010	0.0000e+000
1.660000e+003	1.88356170e-001	-3.21164383e+000	3.51768431e+003	0.00000000e+000	1.5380e+015	1.0000e-010	0.0000e+000
1.670000e+003	1.88707938e-001	-3.21129206e+000	3.48878582e+003	0.00000000e+000	1.5172e+015	1.0000e-010	0.0000e+000
1.680000e+003	1.89056817e-001	-3.21094318e+000	3.46027469e+003	0.00000000e+000	1.4968e+015	1.0000e-010	0.0000e+000
1.690000e+003	1.89402844e-001	-3.21059716e+000	3.43214265e+003	0.00000000e+000	1.4769e+015	1.0000e-010	0.0000e+000
1.700000e+003	1.89746059e-001	-3.21025394e+000	3.40438161e+003	0.00000000e+000	1.4575e+015	1.0000e-010	0.0000e+000
1.710000e+003	1.90086497e-001	-3.20991350e+000	3.37698376e+003	0.00000000e+000	1.4384e+015	1.0000e-010	0.0000e+000
1.720000e+003	1.90424195e-001	-3.20957580e+000	3.34994148e+003	0.00000000e+000	1.4197e+015	1.0000e-010	0.0000e+000
1.730000e+003	1.90759189e-001	-3.20924081e+000	3.32324735e+003	0.00000000e+000	1.4014e+015	1.0000e-010	0.0000e+000
1.740000e+003	1.91091514e-001	-3.20890849e+000	3.29689418e+003	0.00000000e+000	1.3835e+015	1.0000e-010	0.0000e+000
1.750000e+003	1.91421204e-001	-3.20857880e+000	3.27087495e+003	0.00000000e+000	1.3660e+015	1.0000e-010	0.0000e+000
1.760000e+003	1.91748291e-001	-3.20825171e+000	3.24518285e+003	0.00000000e+000	1.3488e+015	1.0000e-010	0.0000e+000
1.770000e+003	1.92072809e-001	-3.20792719e+000	3.21981125e+003	0.00000000e+000	1.3320e+015	1.0000e-010	0.0000e+000
1.780000e+003	1.92394790e-001	-3.20760521e+000	3.19475369e+003	0.00000000e+000	1.3155e+015	1.0000e-010	0.0000e+000
1.790000e+003	1.92714266e-001	-3.20728573e+000	3.17000387e+003	0.00000000e+000	1.2994e+015	1.0000e-010	0.0000e+000
1.800000e+003	1.93031266e-001	-3.20696873e+000	3.14555570e+003	0.00000000e+000	1.2835e+015	1.0000e-010	0.0000e+000
1.810000e+003	1.93345822e-001	-3.20665418e+000	3.12140319e+003	0.00000000e+000	1.2680e+015	1.0000e-010	0.0000e+000
1.820000e+003	1.93657962e-001	-3.20634204e+000	3.09754055e+003	0.00000000e+000	1.2528e+015	1.0000e-010	0.0000e+000
1.830000e+003	1.93967716e-001	-3.20603228e+000	3.07396212e+003	0.00000000e+000	1.2379e+015	1.0000e-010	0.0000e+000
1.840000e+003	1.94275112e-001	-3.20572489e+000	3.05066240e+003	0.00000000e+000	1.2232e+015	1.0000e-010	0.0000e+000
1.850000e+003	1.94580179e-001	-3.20541982e+000	3.02763600e+003	0.00000000e+000	1.2089e+015	1.0000e-010	0.0000e+000
1.860000e+003	1.94882942e-001	-3.20511706e+000	3.00487771e+003	0.00000000e+000	1.1948e+015	1.0000e-010	0.0000e+000
1.870000e+003	1.95183430e-001	-3.20481657e+000	2.98238241e+003	0.00000000e+000	1.1810e+015	1.0000e-010	0.0000e+000
1.880000e+003	1.95481668e-001	-3.20451833e+000	2.96014513e+003	0.00000000e+000	1.1675e+015	1.0000e-010	0.0000e+000
1.890000e+003	1.95777683e-001	-3.20422232e+000	2.93816103e+003	0.00000000e+000	1.1542e+015	1.0000e-010	0.0000e+000
1.900000e+003	1.96071499e-001	-3.20392850e+000	2.91642537e+003	0.00000000e+000	1.1411e+015	1.0000e-010	0.0000e+000
1.910000e+003	1.96363141e-001	-3.20363686e+000	2.89493354e+003	0.00000000e+000	1.1283e+015	1.0000e-010	0.0000e+000
1.920000e+003	1.96652635e-001	-3.20334737e+000	2.87368103e+003	0.00000000e+000	1.1158e+015	1.0000e-010	0.0000e+000
1.930000e+003	1.96940003e-001	-3.20306000e+000	2.85266346e+003	0.00000000e+000	1.1034e+015	1.0000e-010	0.0000e+000
1.940000e+003	1.97225269e-001	-3.20277473e+000	2.83187653e+003	0.00000000e+000	1.0913e+015	1.0000e-010	0.0000e+000
1.950000e+003	1.97508457e-001	-3.20249154e+000	2.81131606e+003	0.00000000e+000	1.0794e+015	1.0000e-010	0.0000e+000
1.960000e+003	1.97789588e-001	-3.20221041e+000	2.79097797e+003	0.00000000e+000	1.0678e+015	1.0000e-010	0.0000e+000
1.970000e+003	1.98068686e-001	-3.20193131e+000	2.77085827e+003	0.00000000e+000	1.0563e+015	1.0000e-010	0.0000e+000
1.980000e+003	1.98345772e-001	-3.20165423e+000	2.75095306e+003	0.00000000e+000	1.0450e+015	1.0000e-010	0.0000e+000
1.990000e+003	1.98620867e-001	-3.20137913e+000	2.73125854e+003	0.00000000e+000	1.0340e+015	1.0000e-010	0.0000e+000
2.000000e+003	1.98893993e-001	-3.20110601e+000	2.71177100e+003	0.00000000e+000	1.0231e+015	1.0000e-010	0.0000e+000
2.010000e+003	1.99165170e-001	-3.20083483e+000	2.69248681e+003	0.00000000e+000	1.0124e+015	1.0000e-010	0.0000e+000
2.020000e+003	1.99434419e-001	-3.20056558e+000	2.67340242e+003	0.00000000e+000	1.0019e+015	1.0000e-010	0.0000e+000
2.030000e+003	1.99701759e-001	-3.20029824e+000	2.65451437e+003	0.00000000e+000	9.9163e+014	1.0000e-010	0.0000e+000
2.040000e+003	1.99967211e-001	-3.20003279e+000	2.63581928e+003	0.00000000e+000	9.8150e+014	1.0000e-010	0.0000e+000
2.050000e+003	2.00230793e-001	-3.19976921e+000	2.61731382e+003	0.00000000e+000	9.7154e+014	1.0000e-010	0.0000e+000
2.060000e+003	2.00492524e-001	-3.19950748e+000	2.59899478e+003	0.00000000e+000	9.6175e+014	1.0000e-010	0.0000e+000
2.070000e+003	2.00752423e-001	-3.19924758e+000	2.58085898e+003	0.00000000e+000	9.5213e+014	1.0000e-010	0.0000e+000
2.080000e+003	2.01010509e-001	-3.19898949e+000	2.56290333e+003	0.00000000e+000	9.4267e+014	1.0000e-010	0.0000e+000
2.090000e+003	2.01266800e-001	-3.19873320e+000	2.54512481e+003	0.00000000e+000	9.3338e+014	1.0000e-010	0.0000e+000
2.100000e+003	2.01521312e-001	-3.19847869e+000	2.52752046e+003	0.00000000e+000	9.2423e+014	1.0000e-010	0.0000e+000
2.110000e+003	2.01774064e-001	-3.19822594e+000	2.51008739e+003	0.00000000e+000	9.1524e+014	1.0000e-010	0.0000e+000
2.120000e+003	2.02025073e-001	-3.19797493e+000	2.49282276e+003	0.00000000e+000	9.0640e+014	1.0000e-010	0.0000e+000
2.130000e+003	2.02274355e-001	-3.19772564e+000	2.47572381e+003	0.00000000e+000	8.9770e+014	1.0000e-010	0.0000e+000
2.140000e+003	2.02521928e-001	-3.19747807e+000	2.45878783e+003	0.00000000e+000	8.8914e+014	1.0000e-010	0.0000e+000
2.150000e+003	2.02767806e-001	-3.19723219e+000	2.44201217e+003	0.00000000e+000	8.8073e+014	1.0000e-010	0.0000e+000
2.160000e+003	2.03012008e-001	-3.19698799e+000	2.42539422e+003	0.00000000e+000	8.7244e+014	1.0000e-010	0.0000e+000
2.170000e+003	2.03254547e-001	-3.19674545e+000	2.40893145e+003	0.00000000e+000	8.6430e+014	1.0000e-010	0.0000e+000
2.180000e+003	2.03495440e-001	-3.19650456e+000	2.39262137e+003	0.00000000e+000	8.5628e+014	1.0000e-010	0.0000e+000
2.190000e+003	2.03734702e-001	-3.19626530e+000	2.37646155e+003	0.00000000e+000	8.4839e+014	1.0000e-010	0.0000e+000
2.200000e+003	2.03972348e-001	-3.19602765e+000	2.36044959e+003	0.00000000e+000	8.4063e+014	1.0000e-010	0.0000e+000
2.210000e+003	2.04208393e-001	-3.19579161e+000	2.34458317e+003	0.00000000e+000	8.3299e+014	1.0000e-010	0.0000e+000
2.220000e+003	2.04442852e-001	-3.19555715e+000	2.32886000e+003	0.00000000e+000	8.2547e+014	1.0000e-010	0.0000e+000
2.230000e+003	2.04675738e-001	-3.19532426e+000	2.31327783e+003	0.00000000e+000	8.1807e+014	1.0000e-010	0.0000e+000
2.240000e+003	2.04907066e-001	-3.19509293e+000	2.29783447e+003	0.00000000e+000	8.1078e+014	1.0000e-010	0.0000e+000
2.250000e+003	2.05136849e-001	-3.19486315e+000	2.28252776e+003	0.00000000e+000	8.0360e+014	1.0000e-010	0.0000e+000
2.260000e+003	2.05365102e-001	-3.19463490e+000	2.26735562e+003	0.00000000e+000	7.9654e+014	1.0000e-010	0.0000e+000
2.270000e+003	2.05591837e-001	-3.19440816e+000	2.25231595e+003	0.00000000e+000	7.8958e+014	1.0000e-010	0.0000e+000
2.280000e+003	2.05817069e-001	-3.19418293e+000	2.23740675e+003	0.00000000e+000	7.8274e+014	1.0000e-010	0.0000e+000
2.290000e+003	2.06040810e-001	-3.19395919e+000	2.22262602e+003	0.00000000e+000	7.7599e+014	1.0000e-010	0.0000e+000
2.300000e+003	2.06263072e-001	-3.19373693e+000	2.20797183e+003	0.00000000e+000	7.6935e+014	1.0000e-010	0.0000e+000
2.310000e+003	2.06483869e-001	-3.19351613e+000	2.19344227e+003	0.00000000e+000	7.6280e+014	1.0000e-010	0.0000e+000
2.320000e+003	2.06703214e-001	-3.19329679e+000	2.17903546e+003	0.00000000e+000	7.5636e+014	1.0000e-010	0.0000e+000
2.330000e+003	2.06921117e-001	-3.19307888e+000	2.16474957e+003	0.00000000e+000	7.5001e+014	1.0000e-010	0.0000e+000
2.340000e+003	2.07137592e-001	-3.19286241e+000	2.15058281e+003	0.00000000e+000	7.4376e+014	1.0000e-010	0.0000e+000
2.350000e+003	2.07352650e-001	-3.19264735e+000	2.13653341e+003	0.00000000e+000	7.3760e+014	1.0000e-010	0.0000e+000
2.360000e+003	2.07566304e-001	-3.19243370e+000	2.12259964e+003	0.00000000e+000	7.3153e+014	1.0000e-010	0.0000e+000
2.370000e+003	2.07778564e-001	-3.19222144e+000	2.10877981e+003	0.00000000e+000	7.2554e+014	1.0000e-010	0.0000e+000
2.380000e+003	2.07989442e-001	-3.19201056e+000	2.09507225e+003	0.00000000e+000	7.1965e+014	1.0000e-010	0.0000e+000
2.390000e+003	2.08198949e-001	-3.19180105e+000	2.08147533e+003	0.00000000e+000	7.1384e+014	1.0000e-010	0.0000e+000
2.400000e+003	2.08407096e-001	-3.19159290e+000	2.06798745e+003	0.00000000e+000	7.0812e+014	1.0000e-010	0.0000e+000
2.410000e+003	2.08613895e-001	-3.19138610e+000	2.05460703e+003	0.00000000e+000	7.0247e+014	1.0000e-010	0.0000e+000
2.420000e+003	2.08819356e-001	-3.19118064e+000	2.04133253e+003	0.00000000e+000	6.9691e+014	1.0000e-010	0.0000e+000
2.430000e+003	2.09023489e-001	-3.19097651e+000	2.02816243e+003	0.00000000e+000	6.9143e+014	1.0000e-010	0.0000e+000
2.440000e+003	2.09226305e-001	-3.19077369e+000	2.01509526e+003	0.00000000e+000	6.8603e+014	1.0000e-010	0.0000e+000
2.450000e+003	2.09427815e-001	-3.19057219e+000	2.00212954e+003	0.00000000e+000	6.8070e+014	1.0000e-010	0.0000e+000
2.460000e+003	2.09628028e-001	-3.19037197e+000	1.98926385e+003	0.00000000e+000	6.7545e+014	1.0000e-010	0.0000e+000
2.470000e+003	2.09826954e-001	-3.19017305e+000	1.97649678e+003	0.00000000e+000	6.7027e+014	1.0000e-010	0.0000e+000
2.480000e+003	2.10024604e-001	-3.18997540e+000	1.96382694e+003	0.00000000e+000	6.6517e+014	1.0000e-010	0.0000e+000
2.490000e+003	2.10220987e-001	-3.18977901e+000	1.95125299e+003	0.00000000e+000	6.6013e+014	1.0000e-010	0.0000e+000
2.500000e+003	2.10416112e-001	-3.18958389e+000	1.93877359e+003	0.00000000e+000	6.5517e+014	1.0000e-010	0.0000e+000
2.510000e+003	2.10609989e-001	-3.18939001e+000	1.92638742e+003	0.00000000e+000	6.5028e+014	1.0000e-010	0.0000e+000
2.520000e+003	2.10802628e-001	-3.18919737e+000	1.91409321e+003	0.00000000e+000	6.4545e+014	1.0000e-010	0.0000e+000
2.530000e+003	2.10994037e-001	-3.18900596e+000	1.90188969e+003	0.00000000e+000	6.4069e+014	1.0000e-010	0.0000e+000
2.540000e+003	2.11184226e-001	-3.18881577e+000	1.88977562e+003	0.00000000e+000	6.3599e+014	1.0000e-010	0.0000e+000
2.550000e+003	2.11373204e-001	-3.18862680e+000	1.87774978e+003	0.00000000e+000	6.3136e+014	1.0000e-010	0.0000e+000
2.560000e+003	2.11560979e-001	-3.18843902e+000	1.86581097e+003	0.00000000e+000	6.2679e+014	1.0000e-010	0.0000e+000
2.570000e+003	2.11747560e-001	-3.18825244e+000	1.85395802e+003	0.00000000e+000	6.2228e+014	1.0000e-010	0.0000e+000
2.580000e+003	2.11932956e-001	-3.18806704e+000	1.84218977e+003	0.00000000e+000	6.1784e+014	1.0000e-010	0.0000e+000
2.590000e+003	2.12117175e-001	-3.18788283e+000	1.83050508e+003	0.00000000e+000	6.1345e+014	1.0000e-010	0.0000e+000
2.600000e+003	2.12300225e-001	-3.18769977e+000	1.81890283e+003	0.00000000e+000	6.0912e+014	1.0000e-010	0.0000e+000
2.610000e+003	2.12482116e-001	-3.18751788e+000	1.80738193e+003	0.00000000e+000	6.0485e+014	1.0000e-010	0.0000e+000
2.620000e+003	2.12662854e-001	-3.18733715e+000	1.79594129e+003	0.00000000e+000	6.0064e+014	1.0000e-010	0.0000e+000
2.630000e+003	2.12842448e-001	-3.18715755e+000	1.78457986e+003	0.00000000e+000	5.9648e+014	1.0000e-010	0.0000e+000
2.640000e+003	2.13020906e-001	-3.18697909e+000	1.77329658e+003	0.00000000e+000	5.9237e+014	1.0000e-010	0.0000e+000
2.650000e+003	2.13198235e-001	-3.18680176e+000	1.76209044e+003	0.00000000e+000	5.8832e+014	1.0000e-010	0.0000e+000
2.660000e+003	2.13374445e-001	-3.18662556e+000	1.75096041e+003	0.00000000e+000	5.8433e+014	1.0000e-010	0.0000e+000
2.670000e+003	2.13549541e-001	-3.18645046e+000	1.73990552e+003	0.00000000e+000	5.8038e+014	1.0000e-010	0.0000e+000
2.680000e+003	2.13723531e-001	-3.18627647e+000	1.72892478e+003	0.00000000e+000	5.7649e+014	1.0000e-010	0.0000e+000
2.690000e+003	2.13896424e-001	-3.18610358e+000	1.71801723e+003	0.00000000e+000	5.7265e+014	1.0000e-010	0.0000e+000
2.700000e+003	2.14068225e-001	-3.18593177e+000	1.70718193e+003	0.00000000e+000	5.6886e+014	1.0000e-010	0.0000e+000
2.710000e+003	2.14238944e-001	-3.18576106e+000	1.69641794e+003	0.00000000e+000	5.6511e+014	1.0000e-010	0.0000e+000
2.720000e+003	2.14408585e-001	-3.18559141e+000	1.68572436e+003	0.00000000e+000	5.6141e+014	1.0000e-010	0.0000e+000
2.730000e+003	2.14577158e-001	-3.18542284e+000	1.67510028e+003	0.00000000e+000	5.5777e+014	1.0000e-010	0.0000e+000
2.740000e+003	2.14744668e-001	-3.18525533e+000	1.66454482e+003	0.00000000e+000	5.5416e+014	1.0000e-010	0.0000e+000
2.750000e+003	2.14911122e-001	-3.18508888e+000	1.65405710e+003	0.00000000e+000	5.5061e+014	1.0000e-010	0.0000e+000
2.760000e+003	2.15076528e-001	-3.18492347e+000	1.64363627e+003	0.00000000e+000	5.4710e+014	1.0000e-010	0.0000e+000
2.770000e+003	2.15240892e-001	-3.18475911e+000	1.63328149e+003	0.00000000e+000	5.4363e+014	1.0000e-010	0.0000e+000
2.780000e+003	2.15404220e-001	-3.18459578e+000	1.62299191e+003	0.00000000e+000	5.4020e+014	1.0000e-010	0.0000e+000
2.790000e+003	2.15566519e-001	-3.18443348e+000	1.61276674e+003	0.00000000e+000	5.3682e+014	1.0000e-010	0.0000e+000
2.800000e+003	2.15727796e-001	-3.18427220e+000	1.60260515e+003	0.00000000e+000	5.3348e+014	1.0000e-010	0.0000e+000
2.810000e+003	2.15888056e-001	-3.18411194e+000	1.59250637e+003	0.00000000e+000	5.3019e+014	1.0000e-010	0.0000e+000
2.820000e+003	2.16047307e-001	-3.18395269e+000	1.58246960e+003	0.00000000e+000	5.2693e+014	1.0000e-010	0.0000e+000
2.830000e+003	2.16205554e-001	-3.18379445e+000	1.57249408e+003	0.00000000e+000	5.2372e+014	1.0000e-010	0.0000e+000
2.840000e+003	2.16362803e-001	-3.18363720e+000	1.56257906e+003	0.00000000e+000	5.2054e+014	1.0000e-010	0.0000e+000
2.850000e+003	2.16519061e-001	-3.18348094e+000	1.55272378e+003	0.00000000e+000	5.1740e+014	1.0000e-010	0.0000e+000
2.860000e+003	2.16674333e-001	-3.18332567e+000	1.54292752e+003	0.00000000e+000	5.1431e+014	1.0000e-010	0.0000e+000
2.870000e+003	2.16828626e-001	-3.18317137e+000	1.53318955e+003	0.00000000e+000	5.1124e+014	1.0000e-010	0.0000e+000
2.880000e+003	2.16981945e-001	-3.18301805e+000	1.52350917e+003	0.00000000e+000	5.0822e+014	1.0000e-010	0.0000e+000
2.890000e+003	2.17134296e-001	-3.18286570e+000	1.51388566e+003	0.00000000e+000	5.0524e+014	1.0000e-010	0.0000e+000
2.900000e+003	2.17285685e-001	-3.18271432e+000	1.50431835e+003	0.00000000e+000	5.0229e+014	1.0000e-010	0.0000e+000
2.910000e+003	2.17436116e-001	-3.18256388e+000	1.49480654e+003	0.00000000e+000	4.9937e+014	1.0000e-010	0.0000e+000
2.920000e+003	2.17585597e-001	-3.18241440e+000	1.48534958e+003	0.00000000e+000	4.9649e+014	1.0000e-010	0.0000e+000
2.930000e+003	2.17734132e-001	-3.18226587e+000	1.47594679e+003	0.00000000e+000	4.9365e+014	1.0000e-010	0.0000e+000
2.940000e+003	2.17881727e-001	-3.18211827e+000	1.46659754e+003	0.00000000e+000	4.9084e+014	1.0000e-010	0.0000e+000
2.950000e+003	2.18028386e-001	-3.18197161e+000	1.45730117e+003	0.00000000e+000	4.8806e+014	1.0000e-010	0.0000e+000
2.960000e+003	2.18174117e-001	-3.18182588e+000	1.44805706e+003	0.00000000e+000	4.8532e+014	1.0000e-010	0.0000e+000
2.970000e+003	2.18318922e-001	-3.18168108e+000	1.43886459e+003	0.00000000e+000	4.8261e+014	1.0000e-010	0.0000e+000
2.980000e+003	2.18462809e-001	-3.18153719e+000	1.42972313e+003	0.00000000e+000	4.7993e+014	1.0000e-010	0.0000e+000
2.990000e+003	2.18605781e-001	-3.18139422e+000	1.42063210e+003	0.00000000e+000	4.7728e+014	1.0000e-010	0.0000e+000
3.000000e+003	2.18747844e-001	-3.18125216e+000	1.41159088e+003	0.00000000e+000	4.7467e+014	1.0000e-010	0.0000e+000
3.010000e+003	2.18889003e-001	-3.18111100e+000	1.40259890e+003	0.00000000e+000	4.7208e+014	1.0000e-010	0.0000e+000
3.020000e+003	2.19029263e-001	-3.18097074e+000	1.39365557e+003	0.00000000e+000	4.6953e+014	1.0000e-010	0.0000e+000
3.030000e+003	2.19168629e-001	-3.18083137e+000	1.38476032e+003	0.00000000e+000	4.6700e+014	1.0000e-010	0.0000e+000
3.040000e+003	2.19307105e-001	-3.18069290e+000	1.37591260e+003	0.00000000e+000	4.6451e+014	1.0000e-010	0.0000e+000
3.050000e+003	2.19444696e-001	-3.18055530e+000	1.36711183e+003	0.00000000e+000	4.6204e+014	1.0000e-010	0.0000e+000
3.060000e+003	2.19581407e-001	-3.18041859e+000	1.35835749e+003	0.00000000e+000	4.5960e+014	1.0000e-010	0.0000e+000
3.070000e+003	2.19717243e-001	-3.18028276e+000	1.34964902e+003	0.00000000e+000	4.5720e+014	1.0000e-010	0.0000e+000
3.080000e+003	2.19852208e-001	-3.18014779e+000	1.34098590e+003	0.00000000e+000	4.5482e+014	1.0000e-010	0.0000e+000
3.090000e+003	2.19986307e-001	-3.18001369e+000	1.33236760e+003	0.00000000e+000	4.5246e+014	1.0000e-010	0.0000e+000
3.100000e+003	2.20119543e-001	-3.17988046e+000	1.32379361e+003	0.00000000e+000	4.5014e+014	1.0000e-010	0.0000e+000
3.110000e+003	2.20251923e-001	-3.17974808e+000	1.31526340e+003	0.00000000e+000	4.4784e+014	1.0000e-010	0.0000e+000
3.120000e+003	2.20383449e-001	-3.17961655e+000	1.30677649e+003	0.00000000e+000	4.4556e+014	1.0000e-010	0.0000e+000
3.130000e+003	2.20514127e-001	-3.17948587e+000	1.29833236e+003	0.00000000e+000	4.4332e+014	1.0000e-010	0.0000e+000
3.140000e+003	2.20643960e-001	-3.17935604e+000	1.28993054e+003	0.00000000e+000	4.4110e+014	1.0000e-010	0.0000e+000
3.150000e+003	2.20772953e-001	-3.17922705e+000	1.28157054e+003	0.00000000e+000	4.3890e+014	1.0000e-010	0.0000e+000
3.160000e+003	2.20901110e-001	-3.17909889e+000	1.27325187e+003	0.00000000e+000	4.3673e+014	1.0000e-010	0.0000e+000
3.170000e+003	2.21028435e-001	-3.17897156e+000	1.26497408e+003	0.00000000e+000	4.3459e+014	1.0000e-010	0.0000e+000
3.180000e+003	2.21154933e-001	-3.17884507e+000	1.25673669e+003	0.00000000e+000	4.3246e+014	1.0000e-010	0.0000e+000
3.190000e+003	2.21280606e-001	-3.17871939e+000	1.24853925e+003	0.00000000e+000	4.3037e+014	1.0000e-010	0.0000e+000
3.200000e+003	2.21405460e-001	-3.17859454e+000	1.24038130e+003	0.00000000e+000	4.2829e+014	1.0000e-010	0.0000e+000
3.210000e+003	2.21529498e-001	-3.17847050e+000	1.23226240e+003	0.00000000e+000	4.2624e+014	1.0000e-010	0.0000e+000
3.220000e+003	2.21652725e-001	-3.17834728e+000	1.22418211e+003	0.00000000e+000	4.2422e+014	1.0000e-010	0.0000e+000
3.230000e+003	2.21775143e-001	-3.17822486e+000	1.21613999e+003	0.00000000e+000	4.2221e+014	1.0000e-010	0.0000e+000
3.240000e+003	2.21896757e-001	-3.17810324e+000	1.20813562e+003	0.00000000e+000	4.2023e+014	1.0000e-010	0.0000e+000
3.250000e+003	2.22017570e-001	-3.17798243e+000	1.20016856e+003	0.00000000e+000	4.1827e+014	1.0000e-010	0.0000e+000
3.260000e+003	2.22137587e-001	-3.17786241e+000	1.19223841e+003	0.00000000e+000	4.1633e+014	1.0000e-010	0.0000e+000
3.270000e+003	2.22256811e-001	-3.17774319e+000	1.18434474e+003	0.00000000e+000	4.1442e+014	1.0000e-010	0.0000e+000
3.280000e+003	2.22375246e-001	-3.17762475e+000	1.17648716e+003	0.00000000e+000	4.1252e+014	1.0000e-010	0.0000e+000
3.290000e+003	2.22492894e-001	-3.17750711e+000	1.16866525e+003	0.00000000e+000	4.1065e+014	1.0000e-010	0.0000e+000
3.300000e+003	2.22609761e-001	-3.17739024e+000	1.16087862e+003	0.00000000e+000	4.0880e+014	1.0000e-010	0.0000e+000
3.310000e+003	2.22725849e-001	-3.17727415e+000	1.15312688e+003	0.00000000e+000	4.0697e+014	1.0000e-010	0.0000e+000
3.320000e+003	2.22841161e-001	-3.17715884e+000	1.14540963e+003	0.00000000e+000	4.0516e+014	1.0000e-010	0.0000e+000
3.330000e+003	2.22955702e-001	-3.17704430e+000	1.13772651e+003	0.00000000e+000	4.0337e+014	1.0000e-010	0.0000e+000
3.340000e+003	2.23069475e-001	-3.17693053e+000	1.13007712e+003	0.00000000e+000	4.0159e+014	1.0000e-010	0.0000e+000
3.350000e+003	2.23182483e-001	-3.17681752e+000	1.12246110e+003	0.00000000e+000	3.9984e+014	1.0000e-010	0.0000e+000
3.360000e+003	2.23294729e-001	-3.17670527e+000	1.11487807e+003	0.00000000e+000	3.9811e+014	1.0000e-010	0.0000e+000
3.370000e+003	2.23406217e-001	-3.17659378e+000	1.10732768e+003	0.00000000e+000	3.9640e+014	1.0000e-010	0.0000e+000
3.380000e+003	2.23516949e-001	-3.17648305e+000	1.09980956e+003	0.00000000e+000	3.9470e+014	1.0000e-010	0.0000e+000
3.390000e+003	2.23626930e-001	-3.17637307e+000	1.09232335e+003	0.00000000e+000	3.9303e+014	1.0000e-010	0.0000e+000
3.400000e+003	2.23736163e-001	-3.17626384e+000	1.08486871e+003	0.00000000e+000	3.9137e+014	1.0000e-010	0.0000e+000
3.410000e+003	2.23844649e-001	-3.17615535e+000	1.07744529e+003	0.00000000e+000	3.8973e+014	1.0000e-010	0.0000e+000
3.420000e+003	2.23952394e-001	-3.17604761e+000	1.07005274e+003	0.00000000e+000	3.8811e+014	1.0000e-010	0.0000e+000
3.430000e+003	2.24059399e-001	-3.17594060e+000	1.06269072e+003	0.00000000e+000	3.8651e+014	1.0000e-010	0.0000e+000
3.440000e+003	2.24165668e-001	-3.17583433e+000	1.05535891e+003	0.00000000e+000	3.8492e+014	1.0000e-010	0.0000e+000
3.450000e+003	2.24271204e-001	-3.17572880e+000	1.04805697e+003	0.00000000e+000	3.8335e+014	1.0000e-010	0.0000e+000
3.460000e+003	2.24376010e-001	-3.17562399e+000	1.04078456e+003	0.00000000e+000	3.8180e+014	1.0000e-010	0.0000e+000
3.470000e+003	2.24480088e-001	-3.17551991e+000	1.03354138e+003	0.00000000e+000	3.8027e+014	1.0000e-010	0.0000e+000
3.480000e+003	2.24583443e-001	-3.17541656e+000	1.02632710e+003	0.00000000e+000	3.7875e+014	1.0000e-010	0.0000e+000
3.490000e+003	2.24686075e-001	-3.17531392e+000	1.01914140e+003	0.00000000e+000	3.7725e+014	1.0000e-010	0.0000e+000
3.500000e+003	2.24787989e-001	-3.17521201e+000	1.01198398e+003	0.00000000e+000	3.7577e+014	1.0000e-010	0.0000e+000
3.510000e+003	2.24889188e-001	-3.17511081e+000	1.00485452e+003	0.00000000e+000	3.7430e+014	1.0000e-010	0.0000e+000
3.520000e+003	2.24989673e-001	-3.17501033e+000	9.97752712e+002	0.00000000e+000	3.7285e+014	1.0000e-010	0.0000e+000
3.530000e+003	2.25089448e-001	-3.17491055e+000	9.90678264e+002	0.00000000e+000	3.7141e+014	1.0000e-010	0.0000e+000
3.540000e+003	2.25188516e-001	-3.17481148e+000	9.83630875e+002	0.00000000e+000	3.6999e+014	1.0000e-010	0.0000e+000
3.550000e+003	2.25286879e-001	-3.17471312e+000	9.76610248e+002	0.00000000e+000	3.6858e+014	1.0000e-010	0.0000e+000
3.560000e+003	2.25384540e-001	-3.17461546e+000	9.69616094e+002	0.00000000e+000	3.6719e+014	1.0000e-010	0.0000e+000
3.570000e+003	2.25481502e-001	-3.17451850e+000	9.62648123e+002	0.00000000e+000	3.6582e+014	1.0000e-010	0.0000e+000
3.580000e+003	2.25577767e-001	-3.17442223e+000	9.55706050e+002	0.00000000e+000	3.6446e+014	1.0000e-010	0.0000e+000
3.590000e+003	2.25673337e-001	-3.17432666e+000	9.48789593e+002	0.00000000e+000	3.6312e+014	1.0000e-010	0.0000e+000
3.600000e+003	2.25768216e-001	-3.17423178e+000	9.41898474e+002	0.00000000e+000	3.6178e+014	1.0000e-010	0.0000e+000
3.610000e+003	2.25862406e-001	-3.17413759e+000	9.35032417e+002	0.00000000e+000	3.6047e+014	1.0000e-010	0.0000e+000
3.620000e+003	2.25955910e-001	-3.17404409e+000	9.28191148e+002	0.00000000e+000	3.5917e+014	1.0000e-010	0.0000e+000
3.630000e+003	2.26048729e-001	-3.17395127e+000	9.21374398e+002	0.00000000e+000	3.5788e+014	1.0000e-010	0.0000e+000
3.640000e+003	2.26140866e-001	-3.17385913e+000	9.14581901e+002	0.00000000e+000	3.5661e+014	1.0000e-010	0.0000e+000
3.650000e+003	2.26232324e-001	-3.17376768e+000	9.07813391e+002	0.00000000e+000	3.5535e+014	1.0000e-010	0.0000e+000
3.660000e+003	2.26323106e-001	-3.17367689e+000	9.01068607e+002	0.00000000e+000	3.5410e+014	1.0000e-010	0.0000e+000
3.670000e+003	2.26413212e-001	-3.17358679e+000	8.94347291e+002	0.00000000e+000	3.5287e+014	1.0000e-010	0.0000e+000
3.680000e+003	2.26502647e-001	-3.17349735e+000	8.87649188e+002	0.00000000e+000	3.5165e+014	1.0000e-010	0.0000e+000
3.690000e+003	2.26591412e-001	-3.17340859e+000	8.80974043e+002	0.00000000e+000	3.5045e+014	1.0000e-010	0.0000e+000
3.700000e+003	2.26679510e-001	-3.17332049e+000	8.74321608e+002	0.00000000e+000	3.4925e+014	1.0000e-010	0.0000e+000
3.710000e+003	2.26766942e-001	-3.17323306e+000	8.67691632e+002	0.00000000e+000	3.4807e+014	1.0000e-010	0.0000e+000
3.720000e+003	2.26853711e-001	-3.17314629e+000	8.61083873e+002	0.00000000e+000	3.4691e+014	1.0000e-010	0.0000e+000
3.730000e+003	2.26939819e-001	-3.17306018e+000	8.54498086e+002	0.00000000e+000	3.4575e+014	1.0000e-010	0.0000e+000
3.740000e+003	2.27025269e-001	-3.17297473e+000	8.47934031e+002	0.00000000e+000	3.4461e+014	1.0000e-010	0.0000e+000
3.750000e+003	2.27110062e-001	-3.17288994e+000	8.41391471e+002	0.00000000e+000	3.4349e+014	1.0000e-010	0.0000e+000
3.760000e+003	2.27194202e-001	-3.17280580e+000	8.34870170e+002	0.00000000e+000	3.4237e+014	1.0000e-010	0.0000e+000
3.770000e+003	2.27277689e-001	-3.17272231e+000	8.28369895e+002	0.00000000e+000	3.4127e+014	1.0000e-010	0.0000e+000
3.780000e+003	2.27360526e-001	-3.17263947e+000	8.21890416e+002	0.00000000e+000	3.4017e+014	1.0000e-010	0.0000e+000
3.790000e+003	2.27442715e-001	-3.17255729e+000	8.15431503e+002	0.00000000e+000	3.3909e+014	1.0000e-010	0.0000e+000
3.800000e+003	2.27524258e-001	-3.17247574e+000	8.08992931e+002	0.00000000e+000	3.3803e+014	1.0000e-010	0.0000e+000
3.810000e+003	2.27605157e-001	-3.17239484e+000	8.02574476e+002	0.00000000e+000	3.3697e+014	1.0000e-010	0.0000e+000
3.820000e+003	2.27685415e-001	-3.17231459e+000	7.96175917e+002	0.00000000e+000	3.3593e+014	1.0000e-010	0.0000e+000
3.830000e+003	2.27765032e-001	-3.17223497e+000	7.89797032e+002	0.00000000e+000	3.3489e+014	1.0000e-010	0.0000e+000
3.840000e+003	2.27844012e-001	-3.17215599e+000	7.83437607e+002	0.00000000e+000	3.3387e+014	1.0000e-010	0.0000e+000
3.850000e+003	2.27922356e-001	-3.17207764e+000	7.77097424e+002	0.00000000e+000	3.3286e+014	1.0000e-010	0.0000e+000
3.860000e+003	2.28000065e-001	-3.17199993e+000	7.70776270e+002	0.00000000e+000	3.3186e+014	1.0000e-010	0.0000e+000
3.870000e+003	2.28077143e-001	-3.17192286e+000	7.64473935e+002	0.00000000e+000	3.3087e+014	1.0000e-010	0.0000e+000
3.880000e+003	2.28153590e-001	-3.17184641e+000	7.58190210e+002	0.00000000e+000	3.2990e+014	1.0000e-010	0.0000e+000
3.890000e+003	2.28229409e-001	-3.17177059e+000	7.51924886e+002	0.00000000e+000	3.2893e+014	1.0000e-010	0.0000e+000
3.900000e+003	2.28304602e-001	-3.17169540e+000	7.45677759e+002	0.00000000e+000	3.2798e+014	1.0000e-010	0.0000e+000
3.910000e+003	2.28379170e-001	-3.17162083e+000	7.39448625e+002	0.00000000e+000	3.2703e+014	1.0000e-010	0.0000e+000
3.920000e+003	2.28453114e-001	-3.17154689e+000	7.33237284e+002	0.00000000e+000	3.2610e+014	1.0000e-010	0.0000e+000
3.930000e+003	2.28526438e-001	-3.17147356e+000	7.27043534e+002	0.00000000e+000	3.2517e+014	1.0000e-010	0.0000e+000
3.940000e+003	2.28599143e-001	-3.17140086e+000	7.20867179e+002	0.00000000e+000	3.2426e+014	1.0000e-010	0.0000e+000
3.950000e+003	2.28671229e-001	-3.17132877e+000	7.14708022e+002	0.00000000e+000	3.2336e+014	1.0000e-010	0.0000e+000
3.960000e+003	2.28742700e-001	-3.17125730e+000	7.08565869e+002	0.00000000e+000	3.2246e+014	1.0000e-010	0.0000e+000
3.970000e+003	2.28813557e-001	-3.17118644e+000	7.02440528e+002	0.00000000e+000	3.2158e+014	1.0000e-010	0.0000e+000
3.980000e+003	2.28883801e-001	-3.17111620e+000	6.96331808e+002	0.00000000e+000	3.2071e+014	1.0000e-010	0.0000e+000
3.990000e+003	2.28953434e-001	-3.17104657e+000	6.90239520e+002	0.00000000e+000	3.1985e+014	1.0000e-010	0.0000e+000
4.000000e+003	2.29022458e-001	-3.17097754e+000	6.84163477e+002	0.00000000e+000	3.1899e+014	1.0000e-010	0.0000e+000
4.010000e+003	2.29090874e-001	-3.17090913e+000	6.78103492e+002	0.00000000e+000	3.1815e+014	1.0000e-010	0.0000e+000
4.020000e+003	2.29158685e-001	-3.17084132e+000	6.72059382e+002	0.00000000e+000	3.1732e+014	1.0000e-010	0.0000e+000
4.030000e+003	2.29225890e-001	-3.17077411e+000	6.66030964e+002	0.00000000e+000	3.1649e+014	1.0000e-010	0.0000e+000
4.040000e+003	2.29292494e-001	-3.17070751e+000	6.60018057e+002	0.00000000e+000	3.1568e+014	1.0000e-010	0.0000e+000
4.050000e+003	2.29358495e-001	-3.17064150e+000	6.54020482e+002	0.00000000e+000	3.1487e+014	1.0000e-010	0.0000e+000
4.060000e+003	2.29423897e-001	-3.17057610e+000	6.48038060e+002	0.00000000e+000	3.1408e+014	1.0000e-010	0.0000e+000
4.070000e+003	2.29488701e-001	-3.17051130e+000	6.42070617e+002	0.00000000e+000	3.1329e+014	1.0000e-010	0.0000e+000
4.080000e+003	2.29552908e-001	-3.17044709e+000	6.36117976e+002	0.00000000e+000	3.1251e+014	1.0000e-010	0.0000e+000
4.090000e+003	2.29616520e-001	-3.17038348e+000	6.30179964e+002	0.00000000e+000	3.1175e+014	1.0000e-010	0.0000e+000
4.100000e+003	2.29679538e-001	-3.17032046e+000	6.24256409e+002	0.00000000e+000	3.1099e+014	1.0000e-010	0.0000e+000
4.110000e+003	2.29741964e-001	-3.17025804e+000	6.18347140e+002	0.00000000e+000	3.1024e+014	1.0000e-010	0.0000e+000
4.120000e+003	2.29803798e-001	-3.17019620e+000	6.12451989e+002	0.00000000e+000	3.0950e+014	1.0000e-010	0.0000e+000
4.130000e+003	2.29865044e-001	-3.17013496e+000	6.06570788e+002	0.00000000e+000	3.0876e+014	1.0000e-010	0.0000e+000
4.140000e+003	2.29925701e-001	-3.17007430e+000	6.00703370e+002	0.00000000e+000	3.0804e+014	1.0000e-010	0.0000e+000
4.150000e+003	2.29985771e-001	-3.17001423e+000	5.94849569e+002	0.00000000e+000	3.0733e+014	1.0000e-010	0.0000e+000
4.160000e+003	2.30045256e-001	-3.16995474e+000	5.89009222e+002	0.00000000e+000	3.0662e+014	1.0000e-010	0.0000e+000
4.170000e+003	2.30104157e-001	-3.16989584e+000	5.83182167e+002	0.00000000e+000	3.0592e+014	1.0000e-010	0.0000e+000
4.180000e+003	2.30162475e-001	-3.16983752e+000	5.77368242e+002	0.00000000e+000	3.0523e+014	1.0000e-010	0.0000e+000
4.190000e+003	2.30220212e-001	-3.16977979e+000	5.71567287e+002	0.00000000e+000	3.0455e+014	1.0000e-010	0.0000e+000
4.200000e+003	2.30277369e-001	-3.16972263e+000	5.65779144e+002	0.00000000e+000	3.0388e+014	1.0000e-010	0.0000e+000
4.210000e+003	2.30333947e-001	-3.16966605e+000	5.60003654e+002	0.00000000e+000	3.0321e+014	1.0000e-010	0.0000e+000
4.220000e+003	2.30389947e-001	-3.16961005e+000	5.54240661e+002	0.00000000e+000	3.0256e+014	1.0000e-010	0.0000e+000
4.230000e+003	2.30445371e-001	-3.16955463e+000	5.48490011e+002	0.00000000e+000	3.0191e+014	1.0000e-010	0.0000e+000
4.240000e+003	2.30500220e-001	-3.16949978e+000	5.42751548e+002	0.00000000e+000	3.0127e+014	1.0000e-010	0.0000e+000
4.250000e+003	2.30554495e-001	-3.16944550e+000	5.37025120e+002	0.00000000e+000	3.0064e+014	1.0000e-010	0.0000e+000
4.260000e+003	2.30608198e-001	-3.16939180e+000	5.31310576e+002	0.00000000e+000	3.0001e+014	1.0000e-010	0.0000e+000
4.270000e+003	2.30661329e-001	-3.16933867e+000	5.25607764e+002	0.00000000e+000	2.9940e+014	1.0000e-010	0.0000e+000
4.280000e+003	2.30713890e-001	-3.16928611e+000	5.19916535e+002	0.00000000e+000	2.9879e+014	1.0000e-010	0.0000e+000
4.290000e+003	2.30765881e-001	-3.16923412e+000	5.14236740e+002	0.00000000e+000	2.9819e+014	1.0000e-010	0.0000e+000
4.300000e+003	2.30817305e-001	-3.16918270e+000	5.08568232e+002	0.00000000e+000	2.9760e+014	1.0000e-010	0.0000e+000
4.310000e+003	2.30868162e-001	-3.16913184e+000	5.02910864e+002	0.00000000e+000	2.9701e+014	1.0000e-010	0.0000e+000
4.320000e+003	2.30918453e-001	-3.16908155e+000	4.97264492e+002	0.00000000e+000	2.9644e+014	1.0000e-010	0.0000e+000
4.330000e+003	2.30968179e-001	-3.16903182e+000	4.91628969e+002	0.00000000e+000	2.9587e+014	1.0000e-010	0.0000e+000
4.340000e+003	2.31017342e-001	-3.16898266e+000	4.86004154e+002	0.00000000e+000	2.9530e+014	1.0000e-010	0.0000e+000
4.350000e+003	2.31065943e-001	-3.16893406e+000	4.80389902e+002	0.00000000e+000	2.9475e+014	1.0000e-010	0.0000e+000
4.360000e+003	2.31113982e-001	-3.16888602e+000	4.74786074e+002	0.00000000e+000	2.9420e+014	1.0000e-010	0.0000e+000
4.370000e+003	2.31161460e-001	-3.16883854e+000	4.69192528e+002	0.00000000e+000	2.9366e+014	1.0000e-010	0.0000e+000
4.380000e+003	2.31208379e-001	-3.16879162e+000	4.63609125e+002	0.00000000e+000	2.9313e+014	1.0000e-010	0.0000e+000
4.390000e+003	2.31254740e-001	-3.16874526e+000	4.58035726e+002	0.00000000e+000	2.9260e+014	1.0000e-010	0.0000e+000
4.400000e+003	2.31300544e-001	-3.16869946e+000	4.52472192e+002	0.00000000e+000	2.9209e+014	1.0000e-010	0.0000e+000
4.410000e+003	2.31345791e-001	-3.16865421e+000	4.46918388e+002	0.00000000e+000	2.9158e+014	1.0000e-010	0.0000e+000
4.420000e+003	2.31390483e-001	-3.16860952e+000	4.41374176e+002	0.00000000e+000	2.9107e+014	1.0000e-010	0.0000e+000
4.430000e+003	2.31434620e-001	-3.16856538e+000	4.35839422e+002	0.00000000e+000	2.9058e+014	1.0000e-010	0.0000e+000
4.440000e+003	2.31478204e-001	-3.16852180e+000	4.30313991e+002	0.00000000e+000	2.9009e+014	1.0000e-010	0.0000e+000
4.450000e+003	2.31521236e-001	-3.16847876e+000	4.24797750e+002	0.00000000e+000	2.8960e+014	1.0000e-010	0.0000e+000
4.460000e+003	2.31563715e-001	-3.16843628e+000	4.19290566e+002	0.00000000e+000	2.8913e+014	1.0000e-010	0.0000e+000
4.470000e+003	2.31605645e-001	-3.16839436e+000	4.13792306e+002	0.00000000e+000	2.8866e+014	1.0000e-010	0.0000e+000
4.480000e+003	2.31647024e-001	-3.16835298e+000	4.08302840e+002	0.00000000e+000	2.8820e+014	1.0000e-010	0.0000e+000
4.490000e+003	2.31687854e-001	-3.16831215e+000	4.02822038e+002	0.00000000e+000	2.8774e+014	1.0000e-010	0.0000e+000
4.500000e+003	2.31728136e-001	-3.16827186e+000	3.97349768e+002	0.00000000e+000	2.8730e+014	1.0000e-010	0.0000e+000
4.510000e+003	2.31767871e-001	-3.16823213e+000	3.91885903e+002	0.00000000e+000	2.8685e+014	1.0000e-010	0.0000e+000
4.520000e+003	2.31807060e-001	-3.16819294e+000	3.86430315e+002	0.00000000e+000	2.8642e+014	1.0000e-010	0.0000e+000
4.530000e+003	2.31845703e-001	-3.16815430e+000	3.80982875e+002	0.00000000e+000	2.8599e+014	1.0000e-010	0.0000e+000
4.540000e+003	2.31883801e-001	-3.16811620e+000	3.75543457e+002	0.00000000e+000	2.8557e+014	1.0000e-010	0.0000e+000
4.550000e+003	2.31921356e-001	-3.16807864e+000	3.70111936e+002	0.00000000e+000	2.8516e+014	1.0000e-010	0.0000e+000
4.560000e+003	2.31958367e-001	-3.16804163e+000	3.64688184e+002	0.00000000e+000	2.8475e+014	1.0000e-010	0.0000e+000
4.570000e+003	2.31994836e-001	-3.16800516e+000	3.59272079e+002	0.00000000e+000	2.8435e+014	1.0000e-010	0.0000e+000
4.580000e+003	2.32030763e-001	-3.16796924e+000	3.53863495e+002	0.00000000e+000	2.8395e+014	1.0000e-010	0.0000e+000
4.590000e+003	2.32066149e-001	-3.16793385e+000	3.48462310e+002	0.00000000e+000	2.8356e+014	1.0000e-010	0.0000e+000
4.600000e+003	2.32100995e-001	-3.16789900e+000	3.43068399e+002	0.00000000e+000	2.8318e+014	1.0000e-010	0.0000e+000
4.610000e+003	2.32135302e-001	-3.16786470e+000	3.37681643e+002	0.00000000e+000	2.8281e+014	1.0000e-010	0.0000e+000
4.620000e+003	2.32169070e-001	-3.16783093e+000	3.32301917e+002	0.00000000e+000	2.8244e+014	1.0000e-010	0.0000e+000
4.630000e+003	2.32202300e-001	-3.16779770e+000	3.26929103e+002	0.00000000e+000	2.8207e+014	1.0000e-010	0.0000e+000
4.640000e+003	2.32234993e-001	-3.16776501e+000	3.21563078e+002	0.00000000e+000	2.8172e+014	1.0000e-010	0.0000e+000
4.650000e+003	2.32267150e-001	-3.16773285e+000	3.16203724e+002	0.00000000e+000	2.8137e+014	1.0000e-010	0.0000e+000
4.660000e+003	2.32298770e-001	-3.16770123e+000	3.10850922e+002	0.00000000e+000	2.8102e+014	1.0000e-010	0.0000e+000
4.670000e+003	2.32329855e-001	-3.16767014e+000	3.05504552e+002	0.00000000e+000	2.8069e+014	1.0000e-010	0.0000e+000
4.680000e+003	2.32360406e-001	-3.16763959e+000	3.00164496e+002	0.00000000e+000	2.8035e+014	1.0000e-010	0.0000e+000
4.690000e+003	2.32390422e-001	-3.16760958e+000	2.94830636e+002	0.00000000e+000	2.8003e+014	1.0000e-010	0.0000e+000
4.700000e+003	2.32419905e-001	-3.16758009e+000	2.89502857e+002	0.00000000e+000	2.7971e+014	1.0000e-010	0.0000e+000
4.710000e+003	2.32448855e-001	-3.16755114e+000	2.84181040e+002	0.00000000e+000	2.7940e+014	1.0000e-010	0.0000e+000
4.720000e+003	2.32477274e-001	-3.16752273e+000	2.78865070e+002	0.00000000e+000	2.7909e+014	1.0000e-010	0.0000e+000
4.730000e+003	2.32505160e-001	-3.16749484e+000	2.73554832e+002	0.00000000e+000	2.7879e+014	1.0000e-010	0.0000e+000
4.740000e+003	2.32532516e-001	-3.16746748e+000	2.68250209e+002	0.00000000e+000	2.7849e+014	1.0000e-010	0.0000e+000
4.750000e+003	2.32559341e-001	-3.16744066e+000	2.62951088e+002	0.00000000e+000	2.7820e+014	1.0000e-010	0.0000e+000
4.760000e+003	2.32585636e-001	-3.16741436e+000	2.57657354e+002	0.00000000e+000	2.7792e+014	1.0000e-010	0.0000e+000
4.770000e+003	2.32611401e-001	-3.16738860e+000	2.52368894e+002	0.00000000e+000	2.7765e+014	1.0000e-010	0.0000e+000
4.780000e+003	2.32636638e-001	-3.16736336e+000	2.47085593e+002	0.00000000e+000	2.7737e+014	1.0000e-010	0.0000e+000
4.790000e+003	2.32661347e-001	-3.16733865e+000	2.41807340e+002	0.00000000e+000	2.7711e+014	1.0000e-010	0.0000e+000
4.800000e+003	2.32685528e-001	-3.16731447e+000	2.36534022e+002	0.00000000e+000	2.7685e+014	1.0000e-010	0.0000e+000
4.810000e+003	2.32709181e-001	-3.16729082e+000	2.31265526e+002	0.00000000e+000	2.7660e+014	1.0000e-010	0.0000e+000
4.820000e+003	2.32732308e-001	-3.16726769e+000	2.26001741e+002	0.00000000e+000	2.7635e+014	1.0000e-010	0.0000e+000
4.830000e+003	2.32754908e-001	-3.16724509e+000	2.20742556e+002	0.00000000e+000	2.7611e+014	1.0000e-010	0.0000e+000
4.840000e+003	2.32776982e-001	-3.16722302e+000	2.15487860e+002	0.00000000e+000	2.7587e+014	1.0000e-010	0.0000e+000
4.850000e+003	2.32798531e-001	-3.16720147e+000	2.10237542e+002	0.00000000e+000	2.7564e+014	1.0000e-010	0.0000e+000
4.860000e+003	2.32819555e-001	-3.16718045e+000	2.04991492e+002	0.00000000e+000	2.7542e+014	1.0000e-010	0.0000e+000
4.870000e+003	2.32840054e-001	-3.16715995e+000	1.99749600e+002	0.00000000e+000	2.7520e+014	1.0000e-010	0.0000e+000
4.880000e+003	2.32860029e-001	-3.16713997e+000	1.94511756e+002	0.00000000e+000	2.7499e+014	1.0000e-010	0.0000e+000
4.890000e+003	2.32879480e-001	-3.16712052e+000	1.89277852e+002	0.00000000e+000	2.7478e+014	1.0000e-010	0.0000e+000
4.900000e+003	2.32898408e-001	-3.16710159e+000	1.84047779e+002	0.00000000e+000	2.7458e+014	1.0000e-010	0.0000e+000
4.910000e+003	2.32916812e-001	-3.16708319e+000	1.78821428e+002	0.00000000e+000	2.7438e+014	1.0000e-010	0.0000e+000
4.920000e+003	2.32934694e-001	-3.16706531e+000	1.73598691e+002	0.00000000e+000	2.7419e+014	1.0000e-010	0.0000e+000
4.930000e+003	2.32952054e-001	-3.16704795e+000	1.68379460e+002	0.00000000e+000	2.7401e+014	1.0000e-010	0.0000e+000
4.940000e+003	2.32968892e-001	-3.16703111e+000	1.63163627e+002	0.00000000e+000	2.7383e+014	1.0000e-010	0.0000e+000
4.950000e+003	2.32985209e-001	-3.16701479e+000	1.57951085e+002	0.00000000e+000	2.7366e+014	1.0000e-010	0.0000e+000
4.960000e+003	2.33001004e-001	-3.16699900e+000	1.52741726e+002	0.00000000e+000	2.7349e+014	1.0000e-010	0.0000e+000
4.970000e+003	2.33016278e-001	-3.16698372e+000	1.47535445e+002	0.00000000e+000	2.7333e+014	1.0000e-010	0.0000e+000
4.980000e+003	2.33031031e-001	-3.16696897e+000	1.42332134e+002	0.00000000e+000	2.7317e+014	1.0000e-010	0.0000e+000
4.990000e+003	2.33045265e-001	-3.16695474e+000	1.37131687e+002	0.00000000e+000	2.7302e+014	1.0000e-010	0.0000e+000
5.000000e+003	2.33058978e-001	-3.16694102e+000	1.31933998e+002	0.00000000e+000	2.7288e+014	1.0000e-010	0.0000e+000
5.010000e+003	2.33072171e-001	-3.16692783e+000	1.26738961e+002	0.00000000e+000	2.7274e+014	1.0000e-010	0.0000e+000
5.020000e+003	2.33084845e-001	-3.16691515e+000	1.21546470e+002	0.00000000e+000	2.7261e+014	1.0000e-010	0.0000e+000
5.030000e+003	2.33097000e-001	-3.16690300e+000	1.16356420e+002	0.00000000e+000	2.7248e+014	1.0000e-010	0.0000e+000
5.040000e+003	2.33108635e-001	-3.16689136e+000	1.11168705e+002	0.00000000e+000	2.7236e+014	1.0000e-010	0.0000e+000
5.050000e+003	2.33119752e-001	-3.16688025e+000	1.05983220e+002	0.00000000e+000	2.7224e+014	1.0000e-010	0.0000e+000
5.060000e+003	2.33130351e-001	-3.16686965e+000	1.00799861e+002	0.00000000e+000	2.7213e+014	1.0000e-010	0.0000e+000
5.070000e+003	2.33140431e-001	-3.16685957e+000	9.56185230e+001	0.00000000e+000	2.7202e+014	1.0000e-010	0.0000e+000
5.080000e+003	2.33149992e-001	-3.16685001e+000	9.04391007e+001	0.00000000e+000	2.7192e+014	1.0000e-010	0.0000e+000
5.090000e+003	2.33159036e-001	-3.16684096e+000	8.52614900e+001	0.00000000e+000	2.7183e+014	1.0000e-010	0.0000e+000
5.100000e+003	2.33167563e-001	-3.16683244e+000	8.00855866e+001	0.00000000e+000	2.7174e+014	1.0000e-010	0.0000e+000
5.110000e+003	2.33175571e-001	-3.16682443e+000	7.49112864e+001	0.00000000e+000	2.7165e+014	1.0000e-010	0.0000e+000
5.120000e+003	2.33183062e-001	-3.16681694e+000	6.97384854e+001	0.00000000e+000	2.7157e+014	1.0000e-010	0.0000e+000
5.130000e+003	2.33190036e-001	-3.16680996e+000	6.45670796e+001	0.00000000e+000	2.7150e+014	1.0000e-010	0.0000e+000
5.140000e+003	2.33196493e-001	-3.16680351e+000	5.93969652e+001	0.00000000e+000	2.7143e+014	1.0000e-010	0.0000e+000
5.150000e+003	2.33202432e-001	-3.16679757e+000	5.42280385e+001	0.00000000e+000	2.7137e+014	1.0000e-010	0.0000e+000
5.160000e+003	2.33207855e-001	-3.16679214e+000	4.90601960e+001	0.00000000e+000	2.7131e+014	1.0000e-010	0.0000e+000
5.170000e+003	2.33212761e-001	-3.16678724e+000	4.38933341e+001	0.00000000e+000	2.7126e+014	1.0000e-010	0.0000e+000
5.180000e+003	2.33217151e-001	-3.16678285e+000	3.87273494e+001	0.00000000e+000	2.7122e+014	1.0000e-010	0.0000e+000
5.190000e+003	2.33221023e-001	-3.16677898e+000	3.35621385e+001	0.00000000e+000	2.7117e+014	1.0000e-010	0.0000e+000
5.200000e+003	2.33224380e-001	-3.16677562e+000	2.83975982e+001	0.00000000e+000	2.7114e+014	1.0000e-010	0.0000e+000
5.210000e+003	2.33227219e-001	-3.16677278e+000	2.32336251e+001	0.00000000e+000	2.7111e+014	1.0000e-010	0.0000e+000
5.220000e+003	2.33229543e-001	-3.16677046e+000	1.80701161e+001	0.00000000e+000	2.7109e+014	1.0000e-010	0.0000e+000
5.230000e+003	2.33231350e-001	-3.16676865e+000	1.29069680e+001	0.00000000e+000	2.7107e+014	1.0000e-010	0.0000e+000
5.240000e+003	2.33232640e-001	-3.16676736e+000	7.74407772e+000	0.00000000e+000	2.7105e+014	1.0000e-010	0.0000e+000
5.250000e+003	2.33233415e-001	-3.16676659e+000	2.58134206e+000	0.00000000e+000	2.7104e+014	1.0000e-010	0.0000e+000
5.260000e+003	2.33233673e-001	-3.16676633e+000	2.58134206e+000	0.00000000e+000	2.7104e+014	1.0000e-010	0.0000e+000
