Y (ang)	Ec (eV)	Ev (eV)	E (V/cm)	Ef (eV)	n (cm-3)	p (cm-3)	Nd - Na (cm-3)	el eval 1 (eV)	el eval 2 (eV)	el eval 3 (eV)	el eval 4 (eV)	el eval 5 (eV)	el eval 6 (eV)	el eval 7 (eV)	el eval 8 (eV)	el eval 9 (eV)	el eval 10 (eV)	el eval 11 (eV)	el eval 12 (eV)
0.000000e+000	6.00000000e-001	-2.80000000e+000	2.45929678e+006	-0.00000000e+000	1.8691e+008	1.0000e-010	0.0000e+000
1.000000e+001	1.40592968e+000	-2.69407032e+000	-1.83293661e+005	0.00000000e+000	5.2974e-006	1.0000e-010	-1.3848e+020
2.000000e+001	1.39208031e+000	-2.71351969e+000	-2.06179918e+005	0.00000000e+000	9.2313e-006	1.0000e-010	-1.1676e+018	-1.3067e-001	2.7926e-003	5.0963e-002	7.7213e-002	9.4962e-002	1.0830e-001	1.1896e-001	1.2783e-001	1.3541e-001	1.4202e-001	1.4792e-001	1.5353e-001
3.000000e+001	1.37594232e+000	-2.73525768e+000	-2.29094643e+005	0.00000000e+000	1.7233e-005	1.0000e-010	-1.1686e+018
4.000000e+001	1.35751286e+000	-2.75928714e+000	-2.52037855e+005	0.00000000e+000	3.5154e-005	1.0000e-010	-1.1695e+018
5.000000e+001	1.33678907e+000	-2.78561093e+000	-2.75009571e+005	0.00000000e+000	7.8364e-005	1.0000e-010	-1.1705e+018
6.000000e+001	1.31376811e+000	-2.81423189e+000	-2.98009811e+005	0.00000000e+000	1.9092e-004	1.0000e-010	-1.1714e+018
7.000000e+001	1.28844713e+000	-2.84515287e+000	-3.21038593e+005	0.00000000e+000	5.0842e-004	1.0000e-010	-1.1724e+018
8.000000e+001	1.26082327e+000	-2.87837673e+000	-3.44095936e+005	0.00000000e+000	1.4801e-003	1.0000e-010	-1.1733e+018
9.000000e+001	1.23089368e+000	-2.91390632e+000	-3.67181858e+005	0.00000000e+000	4.7106e-003	1.0000e-010	-1.1743e+018
1.000000e+002	1.19865549e+000	-2.95174451e+000	-3.90296377e+005	0.00000000e+000	1.6393e-002	1.0000e-010	-1.1752e+018
1.100000e+002	1.16410586e+000	-2.99189414e+000	-4.13439513e+005	0.00000000e+000	6.2395e-002	1.0000e-010	-1.1762e+018
1.200000e+002	1.12724190e+000	-3.03435810e+000	-4.36611284e+005	0.00000000e+000	2.6046e-001	1.0000e-010	-1.1771e+018
1.300000e+002	1.08806078e+000	-3.07913922e+000	-4.59811708e+005	0.00000000e+000	1.2355e+000	1.0000e-010	-1.1781e+018
1.400000e+002	1.04655961e+000	-3.12624039e+000	-4.83040804e+005	0.00000000e+000	9.2113e+000	1.0000e-010	-1.1790e+018
1.500000e+002	1.00273552e+000	-3.17566448e+000	-5.06298591e+005	0.00000000e+000	2.2938e+002	1.0000e-010	-1.1800e+018
1.600000e+002	9.56585666e-001	-3.22741433e+000	-5.29585088e+005	0.00000000e+000	1.1340e+004	1.0000e-010	-1.1809e+018
1.700000e+002	9.08107157e-001	-3.28149284e+000	-5.52900313e+005	0.00000000e+000	5.9793e+005	1.0000e-010	-1.1819e+018
1.800000e+002	8.57297126e-001	-3.33790287e+000	-5.76244284e+005	0.00000000e+000	3.0079e+007	1.0000e-010	-1.1828e+018
1.900000e+002	8.04152697e-001	-3.39664730e+000	-5.99617022e+005	0.00000000e+000	1.4174e+009	1.0000e-010	-1.1838e+018
2.000000e+002	7.48670995e-001	-3.45772900e+000	-6.23018544e+005	0.00000000e+000	6.2019e+010	1.0000e-010	-1.1847e+018
2.100000e+002	6.90849141e-001	-3.52115086e+000	-6.46448918e+005	0.00000000e+000	2.4985e+012	1.0000e-010	-1.1857e+018
2.200000e+002	6.30684249e-001	-3.58691575e+000	-6.69909869e+005	0.00000000e+000	9.1816e+013	1.0000e-010	-1.1866e+018
2.300000e+002	5.68173262e-001	-3.65502674e+000	-6.93457729e+005	0.00000000e+000	3.0460e+015	1.0000e-010	-1.1876e+018
2.400000e+002	5.03307489e-001	-3.72549251e+000	-7.18747006e+005	0.00000000e+000	9.0153e+016	1.0000e-010	-1.1885e+018
2.500000e+002	4.35912789e-001	-3.79848721e+000	-7.88470400e+005	0.00000000e+000	2.3483e+018	1.0000e-010	-1.1895e+018
2.600000e+002	-3.10454252e-001	-3.71045425e+000	1.40351724e+006	0.00000000e+000	5.2987e+019	1.0000e-010	1.6677e+020
2.700000e+002	-1.70102528e-001	-3.57010253e+000	7.01253131e+005	0.00000000e+000	3.6869e+019	1.0000e-010	0.0000e+000
2.800000e+002	-9.99772146e-002	-3.49997721e+000	4.11790847e+005	0.00000000e+000	1.5197e+019	1.0000e-010	0.0000e+000
2.900000e+002	-5.87981299e-002	-3.45879813e+000	2.79356401e+005	0.00000000e+000	6.9529e+018	1.0000e-010	0.0000e+000
3.000000e+002	-3.08624898e-002	-3.43086249e+000	2.01317325e+005	0.00000000e+000	4.0972e+018	1.0000e-010	0.0000e+000
3.100000e+002	-1.07307573e-002	-3.41073076e+000	1.51505538e+005	0.00000000e+000	2.6152e+018	1.0000e-010	0.0000e+000
3.200000e+002	4.41979648e-003	-3.39558020e+000	1.19251603e+005	0.00000000e+000	1.6934e+018	1.0000e-010	0.0000e+000
3.300000e+002	1.63449568e-002	-3.38365504e+000	9.76642764e+004	0.00000000e+000	1.1334e+018	1.0000e-010	0.0000e+000
3.400000e+002	2.61113844e-002	-3.37388862e+000	8.24924077e+004	0.00000000e+000	7.9660e+017	1.0000e-010	0.0000e+000
3.500000e+002	3.43606252e-002	-3.36563937e+000	7.12976015e+004	0.00000000e+000	5.8780e+017	1.0000e-010	0.0000e+000
3.600000e+002	4.14903853e-002	-3.35850961e+000	6.27142552e+004	0.00000000e+000	4.5069e+017	1.0000e-010	0.0000e+000
3.700000e+002	4.77618109e-002	-3.35223819e+000	5.59511035e+004	0.00000000e+000	3.5513e+017	1.0000e-010	0.0000e+000
3.800000e+002	5.33569212e-002	-3.34664308e+000	5.04980303e+004	0.00000000e+000	2.8634e+017	1.0000e-010	0.0000e+000
3.900000e+002	5.84067242e-002	-3.34159328e+000	4.60040501e+004	0.00000000e+000	2.3599e+017	1.0000e-010	0.0000e+000
4.000000e+002	6.30071292e-002	-3.33699287e+000	4.22350912e+004	0.00000000e+000	1.9792e+017	1.0000e-010	0.0000e+000
4.100000e+002	6.72306384e-002	-3.33276936e+000	3.90352694e+004	0.00000000e+000	1.6803e+017	1.0000e-010	0.0000e+000
4.200000e+002	7.11341653e-002	-3.32886583e+000	3.62886713e+004	0.00000000e+000	1.4424e+017	1.0000e-010	0.0000e+000
4.300000e+002	7.47630324e-002	-3.32523697e+000	3.39024283e+004	0.00000000e+000	1.2532e+017	1.0000e-010	0.0000e+000
4.400000e+002	7.81532753e-002	-3.32184672e+000	3.18065663e+004	0.00000000e+000	1.1007e+017	1.0000e-010	0.0000e+000
4.500000e+002	8.13339319e-002	-3.31866607e+000	2.99522677e+004	0.00000000e+000	9.7384e+016	1.0000e-010	0.0000e+000
4.600000e+002	8.43291587e-002	-3.31567084e+000	2.83031865e+004	0.00000000e+000	8.6608e+016	1.0000e-010	0.0000e+000
4.700000e+002	8.71594773e-002	-3.31284052e+000	2.68277096e+004	0.00000000e+000	7.7492e+016	1.0000e-010	0.0000e+000
4.800000e+002	8.98422483e-002	-3.31015775e+000	2.54977814e+004	0.00000000e+000	6.9849e+016	1.0000e-010	0.0000e+000
4.900000e+002	9.23920264e-002	-3.30760797e+000	2.42912181e+004	0.00000000e+000	6.3371e+016	1.0000e-010	0.0000e+000
5.000000e+002	9.48211482e-002	-3.30517885e+000	2.31921448e+004	0.00000000e+000	5.7726e+016	1.0000e-010	0.0000e+000
5.100000e+002	9.71403627e-002	-3.30285964e+000	2.21884335e+004	0.00000000e+000	5.2719e+016	1.0000e-010	0.0000e+000
5.200000e+002	9.93592060e-002	-3.30064079e+000	2.12689083e+004	0.00000000e+000	4.8298e+016	1.0000e-010	0.0000e+000
5.300000e+002	1.01486097e-001	-3.29851390e+000	2.04226637e+004	0.00000000e+000	4.4449e+016	1.0000e-010	0.0000e+000
5.400000e+002	1.03528363e-001	-3.29647164e+000	1.96401243e+004	0.00000000e+000	4.1104e+016	1.0000e-010	0.0000e+000
5.500000e+002	1.05492376e-001	-3.29450762e+000	1.89139918e+004	0.00000000e+000	3.8141e+016	1.0000e-010	0.0000e+000
5.600000e+002	1.07383775e-001	-3.29261623e+000	1.82389641e+004	0.00000000e+000	3.5457e+016	1.0000e-010	0.0000e+000
5.700000e+002	1.09207671e-001	-3.29079233e+000	1.76106236e+004	0.00000000e+000	3.3005e+016	1.0000e-010	0.0000e+000
5.800000e+002	1.10968734e-001	-3.28903127e+000	1.70245488e+004	0.00000000e+000	3.0786e+016	1.0000e-010	0.0000e+000
5.900000e+002	1.12671189e-001	-3.28732881e+000	1.64762259e+004	0.00000000e+000	2.8803e+016	1.0000e-010	0.0000e+000
6.000000e+002	1.14318811e-001	-3.28568119e+000	1.59615287e+004	0.00000000e+000	2.7037e+016	1.0000e-010	0.0000e+000
6.100000e+002	1.15914964e-001	-3.28408504e+000	1.54771588e+004	0.00000000e+000	2.5444e+016	1.0000e-010	0.0000e+000
6.200000e+002	1.17462680e-001	-3.28253732e+000	1.50206649e+004	0.00000000e+000	2.3980e+016	1.0000e-010	0.0000e+000
6.300000e+002	1.18964746e-001	-3.28103525e+000	1.45900951e+004	0.00000000e+000	2.2618e+016	1.0000e-010	0.0000e+000
6.400000e+002	1.20423756e-001	-3.27957624e+000	1.41835970e+004	0.00000000e+000	2.1354e+016	1.0000e-010	0.0000e+000
6.500000e+002	1.21842116e-001	-3.27815788e+000	1.37992276e+004	0.00000000e+000	2.0192e+016	1.0000e-010	0.0000e+000
6.600000e+002	1.23222038e-001	-3.27677796e+000	1.34350179e+004	0.00000000e+000	1.9133e+016	1.0000e-010	0.0000e+000
6.700000e+002	1.24565540e-001	-3.27543446e+000	1.30891606e+004	0.00000000e+000	1.8169e+016	1.0000e-010	0.0000e+000
6.800000e+002	1.25874456e-001	-3.27412554e+000	1.27601523e+004	0.00000000e+000	1.7284e+016	1.0000e-010	0.0000e+000
6.900000e+002	1.27150471e-001	-3.27284953e+000	1.24468057e+004	0.00000000e+000	1.6461e+016	1.0000e-010	0.0000e+000
7.000000e+002	1.28395152e-001	-3.27160485e+000	1.21481519e+004	0.00000000e+000	1.5689e+016	1.0000e-010	0.0000e+000
7.100000e+002	1.29609967e-001	-3.27039003e+000	1.18633158e+004	0.00000000e+000	1.4963e+016	1.0000e-010	0.0000e+000
7.200000e+002	1.30796299e-001	-3.26920370e+000	1.15914321e+004	0.00000000e+000	1.4283e+016	1.0000e-010	0.0000e+000
7.300000e+002	1.31955442e-001	-3.26804456e+000	1.13316305e+004	0.00000000e+000	1.3648e+016	1.0000e-010	0.0000e+000
7.400000e+002	1.33088605e-001	-3.26691140e+000	1.10830667e+004	0.00000000e+000	1.3058e+016	1.0000e-010	0.0000e+000
7.500000e+002	1.34196912e-001	-3.26580309e+000	1.08449640e+004	0.00000000e+000	1.2509e+016	1.0000e-010	0.0000e+000
7.600000e+002	1.35281408e-001	-3.26471859e+000	1.06166332e+004	0.00000000e+000	1.1995e+016	1.0000e-010	0.0000e+000
7.700000e+002	1.36343071e-001	-3.26365693e+000	1.03974684e+004	0.00000000e+000	1.1514e+016	1.0000e-010	0.0000e+000
7.800000e+002	1.37382818e-001	-3.26261718e+000	1.01869204e+004	0.00000000e+000	1.1061e+016	1.0000e-010	0.0000e+000
7.900000e+002	1.38401510e-001	-3.26159849e+000	9.98447418e+003	0.00000000e+000	1.0635e+016	1.0000e-010	0.0000e+000
8.000000e+002	1.39399958e-001	-3.26060004e+000	9.78963904e+003	0.00000000e+000	1.0235e+016	1.0000e-010	0.0000e+000
8.100000e+002	1.40378922e-001	-3.25962108e+000	9.60195534e+003	0.00000000e+000	9.8597e+015	1.0000e-010	0.0000e+000
8.200000e+002	1.41339117e-001	-3.25866088e+000	9.42101066e+003	0.00000000e+000	9.5056e+015	1.0000e-010	0.0000e+000
8.300000e+002	1.42281218e-001	-3.25771878e+000	9.24645541e+003	0.00000000e+000	9.1700e+015	1.0000e-010	0.0000e+000
8.400000e+002	1.43205864e-001	-3.25679414e+000	9.07800856e+003	0.00000000e+000	8.8491e+015	1.0000e-010	0.0000e+000
8.500000e+002	1.44113665e-001	-3.25588634e+000	8.91544964e+003	0.00000000e+000	8.5398e+015	1.0000e-010	0.0000e+000
8.600000e+002	1.45005210e-001	-3.25499479e+000	8.75859877e+003	0.00000000e+000	8.2400e+015	1.0000e-010	0.0000e+000
8.700000e+002	1.45881069e-001	-3.25411893e+000	8.60729043e+003	0.00000000e+000	7.9488e+015	1.0000e-010	0.0000e+000
8.800000e+002	1.46741798e-001	-3.25325820e+000	8.46134795e+003	0.00000000e+000	7.6669e+015	1.0000e-010	0.0000e+000
8.900000e+002	1.47587933e-001	-3.25241207e+000	8.32056457e+003	0.00000000e+000	7.3958e+015	1.0000e-010	0.0000e+000
9.000000e+002	1.48419990e-001	-3.25158001e+000	8.18469449e+003	0.00000000e+000	7.1376e+015	1.0000e-010	0.0000e+000
9.100000e+002	1.49238459e-001	-3.25076154e+000	8.05345424e+003	0.00000000e+000	6.8943e+015	1.0000e-010	0.0000e+000
9.200000e+002	1.50043805e-001	-3.24995620e+000	7.92653247e+003	0.00000000e+000	6.6674e+015	1.0000e-010	0.0000e+000
9.300000e+002	1.50836458e-001	-3.24916354e+000	7.80360504e+003	0.00000000e+000	6.4574e+015	1.0000e-010	0.0000e+000
9.400000e+002	1.51616818e-001	-3.24838318e+000	7.68434990e+003	0.00000000e+000	6.2644e+015	1.0000e-010	0.0000e+000
9.500000e+002	1.52385253e-001	-3.24761475e+000	7.56846809e+003	0.00000000e+000	6.0871e+015	1.0000e-010	0.0000e+000
9.600000e+002	1.53142100e-001	-3.24685790e+000	7.45569224e+003	0.00000000e+000	5.9239e+015	1.0000e-010	0.0000e+000
9.700000e+002	1.53887669e-001	-3.24611233e+000	7.34579770e+003	0.00000000e+000	5.7725e+015	1.0000e-010	0.0000e+000
9.800000e+002	1.54622249e-001	-3.24537775e+000	7.23861040e+003	0.00000000e+000	5.6303e+015	1.0000e-010	0.0000e+000
9.900000e+002	1.55346110e-001	-3.24465389e+000	7.13401350e+003	0.00000000e+000	5.4942e+015	1.0000e-010	0.0000e+000
1.000000e+003	1.56059512e-001	-3.24394049e+000	7.03201561e+003	0.00000000e+000	5.3578e+015	1.0000e-010	0.0000e+000	-1.3067e-001	2.7926e-003	5.0963e-002	7.7213e-002	9.4962e-002	1.0830e-001	1.1896e-001	1.2783e-001	1.3541e-001	1.4202e-001	1.4792e-001	1.5353e-001
1.010000e+003	1.56762713e-001	-3.24323729e+000	6.93258237e+003	0.00000000e+000	5.2212e+015	1.0000e-010	0.0000e+000
1.020000e+003	1.57455971e-001	-3.24254403e+000	6.83578013e+003	0.00000000e+000	5.0830e+015	1.0000e-010	0.0000e+000
1.030000e+003	1.58139549e-001	-3.24186045e+000	6.74150399e+003	0.00000000e+000	4.9503e+015	1.0000e-010	0.0000e+000
1.040000e+003	1.58813700e-001	-3.24118630e+000	6.64965455e+003	0.00000000e+000	4.8229e+015	1.0000e-010	0.0000e+000
1.050000e+003	1.59478665e-001	-3.24052133e+000	6.56013753e+003	0.00000000e+000	4.7004e+015	1.0000e-010	0.0000e+000
1.060000e+003	1.60134679e-001	-3.23986532e+000	6.47286349e+003	0.00000000e+000	4.5826e+015	1.0000e-010	0.0000e+000
1.070000e+003	1.60781965e-001	-3.23921803e+000	6.38774751e+003	0.00000000e+000	4.4693e+015	1.0000e-010	0.0000e+000
1.080000e+003	1.61420740e-001	-3.23857926e+000	6.30470888e+003	0.00000000e+000	4.3602e+015	1.0000e-010	0.0000e+000
1.090000e+003	1.62051211e-001	-3.23794879e+000	6.22367087e+003	0.00000000e+000	4.2552e+015	1.0000e-010	0.0000e+000
1.100000e+003	1.62673578e-001	-3.23732642e+000	6.14456050e+003	0.00000000e+000	4.1539e+015	1.0000e-010	0.0000e+000
1.110000e+003	1.63288034e-001	-3.23671197e+000	6.06730828e+003	0.00000000e+000	4.0564e+015	1.0000e-010	0.0000e+000
1.120000e+003	1.63894765e-001	-3.23610524e+000	5.99184800e+003	0.00000000e+000	3.9623e+015	1.0000e-010	0.0000e+000
1.130000e+003	1.64493950e-001	-3.23550605e+000	5.91811660e+003	0.00000000e+000	3.8715e+015	1.0000e-010	0.0000e+000
1.140000e+003	1.65085761e-001	-3.23491424e+000	5.84605390e+003	0.00000000e+000	3.7839e+015	1.0000e-010	0.0000e+000
1.150000e+003	1.65670367e-001	-3.23432963e+000	5.77560251e+003	0.00000000e+000	3.6992e+015	1.0000e-010	0.0000e+000
1.160000e+003	1.66247927e-001	-3.23375207e+000	5.70670762e+003	0.00000000e+000	3.6175e+015	1.0000e-010	0.0000e+000
1.170000e+003	1.66818598e-001	-3.23318140e+000	5.63931690e+003	0.00000000e+000	3.5385e+015	1.0000e-010	0.0000e+000
1.180000e+003	1.67382529e-001	-3.23261747e+000	5.57338031e+003	0.00000000e+000	3.4622e+015	1.0000e-010	0.0000e+000
1.190000e+003	1.67939867e-001	-3.23206013e+000	5.50885002e+003	0.00000000e+000	3.3883e+015	1.0000e-010	0.0000e+000
1.200000e+003	1.68490752e-001	-3.23150925e+000	5.44568027e+003	0.00000000e+000	3.3169e+015	1.0000e-010	0.0000e+000
1.210000e+003	1.69035321e-001	-3.23096468e+000	5.38382726e+003	0.00000000e+000	3.2477e+015	1.0000e-010	0.0000e+000
1.220000e+003	1.69573703e-001	-3.23042630e+000	5.32324906e+003	0.00000000e+000	3.1808e+015	1.0000e-010	0.0000e+000
1.230000e+003	1.70106028e-001	-3.22989397e+000	5.26390549e+003	0.00000000e+000	3.1160e+015	1.0000e-010	0.0000e+000
1.240000e+003	1.70632419e-001	-3.22936758e+000	5.20575803e+003	0.00000000e+000	3.0531e+015	1.0000e-010	0.0000e+000
1.250000e+003	1.71152994e-001	-3.22884701e+000	5.14876976e+003	0.00000000e+000	2.9923e+015	1.0000e-010	0.0000e+000
1.260000e+003	1.71667871e-001	-3.22833213e+000	5.09290527e+003	0.00000000e+000	2.9333e+015	1.0000e-010	0.0000e+000
1.270000e+003	1.72177162e-001	-3.22782284e+000	5.03813054e+003	0.00000000e+000	2.8760e+015	1.0000e-010	0.0000e+000
1.280000e+003	1.72680975e-001	-3.22731902e+000	4.98441296e+003	0.00000000e+000	2.8205e+015	1.0000e-010	0.0000e+000
1.290000e+003	1.73179416e-001	-3.22682058e+000	4.93172116e+003	0.00000000e+000	2.7667e+015	1.0000e-010	0.0000e+000
1.300000e+003	1.73672588e-001	-3.22632741e+000	4.88002502e+003	0.00000000e+000	2.7144e+015	1.0000e-010	0.0000e+000
1.310000e+003	1.74160591e-001	-3.22583941e+000	4.82929558e+003	0.00000000e+000	2.6636e+015	1.0000e-010	0.0000e+000
1.320000e+003	1.74643521e-001	-3.22535648e+000	4.77950501e+003	0.00000000e+000	2.6143e+015	1.0000e-010	0.0000e+000
1.330000e+003	1.75121471e-001	-3.22487853e+000	4.73062650e+003	0.00000000e+000	2.5664e+015	1.0000e-010	0.0000e+000
1.340000e+003	1.75594534e-001	-3.22440547e+000	4.68263428e+003	0.00000000e+000	2.5199e+015	1.0000e-010	0.0000e+000
1.350000e+003	1.76062797e-001	-3.22393720e+000	4.63550353e+003	0.00000000e+000	2.4747e+015	1.0000e-010	0.0000e+000
1.360000e+003	1.76526347e-001	-3.22347365e+000	4.58921034e+003	0.00000000e+000	2.4307e+015	1.0000e-010	0.0000e+000
1.370000e+003	1.76985268e-001	-3.22301473e+000	4.54373170e+003	0.00000000e+000	2.3879e+015	1.0000e-010	0.0000e+000
1.380000e+003	1.77439642e-001	-3.22256036e+000	4.49904540e+003	0.00000000e+000	2.3463e+015	1.0000e-010	0.0000e+000
1.390000e+003	1.77889546e-001	-3.22211045e+000	4.45513005e+003	0.00000000e+000	2.3058e+015	1.0000e-010	0.0000e+000
1.400000e+003	1.78335059e-001	-3.22166494e+000	4.41196503e+003	0.00000000e+000	2.2664e+015	1.0000e-010	0.0000e+000
1.410000e+003	1.78776256e-001	-3.22122374e+000	4.36953041e+003	0.00000000e+000	2.2281e+015	1.0000e-010	0.0000e+000
1.420000e+003	1.79213209e-001	-3.22078679e+000	4.32780701e+003	0.00000000e+000	2.1907e+015	1.0000e-010	0.0000e+000
1.430000e+003	1.79645989e-001	-3.22035401e+000	4.28677627e+003	0.00000000e+000	2.1544e+015	1.0000e-010	0.0000e+000
1.440000e+003	1.80074667e-001	-3.21992533e+000	4.24642029e+003	0.00000000e+000	2.1189e+015	1.0000e-010	0.0000e+000
1.450000e+003	1.80499309e-001	-3.21950069e+000	4.20672178e+003	0.00000000e+000	2.0844e+015	1.0000e-010	0.0000e+000
1.460000e+003	1.80919981e-001	-3.21908002e+000	4.16766403e+003	0.00000000e+000	2.0508e+015	1.0000e-010	0.0000e+000
1.470000e+003	1.81336748e-001	-3.21866325e+000	4.12923089e+003	0.00000000e+000	2.0180e+015	1.0000e-010	0.0000e+000
1.480000e+003	1.81749671e-001	-3.21825033e+000	4.09140675e+003	0.00000000e+000	1.9860e+015	1.0000e-010	0.0000e+000
1.490000e+003	1.82158811e-001	-3.21784119e+000	4.05417652e+003	0.00000000e+000	1.9548e+015	1.0000e-010	0.0000e+000
1.500000e+003	1.82564229e-001	-3.21743577e+000	4.01752558e+003	0.00000000e+000	1.9244e+015	1.0000e-010	0.0000e+000
1.510000e+003	1.82965982e-001	-3.21703402e+000	3.98143982e+003	0.00000000e+000	1.8947e+015	1.0000e-010	0.0000e+000
1.520000e+003	1.83364126e-001	-3.21663587e+000	3.94590555e+003	0.00000000e+000	1.8657e+015	1.0000e-010	0.0000e+000
1.530000e+003	1.83758716e-001	-3.21624128e+000	3.91090953e+003	0.00000000e+000	1.8375e+015	1.0000e-010	0.0000e+000
1.540000e+003	1.84149807e-001	-3.21585019e+000	3.87643896e+003	0.00000000e+000	1.8099e+015	1.0000e-010	0.0000e+000
1.550000e+003	1.84537451e-001	-3.21546255e+000	3.84248141e+003	0.00000000e+000	1.7829e+015	1.0000e-010	0.0000e+000
1.560000e+003	1.84921699e-001	-3.21507830e+000	3.80902485e+003	0.00000000e+000	1.7566e+015	1.0000e-010	0.0000e+000
1.570000e+003	1.85302602e-001	-3.21469740e+000	3.77605762e+003	0.00000000e+000	1.7309e+015	1.0000e-010	0.0000e+000
1.580000e+003	1.85680207e-001	-3.21431979e+000	3.74356843e+003	0.00000000e+000	1.7058e+015	1.0000e-010	0.0000e+000
1.590000e+003	1.86054564e-001	-3.21394544e+000	3.71154631e+003	0.00000000e+000	1.6813e+015	1.0000e-010	0.0000e+000
1.600000e+003	1.86425719e-001	-3.21357428e+000	3.67998065e+003	0.00000000e+000	1.6574e+015	1.0000e-010	0.0000e+000
1.610000e+003	1.86793717e-001	-3.21320628e+000	3.64886114e+003	0.00000000e+000	1.6339e+015	1.0000e-010	0.0000e+000
1.620000e+003	1.87158603e-001	-3.21284140e+000	3.61817778e+003	0.00000000e+000	1.6110e+015	1.0000e-010	0.0000e+000
1.630000e+003	1.87520421e-001	-3.21247958e+000	3.58792086e+003	0.00000000e+000	1.5886e+015	1.0000e-010	0.0000e+000
1.640000e+003	1.87879213e-001	-3.21212079e+000	3.55808097e+003	0.00000000e+000	1.5667e+015	1.0000e-010	0.0000e+000
1.650000e+003	1.88235021e-001	-3.21176498e+000	3.52864896e+003	0.00000000e+000	1.5453e+015	1.0000e-010	0.0000e+000
1.660000e+003	1.88587886e-001	-3.21141211e+000	3.49961595e+003	0.00000000e+000	1.5244e+015	1.0000e-010	0.0000e+000
1.670000e+003	1.88937848e-001	-3.21106215e+000	3.47097332e+003	0.00000000e+000	1.5039e+015	1.0000e-010	0.0000e+000
1.680000e+003	1.89284945e-001	-3.21071506e+000	3.44271268e+003	0.00000000e+000	1.4838e+015	1.0000e-010	0.0000e+000
1.690000e+003	1.89629216e-001	-3.21037078e+000	3.41482590e+003	0.00000000e+000	1.4642e+015	1.0000e-010	0.0000e+000
1.700000e+003	1.89970699e-001	-3.21002930e+000	3.38730505e+003	0.00000000e+000	1.4450e+015	1.0000e-010	0.0000e+000
1.710000e+003	1.90309429e-001	-3.20969057e+000	3.36014245e+003	0.00000000e+000	1.4262e+015	1.0000e-010	0.0000e+000
1.720000e+003	1.90645443e-001	-3.20935456e+000	3.33333061e+003	0.00000000e+000	1.4077e+015	1.0000e-010	0.0000e+000
1.730000e+003	1.90978777e-001	-3.20902122e+000	3.30686226e+003	0.00000000e+000	1.3897e+015	1.0000e-010	0.0000e+000
1.740000e+003	1.91309463e-001	-3.20869054e+000	3.28073033e+003	0.00000000e+000	1.3720e+015	1.0000e-010	0.0000e+000
1.750000e+003	1.91637536e-001	-3.20836246e+000	3.25492792e+003	0.00000000e+000	1.3547e+015	1.0000e-010	0.0000e+000
1.760000e+003	1.91963029e-001	-3.20803697e+000	3.22944835e+003	0.00000000e+000	1.3378e+015	1.0000e-010	0.0000e+000
1.770000e+003	1.92285973e-001	-3.20771403e+000	3.20428509e+003	0.00000000e+000	1.3212e+015	1.0000e-010	0.0000e+000
1.780000e+003	1.92606402e-001	-3.20739360e+000	3.17943180e+003	0.00000000e+000	1.3049e+015	1.0000e-010	0.0000e+000
1.790000e+003	1.92924345e-001	-3.20707565e+000	3.15488230e+003	0.00000000e+000	1.2890e+015	1.0000e-010	0.0000e+000
1.800000e+003	1.93239833e-001	-3.20676017e+000	3.13063056e+003	0.00000000e+000	1.2733e+015	1.0000e-010	0.0000e+000
1.810000e+003	1.93552896e-001	-3.20644710e+000	3.10667075e+003	0.00000000e+000	1.2580e+015	1.0000e-010	0.0000e+000
1.820000e+003	1.93863563e-001	-3.20613644e+000	3.08299713e+003	0.00000000e+000	1.2430e+015	1.0000e-010	0.0000e+000
1.830000e+003	1.94171863e-001	-3.20582814e+000	3.05960417e+003	0.00000000e+000	1.2282e+015	1.0000e-010	0.0000e+000
1.840000e+003	1.94477824e-001	-3.20552218e+000	3.03648643e+003	0.00000000e+000	1.2138e+015	1.0000e-010	0.0000e+000
1.850000e+003	1.94781472e-001	-3.20521853e+000	3.01363863e+003	0.00000000e+000	1.1996e+015	1.0000e-010	0.0000e+000
1.860000e+003	1.95082836e-001	-3.20491716e+000	2.99105563e+003	0.00000000e+000	1.1857e+015	1.0000e-010	0.0000e+000
1.870000e+003	1.95381942e-001	-3.20461806e+000	2.96873240e+003	0.00000000e+000	1.1721e+015	1.0000e-010	0.0000e+000
1.880000e+003	1.95678815e-001	-3.20432119e+000	2.94666407e+003	0.00000000e+000	1.1587e+015	1.0000e-010	0.0000e+000
1.890000e+003	1.95973481e-001	-3.20402652e+000	2.92484584e+003	0.00000000e+000	1.1455e+015	1.0000e-010	0.0000e+000
1.900000e+003	1.96265966e-001	-3.20373403e+000	2.90327307e+003	0.00000000e+000	1.1327e+015	1.0000e-010	0.0000e+000
1.910000e+003	1.96556293e-001	-3.20344371e+000	2.88194121e+003	0.00000000e+000	1.1200e+015	1.0000e-010	0.0000e+000
1.920000e+003	1.96844487e-001	-3.20315551e+000	2.86084584e+003	0.00000000e+000	1.1076e+015	1.0000e-010	0.0000e+000
1.930000e+003	1.97130572e-001	-3.20286943e+000	2.83998263e+003	0.00000000e+000	1.0954e+015	1.0000e-010	0.0000e+000
1.940000e+003	1.97414570e-001	-3.20258543e+000	2.81934735e+003	0.00000000e+000	1.0834e+015	1.0000e-010	0.0000e+000
1.950000e+003	1.97696505e-001	-3.20230350e+000	2.79893590e+003	0.00000000e+000	1.0717e+015	1.0000e-010	0.0000e+000
1.960000e+003	1.97976399e-001	-3.20202360e+000	2.77874425e+003	0.00000000e+000	1.0601e+015	1.0000e-010	0.0000e+000
1.970000e+003	1.98254273e-001	-3.20174573e+000	2.75876846e+003	0.00000000e+000	1.0488e+015	1.0000e-010	0.0000e+000
1.980000e+003	1.98530150e-001	-3.20146985e+000	2.73900471e+003	0.00000000e+000	1.0377e+015	1.0000e-010	0.0000e+000
1.990000e+003	1.98804050e-001	-3.20119595e+000	2.71944926e+003	0.00000000e+000	1.0267e+015	1.0000e-010	0.0000e+000
2.000000e+003	1.99075995e-001	-3.20092400e+000	2.70009843e+003	0.00000000e+000	1.0160e+015	1.0000e-010	0.0000e+000
2.010000e+003	1.99346005e-001	-3.20065399e+000	2.68094866e+003	0.00000000e+000	1.0054e+015	1.0000e-010	0.0000e+000
2.020000e+003	1.99614100e-001	-3.20038590e+000	2.66199646e+003	0.00000000e+000	9.9506e+014	1.0000e-010	0.0000e+000
2.030000e+003	1.99880300e-001	-3.20011970e+000	2.64323840e+003	0.00000000e+000	9.8487e+014	1.0000e-010	0.0000e+000
2.040000e+003	2.00144623e-001	-3.19985538e+000	2.62467116e+003	0.00000000e+000	9.7485e+014	1.0000e-010	0.0000e+000
2.050000e+003	2.00407090e-001	-3.19959291e+000	2.60629148e+003	0.00000000e+000	9.6500e+014	1.0000e-010	0.0000e+000
2.060000e+003	2.00667720e-001	-3.19933228e+000	2.58809616e+003	0.00000000e+000	9.5532e+014	1.0000e-010	0.0000e+000
2.070000e+003	2.00926529e-001	-3.19907347e+000	2.57008209e+003	0.00000000e+000	9.4580e+014	1.0000e-010	0.0000e+000
2.080000e+003	2.01183537e-001	-3.19881646e+000	2.55224622e+003	0.00000000e+000	9.3645e+014	1.0000e-010	0.0000e+000
2.090000e+003	2.01438762e-001	-3.19856124e+000	2.53458556e+003	0.00000000e+000	9.2725e+014	1.0000e-010	0.0000e+000
2.100000e+003	2.01692221e-001	-3.19830778e+000	2.51709721e+003	0.00000000e+000	9.1820e+014	1.0000e-010	0.0000e+000
2.110000e+003	2.01943930e-001	-3.19805607e+000	2.49977831e+003	0.00000000e+000	9.0930e+014	1.0000e-010	0.0000e+000
2.120000e+003	2.02193908e-001	-3.19780609e+000	2.48262607e+003	0.00000000e+000	9.0055e+014	1.0000e-010	0.0000e+000
2.130000e+003	2.02442171e-001	-3.19755783e+000	2.46563776e+003	0.00000000e+000	8.9195e+014	1.0000e-010	0.0000e+000
2.140000e+003	2.02688735e-001	-3.19731127e+000	2.44881071e+003	0.00000000e+000	8.8348e+014	1.0000e-010	0.0000e+000
2.150000e+003	2.02933616e-001	-3.19706638e+000	2.43214229e+003	0.00000000e+000	8.7515e+014	1.0000e-010	0.0000e+000
2.160000e+003	2.03176830e-001	-3.19682317e+000	2.41562996e+003	0.00000000e+000	8.6695e+014	1.0000e-010	0.0000e+000
2.170000e+003	2.03418393e-001	-3.19658161e+000	2.39927120e+003	0.00000000e+000	8.5889e+014	1.0000e-010	0.0000e+000
2.180000e+003	2.03658320e-001	-3.19634168e+000	2.38306356e+003	0.00000000e+000	8.5096e+014	1.0000e-010	0.0000e+000
2.190000e+003	2.03896626e-001	-3.19610337e+000	2.36700463e+003	0.00000000e+000	8.4315e+014	1.0000e-010	0.0000e+000
2.200000e+003	2.04133327e-001	-3.19586667e+000	2.35109207e+003	0.00000000e+000	8.3546e+014	1.0000e-010	0.0000e+000
2.210000e+003	2.04368436e-001	-3.19563156e+000	2.33532357e+003	0.00000000e+000	8.2790e+014	1.0000e-010	0.0000e+000
2.220000e+003	2.04601968e-001	-3.19539803e+000	2.31969688e+003	0.00000000e+000	8.2045e+014	1.0000e-010	0.0000e+000
2.230000e+003	2.04833938e-001	-3.19516606e+000	2.30420977e+003	0.00000000e+000	8.1312e+014	1.0000e-010	0.0000e+000
2.240000e+003	2.05064359e-001	-3.19493564e+000	2.28886009e+003	0.00000000e+000	8.0591e+014	1.0000e-010	0.0000e+000
2.250000e+003	2.05293245e-001	-3.19470675e+000	2.27364571e+003	0.00000000e+000	7.9880e+014	1.0000e-010	0.0000e+000
2.260000e+003	2.05520610e-001	-3.19447939e+000	2.25856455e+003	0.00000000e+000	7.9181e+014	1.0000e-010	0.0000e+000
2.270000e+003	2.05746466e-001	-3.19425353e+000	2.24361457e+003	0.00000000e+000	7.8492e+014	1.0000e-010	0.0000e+000
2.280000e+003	2.05970828e-001	-3.19402917e+000	2.22879378e+003	0.00000000e+000	7.7814e+014	1.0000e-010	0.0000e+000
2.290000e+003	2.06193707e-001	-3.19380629e+000	2.21410022e+003	0.00000000e+000	7.7146e+014	1.0000e-010	0.0000e+000
2.300000e+003	2.06415117e-001	-3.19358488e+000	2.19953196e+003	0.00000000e+000	7.6488e+014	1.0000e-010	0.0000e+000
2.310000e+003	2.06635070e-001	-3.19336493e+000	2.18508713e+003	0.00000000e+000	7.5840e+014	1.0000e-010	0.0000e+000
2.320000e+003	2.06853579e-001	-3.19314642e+000	2.17076387e+003	0.00000000e+000	7.5202e+014	1.0000e-010	0.0000e+000
2.330000e+003	2.07070655e-001	-3.19292934e+000	2.15656038e+003	0.00000000e+000	7.4573e+014	1.0000e-010	0.0000e+000
2.340000e+003	2.07286311e-001	-3.19271369e+000	2.14247488e+003	0.00000000e+000	7.3953e+014	1.0000e-010	0.0000e+000
2.350000e+003	2.07500559e-001	-3.19249944e+000	2.12850563e+003	0.00000000e+000	7.3343e+014	1.0000e-010	0.0000e+000
2.360000e+003	2.07713409e-001	-3.19228659e+000	2.11465093e+003	0.00000000e+000	7.2741e+014	1.0000e-010	0.0000e+000
2.370000e+003	2.07924874e-001	-3.19207513e+000	2.10090909e+003	0.00000000e+000	7.2149e+014	1.0000e-010	0.0000e+000
2.380000e+003	2.08134965e-001	-3.19186503e+000	2.08727848e+003	0.00000000e+000	7.1565e+014	1.0000e-010	0.0000e+000
2.390000e+003	2.08343693e-001	-3.19165631e+000	2.07375747e+003	0.00000000e+000	7.0989e+014	1.0000e-010	0.0000e+000
2.400000e+003	2.08551069e-001	-3.19144893e+000	2.06034449e+003	0.00000000e+000	7.0422e+014	1.0000e-010	0.0000e+000
2.410000e+003	2.08757103e-001	-3.19124290e+000	2.04703799e+003	0.00000000e+000	6.9863e+014	1.0000e-010	0.0000e+000
2.420000e+003	2.08961807e-001	-3.19103819e+000	2.03383643e+003	0.00000000e+000	6.9312e+014	1.0000e-010	0.0000e+000
2.430000e+003	2.09165191e-001	-3.19083481e+000	2.02073833e+003	0.00000000e+000	6.8769e+014	1.0000e-010	0.0000e+000
2.440000e+003	2.09367265e-001	-3.19063274e+000	2.00774221e+003	0.00000000e+000	6.8233e+014	1.0000e-010	0.0000e+000
2.450000e+003	2.09568039e-001	-3.19043196e+000	1.99484663e+003	0.00000000e+000	6.7706e+014	1.0000e-010	0.0000e+000
2.460000e+003	2.09767524e-001	-3.19023248e+000	1.98205018e+003	0.00000000e+000	6.7185e+014	1.0000e-010	0.0000e+000
2.470000e+003	2.09965729e-001	-3.19003427e+000	1.96935146e+003	0.00000000e+000	6.6672e+014	1.0000e-010	0.0000e+000
2.480000e+003	2.10162664e-001	-3.18983734e+000	1.95674910e+003	0.00000000e+000	6.6166e+014	1.0000e-010	0.0000e+000
2.490000e+003	2.10358339e-001	-3.18964166e+000	1.94424178e+003	0.00000000e+000	6.5667e+014	1.0000e-010	0.0000e+000
2.500000e+003	2.10552763e-001	-3.18944724e+000	1.93182817e+003	0.00000000e+000	6.5175e+014	1.0000e-010	0.0000e+000
2.510000e+003	2.10745946e-001	-3.18925405e+000	1.91950697e+003	0.00000000e+000	6.4690e+014	1.0000e-010	0.0000e+000
2.520000e+003	2.10937896e-001	-3.18906210e+000	1.90727692e+003	0.00000000e+000	6.4211e+014	1.0000e-010	0.0000e+000
2.530000e+003	2.11128624e-001	-3.18887138e+000	1.89513677e+003	0.00000000e+000	6.3739e+014	1.0000e-010	0.0000e+000
2.540000e+003	2.11318138e-001	-3.18868186e+000	1.88308528e+003	0.00000000e+000	6.3274e+014	1.0000e-010	0.0000e+000
2.550000e+003	2.11506446e-001	-3.18849355e+000	1.87112127e+003	0.00000000e+000	6.2814e+014	1.0000e-010	0.0000e+000
2.560000e+003	2.11693558e-001	-3.18830644e+000	1.85924353e+003	0.00000000e+000	6.2361e+014	1.0000e-010	0.0000e+000
2.570000e+003	2.11879483e-001	-3.18812052e+000	1.84745091e+003	0.00000000e+000	6.1915e+014	1.0000e-010	0.0000e+000
2.580000e+003	2.12064228e-001	-3.18793577e+000	1.83574226e+003	0.00000000e+000	6.1474e+014	1.0000e-010	0.0000e+000
2.590000e+003	2.12247802e-001	-3.18775220e+000	1.82411646e+003	0.00000000e+000	6.1039e+014	1.0000e-010	0.0000e+000
2.600000e+003	2.12430214e-001	-3.18756979e+000	1.81257241e+003	0.00000000e+000	6.0609e+014	1.0000e-010	0.0000e+000
2.610000e+003	2.12611471e-001	-3.18738853e+000	1.80110901e+003	0.00000000e+000	6.0186e+014	1.0000e-010	0.0000e+000
2.620000e+003	2.12791582e-001	-3.18720842e+000	1.78972520e+003	0.00000000e+000	5.9768e+014	1.0000e-010	0.0000e+000
2.630000e+003	2.12970554e-001	-3.18702945e+000	1.77841992e+003	0.00000000e+000	5.9356e+014	1.0000e-010	0.0000e+000
2.640000e+003	2.13148396e-001	-3.18685160e+000	1.76719215e+003	0.00000000e+000	5.8949e+014	1.0000e-010	0.0000e+000
2.650000e+003	2.13325115e-001	-3.18667488e+000	1.75604087e+003	0.00000000e+000	5.8547e+014	1.0000e-010	0.0000e+000
2.660000e+003	2.13500720e-001	-3.18649928e+000	1.74496508e+003	0.00000000e+000	5.8151e+014	1.0000e-010	0.0000e+000
2.670000e+003	2.13675216e-001	-3.18632478e+000	1.73396380e+003	0.00000000e+000	5.7760e+014	1.0000e-010	0.0000e+000
2.680000e+003	2.13848612e-001	-3.18615139e+000	1.72303606e+003	0.00000000e+000	5.7374e+014	1.0000e-010	0.0000e+000
2.690000e+003	2.14020916e-001	-3.18597908e+000	1.71218091e+003	0.00000000e+000	5.6992e+014	1.0000e-010	0.0000e+000
2.700000e+003	2.14192134e-001	-3.18580787e+000	1.70139742e+003	0.00000000e+000	5.6616e+014	1.0000e-010	0.0000e+000
2.710000e+003	2.14362274e-001	-3.18563773e+000	1.69068466e+003	0.00000000e+000	5.6245e+014	1.0000e-010	0.0000e+000
2.720000e+003	2.14531342e-001	-3.18546866e+000	1.68004174e+003	0.00000000e+000	5.5878e+014	1.0000e-010	0.0000e+000
2.730000e+003	2.14699347e-001	-3.18530065e+000	1.66946775e+003	0.00000000e+000	5.5516e+014	1.0000e-010	0.0000e+000
2.740000e+003	2.14866293e-001	-3.18513371e+000	1.65896183e+003	0.00000000e+000	5.5159e+014	1.0000e-010	0.0000e+000
2.750000e+003	2.15032190e-001	-3.18496781e+000	1.64852312e+003	0.00000000e+000	5.4806e+014	1.0000e-010	0.0000e+000
2.760000e+003	2.15197042e-001	-3.18480296e+000	1.63815075e+003	0.00000000e+000	5.4458e+014	1.0000e-010	0.0000e+000
2.770000e+003	2.15360857e-001	-3.18463914e+000	1.62784391e+003	0.00000000e+000	5.4114e+014	1.0000e-010	0.0000e+000
2.780000e+003	2.15523641e-001	-3.18447636e+000	1.61760176e+003	0.00000000e+000	5.3774e+014	1.0000e-010	0.0000e+000
2.790000e+003	2.15685401e-001	-3.18431460e+000	1.60742350e+003	0.00000000e+000	5.3438e+014	1.0000e-010	0.0000e+000
2.800000e+003	2.15846144e-001	-3.18415386e+000	1.59730832e+003	0.00000000e+000	5.3107e+014	1.0000e-010	0.0000e+000
2.810000e+003	2.16005875e-001	-3.18399413e+000	1.58725546e+003	0.00000000e+000	5.2780e+014	1.0000e-010	0.0000e+000
2.820000e+003	2.16164600e-001	-3.18383540e+000	1.57726412e+003	0.00000000e+000	5.2457e+014	1.0000e-010	0.0000e+000
2.830000e+003	2.16322327e-001	-3.18367767e+000	1.56733356e+003	0.00000000e+000	5.2138e+014	1.0000e-010	0.0000e+000
2.840000e+003	2.16479060e-001	-3.18352094e+000	1.55746303e+003	0.00000000e+000	5.1823e+014	1.0000e-010	0.0000e+000
2.850000e+003	2.16634806e-001	-3.18336519e+000	1.54765178e+003	0.00000000e+000	5.1511e+014	1.0000e-010	0.0000e+000
2.860000e+003	2.16789571e-001	-3.18321043e+000	1.53789909e+003	0.00000000e+000	5.1204e+014	1.0000e-010	0.0000e+000
2.870000e+003	2.16943361e-001	-3.18305664e+000	1.52820424e+003	0.00000000e+000	5.0900e+014	1.0000e-010	0.0000e+000
2.880000e+003	2.17096182e-001	-3.18290382e+000	1.51856654e+003	0.00000000e+000	5.0600e+014	1.0000e-010	0.0000e+000
2.890000e+003	2.17248038e-001	-3.18275196e+000	1.50898528e+003	0.00000000e+000	5.0304e+014	1.0000e-010	0.0000e+000
2.900000e+003	2.17398937e-001	-3.18260106e+000	1.49945979e+003	0.00000000e+000	5.0011e+014	1.0000e-010	0.0000e+000
2.910000e+003	2.17548883e-001	-3.18245112e+000	1.48998938e+003	0.00000000e+000	4.9722e+014	1.0000e-010	0.0000e+000
2.920000e+003	2.17697882e-001	-3.18230212e+000	1.48057340e+003	0.00000000e+000	4.9436e+014	1.0000e-010	0.0000e+000
2.930000e+003	2.17845939e-001	-3.18215406e+000	1.47121120e+003	0.00000000e+000	4.9154e+014	1.0000e-010	0.0000e+000
2.940000e+003	2.17993060e-001	-3.18200694e+000	1.46190212e+003	0.00000000e+000	4.8875e+014	1.0000e-010	0.0000e+000
2.950000e+003	2.18139251e-001	-3.18186075e+000	1.45264553e+003	0.00000000e+000	4.8599e+014	1.0000e-010	0.0000e+000
2.960000e+003	2.18284515e-001	-3.18171548e+000	1.44344082e+003	0.00000000e+000	4.8327e+014	1.0000e-010	0.0000e+000
2.970000e+003	2.18428859e-001	-3.18157114e+000	1.43428735e+003	0.00000000e+000	4.8058e+014	1.0000e-010	0.0000e+000
2.980000e+003	2.18572288e-001	-3.18142771e+000	1.42518453e+003	0.00000000e+000	4.7792e+014	1.0000e-010	0.0000e+000
2.990000e+003	2.18714806e-001	-3.18128519e+000	1.41613175e+003	0.00000000e+000	4.7529e+014	1.0000e-010	0.0000e+000
3.000000e+003	2.18856420e-001	-3.18114358e+000	1.40712843e+003	0.00000000e+000	4.7270e+014	1.0000e-010	0.0000e+000
3.010000e+003	2.18997132e-001	-3.18100287e+000	1.39817398e+003	0.00000000e+000	4.7013e+014	1.0000e-010	0.0000e+000
3.020000e+003	2.19136950e-001	-3.18086305e+000	1.38926782e+003	0.00000000e+000	4.6759e+014	1.0000e-010	0.0000e+000
3.030000e+003	2.19275877e-001	-3.18072412e+000	1.38040940e+003	0.00000000e+000	4.6509e+014	1.0000e-010	0.0000e+000
3.040000e+003	2.19413918e-001	-3.18058608e+000	1.37159816e+003	0.00000000e+000	4.6261e+014	1.0000e-010	0.0000e+000
3.050000e+003	2.19551077e-001	-3.18044892e+000	1.36283353e+003	0.00000000e+000	4.6016e+014	1.0000e-010	0.0000e+000
3.060000e+003	2.19687361e-001	-3.18031264e+000	1.35411500e+003	0.00000000e+000	4.5774e+014	1.0000e-010	0.0000e+000
3.070000e+003	2.19822772e-001	-3.18017723e+000	1.34544201e+003	0.00000000e+000	4.5535e+014	1.0000e-010	0.0000e+000
3.080000e+003	2.19957316e-001	-3.18004268e+000	1.33681404e+003	0.00000000e+000	4.5299e+014	1.0000e-010	0.0000e+000
3.090000e+003	2.20090998e-001	-3.17990900e+000	1.32823057e+003	0.00000000e+000	4.5065e+014	1.0000e-010	0.0000e+000
3.100000e+003	2.20223821e-001	-3.17977618e+000	1.31969109e+003	0.00000000e+000	4.4834e+014	1.0000e-010	0.0000e+000
3.110000e+003	2.20355790e-001	-3.17964421e+000	1.31119508e+003	0.00000000e+000	4.4606e+014	1.0000e-010	0.0000e+000
3.120000e+003	2.20486909e-001	-3.17951309e+000	1.30274207e+003	0.00000000e+000	4.4380e+014	1.0000e-010	0.0000e+000
3.130000e+003	2.20617184e-001	-3.17938282e+000	1.29433154e+003	0.00000000e+000	4.4157e+014	1.0000e-010	0.0000e+000
3.140000e+003	2.20746617e-001	-3.17925338e+000	1.28596301e+003	0.00000000e+000	4.3937e+014	1.0000e-010	0.0000e+000
3.150000e+003	2.20875213e-001	-3.17912479e+000	1.27763601e+003	0.00000000e+000	4.3719e+014	1.0000e-010	0.0000e+000
3.160000e+003	2.21002977e-001	-3.17899702e+000	1.26935006e+003	0.00000000e+000	4.3503e+014	1.0000e-010	0.0000e+000
3.170000e+003	2.21129912e-001	-3.17887009e+000	1.26110470e+003	0.00000000e+000	4.3290e+014	1.0000e-010	0.0000e+000
3.180000e+003	2.21256022e-001	-3.17874398e+000	1.25289946e+003	0.00000000e+000	4.3079e+014	1.0000e-010	0.0000e+000
3.190000e+003	2.21381312e-001	-3.17861869e+000	1.24473389e+003	0.00000000e+000	4.2871e+014	1.0000e-010	0.0000e+000
3.200000e+003	2.21505786e-001	-3.17849421e+000	1.23660754e+003	0.00000000e+000	4.2665e+014	1.0000e-010	0.0000e+000
3.210000e+003	2.21629446e-001	-3.17837055e+000	1.22851997e+003	0.00000000e+000	4.2461e+014	1.0000e-010	0.0000e+000
3.220000e+003	2.21752298e-001	-3.17824770e+000	1.22047074e+003	0.00000000e+000	4.2260e+014	1.0000e-010	0.0000e+000
3.230000e+003	2.21874345e-001	-3.17812565e+000	1.21245942e+003	0.00000000e+000	4.2061e+014	1.0000e-010	0.0000e+000
3.240000e+003	2.21995591e-001	-3.17800441e+000	1.20448559e+003	0.00000000e+000	4.1864e+014	1.0000e-010	0.0000e+000
3.250000e+003	2.22116040e-001	-3.17788396e+000	1.19654882e+003	0.00000000e+000	4.1670e+014	1.0000e-010	0.0000e+000
3.260000e+003	2.22235695e-001	-3.17776431e+000	1.18864870e+003	0.00000000e+000	4.1477e+014	1.0000e-010	0.0000e+000
3.270000e+003	2.22354560e-001	-3.17764544e+000	1.18078483e+003	0.00000000e+000	4.1287e+014	1.0000e-010	0.0000e+000
3.280000e+003	2.22472638e-001	-3.17752736e+000	1.17295679e+003	0.00000000e+000	4.1099e+014	1.0000e-010	0.0000e+000
3.290000e+003	2.22589934e-001	-3.17741007e+000	1.16516418e+003	0.00000000e+000	4.0913e+014	1.0000e-010	0.0000e+000
3.300000e+003	2.22706450e-001	-3.17729355e+000	1.15740662e+003	0.00000000e+000	4.0729e+014	1.0000e-010	0.0000e+000
3.310000e+003	2.22822191e-001	-3.17717781e+000	1.14968372e+003	0.00000000e+000	4.0547e+014	1.0000e-010	0.0000e+000
3.320000e+003	2.22937159e-001	-3.17706284e+000	1.14199508e+003	0.00000000e+000	4.0367e+014	1.0000e-010	0.0000e+000
3.330000e+003	2.23051359e-001	-3.17694864e+000	1.13434033e+003	0.00000000e+000	4.0189e+014	1.0000e-010	0.0000e+000
3.340000e+003	2.23164793e-001	-3.17683521e+000	1.12671909e+003	0.00000000e+000	4.0013e+014	1.0000e-010	0.0000e+000
3.350000e+003	2.23277465e-001	-3.17672254e+000	1.11913100e+003	0.00000000e+000	3.9839e+014	1.0000e-010	0.0000e+000
3.360000e+003	2.23389378e-001	-3.17661062e+000	1.11157569e+003	0.00000000e+000	3.9667e+014	1.0000e-010	0.0000e+000
3.370000e+003	2.23500535e-001	-3.17649946e+000	1.10405279e+003	0.00000000e+000	3.9497e+014	1.0000e-010	0.0000e+000
3.380000e+003	2.23610941e-001	-3.17638906e+000	1.09656195e+003	0.00000000e+000	3.9328e+014	1.0000e-010	0.0000e+000
3.390000e+003	2.23720597e-001	-3.17627940e+000	1.08910282e+003	0.00000000e+000	3.9162e+014	1.0000e-010	0.0000e+000
3.400000e+003	2.23829507e-001	-3.17617049e+000	1.08167505e+003	0.00000000e+000	3.8997e+014	1.0000e-010	0.0000e+000
3.410000e+003	2.23937675e-001	-3.17606233e+000	1.07427829e+003	0.00000000e+000	3.8834e+014	1.0000e-010	0.0000e+000
3.420000e+003	2.24045102e-001	-3.17595490e+000	1.06691220e+003	0.00000000e+000	3.8673e+014	1.0000e-010	0.0000e+000
3.430000e+003	2.24151794e-001	-3.17584821e+000	1.05957645e+003	0.00000000e+000	3.8514e+014	1.0000e-010	0.0000e+000
3.440000e+003	2.24257751e-001	-3.17574225e+000	1.05227071e+003	0.00000000e+000	3.8357e+014	1.0000e-010	0.0000e+000
3.450000e+003	2.24362978e-001	-3.17563702e+000	1.04499464e+003	0.00000000e+000	3.8201e+014	1.0000e-010	0.0000e+000
3.460000e+003	2.24467478e-001	-3.17553252e+000	1.03774793e+003	0.00000000e+000	3.8047e+014	1.0000e-010	0.0000e+000
3.470000e+003	2.24571253e-001	-3.17542875e+000	1.03053024e+003	0.00000000e+000	3.7894e+014	1.0000e-010	0.0000e+000
3.480000e+003	2.24674306e-001	-3.17532569e+000	1.02334127e+003	0.00000000e+000	3.7744e+014	1.0000e-010	0.0000e+000
3.490000e+003	2.24776640e-001	-3.17522336e+000	1.01618070e+003	0.00000000e+000	3.7594e+014	1.0000e-010	0.0000e+000
3.500000e+003	2.24878258e-001	-3.17512174e+000	1.00904823e+003	0.00000000e+000	3.7447e+014	1.0000e-010	0.0000e+000
3.510000e+003	2.24979163e-001	-3.17502084e+000	1.00194353e+003	0.00000000e+000	3.7301e+014	1.0000e-010	0.0000e+000
3.520000e+003	2.25079357e-001	-3.17492064e+000	9.94866325e+002	0.00000000e+000	3.7157e+014	1.0000e-010	0.0000e+000
3.530000e+003	2.25178844e-001	-3.17482116e+000	9.87816298e+002	0.00000000e+000	3.7014e+014	1.0000e-010	0.0000e+000
3.540000e+003	2.25277625e-001	-3.17472237e+000	9.80793158e+002	0.00000000e+000	3.6873e+014	1.0000e-010	0.0000e+000
3.550000e+003	2.25375705e-001	-3.17462430e+000	9.73796612e+002	0.00000000e+000	3.6733e+014	1.0000e-010	0.0000e+000
3.560000e+003	2.25473084e-001	-3.17452692e+000	9.66826372e+002	0.00000000e+000	3.6595e+014	1.0000e-010	0.0000e+000
3.570000e+003	2.25569767e-001	-3.17443023e+000	9.59882151e+002	0.00000000e+000	3.6458e+014	1.0000e-010	0.0000e+000
3.580000e+003	2.25665755e-001	-3.17433424e+000	9.52963665e+002	0.00000000e+000	3.6323e+014	1.0000e-010	0.0000e+000
3.590000e+003	2.25761051e-001	-3.17423895e+000	9.46070636e+002	0.00000000e+000	3.6190e+014	1.0000e-010	0.0000e+000
3.600000e+003	2.25855659e-001	-3.17414434e+000	9.39202786e+002	0.00000000e+000	3.6058e+014	1.0000e-010	0.0000e+000
3.610000e+003	2.25949579e-001	-3.17405042e+000	9.32359842e+002	0.00000000e+000	3.5927e+014	1.0000e-010	0.0000e+000
3.620000e+003	2.26042815e-001	-3.17395719e+000	9.25541533e+002	0.00000000e+000	3.5797e+014	1.0000e-010	0.0000e+000
3.630000e+003	2.26135369e-001	-3.17386463e+000	9.18747591e+002	0.00000000e+000	3.5669e+014	1.0000e-010	0.0000e+000
3.640000e+003	2.26227244e-001	-3.17377276e+000	9.11977750e+002	0.00000000e+000	3.5543e+014	1.0000e-010	0.0000e+000
3.650000e+003	2.26318441e-001	-3.17368156e+000	9.05231750e+002	0.00000000e+000	3.5418e+014	1.0000e-010	0.0000e+000
3.660000e+003	2.26408965e-001	-3.17359104e+000	8.98509330e+002	0.00000000e+000	3.5294e+014	1.0000e-010	0.0000e+000
3.670000e+003	2.26498816e-001	-3.17350118e+000	8.91810233e+002	0.00000000e+000	3.5172e+014	1.0000e-010	0.0000e+000
3.680000e+003	2.26587997e-001	-3.17341200e+000	8.85134207e+002	0.00000000e+000	3.5050e+014	1.0000e-010	0.0000e+000
3.690000e+003	2.26676510e-001	-3.17332349e+000	8.78480999e+002	0.00000000e+000	3.4931e+014	1.0000e-010	0.0000e+000
3.700000e+003	2.26764358e-001	-3.17323564e+000	8.71850362e+002	0.00000000e+000	3.4812e+014	1.0000e-010	0.0000e+000
3.710000e+003	2.26851543e-001	-3.17314846e+000	8.65242048e+002	0.00000000e+000	3.4695e+014	1.0000e-010	0.0000e+000
3.720000e+003	2.26938067e-001	-3.17306193e+000	8.58655814e+002	0.00000000e+000	3.4579e+014	1.0000e-010	0.0000e+000
3.730000e+003	2.27023933e-001	-3.17297607e+000	8.52091421e+002	0.00000000e+000	3.4464e+014	1.0000e-010	0.0000e+000
3.740000e+003	2.27109142e-001	-3.17289086e+000	8.45548628e+002	0.00000000e+000	3.4351e+014	1.0000e-010	0.0000e+000
3.750000e+003	2.27193697e-001	-3.17280630e+000	8.39027199e+002	0.00000000e+000	3.4239e+014	1.0000e-010	0.0000e+000
3.760000e+003	2.27277600e-001	-3.17272240e+000	8.32526902e+002	0.00000000e+000	3.4128e+014	1.0000e-010	0.0000e+000
3.770000e+003	2.27360852e-001	-3.17263915e+000	8.26047504e+002	0.00000000e+000	3.4018e+014	1.0000e-010	0.0000e+000
3.780000e+003	2.27443457e-001	-3.17255654e+000	8.19588777e+002	0.00000000e+000	3.3909e+014	1.0000e-010	0.0000e+000
3.790000e+003	2.27525416e-001	-3.17247458e+000	8.13150494e+002	0.00000000e+000	3.3802e+014	1.0000e-010	0.0000e+000
3.800000e+003	2.27606731e-001	-3.17239327e+000	8.06732430e+002	0.00000000e+000	3.3696e+014	1.0000e-010	0.0000e+000
3.810000e+003	2.27687404e-001	-3.17231260e+000	8.00334363e+002	0.00000000e+000	3.3591e+014	1.0000e-010	0.0000e+000
3.820000e+003	2.27767438e-001	-3.17223256e+000	7.93956072e+002	0.00000000e+000	3.3487e+014	1.0000e-010	0.0000e+000
3.830000e+003	2.27846833e-001	-3.17215317e+000	7.87597340e+002	0.00000000e+000	3.3384e+014	1.0000e-010	0.0000e+000
3.840000e+003	2.27925593e-001	-3.17207441e+000	7.81257951e+002	0.00000000e+000	3.3283e+014	1.0000e-010	0.0000e+000
3.850000e+003	2.28003719e-001	-3.17199628e+000	7.74937691e+002	0.00000000e+000	3.3182e+014	1.0000e-010	0.0000e+000
3.860000e+003	2.28081213e-001	-3.17191879e+000	7.68636348e+002	0.00000000e+000	3.3083e+014	1.0000e-010	0.0000e+000
3.870000e+003	2.28158076e-001	-3.17184192e+000	7.62353713e+002	0.00000000e+000	3.2985e+014	1.0000e-010	0.0000e+000
3.880000e+003	2.28234312e-001	-3.17176569e+000	7.56089577e+002	0.00000000e+000	3.2888e+014	1.0000e-010	0.0000e+000
3.890000e+003	2.28309921e-001	-3.17169008e+000	7.49843735e+002	0.00000000e+000	3.2792e+014	1.0000e-010	0.0000e+000
3.900000e+003	2.28384905e-001	-3.17161510e+000	7.43615983e+002	0.00000000e+000	3.2697e+014	1.0000e-010	0.0000e+000
3.910000e+003	2.28459267e-001	-3.17154073e+000	7.37406120e+002	0.00000000e+000	3.2603e+014	1.0000e-010	0.0000e+000
3.920000e+003	2.28533007e-001	-3.17146699e+000	7.31213944e+002	0.00000000e+000	3.2510e+014	1.0000e-010	0.0000e+000
3.930000e+003	2.28606129e-001	-3.17139387e+000	7.25039257e+002	0.00000000e+000	3.2418e+014	1.0000e-010	0.0000e+000
3.940000e+003	2.28678633e-001	-3.17132137e+000	7.18881864e+002	0.00000000e+000	3.2327e+014	1.0000e-010	0.0000e+000
3.950000e+003	2.28750521e-001	-3.17124948e+000	7.12741569e+002	0.00000000e+000	3.2238e+014	1.0000e-010	0.0000e+000
3.960000e+003	2.28821795e-001	-3.17117821e+000	7.06618180e+002	0.00000000e+000	3.2149e+014	1.0000e-010	0.0000e+000
3.970000e+003	2.28892457e-001	-3.17110754e+000	7.00511505e+002	0.00000000e+000	3.2061e+014	1.0000e-010	0.0000e+000
3.980000e+003	2.28962508e-001	-3.17103749e+000	6.94421355e+002	0.00000000e+000	3.1974e+014	1.0000e-010	0.0000e+000
3.990000e+003	2.29031950e-001	-3.17096805e+000	6.88347542e+002	0.00000000e+000	3.1889e+014	1.0000e-010	0.0000e+000
4.000000e+003	2.29100785e-001	-3.17089922e+000	6.82289880e+002	0.00000000e+000	3.1804e+014	1.0000e-010	0.0000e+000
4.010000e+003	2.29169014e-001	-3.17083099e+000	6.76248184e+002	0.00000000e+000	3.1720e+014	1.0000e-010	0.0000e+000
4.020000e+003	2.29236639e-001	-3.17076336e+000	6.70222272e+002	0.00000000e+000	3.1637e+014	1.0000e-010	0.0000e+000
4.030000e+003	2.29303661e-001	-3.17069634e+000	6.64211962e+002	0.00000000e+000	3.1555e+014	1.0000e-010	0.0000e+000
4.040000e+003	2.29370082e-001	-3.17062992e+000	6.58217074e+002	0.00000000e+000	3.1474e+014	1.0000e-010	0.0000e+000
4.050000e+003	2.29435904e-001	-3.17056410e+000	6.52237430e+002	0.00000000e+000	3.1394e+014	1.0000e-010	0.0000e+000
4.060000e+003	2.29501127e-001	-3.17049887e+000	6.46272854e+002	0.00000000e+000	3.1315e+014	1.0000e-010	0.0000e+000
4.070000e+003	2.29565755e-001	-3.17043425e+000	6.40323170e+002	0.00000000e+000	3.1237e+014	1.0000e-010	0.0000e+000
4.080000e+003	2.29629787e-001	-3.17037021e+000	6.34388205e+002	0.00000000e+000	3.1160e+014	1.0000e-010	0.0000e+000
4.090000e+003	2.29693226e-001	-3.17030677e+000	6.28467786e+002	0.00000000e+000	3.1083e+014	1.0000e-010	0.0000e+000
4.100000e+003	2.29756073e-001	-3.17024393e+000	6.22561741e+002	0.00000000e+000	3.1008e+014	1.0000e-010	0.0000e+000
4.110000e+003	2.29818329e-001	-3.17018167e+000	6.16669903e+002	0.00000000e+000	3.0933e+014	1.0000e-010	0.0000e+000
4.120000e+003	2.29879996e-001	-3.17012000e+000	6.10792102e+002	0.00000000e+000	3.0859e+014	1.0000e-010	0.0000e+000
4.130000e+003	2.29941075e-001	-3.17005893e+000	6.04928172e+002	0.00000000e+000	3.0787e+014	1.0000e-010	0.0000e+000
4.140000e+003	2.30001568e-001	-3.16999843e+000	5.99077947e+002	0.00000000e+000	3.0715e+014	1.0000e-010	0.0000e+000
4.150000e+003	2.30061476e-001	-3.16993852e+000	5.93241264e+002	0.00000000e+000	3.0644e+014	1.0000e-010	0.0000e+000
4.160000e+003	2.30120800e-001	-3.16987920e+000	5.87417959e+002	0.00000000e+000	3.0573e+014	1.0000e-010	0.0000e+000
4.170000e+003	2.30179541e-001	-3.16982046e+000	5.81607870e+002	0.00000000e+000	3.0504e+014	1.0000e-010	0.0000e+000
4.180000e+003	2.30237702e-001	-3.16976230e+000	5.75810839e+002	0.00000000e+000	3.0435e+014	1.0000e-010	0.0000e+000
4.190000e+003	2.30295283e-001	-3.16970472e+000	5.70026705e+002	0.00000000e+000	3.0368e+014	1.0000e-010	0.0000e+000
4.200000e+003	2.30352286e-001	-3.16964771e+000	5.64255311e+002	0.00000000e+000	3.0301e+014	1.0000e-010	0.0000e+000
4.210000e+003	2.30408712e-001	-3.16959129e+000	5.58496500e+002	0.00000000e+000	3.0235e+014	1.0000e-010	0.0000e+000
4.220000e+003	2.30464561e-001	-3.16953544e+000	5.52750116e+002	0.00000000e+000	3.0169e+014	1.0000e-010	0.0000e+000
4.230000e+003	2.30519836e-001	-3.16948016e+000	5.47016006e+002	0.00000000e+000	3.0105e+014	1.0000e-010	0.0000e+000
4.240000e+003	2.30574538e-001	-3.16942546e+000	5.41294016e+002	0.00000000e+000	3.0041e+014	1.0000e-010	0.0000e+000
4.250000e+003	2.30628667e-001	-3.16937133e+000	5.35583995e+002	0.00000000e+000	2.9979e+014	1.0000e-010	0.0000e+000
4.260000e+003	2.30682226e-001	-3.16931777e+000	5.29885791e+002	0.00000000e+000	2.9917e+014	1.0000e-010	0.0000e+000
4.270000e+003	2.30735214e-001	-3.16926479e+000	5.24199255e+002	0.00000000e+000	2.9855e+014	1.0000e-010	0.0000e+000
4.280000e+003	2.30787634e-001	-3.16921237e+000	5.18524237e+002	0.00000000e+000	2.9795e+014	1.0000e-010	0.0000e+000
4.290000e+003	2.30839487e-001	-3.16916051e+000	5.12860591e+002	0.00000000e+000	2.9735e+014	1.0000e-010	0.0000e+000
4.300000e+003	2.30890773e-001	-3.16910923e+000	5.07208169e+002	0.00000000e+000	2.9676e+014	1.0000e-010	0.0000e+000
4.310000e+003	2.30941493e-001	-3.16905851e+000	5.01566826e+002	0.00000000e+000	2.9618e+014	1.0000e-010	0.0000e+000
4.320000e+003	2.30991650e-001	-3.16900835e+000	4.95936418e+002	0.00000000e+000	2.9561e+014	1.0000e-010	0.0000e+000
4.330000e+003	2.31041244e-001	-3.16895876e+000	4.90316800e+002	0.00000000e+000	2.9504e+014	1.0000e-010	0.0000e+000
4.340000e+003	2.31090275e-001	-3.16890972e+000	4.84707831e+002	0.00000000e+000	2.9448e+014	1.0000e-010	0.0000e+000
4.350000e+003	2.31138746e-001	-3.16886125e+000	4.79109368e+002	0.00000000e+000	2.9393e+014	1.0000e-010	0.0000e+000
4.360000e+003	2.31186657e-001	-3.16881334e+000	4.73521271e+002	0.00000000e+000	2.9338e+014	1.0000e-010	0.0000e+000
4.370000e+003	2.31234009e-001	-3.16876599e+000	4.67943401e+002	0.00000000e+000	2.9285e+014	1.0000e-010	0.0000e+000
4.380000e+003	2.31280804e-001	-3.16871920e+000	4.62375618e+002	0.00000000e+000	2.9232e+014	1.0000e-010	0.0000e+000
4.390000e+003	2.31327041e-001	-3.16867296e+000	4.56817784e+002	0.00000000e+000	2.9180e+014	1.0000e-010	0.0000e+000
4.400000e+003	2.31372723e-001	-3.16862728e+000	4.51269762e+002	0.00000000e+000	2.9128e+014	1.0000e-010	0.0000e+000
4.410000e+003	2.31417850e-001	-3.16858215e+000	4.45731416e+002	0.00000000e+000	2.9077e+014	1.0000e-010	0.0000e+000
4.420000e+003	2.31462423e-001	-3.16853758e+000	4.40202612e+002	0.00000000e+000	2.9027e+014	1.0000e-010	0.0000e+000
4.430000e+003	2.31506443e-001	-3.16849356e+000	4.34683213e+002	0.00000000e+000	2.8978e+014	1.0000e-010	0.0000e+000
4.440000e+003	2.31549912e-001	-3.16845009e+000	4.29173087e+002	0.00000000e+000	2.8929e+014	1.0000e-010	0.0000e+000
4.450000e+003	2.31592829e-001	-3.16840717e+000	4.23672102e+002	0.00000000e+000	2.8881e+014	1.0000e-010	0.0000e+000
4.460000e+003	2.31635196e-001	-3.16836480e+000	4.18180124e+002	0.00000000e+000	2.8834e+014	1.0000e-010	0.0000e+000
4.470000e+003	2.31677014e-001	-3.16832299e+000	4.12697022e+002	0.00000000e+000	2.8787e+014	1.0000e-010	0.0000e+000
4.480000e+003	2.31718284e-001	-3.16828172e+000	4.07222667e+002	0.00000000e+000	2.8741e+014	1.0000e-010	0.0000e+000
4.490000e+003	2.31759006e-001	-3.16824099e+000	4.01756928e+002	0.00000000e+000	2.8696e+014	1.0000e-010	0.0000e+000
4.500000e+003	2.31799182e-001	-3.16820082e+000	3.96299677e+002	0.00000000e+000	2.8651e+014	1.0000e-010	0.0000e+000
4.510000e+003	2.31838812e-001	-3.16816119e+000	3.90850785e+002	0.00000000e+000	2.8608e+014	1.0000e-010	0.0000e+000
4.520000e+003	2.31877897e-001	-3.16812210e+000	3.85410125e+002	0.00000000e+000	2.8564e+014	1.0000e-010	0.0000e+000
4.530000e+003	2.31916438e-001	-3.16808356e+000	3.79977570e+002	0.00000000e+000	2.8522e+014	1.0000e-010	0.0000e+000
4.540000e+003	2.31954436e-001	-3.16804556e+000	3.74552994e+002	0.00000000e+000	2.8480e+014	1.0000e-010	0.0000e+000
4.550000e+003	2.31991891e-001	-3.16800811e+000	3.69136271e+002	0.00000000e+000	2.8439e+014	1.0000e-010	0.0000e+000
4.560000e+003	2.32028805e-001	-3.16797120e+000	3.63727278e+002	0.00000000e+000	2.8398e+014	1.0000e-010	0.0000e+000
4.570000e+003	2.32065177e-001	-3.16793482e+000	3.58325889e+002	0.00000000e+000	2.8358e+014	1.0000e-010	0.0000e+000
4.580000e+003	2.32101010e-001	-3.16789899e+000	3.52931982e+002	0.00000000e+000	2.8319e+014	1.0000e-010	0.0000e+000
4.590000e+003	2.32136303e-001	-3.16786370e+000	3.47545434e+002	0.00000000e+000	2.8280e+014	1.0000e-010	0.0000e+000
4.600000e+003	2.32171058e-001	-3.16782894e+000	3.42166122e+002	0.00000000e+000	2.8242e+014	1.0000e-010	0.0000e+000
4.610000e+003	2.32205274e-001	-3.16779473e+000	3.36793925e+002	0.00000000e+000	2.8205e+014	1.0000e-010	0.0000e+000
4.620000e+003	2.32238954e-001	-3.16776105e+000	3.31428723e+002	0.00000000e+000	2.8168e+014	1.0000e-010	0.0000e+000
4.630000e+003	2.32272097e-001	-3.16772790e+000	3.26070395e+002	0.00000000e+000	2.8132e+014	1.0000e-010	0.0000e+000
4.640000e+003	2.32304704e-001	-3.16769530e+000	3.20718820e+002	0.00000000e+000	2.8097e+014	1.0000e-010	0.0000e+000
4.650000e+003	2.32336775e-001	-3.16766322e+000	3.15373881e+002	0.00000000e+000	2.8062e+014	1.0000e-010	0.0000e+000
4.660000e+003	2.32368313e-001	-3.16763169e+000	3.10035458e+002	0.00000000e+000	2.8028e+014	1.0000e-010	0.0000e+000
4.670000e+003	2.32399316e-001	-3.16760068e+000	3.04703434e+002	0.00000000e+000	2.7994e+014	1.0000e-010	0.0000e+000
4.680000e+003	2.32429787e-001	-3.16757021e+000	2.99377690e+002	0.00000000e+000	2.7961e+014	1.0000e-010	0.0000e+000
4.690000e+003	2.32459725e-001	-3.16754028e+000	2.94058111e+002	0.00000000e+000	2.7929e+014	1.0000e-010	0.0000e+000
4.700000e+003	2.32489130e-001	-3.16751087e+000	2.88744578e+002	0.00000000e+000	2.7897e+014	1.0000e-010	0.0000e+000
4.710000e+003	2.32518005e-001	-3.16748200e+000	2.83436977e+002	0.00000000e+000	2.7866e+014	1.0000e-010	0.0000e+000
4.720000e+003	2.32546348e-001	-3.16745365e+000	2.78135193e+002	0.00000000e+000	2.7835e+014	1.0000e-010	0.0000e+000
4.730000e+003	2.32574162e-001	-3.16742584e+000	2.72839109e+002	0.00000000e+000	2.7805e+014	1.0000e-010	0.0000e+000
4.740000e+003	2.32601446e-001	-3.16739855e+000	2.67548611e+002	0.00000000e+000	2.7776e+014	1.0000e-010	0.0000e+000
4.750000e+003	2.32628201e-001	-3.16737180e+000	2.62263586e+002	0.00000000e+000	2.7747e+014	1.0000e-010	0.0000e+000
4.760000e+003	2.32654427e-001	-3.16734557e+000	2.56983920e+002	0.00000000e+000	2.7719e+014	1.0000e-010	0.0000e+000
4.770000e+003	2.32680126e-001	-3.16731987e+000	2.51709500e+002	0.00000000e+000	2.7692e+014	1.0000e-010	0.0000e+000
4.780000e+003	2.32705296e-001	-3.16729470e+000	2.46440212e+002	0.00000000e+000	2.7665e+014	1.0000e-010	0.0000e+000
4.790000e+003	2.32729940e-001	-3.16727006e+000	2.41175946e+002	0.00000000e+000	2.7638e+014	1.0000e-010	0.0000e+000
4.800000e+003	2.32754058e-001	-3.16724594e+000	2.35916588e+002	0.00000000e+000	2.7612e+014	1.0000e-010	0.0000e+000
4.810000e+003	2.32777650e-001	-3.16722235e+000	2.30662027e+002	0.00000000e+000	2.7587e+014	1.0000e-010	0.0000e+000
4.820000e+003	2.32800716e-001	-3.16719928e+000	2.25412153e+002	0.00000000e+000	2.7563e+014	1.0000e-010	0.0000e+000
4.830000e+003	2.32823257e-001	-3.16717674e+000	2.20166854e+002	0.00000000e+000	2.7539e+014	1.0000e-010	0.0000e+000
4.840000e+003	2.32845274e-001	-3.16715473e+000	2.14926020e+002	0.00000000e+000	2.7515e+014	1.0000e-010	0.0000e+000
4.850000e+003	2.32866766e-001	-3.16713323e+000	2.09689542e+002	0.00000000e+000	2.7492e+014	1.0000e-010	0.0000e+000
4.860000e+003	2.32887735e-001	-3.16711226e+000	2.04457309e+002	0.00000000e+000	2.7470e+014	1.0000e-010	0.0000e+000
4.870000e+003	2.32908181e-001	-3.16709182e+000	1.99229213e+002	0.00000000e+000	2.7448e+014	1.0000e-010	0.0000e+000
4.880000e+003	2.32928104e-001	-3.16707190e+000	1.94005144e+002	0.00000000e+000	2.7427e+014	1.0000e-010	0.0000e+000
4.890000e+003	2.32947505e-001	-3.16705250e+000	1.88784994e+002	0.00000000e+000	2.7407e+014	1.0000e-010	0.0000e+000
4.900000e+003	2.32966383e-001	-3.16703362e+000	1.83568655e+002	0.00000000e+000	2.7387e+014	1.0000e-010	0.0000e+000
4.910000e+003	2.32984740e-001	-3.16701526e+000	1.78356018e+002	0.00000000e+000	2.7367e+014	1.0000e-010	0.0000e+000
4.920000e+003	2.33002576e-001	-3.16699742e+000	1.73146977e+002	0.00000000e+000	2.7348e+014	1.0000e-010	0.0000e+000
4.930000e+003	2.33019890e-001	-3.16698011e+000	1.67941423e+002	0.00000000e+000	2.7330e+014	1.0000e-010	0.0000e+000
4.940000e+003	2.33036684e-001	-3.16696332e+000	1.62739250e+002	0.00000000e+000	2.7312e+014	1.0000e-010	0.0000e+000
4.950000e+003	2.33052958e-001	-3.16694704e+000	1.57540350e+002	0.00000000e+000	2.7295e+014	1.0000e-010	0.0000e+000
4.960000e+003	2.33068712e-001	-3.16693129e+000	1.52344618e+002	0.00000000e+000	2.7278e+014	1.0000e-010	0.0000e+000
4.970000e+003	2.33083947e-001	-3.16691605e+000	1.47151946e+002	0.00000000e+000	2.7262e+014	1.0000e-010	0.0000e+000
4.980000e+003	2.33098662e-001	-3.16690134e+000	1.41962230e+002	0.00000000e+000	2.7247e+014	1.0000e-010	0.0000e+000
4.990000e+003	2.33112858e-001	-3.16688714e+000	1.36775362e+002	0.00000000e+000	2.7232e+014	1.0000e-010	0.0000e+000
5.000000e+003	2.33126536e-001	-3.16687346e+000	1.31591238e+002	0.00000000e+000	2.7217e+014	1.0000e-010	0.0000e+000
5.010000e+003	2.33139695e-001	-3.16686031e+000	1.26409752e+002	0.00000000e+000	2.7204e+014	1.0000e-010	0.0000e+000
5.020000e+003	2.33152336e-001	-3.16684766e+000	1.21230800e+002	0.00000000e+000	2.7190e+014	1.0000e-010	0.0000e+000
5.030000e+003	2.33164459e-001	-3.16683554e+000	1.16054275e+002	0.00000000e+000	2.7178e+014	1.0000e-010	0.0000e+000
5.040000e+003	2.33176064e-001	-3.16682394e+000	1.10880073e+002	0.00000000e+000	2.7165e+014	1.0000e-010	0.0000e+000
5.050000e+003	2.33187152e-001	-3.16681285e+000	1.05708091e+002	0.00000000e+000	2.7154e+014	1.0000e-010	0.0000e+000
5.060000e+003	2.33197723e-001	-3.16680228e+000	1.00538222e+002	0.00000000e+000	2.7143e+014	1.0000e-010	0.0000e+000
5.070000e+003	2.33207777e-001	-3.16679222e+000	9.53703642e+001	0.00000000e+000	2.7132e+014	1.0000e-010	0.0000e+000
5.080000e+003	2.33217314e-001	-3.16678269e+000	9.02044121e+001	0.00000000e+000	2.7122e+014	1.0000e-010	0.0000e+000
5.090000e+003	2.33226334e-001	-3.16677367e+000	8.50402623e+001	0.00000000e+000	2.7113e+014	1.0000e-010	0.0000e+000
5.100000e+003	2.33234838e-001	-3.16676516e+000	7.98778109e+001	0.00000000e+000	2.7104e+014	1.0000e-010	0.0000e+000
5.110000e+003	2.33242826e-001	-3.16675717e+000	7.47169544e+001	0.00000000e+000	2.7095e+014	1.0000e-010	0.0000e+000
5.120000e+003	2.33250298e-001	-3.16674970e+000	6.95575893e+001	0.00000000e+000	2.7087e+014	1.0000e-010	0.0000e+000
5.130000e+003	2.33257254e-001	-3.16674275e+000	6.43996122e+001	0.00000000e+000	2.7080e+014	1.0000e-010	0.0000e+000
5.140000e+003	2.33263694e-001	-3.16673631e+000	5.92429198e+001	0.00000000e+000	2.7073e+014	1.0000e-010	0.0000e+000
5.150000e+003	2.33269618e-001	-3.16673038e+000	5.40874089e+001	0.00000000e+000	2.7067e+014	1.0000e-010	0.0000e+000
5.160000e+003	2.33275027e-001	-3.16672497e+000	4.89329766e+001	0.00000000e+000	2.7062e+014	1.0000e-010	0.0000e+000
5.170000e+003	2.33279920e-001	-3.16672008e+000	4.37795199e+001	0.00000000e+000	2.7056e+014	1.0000e-010	0.0000e+000
5.180000e+003	2.33284298e-001	-3.16671570e+000	3.86269358e+001	0.00000000e+000	2.7052e+014	1.0000e-010	0.0000e+000
5.190000e+003	2.33288161e-001	-3.16671184e+000	3.34751215e+001	0.00000000e+000	2.7048e+014	1.0000e-010	0.0000e+000
5.200000e+003	2.33291508e-001	-3.16670849e+000	2.83239743e+001	0.00000000e+000	2.7044e+014	1.0000e-010	0.0000e+000
5.210000e+003	2.33294341e-001	-3.16670566e+000	2.31733914e+001	0.00000000e+000	2.7041e+014	1.0000e-010	0.0000e+000
5.220000e+003	2.33296658e-001	-3.16670334e+000	1.80232701e+001	0.00000000e+000	2.7039e+014	1.0000e-010	0.0000e+000
5.230000e+003	2.33298460e-001	-3.16670154e+000	1.28735079e+001	0.00000000e+000	2.7037e+014	1.0000e-010	0.0000e+000
5.240000e+003	2.33299748e-001	-3.16670025e+000	7.72400220e+000	0.00000000e+000	2.7036e+014	1.0000e-010	0.0000e+000
5.250000e+003	2.33300520e-001	-3.16669948e+000	2.57465031e+000	0.00000000e+000	2.7035e+014	1.0000e-010	0.0000e+000
5.260000e+003	2.33300777e-001	-3.16669922e+000	2.57465031e+000	0.00000000e+000	2.7035e+014	1.0000e-010	0.0000e+000
