Y (ang)	Ec (eV)	Ev (eV)	E (V/cm)	Ef (eV)	n (cm-3)	p (cm-3)	Nd - Na (cm-3)
0.000000e+000	-6.40000000e+000	-9.80000000e+000	3.85335166e+007	-7.00000000e+000	1.8691e+008	1.0000e-010	0.0000e+000
1.000000e+001	-2.18824834e+000	-6.03624834e+000	1.20265315e+007	0.00000000e+000	1.3153e+021	1.0000e-010	-8.6922e+019
2.000000e+001	-9.45275186e-001	-4.84367519e+000	4.59776111e+006	0.00000000e+000	3.7374e+020	1.0000e-010	-1.0159e+019
3.000000e+001	-4.45179074e-001	-4.39397907e+000	2.05032928e+006	0.00000000e+000	1.2120e+020	1.0000e-010	-1.0235e+019
4.000000e+001	-1.99826146e-001	-4.19902615e+000	1.13079364e+006	0.00000000e+000	3.7080e+019	1.0000e-010	-1.0312e+019
5.000000e+001	-4.64267817e-002	-4.09602678e+000	8.19720119e+005	0.00000000e+000	5.6559e+018	1.0000e-010	-1.0389e+019
6.000000e+001	-2.82534770e-001	-3.93453477e+000	1.15721941e+006	0.00000000e+000	6.1677e+019	1.0000e-010	7.9871e+019
7.000000e+001	-1.35452828e-001	-3.82665283e+000	6.06248014e+005	0.00000000e+000	2.1037e+019	1.0000e-010	-7.6621e+018
8.000000e+001	-4.34680269e-002	-3.77386803e+000	3.56007994e+005	0.00000000e+000	5.3128e+018	1.0000e-010	-7.7086e+018
9.000000e+001	2.34927725e-002	-3.74610723e+000	1.91314019e+005	0.00000000e+000	7.9881e+017	1.0000e-010	-7.7551e+018
1.000000e+002	7.39841745e-002	-3.73481583e+000	3.82463536e+004	0.00000000e+000	1.2583e+017	1.0000e-010	-7.8015e+018
1.100000e+002	-1.59631190e-001	-3.67163119e+000	6.34584956e+005	0.00000000e+000	2.6714e+019	1.0000e-010	5.7912e+019
1.200000e+002	-7.37726946e-002	-3.61377269e+000	3.53157063e+005	0.00000000e+000	9.3827e+018	1.0000e-010	-5.3496e+018
1.300000e+002	-1.60569883e-002	-3.58405699e+000	1.98167244e+005	0.00000000e+000	2.7318e+018	1.0000e-010	-5.3733e+018
1.400000e+002	2.61597361e-002	-3.56984026e+000	8.08359918e+004	0.00000000e+000	7.2845e+017	1.0000e-010	-5.3970e+018
1.500000e+002	5.66433353e-002	-3.56735666e+000	-2.78496180e+004	0.00000000e+000	2.4169e+017	1.0000e-010	-5.4207e+018
1.600000e+002	-1.02941626e-001	-3.53094163e+000	4.12394356e+005	0.00000000e+000	1.4369e+019	1.0000e-010	3.7447e+019
1.700000e+002	-4.82621909e-002	-3.49306219e+000	2.40192430e+005	0.00000000e+000	5.8749e+018	1.0000e-010	-3.1642e+018
1.800000e+002	-1.08029479e-002	-3.47240295e+000	1.34694351e+005	0.00000000e+000	2.3611e+018	1.0000e-010	-3.1728e+018
1.900000e+002	1.61064873e-002	-3.46229351e+000	5.44040330e+004	0.00000000e+000	1.0260e+018	1.0000e-010	-3.1813e+018
2.000000e+002	3.49868906e-002	-3.46021311e+000	-1.67403409e+004	0.00000000e+000	5.3370e+017	1.0000e-010	-3.1898e+018
2.100000e+002	-4.28471435e-002	-3.44284714e+000	2.25613100e+005	0.00000000e+000	5.2424e+018	1.0000e-010	1.7963e+019
2.200000e+002	-1.58058335e-002	-3.42140583e+000	1.53983971e+005	0.00000000e+000	2.7132e+018	1.0000e-010	-1.0490e+018
2.300000e+002	4.07256361e-003	-3.40712744e+000	1.05147545e+005	0.00000000e+000	1.5145e+018	1.0000e-010	-1.0500e+018
2.400000e+002	1.90673181e-002	-3.39773268e+000	6.74342630e+004	0.00000000e+000	9.2892e+017	1.0000e-010	-1.0509e+018
2.500000e+002	3.02907444e-002	-3.39210926e+000	3.53773023e+004	0.00000000e+000	6.3043e+017	1.0000e-010	-1.0519e+018
2.600000e+002	1.59084746e-002	-3.38409153e+000	9.57106265e+004	0.00000000e+000	1.0328e+018	1.0000e-010	4.2019e+018
2.700000e+002	2.54795372e-002	-3.37452046e+000	8.15040693e+004	0.00000000e+000	7.4585e+017	1.0000e-010	0.0000e+000
2.800000e+002	3.36299442e-002	-3.36637006e+000	7.08346612e+004	0.00000000e+000	5.6015e+017	1.0000e-010	0.0000e+000
2.900000e+002	4.07134103e-002	-3.35928659e+000	6.25616708e+004	0.00000000e+000	4.3433e+017	1.0000e-010	0.0000e+000
3.000000e+002	4.69695774e-002	-3.35303042e+000	5.59765423e+004	0.00000000e+000	3.4572e+017	1.0000e-010	0.0000e+000
3.100000e+002	5.25672316e-002	-3.34743277e+000	5.06198671e+004	0.00000000e+000	2.8123e+017	1.0000e-010	0.0000e+000
3.200000e+002	5.76292183e-002	-3.34237078e+000	4.61824926e+004	0.00000000e+000	2.3296e+017	1.0000e-010	0.0000e+000
3.300000e+002	6.22474676e-002	-3.33775253e+000	4.24495829e+004	0.00000000e+000	1.9598e+017	1.0000e-010	0.0000e+000
3.400000e+002	6.64924259e-002	-3.33350757e+000	3.92676274e+004	0.00000000e+000	1.6705e+017	1.0000e-010	0.0000e+000
3.500000e+002	7.04191886e-002	-3.32958081e+000	3.65242434e+004	0.00000000e+000	1.4403e+017	1.0000e-010	0.0000e+000
3.600000e+002	7.40716129e-002	-3.32592839e+000	3.41353928e+004	0.00000000e+000	1.2542e+017	1.0000e-010	0.0000e+000
3.700000e+002	7.74851522e-002	-3.32251485e+000	3.20370480e+004	0.00000000e+000	1.1016e+017	1.0000e-010	0.0000e+000
3.800000e+002	8.06888570e-002	-3.31931114e+000	3.01796138e+004	0.00000000e+000	9.7516e+016	1.0000e-010	0.0000e+000
3.900000e+002	8.37068184e-002	-3.31629318e+000	2.85241040e+004	0.00000000e+000	8.6915e+016	1.0000e-010	0.0000e+000
4.000000e+002	8.65592288e-002	-3.31344077e+000	2.70394651e+004	0.00000000e+000	7.7944e+016	1.0000e-010	0.0000e+000
4.100000e+002	8.92631753e-002	-3.31073682e+000	2.57006673e+004	0.00000000e+000	7.0287e+016	1.0000e-010	0.0000e+000
4.200000e+002	9.18332420e-002	-3.30816676e+000	2.44873184e+004	0.00000000e+000	6.3701e+016	1.0000e-010	0.0000e+000
4.300000e+002	9.42819739e-002	-3.30571803e+000	2.33826417e+004	0.00000000e+000	5.7996e+016	1.0000e-010	0.0000e+000
4.400000e+002	9.66202381e-002	-3.30337976e+000	2.23727127e+004	0.00000000e+000	5.3021e+016	1.0000e-010	0.0000e+000
4.500000e+002	9.88575093e-002	-3.30114249e+000	2.14458791e+004	0.00000000e+000	4.8659e+016	1.0000e-010	0.0000e+000
4.600000e+002	1.01002097e-001	-3.29899790e+000	2.05923177e+004	0.00000000e+000	4.4812e+016	1.0000e-010	0.0000e+000
4.700000e+002	1.03061329e-001	-3.29693867e+000	1.98036901e+004	0.00000000e+000	4.1403e+016	1.0000e-010	0.0000e+000
4.800000e+002	1.05041698e-001	-3.29495830e+000	1.90684879e+004	0.00000000e+000	3.8598e+016	1.0000e-010	0.0000e+000
4.900000e+002	1.06948547e-001	-3.29305145e+000	1.83855628e+004	0.00000000e+000	3.5854e+016	1.0000e-010	0.0000e+000
5.000000e+002	1.08787103e-001	-3.29121290e+000	1.77495195e+004	0.00000000e+000	3.3392e+016	1.0000e-010	0.0000e+000
5.100000e+002	1.10562055e-001	-3.28943794e+000	1.71556803e+004	0.00000000e+000	3.1177e+016	1.0000e-010	0.0000e+000
5.200000e+002	1.12277623e-001	-3.28772238e+000	1.65999699e+004	0.00000000e+000	2.9175e+016	1.0000e-010	0.0000e+000
5.300000e+002	1.13937620e-001	-3.28606238e+000	1.60788211e+004	0.00000000e+000	2.7360e+016	1.0000e-010	0.0000e+000
5.400000e+002	1.15545502e-001	-3.28445450e+000	1.55890980e+004	0.00000000e+000	2.5711e+016	1.0000e-010	0.0000e+000
5.500000e+002	1.17104412e-001	-3.28289559e+000	1.51280332e+004	0.00000000e+000	2.4206e+016	1.0000e-010	0.0000e+000
5.600000e+002	1.18617215e-001	-3.28138278e+000	1.46931746e+004	0.00000000e+000	2.2830e+016	1.0000e-010	0.0000e+000
5.700000e+002	1.20086533e-001	-3.27991347e+000	1.42823423e+004	0.00000000e+000	2.1569e+016	1.0000e-010	0.0000e+000
5.800000e+002	1.21514767e-001	-3.27848523e+000	1.38935915e+004	0.00000000e+000	2.0409e+016	1.0000e-010	0.0000e+000
5.900000e+002	1.22904126e-001	-3.27709587e+000	1.35251818e+004	0.00000000e+000	1.9342e+016	1.0000e-010	0.0000e+000
6.000000e+002	1.24256644e-001	-3.27574336e+000	1.31755510e+004	0.00000000e+000	1.8356e+016	1.0000e-010	0.0000e+000
6.100000e+002	1.25574199e-001	-3.27442580e+000	1.28432927e+004	0.00000000e+000	1.7444e+016	1.0000e-010	0.0000e+000
6.200000e+002	1.26858529e-001	-3.27314147e+000	1.25271377e+004	0.00000000e+000	1.6598e+016	1.0000e-010	0.0000e+000
6.300000e+002	1.28111242e-001	-3.27188876e+000	1.22259375e+004	0.00000000e+000	1.5813e+016	1.0000e-010	0.0000e+000
6.400000e+002	1.29333836e-001	-3.27066616e+000	1.19386500e+004	0.00000000e+000	1.5083e+016	1.0000e-010	0.0000e+000
6.500000e+002	1.30527701e-001	-3.26947230e+000	1.16643281e+004	0.00000000e+000	1.4402e+016	1.0000e-010	0.0000e+000
6.600000e+002	1.31694134e-001	-3.26830587e+000	1.14021083e+004	0.00000000e+000	1.3767e+016	1.0000e-010	0.0000e+000
6.700000e+002	1.32834345e-001	-3.26716566e+000	1.11512026e+004	0.00000000e+000	1.3173e+016	1.0000e-010	0.0000e+000
6.800000e+002	1.33949465e-001	-3.26605053e+000	1.09108894e+004	0.00000000e+000	1.2616e+016	1.0000e-010	0.0000e+000
6.900000e+002	1.35040554e-001	-3.26495945e+000	1.06805077e+004	0.00000000e+000	1.2095e+016	1.0000e-010	0.0000e+000
7.000000e+002	1.36108605e-001	-3.26389140e+000	1.04594501e+004	0.00000000e+000	1.1606e+016	1.0000e-010	0.0000e+000
7.100000e+002	1.37154550e-001	-3.26284545e+000	1.02471577e+004	0.00000000e+000	1.1145e+016	1.0000e-010	0.0000e+000
7.200000e+002	1.38179266e-001	-3.26182073e+000	1.00431156e+004	0.00000000e+000	1.0712e+016	1.0000e-010	0.0000e+000
7.300000e+002	1.39183577e-001	-3.26081642e+000	9.84684815e+003	0.00000000e+000	1.0304e+016	1.0000e-010	0.0000e+000
7.400000e+002	1.40168262e-001	-3.25983174e+000	9.65791584e+003	0.00000000e+000	9.9190e+015	1.0000e-010	0.0000e+000
7.500000e+002	1.41134054e-001	-3.25886595e+000	9.47591154e+003	0.00000000e+000	9.5553e+015	1.0000e-010	0.0000e+000
7.600000e+002	1.42081645e-001	-3.25791836e+000	9.30045773e+003	0.00000000e+000	9.2114e+015	1.0000e-010	0.0000e+000
7.700000e+002	1.43011690e-001	-3.25698831e+000	9.13120381e+003	0.00000000e+000	8.8859e+015	1.0000e-010	0.0000e+000
7.800000e+002	1.43924811e-001	-3.25607519e+000	8.96782378e+003	0.00000000e+000	8.5775e+015	1.0000e-010	0.0000e+000
7.900000e+002	1.44821593e-001	-3.25517841e+000	8.81001409e+003	0.00000000e+000	8.2850e+015	1.0000e-010	0.0000e+000
8.000000e+002	1.45702595e-001	-3.25429741e+000	8.65749173e+003	0.00000000e+000	8.0074e+015	1.0000e-010	0.0000e+000
8.100000e+002	1.46568344e-001	-3.25343166e+000	8.50999257e+003	0.00000000e+000	7.7437e+015	1.0000e-010	0.0000e+000
8.200000e+002	1.47419343e-001	-3.25258066e+000	8.36726976e+003	0.00000000e+000	7.4930e+015	1.0000e-010	0.0000e+000
8.300000e+002	1.48256070e-001	-3.25174393e+000	8.22909237e+003	0.00000000e+000	7.2543e+015	1.0000e-010	0.0000e+000
8.400000e+002	1.49078979e-001	-3.25092102e+000	8.09524411e+003	0.00000000e+000	7.0271e+015	1.0000e-010	0.0000e+000
8.500000e+002	1.49888504e-001	-3.25011150e+000	7.96552221e+003	0.00000000e+000	6.8104e+015	1.0000e-010	0.0000e+000
8.600000e+002	1.50685056e-001	-3.24931494e+000	7.83973635e+003	0.00000000e+000	6.6038e+015	1.0000e-010	0.0000e+000
8.700000e+002	1.51469030e-001	-3.24853097e+000	7.71770775e+003	0.00000000e+000	6.4065e+015	1.0000e-010	0.0000e+000
8.800000e+002	1.52240800e-001	-3.24775920e+000	7.59926829e+003	0.00000000e+000	6.2181e+015	1.0000e-010	0.0000e+000
8.900000e+002	1.53000727e-001	-3.24699927e+000	7.48425971e+003	0.00000000e+000	6.0380e+015	1.0000e-010	0.0000e+000
9.000000e+002	1.53749153e-001	-3.24625085e+000	7.37253295e+003	0.00000000e+000	5.8657e+015	1.0000e-010	0.0000e+000
9.100000e+002	1.54486406e-001	-3.24551359e+000	7.26394743e+003	0.00000000e+000	5.7008e+015	1.0000e-010	0.0000e+000
9.200000e+002	1.55212801e-001	-3.24478720e+000	7.15837050e+003	0.00000000e+000	5.5428e+015	1.0000e-010	0.0000e+000
9.300000e+002	1.55928638e-001	-3.24407136e+000	7.05567688e+003	0.00000000e+000	5.3914e+015	1.0000e-010	0.0000e+000
9.400000e+002	1.56634206e-001	-3.24336579e+000	6.95574813e+003	0.00000000e+000	5.2463e+015	1.0000e-010	0.0000e+000
9.500000e+002	1.57329781e-001	-3.24267022e+000	6.85847222e+003	0.00000000e+000	5.1070e+015	1.0000e-010	0.0000e+000
9.600000e+002	1.58015628e-001	-3.24198437e+000	6.76374309e+003	0.00000000e+000	4.9733e+015	1.0000e-010	0.0000e+000
9.700000e+002	1.58692002e-001	-3.24130800e+000	6.67146024e+003	0.00000000e+000	4.8449e+015	1.0000e-010	0.0000e+000
9.800000e+002	1.59359148e-001	-3.24064085e+000	6.58152841e+003	0.00000000e+000	4.7214e+015	1.0000e-010	0.0000e+000
9.900000e+002	1.60017301e-001	-3.23998270e+000	6.49385722e+003	0.00000000e+000	4.6028e+015	1.0000e-010	0.0000e+000
1.000000e+003	1.60666687e-001	-3.23933331e+000	6.40836084e+003	0.00000000e+000	4.4886e+015	1.0000e-010	0.0000e+000
1.010000e+003	1.61307523e-001	-3.23869248e+000	6.32495775e+003	0.00000000e+000	4.3787e+015	1.0000e-010	0.0000e+000
1.020000e+003	1.61940019e-001	-3.23805998e+000	6.24357044e+003	0.00000000e+000	4.2728e+015	1.0000e-010	0.0000e+000
1.030000e+003	1.62564376e-001	-3.23743562e+000	6.16412519e+003	0.00000000e+000	4.1709e+015	1.0000e-010	0.0000e+000
1.040000e+003	1.63180788e-001	-3.23681921e+000	6.08655182e+003	0.00000000e+000	4.0726e+015	1.0000e-010	0.0000e+000
1.050000e+003	1.63789443e-001	-3.23621056e+000	6.01078349e+003	0.00000000e+000	3.9778e+015	1.0000e-010	0.0000e+000
1.060000e+003	1.64390522e-001	-3.23560948e+000	5.93675651e+003	0.00000000e+000	3.8864e+015	1.0000e-010	0.0000e+000
1.070000e+003	1.64984197e-001	-3.23501580e+000	5.86441014e+003	0.00000000e+000	3.7982e+015	1.0000e-010	0.0000e+000
1.080000e+003	1.65570638e-001	-3.23442936e+000	5.79368645e+003	0.00000000e+000	3.7130e+015	1.0000e-010	0.0000e+000
1.090000e+003	1.66150007e-001	-3.23384999e+000	5.72453012e+003	0.00000000e+000	3.6307e+015	1.0000e-010	0.0000e+000
1.100000e+003	1.66722460e-001	-3.23327754e+000	5.65688831e+003	0.00000000e+000	3.5512e+015	1.0000e-010	0.0000e+000
1.110000e+003	1.67288149e-001	-3.23271185e+000	5.59071056e+003	0.00000000e+000	3.4743e+015	1.0000e-010	0.0000e+000
1.120000e+003	1.67847220e-001	-3.23215278e+000	5.52594859e+003	0.00000000e+000	3.4000e+015	1.0000e-010	0.0000e+000
1.130000e+003	1.68399815e-001	-3.23160019e+000	5.46255624e+003	0.00000000e+000	3.3281e+015	1.0000e-010	0.0000e+000
1.140000e+003	1.68946070e-001	-3.23105393e+000	5.40048933e+003	0.00000000e+000	3.2585e+015	1.0000e-010	0.0000e+000
1.150000e+003	1.69486119e-001	-3.23051388e+000	5.33970555e+003	0.00000000e+000	3.1912e+015	1.0000e-010	0.0000e+000
1.160000e+003	1.70020090e-001	-3.22997991e+000	5.28016437e+003	0.00000000e+000	3.1259e+015	1.0000e-010	0.0000e+000
1.170000e+003	1.70548106e-001	-3.22945189e+000	5.22182696e+003	0.00000000e+000	3.0627e+015	1.0000e-010	0.0000e+000
1.180000e+003	1.71070289e-001	-3.22892971e+000	5.16465609e+003	0.00000000e+000	3.0015e+015	1.0000e-010	0.0000e+000
1.190000e+003	1.71586755e-001	-3.22841325e+000	5.10861603e+003	0.00000000e+000	2.9421e+015	1.0000e-010	0.0000e+000
1.200000e+003	1.72097616e-001	-3.22790238e+000	5.05367251e+003	0.00000000e+000	2.8845e+015	1.0000e-010	0.0000e+000
1.210000e+003	1.72602984e-001	-3.22739702e+000	4.99979262e+003	0.00000000e+000	2.8287e+015	1.0000e-010	0.0000e+000
1.220000e+003	1.73102963e-001	-3.22689704e+000	4.94694476e+003	0.00000000e+000	2.7745e+015	1.0000e-010	0.0000e+000
1.230000e+003	1.73597657e-001	-3.22640234e+000	4.89509856e+003	0.00000000e+000	2.7219e+015	1.0000e-010	0.0000e+000
1.240000e+003	1.74087167e-001	-3.22591283e+000	4.84422484e+003	0.00000000e+000	2.6709e+015	1.0000e-010	0.0000e+000
1.250000e+003	1.74571590e-001	-3.22542841e+000	4.79429553e+003	0.00000000e+000	2.6213e+015	1.0000e-010	0.0000e+000
1.260000e+003	1.75051019e-001	-3.22494898e+000	4.74528364e+003	0.00000000e+000	2.5731e+015	1.0000e-010	0.0000e+000
1.270000e+003	1.75525548e-001	-3.22447445e+000	4.69716318e+003	0.00000000e+000	2.5263e+015	1.0000e-010	0.0000e+000
1.280000e+003	1.75995264e-001	-3.22400474e+000	4.64990915e+003	0.00000000e+000	2.4808e+015	1.0000e-010	0.0000e+000
1.290000e+003	1.76460255e-001	-3.22353975e+000	4.60349746e+003	0.00000000e+000	2.4366e+015	1.0000e-010	0.0000e+000
1.300000e+003	1.76920605e-001	-3.22307940e+000	4.55790492e+003	0.00000000e+000	2.3936e+015	1.0000e-010	0.0000e+000
1.310000e+003	1.77376395e-001	-3.22262360e+000	4.51310916e+003	0.00000000e+000	2.3518e+015	1.0000e-010	0.0000e+000
1.320000e+003	1.77827706e-001	-3.22217229e+000	4.46908864e+003	0.00000000e+000	2.3111e+015	1.0000e-010	0.0000e+000
1.330000e+003	1.78274615e-001	-3.22172539e+000	4.42582257e+003	0.00000000e+000	2.2715e+015	1.0000e-010	0.0000e+000
1.340000e+003	1.78717197e-001	-3.22128280e+000	4.38329091e+003	0.00000000e+000	2.2329e+015	1.0000e-010	0.0000e+000
1.350000e+003	1.79155526e-001	-3.22084447e+000	4.34147430e+003	0.00000000e+000	2.1954e+015	1.0000e-010	0.0000e+000
1.360000e+003	1.79589674e-001	-3.22041033e+000	4.30035408e+003	0.00000000e+000	2.1588e+015	1.0000e-010	0.0000e+000
1.370000e+003	1.80019709e-001	-3.21998029e+000	4.25991222e+003	0.00000000e+000	2.1232e+015	1.0000e-010	0.0000e+000
1.380000e+003	1.80445700e-001	-3.21955430e+000	4.22013130e+003	0.00000000e+000	2.0885e+015	1.0000e-010	0.0000e+000
1.390000e+003	1.80867713e-001	-3.21913229e+000	4.18099450e+003	0.00000000e+000	2.0547e+015	1.0000e-010	0.0000e+000
1.400000e+003	1.81285813e-001	-3.21871419e+000	4.14248557e+003	0.00000000e+000	2.0217e+015	1.0000e-010	0.0000e+000
1.410000e+003	1.81700061e-001	-3.21829994e+000	4.10458877e+003	0.00000000e+000	1.9896e+015	1.0000e-010	0.0000e+000
1.420000e+003	1.82110520e-001	-3.21788948e+000	4.06728893e+003	0.00000000e+000	1.9582e+015	1.0000e-010	0.0000e+000
1.430000e+003	1.82517249e-001	-3.21748275e+000	4.03057133e+003	0.00000000e+000	1.9277e+015	1.0000e-010	0.0000e+000
1.440000e+003	1.82920306e-001	-3.21707969e+000	3.99442175e+003	0.00000000e+000	1.8979e+015	1.0000e-010	0.0000e+000
1.450000e+003	1.83319748e-001	-3.21668025e+000	3.95882643e+003	0.00000000e+000	1.8688e+015	1.0000e-010	0.0000e+000
1.460000e+003	1.83715631e-001	-3.21628437e+000	3.92377204e+003	0.00000000e+000	1.8404e+015	1.0000e-010	0.0000e+000
1.470000e+003	1.84108008e-001	-3.21589199e+000	3.88924569e+003	0.00000000e+000	1.8126e+015	1.0000e-010	0.0000e+000
1.480000e+003	1.84496933e-001	-3.21550307e+000	3.85523487e+003	0.00000000e+000	1.7856e+015	1.0000e-010	0.0000e+000
1.490000e+003	1.84882456e-001	-3.21511754e+000	3.82172749e+003	0.00000000e+000	1.7591e+015	1.0000e-010	0.0000e+000
1.500000e+003	1.85264629e-001	-3.21473537e+000	3.78871180e+003	0.00000000e+000	1.7333e+015	1.0000e-010	0.0000e+000
1.510000e+003	1.85643500e-001	-3.21435650e+000	3.75617644e+003	0.00000000e+000	1.7081e+015	1.0000e-010	0.0000e+000
1.520000e+003	1.86019118e-001	-3.21398088e+000	3.72411039e+003	0.00000000e+000	1.6835e+015	1.0000e-010	0.0000e+000
1.530000e+003	1.86391529e-001	-3.21360847e+000	3.69250296e+003	0.00000000e+000	1.6594e+015	1.0000e-010	0.0000e+000
1.540000e+003	1.86760779e-001	-3.21323922e+000	3.66134377e+003	0.00000000e+000	1.6359e+015	1.0000e-010	0.0000e+000
1.550000e+003	1.87126914e-001	-3.21287309e+000	3.63062278e+003	0.00000000e+000	1.6129e+015	1.0000e-010	0.0000e+000
1.560000e+003	1.87489976e-001	-3.21251002e+000	3.60033021e+003	0.00000000e+000	1.5904e+015	1.0000e-010	0.0000e+000
1.570000e+003	1.87850009e-001	-3.21214999e+000	3.57045659e+003	0.00000000e+000	1.5684e+015	1.0000e-010	0.0000e+000
1.580000e+003	1.88207055e-001	-3.21179295e+000	3.54099272e+003	0.00000000e+000	1.5469e+015	1.0000e-010	0.0000e+000
1.590000e+003	1.88561154e-001	-3.21143885e+000	3.51192968e+003	0.00000000e+000	1.5258e+015	1.0000e-010	0.0000e+000
1.600000e+003	1.88912347e-001	-3.21108765e+000	3.48325877e+003	0.00000000e+000	1.5052e+015	1.0000e-010	0.0000e+000
1.610000e+003	1.89260673e-001	-3.21073933e+000	3.45497159e+003	0.00000000e+000	1.4851e+015	1.0000e-010	0.0000e+000
1.620000e+003	1.89606170e-001	-3.21039383e+000	3.42705993e+003	0.00000000e+000	1.4654e+015	1.0000e-010	0.0000e+000
1.630000e+003	1.89948876e-001	-3.21005112e+000	3.39951584e+003	0.00000000e+000	1.4461e+015	1.0000e-010	0.0000e+000
1.640000e+003	1.90288827e-001	-3.20971117e+000	3.37233159e+003	0.00000000e+000	1.4272e+015	1.0000e-010	0.0000e+000
1.650000e+003	1.90626061e-001	-3.20937394e+000	3.34549964e+003	0.00000000e+000	1.4087e+015	1.0000e-010	0.0000e+000
1.660000e+003	1.90960611e-001	-3.20903939e+000	3.31901268e+003	0.00000000e+000	1.3906e+015	1.0000e-010	0.0000e+000
1.670000e+003	1.91292512e-001	-3.20870749e+000	3.29286361e+003	0.00000000e+000	1.3728e+015	1.0000e-010	0.0000e+000
1.680000e+003	1.91621798e-001	-3.20837820e+000	3.26704549e+003	0.00000000e+000	1.3555e+015	1.0000e-010	0.0000e+000
1.690000e+003	1.91948503e-001	-3.20805150e+000	3.24155160e+003	0.00000000e+000	1.3384e+015	1.0000e-010	0.0000e+000
1.700000e+003	1.92272658e-001	-3.20772734e+000	3.21637538e+003	0.00000000e+000	1.3218e+015	1.0000e-010	0.0000e+000
1.710000e+003	1.92594295e-001	-3.20740570e+000	3.19151044e+003	0.00000000e+000	1.3054e+015	1.0000e-010	0.0000e+000
1.720000e+003	1.92913446e-001	-3.20708655e+000	3.16695059e+003	0.00000000e+000	1.2894e+015	1.0000e-010	0.0000e+000
1.730000e+003	1.93230142e-001	-3.20676986e+000	3.14268976e+003	0.00000000e+000	1.2737e+015	1.0000e-010	0.0000e+000
1.740000e+003	1.93544411e-001	-3.20645559e+000	3.11872208e+003	0.00000000e+000	1.2583e+015	1.0000e-010	0.0000e+000
1.750000e+003	1.93856283e-001	-3.20614372e+000	3.09504180e+003	0.00000000e+000	1.2432e+015	1.0000e-010	0.0000e+000
1.760000e+003	1.94165787e-001	-3.20583421e+000	3.07164333e+003	0.00000000e+000	1.2284e+015	1.0000e-010	0.0000e+000
1.770000e+003	1.94472951e-001	-3.20552705e+000	3.04852123e+003	0.00000000e+000	1.2139e+015	1.0000e-010	0.0000e+000
1.780000e+003	1.94777803e-001	-3.20522220e+000	3.02567019e+003	0.00000000e+000	1.1997e+015	1.0000e-010	0.0000e+000
1.790000e+003	1.95080370e-001	-3.20491963e+000	3.00308504e+003	0.00000000e+000	1.1857e+015	1.0000e-010	0.0000e+000
1.800000e+003	1.95380679e-001	-3.20461932e+000	2.98076073e+003	0.00000000e+000	1.1720e+015	1.0000e-010	0.0000e+000
1.810000e+003	1.95678755e-001	-3.20432125e+000	2.95869234e+003	0.00000000e+000	1.1586e+015	1.0000e-010	0.0000e+000
1.820000e+003	1.95974624e-001	-3.20402538e+000	2.93687507e+003	0.00000000e+000	1.1454e+015	1.0000e-010	0.0000e+000
1.830000e+003	1.96268312e-001	-3.20373169e+000	2.91530426e+003	0.00000000e+000	1.1325e+015	1.0000e-010	0.0000e+000
1.840000e+003	1.96559842e-001	-3.20344016e+000	2.89397533e+003	0.00000000e+000	1.1198e+015	1.0000e-010	0.0000e+000
1.850000e+003	1.96849240e-001	-3.20315076e+000	2.87288384e+003	0.00000000e+000	1.1073e+015	1.0000e-010	0.0000e+000
1.860000e+003	1.97136528e-001	-3.20286347e+000	2.85202543e+003	0.00000000e+000	1.0951e+015	1.0000e-010	0.0000e+000
1.870000e+003	1.97421731e-001	-3.20257827e+000	2.83139587e+003	0.00000000e+000	1.0831e+015	1.0000e-010	0.0000e+000
1.880000e+003	1.97704870e-001	-3.20229513e+000	2.81099102e+003	0.00000000e+000	1.0713e+015	1.0000e-010	0.0000e+000
1.890000e+003	1.97985969e-001	-3.20201403e+000	2.79080684e+003	0.00000000e+000	1.0597e+015	1.0000e-010	0.0000e+000
1.900000e+003	1.98265050e-001	-3.20173495e+000	2.77083938e+003	0.00000000e+000	1.0483e+015	1.0000e-010	0.0000e+000
1.910000e+003	1.98542134e-001	-3.20145787e+000	2.75108479e+003	0.00000000e+000	1.0371e+015	1.0000e-010	0.0000e+000
1.920000e+003	1.98817242e-001	-3.20118276e+000	2.73153931e+003	0.00000000e+000	1.0261e+015	1.0000e-010	0.0000e+000
1.930000e+003	1.99090396e-001	-3.20090960e+000	2.71219926e+003	0.00000000e+000	1.0154e+015	1.0000e-010	0.0000e+000
1.940000e+003	1.99361616e-001	-3.20063838e+000	2.69306106e+003	0.00000000e+000	1.0048e+015	1.0000e-010	0.0000e+000
1.950000e+003	1.99630922e-001	-3.20036908e+000	2.67412118e+003	0.00000000e+000	9.9435e+014	1.0000e-010	0.0000e+000
1.960000e+003	1.99898334e-001	-3.20010167e+000	2.65537621e+003	0.00000000e+000	9.8411e+014	1.0000e-010	0.0000e+000
1.970000e+003	2.00163872e-001	-3.19983613e+000	2.63682279e+003	0.00000000e+000	9.7406e+014	1.0000e-010	0.0000e+000
1.980000e+003	2.00427554e-001	-3.19957245e+000	2.61845765e+003	0.00000000e+000	9.6417e+014	1.0000e-010	0.0000e+000
1.990000e+003	2.00689400e-001	-3.19931060e+000	2.60027758e+003	0.00000000e+000	9.5446e+014	1.0000e-010	0.0000e+000
2.000000e+003	2.00949428e-001	-3.19905057e+000	2.58227946e+003	0.00000000e+000	9.4490e+014	1.0000e-010	0.0000e+000
2.010000e+003	2.01207656e-001	-3.19879234e+000	2.56446022e+003	0.00000000e+000	9.3551e+014	1.0000e-010	0.0000e+000
2.020000e+003	2.01464102e-001	-3.19853590e+000	2.54681687e+003	0.00000000e+000	9.2628e+014	1.0000e-010	0.0000e+000
2.030000e+003	2.01718784e-001	-3.19828122e+000	2.52934648e+003	0.00000000e+000	9.1720e+014	1.0000e-010	0.0000e+000
2.040000e+003	2.01971718e-001	-3.19802828e+000	2.51204618e+003	0.00000000e+000	9.0827e+014	1.0000e-010	0.0000e+000
2.050000e+003	2.02222923e-001	-3.19777708e+000	2.49491318e+003	0.00000000e+000	8.9949e+014	1.0000e-010	0.0000e+000
2.060000e+003	2.02472414e-001	-3.19752759e+000	2.47794473e+003	0.00000000e+000	8.9085e+014	1.0000e-010	0.0000e+000
2.070000e+003	2.02720209e-001	-3.19727979e+000	2.46113815e+003	0.00000000e+000	8.8235e+014	1.0000e-010	0.0000e+000
2.080000e+003	2.02966322e-001	-3.19703368e+000	2.44449081e+003	0.00000000e+000	8.7399e+014	1.0000e-010	0.0000e+000
2.090000e+003	2.03210771e-001	-3.19678923e+000	2.42800014e+003	0.00000000e+000	8.6576e+014	1.0000e-010	0.0000e+000
2.100000e+003	2.03453571e-001	-3.19654643e+000	2.41166363e+003	0.00000000e+000	8.5767e+014	1.0000e-010	0.0000e+000
2.110000e+003	2.03694738e-001	-3.19630526e+000	2.39547880e+003	0.00000000e+000	8.4971e+014	1.0000e-010	0.0000e+000
2.120000e+003	2.03934286e-001	-3.19606571e+000	2.37944325e+003	0.00000000e+000	8.4187e+014	1.0000e-010	0.0000e+000
2.130000e+003	2.04172230e-001	-3.19582777e+000	2.36355462e+003	0.00000000e+000	8.3416e+014	1.0000e-010	0.0000e+000
2.140000e+003	2.04408586e-001	-3.19559141e+000	2.34781059e+003	0.00000000e+000	8.2656e+014	1.0000e-010	0.0000e+000
2.150000e+003	2.04643367e-001	-3.19535663e+000	2.33220890e+003	0.00000000e+000	8.1909e+014	1.0000e-010	0.0000e+000
2.160000e+003	2.04876587e-001	-3.19512341e+000	2.31674732e+003	0.00000000e+000	8.1174e+014	1.0000e-010	0.0000e+000
2.170000e+003	2.05108262e-001	-3.19489174e+000	2.30142369e+003	0.00000000e+000	8.0449e+014	1.0000e-010	0.0000e+000
2.180000e+003	2.05338405e-001	-3.19466160e+000	2.28623586e+003	0.00000000e+000	7.9736e+014	1.0000e-010	0.0000e+000
2.190000e+003	2.05567028e-001	-3.19443297e+000	2.27118176e+003	0.00000000e+000	7.9034e+014	1.0000e-010	0.0000e+000
2.200000e+003	2.05794146e-001	-3.19420585e+000	2.25625933e+003	0.00000000e+000	7.8343e+014	1.0000e-010	0.0000e+000
2.210000e+003	2.06019772e-001	-3.19398023e+000	2.24146657e+003	0.00000000e+000	7.7662e+014	1.0000e-010	0.0000e+000
2.220000e+003	2.06243919e-001	-3.19375608e+000	2.22680152e+003	0.00000000e+000	7.6992e+014	1.0000e-010	0.0000e+000
2.230000e+003	2.06466599e-001	-3.19353340e+000	2.21226224e+003	0.00000000e+000	7.6331e+014	1.0000e-010	0.0000e+000
2.240000e+003	2.06687825e-001	-3.19331217e+000	2.19784685e+003	0.00000000e+000	7.5681e+014	1.0000e-010	0.0000e+000
2.250000e+003	2.06907610e-001	-3.19309239e+000	2.18355350e+003	0.00000000e+000	7.5040e+014	1.0000e-010	0.0000e+000
2.260000e+003	2.07125965e-001	-3.19287403e+000	2.16938037e+003	0.00000000e+000	7.4409e+014	1.0000e-010	0.0000e+000
2.270000e+003	2.07342903e-001	-3.19265710e+000	2.15532567e+003	0.00000000e+000	7.3787e+014	1.0000e-010	0.0000e+000
2.280000e+003	2.07558436e-001	-3.19244156e+000	2.14138766e+003	0.00000000e+000	7.3175e+014	1.0000e-010	0.0000e+000
2.290000e+003	2.07772575e-001	-3.19222743e+000	2.12756463e+003	0.00000000e+000	7.2571e+014	1.0000e-010	0.0000e+000
2.300000e+003	2.07985331e-001	-3.19201467e+000	2.11385489e+003	0.00000000e+000	7.1976e+014	1.0000e-010	0.0000e+000
2.310000e+003	2.08196717e-001	-3.19180328e+000	2.10025679e+003	0.00000000e+000	7.1390e+014	1.0000e-010	0.0000e+000
2.320000e+003	2.08406742e-001	-3.19159326e+000	2.08676872e+003	0.00000000e+000	7.0813e+014	1.0000e-010	0.0000e+000
2.330000e+003	2.08615419e-001	-3.19138458e+000	2.07338909e+003	0.00000000e+000	7.0243e+014	1.0000e-010	0.0000e+000
2.340000e+003	2.08822758e-001	-3.19117724e+000	2.06011634e+003	0.00000000e+000	6.9682e+014	1.0000e-010	0.0000e+000
2.350000e+003	2.09028770e-001	-3.19097123e+000	2.04694893e+003	0.00000000e+000	6.9129e+014	1.0000e-010	0.0000e+000
2.360000e+003	2.09233465e-001	-3.19076654e+000	2.03388538e+003	0.00000000e+000	6.8584e+014	1.0000e-010	0.0000e+000
2.370000e+003	2.09436853e-001	-3.19056315e+000	2.02092419e+003	0.00000000e+000	6.8046e+014	1.0000e-010	0.0000e+000
2.380000e+003	2.09638946e-001	-3.19036105e+000	2.00806394e+003	0.00000000e+000	6.7517e+014	1.0000e-010	0.0000e+000
2.390000e+003	2.09839752e-001	-3.19016025e+000	1.99530318e+003	0.00000000e+000	6.6994e+014	1.0000e-010	0.0000e+000
2.400000e+003	2.10039282e-001	-3.18996072e+000	1.98264054e+003	0.00000000e+000	6.6479e+014	1.0000e-010	0.0000e+000
2.410000e+003	2.10237546e-001	-3.18976245e+000	1.97007464e+003	0.00000000e+000	6.5971e+014	1.0000e-010	0.0000e+000
2.420000e+003	2.10434554e-001	-3.18956545e+000	1.95760414e+003	0.00000000e+000	6.5470e+014	1.0000e-010	0.0000e+000
2.430000e+003	2.10630314e-001	-3.18936969e+000	1.94522771e+003	0.00000000e+000	6.4976e+014	1.0000e-010	0.0000e+000
2.440000e+003	2.10824837e-001	-3.18917516e+000	1.93294405e+003	0.00000000e+000	6.4489e+014	1.0000e-010	0.0000e+000
2.450000e+003	2.11018131e-001	-3.18898187e+000	1.92075190e+003	0.00000000e+000	6.4009e+014	1.0000e-010	0.0000e+000
2.460000e+003	2.11210207e-001	-3.18878979e+000	1.90865000e+003	0.00000000e+000	6.3535e+014	1.0000e-010	0.0000e+000
2.470000e+003	2.11401072e-001	-3.18859893e+000	1.89663711e+003	0.00000000e+000	6.3068e+014	1.0000e-010	0.0000e+000
2.480000e+003	2.11590735e-001	-3.18840926e+000	1.88471204e+003	0.00000000e+000	6.2607e+014	1.0000e-010	0.0000e+000
2.490000e+003	2.11779207e-001	-3.18822079e+000	1.87287359e+003	0.00000000e+000	6.2152e+014	1.0000e-010	0.0000e+000
2.500000e+003	2.11966494e-001	-3.18803351e+000	1.86112059e+003	0.00000000e+000	6.1703e+014	1.0000e-010	0.0000e+000
2.510000e+003	2.12152606e-001	-3.18784739e+000	1.84945191e+003	0.00000000e+000	6.1261e+014	1.0000e-010	0.0000e+000
2.520000e+003	2.12337551e-001	-3.18766245e+000	1.83786640e+003	0.00000000e+000	6.0824e+014	1.0000e-010	0.0000e+000
2.530000e+003	2.12521338e-001	-3.18747866e+000	1.82636296e+003	0.00000000e+000	6.0393e+014	1.0000e-010	0.0000e+000
2.540000e+003	2.12703974e-001	-3.18729603e+000	1.81494051e+003	0.00000000e+000	5.9968e+014	1.0000e-010	0.0000e+000
2.550000e+003	2.12885468e-001	-3.18711453e+000	1.80359796e+003	0.00000000e+000	5.9549e+014	1.0000e-010	0.0000e+000
2.560000e+003	2.13065828e-001	-3.18693417e+000	1.79233428e+003	0.00000000e+000	5.9135e+014	1.0000e-010	0.0000e+000
2.570000e+003	2.13245061e-001	-3.18675494e+000	1.78114841e+003	0.00000000e+000	5.8726e+014	1.0000e-010	0.0000e+000
2.580000e+003	2.13423176e-001	-3.18657682e+000	1.77003935e+003	0.00000000e+000	5.8323e+014	1.0000e-010	0.0000e+000
2.590000e+003	2.13600180e-001	-3.18639982e+000	1.75900609e+003	0.00000000e+000	5.7925e+014	1.0000e-010	0.0000e+000
2.600000e+003	2.13776081e-001	-3.18622392e+000	1.74804765e+003	0.00000000e+000	5.7532e+014	1.0000e-010	0.0000e+000
2.610000e+003	2.13950886e-001	-3.18604911e+000	1.73716305e+003	0.00000000e+000	5.7144e+014	1.0000e-010	0.0000e+000
2.620000e+003	2.14124602e-001	-3.18587540e+000	1.72635135e+003	0.00000000e+000	5.6762e+014	1.0000e-010	0.0000e+000
2.630000e+003	2.14297237e-001	-3.18570276e+000	1.71561161e+003	0.00000000e+000	5.6384e+014	1.0000e-010	0.0000e+000
2.640000e+003	2.14468798e-001	-3.18553120e+000	1.70494291e+003	0.00000000e+000	5.6011e+014	1.0000e-010	0.0000e+000
2.650000e+003	2.14639292e-001	-3.18536071e+000	1.69434433e+003	0.00000000e+000	5.5643e+014	1.0000e-010	0.0000e+000
2.660000e+003	2.14808727e-001	-3.18519127e+000	1.68381499e+003	0.00000000e+000	5.5279e+014	1.0000e-010	0.0000e+000
2.670000e+003	2.14977108e-001	-3.18502289e+000	1.67335401e+003	0.00000000e+000	5.4920e+014	1.0000e-010	0.0000e+000
2.680000e+003	2.15144444e-001	-3.18485556e+000	1.66296052e+003	0.00000000e+000	5.4566e+014	1.0000e-010	0.0000e+000
2.690000e+003	2.15310740e-001	-3.18468926e+000	1.65263368e+003	0.00000000e+000	5.4216e+014	1.0000e-010	0.0000e+000
2.700000e+003	2.15476003e-001	-3.18452400e+000	1.64237264e+003	0.00000000e+000	5.3871e+014	1.0000e-010	0.0000e+000
2.710000e+003	2.15640240e-001	-3.18435976e+000	1.63217658e+003	0.00000000e+000	5.3529e+014	1.0000e-010	0.0000e+000
2.720000e+003	2.15803458e-001	-3.18419654e+000	1.62204469e+003	0.00000000e+000	5.3193e+014	1.0000e-010	0.0000e+000
2.730000e+003	2.15965663e-001	-3.18403434e+000	1.61197617e+003	0.00000000e+000	5.2860e+014	1.0000e-010	0.0000e+000
2.740000e+003	2.16126860e-001	-3.18387314e+000	1.60197024e+003	0.00000000e+000	5.2531e+014	1.0000e-010	0.0000e+000
2.750000e+003	2.16287057e-001	-3.18371294e+000	1.59202613e+003	0.00000000e+000	5.2207e+014	1.0000e-010	0.0000e+000
2.760000e+003	2.16446260e-001	-3.18355374e+000	1.58214306e+003	0.00000000e+000	5.1886e+014	1.0000e-010	0.0000e+000
2.770000e+003	2.16604474e-001	-3.18339553e+000	1.57232029e+003	0.00000000e+000	5.1570e+014	1.0000e-010	0.0000e+000
2.780000e+003	2.16761706e-001	-3.18323829e+000	1.56255708e+003	0.00000000e+000	5.1257e+014	1.0000e-010	0.0000e+000
2.790000e+003	2.16917962e-001	-3.18308204e+000	1.55285271e+003	0.00000000e+000	5.0948e+014	1.0000e-010	0.0000e+000
2.800000e+003	2.17073247e-001	-3.18292675e+000	1.54320645e+003	0.00000000e+000	5.0643e+014	1.0000e-010	0.0000e+000
2.810000e+003	2.17227568e-001	-3.18277243e+000	1.53361760e+003	0.00000000e+000	5.0342e+014	1.0000e-010	0.0000e+000
2.820000e+003	2.17380930e-001	-3.18261907e+000	1.52408547e+003	0.00000000e+000	5.0044e+014	1.0000e-010	0.0000e+000
2.830000e+003	2.17533338e-001	-3.18246666e+000	1.51460937e+003	0.00000000e+000	4.9750e+014	1.0000e-010	0.0000e+000
2.840000e+003	2.17684799e-001	-3.18231520e+000	1.50518863e+003	0.00000000e+000	4.9459e+014	1.0000e-010	0.0000e+000
2.850000e+003	2.17835318e-001	-3.18216468e+000	1.49582257e+003	0.00000000e+000	4.9172e+014	1.0000e-010	0.0000e+000
2.860000e+003	2.17984900e-001	-3.18201510e+000	1.48651056e+003	0.00000000e+000	4.8888e+014	1.0000e-010	0.0000e+000
2.870000e+003	2.18133551e-001	-3.18186645e+000	1.47725193e+003	0.00000000e+000	4.8608e+014	1.0000e-010	0.0000e+000
2.880000e+003	2.18281276e-001	-3.18171872e+000	1.46804606e+003	0.00000000e+000	4.8331e+014	1.0000e-010	0.0000e+000
2.890000e+003	2.18428081e-001	-3.18157192e+000	1.45889232e+003	0.00000000e+000	4.8057e+014	1.0000e-010	0.0000e+000
2.900000e+003	2.18573970e-001	-3.18142603e+000	1.44979009e+003	0.00000000e+000	4.7787e+014	1.0000e-010	0.0000e+000
2.910000e+003	2.18718949e-001	-3.18128105e+000	1.44073876e+003	0.00000000e+000	4.7520e+014	1.0000e-010	0.0000e+000
2.920000e+003	2.18863023e-001	-3.18113698e+000	1.43173774e+003	0.00000000e+000	4.7256e+014	1.0000e-010	0.0000e+000
2.930000e+003	2.19006197e-001	-3.18099380e+000	1.42278642e+003	0.00000000e+000	4.6995e+014	1.0000e-010	0.0000e+000
2.940000e+003	2.19148476e-001	-3.18085152e+000	1.41388424e+003	0.00000000e+000	4.6737e+014	1.0000e-010	0.0000e+000
2.950000e+003	2.19289864e-001	-3.18071014e+000	1.40503061e+003	0.00000000e+000	4.6482e+014	1.0000e-010	0.0000e+000
2.960000e+003	2.19430367e-001	-3.18056963e+000	1.39622497e+003	0.00000000e+000	4.6230e+014	1.0000e-010	0.0000e+000
2.970000e+003	2.19569989e-001	-3.18043001e+000	1.38746676e+003	0.00000000e+000	4.5981e+014	1.0000e-010	0.0000e+000
2.980000e+003	2.19708736e-001	-3.18029126e+000	1.37875543e+003	0.00000000e+000	4.5735e+014	1.0000e-010	0.0000e+000
2.990000e+003	2.19846612e-001	-3.18015339e+000	1.37009043e+003	0.00000000e+000	4.5491e+014	1.0000e-010	0.0000e+000
3.000000e+003	2.19983621e-001	-3.18001638e+000	1.36147123e+003	0.00000000e+000	4.5251e+014	1.0000e-010	0.0000e+000
3.010000e+003	2.20119768e-001	-3.17988023e+000	1.35289731e+003	0.00000000e+000	4.5013e+014	1.0000e-010	0.0000e+000
3.020000e+003	2.20255058e-001	-3.17974494e+000	1.34436814e+003	0.00000000e+000	4.4778e+014	1.0000e-010	0.0000e+000
3.030000e+003	2.20389494e-001	-3.17961051e+000	1.33588321e+003	0.00000000e+000	4.4546e+014	1.0000e-010	0.0000e+000
3.040000e+003	2.20523083e-001	-3.17947692e+000	1.32744201e+003	0.00000000e+000	4.4316e+014	1.0000e-010	0.0000e+000
3.050000e+003	2.20655827e-001	-3.17934417e+000	1.31904404e+003	0.00000000e+000	4.4089e+014	1.0000e-010	0.0000e+000
3.060000e+003	2.20787731e-001	-3.17921227e+000	1.31068882e+003	0.00000000e+000	4.3865e+014	1.0000e-010	0.0000e+000
3.070000e+003	2.20918800e-001	-3.17908120e+000	1.30237584e+003	0.00000000e+000	4.3643e+014	1.0000e-010	0.0000e+000
3.080000e+003	2.21049038e-001	-3.17895096e+000	1.29410464e+003	0.00000000e+000	4.3424e+014	1.0000e-010	0.0000e+000
3.090000e+003	2.21178448e-001	-3.17882155e+000	1.28587475e+003	0.00000000e+000	4.3207e+014	1.0000e-010	0.0000e+000
3.100000e+003	2.21307036e-001	-3.17869296e+000	1.27768568e+003	0.00000000e+000	4.2993e+014	1.0000e-010	0.0000e+000
3.110000e+003	2.21434804e-001	-3.17856520e+000	1.26953699e+003	0.00000000e+000	4.2781e+014	1.0000e-010	0.0000e+000
3.120000e+003	2.21561758e-001	-3.17843824e+000	1.26142822e+003	0.00000000e+000	4.2571e+014	1.0000e-010	0.0000e+000
3.130000e+003	2.21687901e-001	-3.17831210e+000	1.25335891e+003	0.00000000e+000	4.2364e+014	1.0000e-010	0.0000e+000
3.140000e+003	2.21813237e-001	-3.17818676e+000	1.24532864e+003	0.00000000e+000	4.2159e+014	1.0000e-010	0.0000e+000
3.150000e+003	2.21937770e-001	-3.17806223e+000	1.23733695e+003	0.00000000e+000	4.1956e+014	1.0000e-010	0.0000e+000
3.160000e+003	2.22061503e-001	-3.17793850e+000	1.22938342e+003	0.00000000e+000	4.1756e+014	1.0000e-010	0.0000e+000
3.170000e+003	2.22184442e-001	-3.17781556e+000	1.22146763e+003	0.00000000e+000	4.1558e+014	1.0000e-010	0.0000e+000
3.180000e+003	2.22306588e-001	-3.17769341e+000	1.21358914e+003	0.00000000e+000	4.1362e+014	1.0000e-010	0.0000e+000
3.190000e+003	2.22427947e-001	-3.17757205e+000	1.20574756e+003	0.00000000e+000	4.1168e+014	1.0000e-010	0.0000e+000
3.200000e+003	2.22548522e-001	-3.17745148e+000	1.19794246e+003	0.00000000e+000	4.0977e+014	1.0000e-010	0.0000e+000
3.210000e+003	2.22668316e-001	-3.17733168e+000	1.19017345e+003	0.00000000e+000	4.0787e+014	1.0000e-010	0.0000e+000
3.220000e+003	2.22787334e-001	-3.17721267e+000	1.18244012e+003	0.00000000e+000	4.0600e+014	1.0000e-010	0.0000e+000
3.230000e+003	2.22905578e-001	-3.17709442e+000	1.17474209e+003	0.00000000e+000	4.0415e+014	1.0000e-010	0.0000e+000
3.240000e+003	2.23023052e-001	-3.17697695e+000	1.16707895e+003	0.00000000e+000	4.0232e+014	1.0000e-010	0.0000e+000
3.250000e+003	2.23139760e-001	-3.17686024e+000	1.15945033e+003	0.00000000e+000	4.0050e+014	1.0000e-010	0.0000e+000
3.260000e+003	2.23255705e-001	-3.17674430e+000	1.15185585e+003	0.00000000e+000	3.9871e+014	1.0000e-010	0.0000e+000
3.270000e+003	2.23370890e-001	-3.17662911e+000	1.14429513e+003	0.00000000e+000	3.9694e+014	1.0000e-010	0.0000e+000
3.280000e+003	2.23485320e-001	-3.17651468e+000	1.13676781e+003	0.00000000e+000	3.9519e+014	1.0000e-010	0.0000e+000
3.290000e+003	2.23598997e-001	-3.17640100e+000	1.12927351e+003	0.00000000e+000	3.9345e+014	1.0000e-010	0.0000e+000
3.300000e+003	2.23711924e-001	-3.17628808e+000	1.12181187e+003	0.00000000e+000	3.9174e+014	1.0000e-010	0.0000e+000
3.310000e+003	2.23824105e-001	-3.17617589e+000	1.11438255e+003	0.00000000e+000	3.9004e+014	1.0000e-010	0.0000e+000
3.320000e+003	2.23935543e-001	-3.17606446e+000	1.10698518e+003	0.00000000e+000	3.8836e+014	1.0000e-010	0.0000e+000
3.330000e+003	2.24046242e-001	-3.17595376e+000	1.09961942e+003	0.00000000e+000	3.8670e+014	1.0000e-010	0.0000e+000
3.340000e+003	2.24156204e-001	-3.17584380e+000	1.09228492e+003	0.00000000e+000	3.8506e+014	1.0000e-010	0.0000e+000
3.350000e+003	2.24265432e-001	-3.17573457e+000	1.08498134e+003	0.00000000e+000	3.8344e+014	1.0000e-010	0.0000e+000
3.360000e+003	2.24373931e-001	-3.17562607e+000	1.07770836e+003	0.00000000e+000	3.8183e+014	1.0000e-010	0.0000e+000
3.370000e+003	2.24481701e-001	-3.17551830e+000	1.07046563e+003	0.00000000e+000	3.8024e+014	1.0000e-010	0.0000e+000
3.380000e+003	2.24588748e-001	-3.17541125e+000	1.06325283e+003	0.00000000e+000	3.7867e+014	1.0000e-010	0.0000e+000
3.390000e+003	2.24695073e-001	-3.17530493e+000	1.05606963e+003	0.00000000e+000	3.7712e+014	1.0000e-010	0.0000e+000
3.400000e+003	2.24800680e-001	-3.17519932e+000	1.04891572e+003	0.00000000e+000	3.7558e+014	1.0000e-010	0.0000e+000
3.410000e+003	2.24905572e-001	-3.17509443e+000	1.04179077e+003	0.00000000e+000	3.7406e+014	1.0000e-010	0.0000e+000
3.420000e+003	2.25009751e-001	-3.17499025e+000	1.03469448e+003	0.00000000e+000	3.7256e+014	1.0000e-010	0.0000e+000
3.430000e+003	2.25113220e-001	-3.17488678e+000	1.02762654e+003	0.00000000e+000	3.7107e+014	1.0000e-010	0.0000e+000
3.440000e+003	2.25215983e-001	-3.17478402e+000	1.02058663e+003	0.00000000e+000	3.6960e+014	1.0000e-010	0.0000e+000
3.450000e+003	2.25318042e-001	-3.17468196e+000	1.01357446e+003	0.00000000e+000	3.6814e+014	1.0000e-010	0.0000e+000
3.460000e+003	2.25419399e-001	-3.17458060e+000	1.00658973e+003	0.00000000e+000	3.6670e+014	1.0000e-010	0.0000e+000
3.470000e+003	2.25520058e-001	-3.17447994e+000	9.99632145e+002	0.00000000e+000	3.6527e+014	1.0000e-010	0.0000e+000
3.480000e+003	2.25620021e-001	-3.17437998e+000	9.92701410e+002	0.00000000e+000	3.6386e+014	1.0000e-010	0.0000e+000
3.490000e+003	2.25719291e-001	-3.17428071e+000	9.85797237e+002	0.00000000e+000	3.6247e+014	1.0000e-010	0.0000e+000
3.500000e+003	2.25817871e-001	-3.17418213e+000	9.78919341e+002	0.00000000e+000	3.6109e+014	1.0000e-010	0.0000e+000
3.510000e+003	2.25915763e-001	-3.17408424e+000	9.72067440e+002	0.00000000e+000	3.5973e+014	1.0000e-010	0.0000e+000
3.520000e+003	2.26012970e-001	-3.17398703e+000	9.65241255e+002	0.00000000e+000	3.5838e+014	1.0000e-010	0.0000e+000
3.530000e+003	2.26109494e-001	-3.17389051e+000	9.58440509e+002	0.00000000e+000	3.5704e+014	1.0000e-010	0.0000e+000
3.540000e+003	2.26205338e-001	-3.17379466e+000	9.51664930e+002	0.00000000e+000	3.5572e+014	1.0000e-010	0.0000e+000
3.550000e+003	2.26300504e-001	-3.17369950e+000	9.44914247e+002	0.00000000e+000	3.5441e+014	1.0000e-010	0.0000e+000
3.560000e+003	2.26394996e-001	-3.17360500e+000	9.38188194e+002	0.00000000e+000	3.5312e+014	1.0000e-010	0.0000e+000
3.570000e+003	2.26488815e-001	-3.17351119e+000	9.31486505e+002	0.00000000e+000	3.5184e+014	1.0000e-010	0.0000e+000
3.580000e+003	2.26581963e-001	-3.17341804e+000	9.24808921e+002	0.00000000e+000	3.5057e+014	1.0000e-010	0.0000e+000
3.590000e+003	2.26674444e-001	-3.17332556e+000	9.18155181e+002	0.00000000e+000	3.4932e+014	1.0000e-010	0.0000e+000
3.600000e+003	2.26766260e-001	-3.17323374e+000	9.11525031e+002	0.00000000e+000	3.4808e+014	1.0000e-010	0.0000e+000
3.610000e+003	2.26857412e-001	-3.17314259e+000	9.04918218e+002	0.00000000e+000	3.4686e+014	1.0000e-010	0.0000e+000
3.620000e+003	2.26947904e-001	-3.17305210e+000	8.98334490e+002	0.00000000e+000	3.4565e+014	1.0000e-010	0.0000e+000
3.630000e+003	2.27037738e-001	-3.17296226e+000	8.91773600e+002	0.00000000e+000	3.4445e+014	1.0000e-010	0.0000e+000
3.640000e+003	2.27126915e-001	-3.17287309e+000	8.85235304e+002	0.00000000e+000	3.4326e+014	1.0000e-010	0.0000e+000
3.650000e+003	2.27215438e-001	-3.17278456e+000	8.78719358e+002	0.00000000e+000	3.4209e+014	1.0000e-010	0.0000e+000
3.660000e+003	2.27303310e-001	-3.17269669e+000	8.72225522e+002	0.00000000e+000	3.4093e+014	1.0000e-010	0.0000e+000
3.670000e+003	2.27390533e-001	-3.17260947e+000	8.65753559e+002	0.00000000e+000	3.3978e+014	1.0000e-010	0.0000e+000
3.680000e+003	2.27477108e-001	-3.17252289e+000	8.59303234e+002	0.00000000e+000	3.3864e+014	1.0000e-010	0.0000e+000
3.690000e+003	2.27563039e-001	-3.17243696e+000	8.52874313e+002	0.00000000e+000	3.3752e+014	1.0000e-010	0.0000e+000
3.700000e+003	2.27648326e-001	-3.17235167e+000	8.46466567e+002	0.00000000e+000	3.3641e+014	1.0000e-010	0.0000e+000
3.710000e+003	2.27732973e-001	-3.17226703e+000	8.40079768e+002	0.00000000e+000	3.3531e+014	1.0000e-010	0.0000e+000
3.720000e+003	2.27816981e-001	-3.17218302e+000	8.33713689e+002	0.00000000e+000	3.3422e+014	1.0000e-010	0.0000e+000
3.730000e+003	2.27900352e-001	-3.17209965e+000	8.27368107e+002	0.00000000e+000	3.3314e+014	1.0000e-010	0.0000e+000
3.740000e+003	2.27983089e-001	-3.17201691e+000	8.21042802e+002	0.00000000e+000	3.3208e+014	1.0000e-010	0.0000e+000
3.750000e+003	2.28065193e-001	-3.17193481e+000	8.14737553e+002	0.00000000e+000	3.3103e+014	1.0000e-010	0.0000e+000
3.760000e+003	2.28146667e-001	-3.17185333e+000	8.08452144e+002	0.00000000e+000	3.2998e+014	1.0000e-010	0.0000e+000
3.770000e+003	2.28227512e-001	-3.17177249e+000	8.02186361e+002	0.00000000e+000	3.2895e+014	1.0000e-010	0.0000e+000
3.780000e+003	2.28307731e-001	-3.17169227e+000	7.95939990e+002	0.00000000e+000	3.2794e+014	1.0000e-010	0.0000e+000
3.790000e+003	2.28387325e-001	-3.17161268e+000	7.89712821e+002	0.00000000e+000	3.2693e+014	1.0000e-010	0.0000e+000
3.800000e+003	2.28466296e-001	-3.17153370e+000	7.83504645e+002	0.00000000e+000	3.2593e+014	1.0000e-010	0.0000e+000
3.810000e+003	2.28544646e-001	-3.17145535e+000	7.77315256e+002	0.00000000e+000	3.2494e+014	1.0000e-010	0.0000e+000
3.820000e+003	2.28622378e-001	-3.17137762e+000	7.71144450e+002	0.00000000e+000	3.2397e+014	1.0000e-010	0.0000e+000
3.830000e+003	2.28699492e-001	-3.17130051e+000	7.64992023e+002	0.00000000e+000	3.2300e+014	1.0000e-010	0.0000e+000
3.840000e+003	2.28775992e-001	-3.17122401e+000	7.58857775e+002	0.00000000e+000	3.2205e+014	1.0000e-010	0.0000e+000
3.850000e+003	2.28851877e-001	-3.17114812e+000	7.52741507e+002	0.00000000e+000	3.2111e+014	1.0000e-010	0.0000e+000
3.860000e+003	2.28927152e-001	-3.17107285e+000	7.46643022e+002	0.00000000e+000	3.2017e+014	1.0000e-010	0.0000e+000
3.870000e+003	2.29001816e-001	-3.17099818e+000	7.40562125e+002	0.00000000e+000	3.1925e+014	1.0000e-010	0.0000e+000
3.880000e+003	2.29075872e-001	-3.17092413e+000	7.34498622e+002	0.00000000e+000	3.1833e+014	1.0000e-010	0.0000e+000
3.890000e+003	2.29149322e-001	-3.17085068e+000	7.28452323e+002	0.00000000e+000	3.1743e+014	1.0000e-010	0.0000e+000
3.900000e+003	2.29222167e-001	-3.17077783e+000	7.22423037e+002	0.00000000e+000	3.1654e+014	1.0000e-010	0.0000e+000
3.910000e+003	2.29294409e-001	-3.17070559e+000	7.16410575e+002	0.00000000e+000	3.1566e+014	1.0000e-010	0.0000e+000
3.920000e+003	2.29366051e-001	-3.17063395e+000	7.10414753e+002	0.00000000e+000	3.1478e+014	1.0000e-010	0.0000e+000
3.930000e+003	2.29437092e-001	-3.17056291e+000	7.04435384e+002	0.00000000e+000	3.1392e+014	1.0000e-010	0.0000e+000
3.940000e+003	2.29507536e-001	-3.17049246e+000	6.98472286e+002	0.00000000e+000	3.1306e+014	1.0000e-010	0.0000e+000
3.950000e+003	2.29577383e-001	-3.17042262e+000	6.92525278e+002	0.00000000e+000	3.1222e+014	1.0000e-010	0.0000e+000
3.960000e+003	2.29646635e-001	-3.17035336e+000	6.86594179e+002	0.00000000e+000	3.1138e+014	1.0000e-010	0.0000e+000
3.970000e+003	2.29715295e-001	-3.17028471e+000	6.80678812e+002	0.00000000e+000	3.1056e+014	1.0000e-010	0.0000e+000
3.980000e+003	2.29783363e-001	-3.17021664e+000	6.74778999e+002	0.00000000e+000	3.0974e+014	1.0000e-010	0.0000e+000
3.990000e+003	2.29850841e-001	-3.17014916e+000	6.68894565e+002	0.00000000e+000	3.0893e+014	1.0000e-010	0.0000e+000
4.000000e+003	2.29917730e-001	-3.17008227e+000	6.63025338e+002	0.00000000e+000	3.0814e+014	1.0000e-010	0.0000e+000
4.010000e+003	2.29984033e-001	-3.17001597e+000	6.57171143e+002	0.00000000e+000	3.0735e+014	1.0000e-010	0.0000e+000
4.020000e+003	2.30049750e-001	-3.16995025e+000	6.51331812e+002	0.00000000e+000	3.0657e+014	1.0000e-010	0.0000e+000
4.030000e+003	2.30114883e-001	-3.16988512e+000	6.45507174e+002	0.00000000e+000	3.0579e+014	1.0000e-010	0.0000e+000
4.040000e+003	2.30179434e-001	-3.16982057e+000	6.39697061e+002	0.00000000e+000	3.0503e+014	1.0000e-010	0.0000e+000
4.050000e+003	2.30243403e-001	-3.16975660e+000	6.33901308e+002	0.00000000e+000	3.0428e+014	1.0000e-010	0.0000e+000
4.060000e+003	2.30306793e-001	-3.16969321e+000	6.28119749e+002	0.00000000e+000	3.0353e+014	1.0000e-010	0.0000e+000
4.070000e+003	2.30369605e-001	-3.16963039e+000	6.22352220e+002	0.00000000e+000	3.0280e+014	1.0000e-010	0.0000e+000
4.080000e+003	2.30431841e-001	-3.16956816e+000	6.16598559e+002	0.00000000e+000	3.0207e+014	1.0000e-010	0.0000e+000
4.090000e+003	2.30493500e-001	-3.16950650e+000	6.10858604e+002	0.00000000e+000	3.0135e+014	1.0000e-010	0.0000e+000
4.100000e+003	2.30554586e-001	-3.16944541e+000	6.05132197e+002	0.00000000e+000	3.0064e+014	1.0000e-010	0.0000e+000
4.110000e+003	2.30615099e-001	-3.16938490e+000	5.99419178e+002	0.00000000e+000	2.9993e+014	1.0000e-010	0.0000e+000
4.120000e+003	2.30675041e-001	-3.16932496e+000	5.93719390e+002	0.00000000e+000	2.9924e+014	1.0000e-010	0.0000e+000
4.130000e+003	2.30734413e-001	-3.16926559e+000	5.88032677e+002	0.00000000e+000	2.9855e+014	1.0000e-010	0.0000e+000
4.140000e+003	2.30793217e-001	-3.16920678e+000	5.82358885e+002	0.00000000e+000	2.9788e+014	1.0000e-010	0.0000e+000
4.150000e+003	2.30851453e-001	-3.16914855e+000	5.76697860e+002	0.00000000e+000	2.9720e+014	1.0000e-010	0.0000e+000
4.160000e+003	2.30909122e-001	-3.16909088e+000	5.71049448e+002	0.00000000e+000	2.9654e+014	1.0000e-010	0.0000e+000
4.170000e+003	2.30966227e-001	-3.16903377e+000	5.65413500e+002	0.00000000e+000	2.9589e+014	1.0000e-010	0.0000e+000
4.180000e+003	2.31022769e-001	-3.16897723e+000	5.59789865e+002	0.00000000e+000	2.9524e+014	1.0000e-010	0.0000e+000
4.190000e+003	2.31078748e-001	-3.16892125e+000	5.54178394e+002	0.00000000e+000	2.9460e+014	1.0000e-010	0.0000e+000
4.200000e+003	2.31134165e-001	-3.16886583e+000	5.48578940e+002	0.00000000e+000	2.9397e+014	1.0000e-010	0.0000e+000
4.210000e+003	2.31189023e-001	-3.16881098e+000	5.42991354e+002	0.00000000e+000	2.9335e+014	1.0000e-010	0.0000e+000
4.220000e+003	2.31243322e-001	-3.16875668e+000	5.37415493e+002	0.00000000e+000	2.9273e+014	1.0000e-010	0.0000e+000
4.230000e+003	2.31297064e-001	-3.16870294e+000	5.31851210e+002	0.00000000e+000	2.9213e+014	1.0000e-010	0.0000e+000
4.240000e+003	2.31350249e-001	-3.16864975e+000	5.26298363e+002	0.00000000e+000	2.9153e+014	1.0000e-010	0.0000e+000
4.250000e+003	2.31402879e-001	-3.16859712e+000	5.20756810e+002	0.00000000e+000	2.9093e+014	1.0000e-010	0.0000e+000
4.260000e+003	2.31454955e-001	-3.16854505e+000	5.15226408e+002	0.00000000e+000	2.9035e+014	1.0000e-010	0.0000e+000
4.270000e+003	2.31506477e-001	-3.16849352e+000	5.09707016e+002	0.00000000e+000	2.8977e+014	1.0000e-010	0.0000e+000
4.280000e+003	2.31557448e-001	-3.16844255e+000	5.04198497e+002	0.00000000e+000	2.8920e+014	1.0000e-010	0.0000e+000
4.290000e+003	2.31607868e-001	-3.16839213e+000	4.98700710e+002	0.00000000e+000	2.8863e+014	1.0000e-010	0.0000e+000
4.300000e+003	2.31657738e-001	-3.16834226e+000	4.93213519e+002	0.00000000e+000	2.8808e+014	1.0000e-010	0.0000e+000
4.310000e+003	2.31707059e-001	-3.16829294e+000	4.87736786e+002	0.00000000e+000	2.8753e+014	1.0000e-010	0.0000e+000
4.320000e+003	2.31755833e-001	-3.16824417e+000	4.82270376e+002	0.00000000e+000	2.8699e+014	1.0000e-010	0.0000e+000
4.330000e+003	2.31804060e-001	-3.16819594e+000	4.76814155e+002	0.00000000e+000	2.8645e+014	1.0000e-010	0.0000e+000
4.340000e+003	2.31851741e-001	-3.16814826e+000	4.71367987e+002	0.00000000e+000	2.8592e+014	1.0000e-010	0.0000e+000
4.350000e+003	2.31898878e-001	-3.16810112e+000	4.65931741e+002	0.00000000e+000	2.8540e+014	1.0000e-010	0.0000e+000
4.360000e+003	2.31945471e-001	-3.16805453e+000	4.60505283e+002	0.00000000e+000	2.8489e+014	1.0000e-010	0.0000e+000
4.370000e+003	2.31991522e-001	-3.16800848e+000	4.55088484e+002	0.00000000e+000	2.8438e+014	1.0000e-010	0.0000e+000
4.380000e+003	2.32037031e-001	-3.16796297e+000	4.49681211e+002	0.00000000e+000	2.8388e+014	1.0000e-010	0.0000e+000
4.390000e+003	2.32081999e-001	-3.16791800e+000	4.44283336e+002	0.00000000e+000	2.8339e+014	1.0000e-010	0.0000e+000
4.400000e+003	2.32126427e-001	-3.16787357e+000	4.38894729e+002	0.00000000e+000	2.8290e+014	1.0000e-010	0.0000e+000
4.410000e+003	2.32170317e-001	-3.16782968e+000	4.33515263e+002	0.00000000e+000	2.8242e+014	1.0000e-010	0.0000e+000
4.420000e+003	2.32213668e-001	-3.16778633e+000	4.28144811e+002	0.00000000e+000	2.8195e+014	1.0000e-010	0.0000e+000
4.430000e+003	2.32256483e-001	-3.16774352e+000	4.22783245e+002	0.00000000e+000	2.8148e+014	1.0000e-010	0.0000e+000
4.440000e+003	2.32298761e-001	-3.16770124e+000	4.17430441e+002	0.00000000e+000	2.8102e+014	1.0000e-010	0.0000e+000
4.450000e+003	2.32340504e-001	-3.16765950e+000	4.12086272e+002	0.00000000e+000	2.8057e+014	1.0000e-010	0.0000e+000
4.460000e+003	2.32381713e-001	-3.16761829e+000	4.06750616e+002	0.00000000e+000	2.8012e+014	1.0000e-010	0.0000e+000
4.470000e+003	2.32422388e-001	-3.16757761e+000	4.01423348e+002	0.00000000e+000	2.7968e+014	1.0000e-010	0.0000e+000
4.480000e+003	2.32462530e-001	-3.16753747e+000	3.96104345e+002	0.00000000e+000	2.7925e+014	1.0000e-010	0.0000e+000
4.490000e+003	2.32502140e-001	-3.16749786e+000	3.90793486e+002	0.00000000e+000	2.7882e+014	1.0000e-010	0.0000e+000
4.500000e+003	2.32541220e-001	-3.16745878e+000	3.85490650e+002	0.00000000e+000	2.7840e+014	1.0000e-010	0.0000e+000
4.510000e+003	2.32579769e-001	-3.16742023e+000	3.80195714e+002	0.00000000e+000	2.7798e+014	1.0000e-010	0.0000e+000
4.520000e+003	2.32617788e-001	-3.16738221e+000	3.74908560e+002	0.00000000e+000	2.7758e+014	1.0000e-010	0.0000e+000
4.530000e+003	2.32655279e-001	-3.16734472e+000	3.69629068e+002	0.00000000e+000	2.7717e+014	1.0000e-010	0.0000e+000
4.540000e+003	2.32692242e-001	-3.16730776e+000	3.64357119e+002	0.00000000e+000	2.7678e+014	1.0000e-010	0.0000e+000
4.550000e+003	2.32728678e-001	-3.16727132e+000	3.59092595e+002	0.00000000e+000	2.7639e+014	1.0000e-010	0.0000e+000
4.560000e+003	2.32764587e-001	-3.16723541e+000	3.53835379e+002	0.00000000e+000	2.7600e+014	1.0000e-010	0.0000e+000
4.570000e+003	2.32799971e-001	-3.16720003e+000	3.48585353e+002	0.00000000e+000	2.7563e+014	1.0000e-010	0.0000e+000
4.580000e+003	2.32834829e-001	-3.16716517e+000	3.43342402e+002	0.00000000e+000	2.7526e+014	1.0000e-010	0.0000e+000
4.590000e+003	2.32869164e-001	-3.16713084e+000	3.38106409e+002	0.00000000e+000	2.7489e+014	1.0000e-010	0.0000e+000
4.600000e+003	2.32902974e-001	-3.16709703e+000	3.32877260e+002	0.00000000e+000	2.7453e+014	1.0000e-010	0.0000e+000
4.610000e+003	2.32936262e-001	-3.16706374e+000	3.27654839e+002	0.00000000e+000	2.7418e+014	1.0000e-010	0.0000e+000
4.620000e+003	2.32969027e-001	-3.16703097e+000	3.22439033e+002	0.00000000e+000	2.7383e+014	1.0000e-010	0.0000e+000
4.630000e+003	2.33001271e-001	-3.16699873e+000	3.17229729e+002	0.00000000e+000	2.7349e+014	1.0000e-010	0.0000e+000
4.640000e+003	2.33032994e-001	-3.16696701e+000	3.12026813e+002	0.00000000e+000	2.7315e+014	1.0000e-010	0.0000e+000
4.650000e+003	2.33064197e-001	-3.16693580e+000	3.06830173e+002	0.00000000e+000	2.7282e+014	1.0000e-010	0.0000e+000
4.660000e+003	2.33094880e-001	-3.16690512e+000	3.01639697e+002	0.00000000e+000	2.7250e+014	1.0000e-010	0.0000e+000
4.670000e+003	2.33125044e-001	-3.16687496e+000	2.96455274e+002	0.00000000e+000	2.7218e+014	1.0000e-010	0.0000e+000
4.680000e+003	2.33154689e-001	-3.16684531e+000	2.91276793e+002	0.00000000e+000	2.7187e+014	1.0000e-010	0.0000e+000
4.690000e+003	2.33183817e-001	-3.16681618e+000	2.86104143e+002	0.00000000e+000	2.7156e+014	1.0000e-010	0.0000e+000
4.700000e+003	2.33212428e-001	-3.16678757e+000	2.80937214e+002	0.00000000e+000	2.7126e+014	1.0000e-010	0.0000e+000
4.710000e+003	2.33240521e-001	-3.16675948e+000	2.75775898e+002	0.00000000e+000	2.7097e+014	1.0000e-010	0.0000e+000
4.720000e+003	2.33268099e-001	-3.16673190e+000	2.70620084e+002	0.00000000e+000	2.7068e+014	1.0000e-010	0.0000e+000
4.730000e+003	2.33295161e-001	-3.16670484e+000	2.65469664e+002	0.00000000e+000	2.7040e+014	1.0000e-010	0.0000e+000
4.740000e+003	2.33321708e-001	-3.16667829e+000	2.60324531e+002	0.00000000e+000	2.7012e+014	1.0000e-010	0.0000e+000
4.750000e+003	2.33347740e-001	-3.16665226e+000	2.55184576e+002	0.00000000e+000	2.6985e+014	1.0000e-010	0.0000e+000
4.760000e+003	2.33373259e-001	-3.16662674e+000	2.50049692e+002	0.00000000e+000	2.6958e+014	1.0000e-010	0.0000e+000
4.770000e+003	2.33398264e-001	-3.16660174e+000	2.44919773e+002	0.00000000e+000	2.6932e+014	1.0000e-010	0.0000e+000
4.780000e+003	2.33422756e-001	-3.16657724e+000	2.39794711e+002	0.00000000e+000	2.6907e+014	1.0000e-010	0.0000e+000
4.790000e+003	2.33446735e-001	-3.16655326e+000	2.34674401e+002	0.00000000e+000	2.6882e+014	1.0000e-010	0.0000e+000
4.800000e+003	2.33470203e-001	-3.16652980e+000	2.29558737e+002	0.00000000e+000	2.6857e+014	1.0000e-010	0.0000e+000
4.810000e+003	2.33493158e-001	-3.16650684e+000	2.24447613e+002	0.00000000e+000	2.6833e+014	1.0000e-010	0.0000e+000
4.820000e+003	2.33515603e-001	-3.16648440e+000	2.19340925e+002	0.00000000e+000	2.6810e+014	1.0000e-010	0.0000e+000
4.830000e+003	2.33537537e-001	-3.16646246e+000	2.14238568e+002	0.00000000e+000	2.6787e+014	1.0000e-010	0.0000e+000
4.840000e+003	2.33558961e-001	-3.16644104e+000	2.09140437e+002	0.00000000e+000	2.6765e+014	1.0000e-010	0.0000e+000
4.850000e+003	2.33579875e-001	-3.16642012e+000	2.04046430e+002	0.00000000e+000	2.6744e+014	1.0000e-010	0.0000e+000
4.860000e+003	2.33600280e-001	-3.16639972e+000	1.98956441e+002	0.00000000e+000	2.6723e+014	1.0000e-010	0.0000e+000
4.870000e+003	2.33620176e-001	-3.16637982e+000	1.93870368e+002	0.00000000e+000	2.6702e+014	1.0000e-010	0.0000e+000
4.880000e+003	2.33639563e-001	-3.16636044e+000	1.88788107e+002	0.00000000e+000	2.6682e+014	1.0000e-010	0.0000e+000
4.890000e+003	2.33658441e-001	-3.16634156e+000	1.83709557e+002	0.00000000e+000	2.6662e+014	1.0000e-010	0.0000e+000
4.900000e+003	2.33676812e-001	-3.16632319e+000	1.78634615e+002	0.00000000e+000	2.6644e+014	1.0000e-010	0.0000e+000
4.910000e+003	2.33694676e-001	-3.16630532e+000	1.73563177e+002	0.00000000e+000	2.6625e+014	1.0000e-010	0.0000e+000
4.920000e+003	2.33712032e-001	-3.16628797e+000	1.68495144e+002	0.00000000e+000	2.6607e+014	1.0000e-010	0.0000e+000
4.930000e+003	2.33728882e-001	-3.16627112e+000	1.63430413e+002	0.00000000e+000	2.6590e+014	1.0000e-010	0.0000e+000
4.940000e+003	2.33745225e-001	-3.16625478e+000	1.58368882e+002	0.00000000e+000	2.6573e+014	1.0000e-010	0.0000e+000
4.950000e+003	2.33761062e-001	-3.16623894e+000	1.53310451e+002	0.00000000e+000	2.6557e+014	1.0000e-010	0.0000e+000
4.960000e+003	2.33776393e-001	-3.16622361e+000	1.48255020e+002	0.00000000e+000	2.6541e+014	1.0000e-010	0.0000e+000
4.970000e+003	2.33791218e-001	-3.16620878e+000	1.43202486e+002	0.00000000e+000	2.6526e+014	1.0000e-010	0.0000e+000
4.980000e+003	2.33805538e-001	-3.16619446e+000	1.38152751e+002	0.00000000e+000	2.6511e+014	1.0000e-010	0.0000e+000
4.990000e+003	2.33819354e-001	-3.16618065e+000	1.33105713e+002	0.00000000e+000	2.6497e+014	1.0000e-010	0.0000e+000
5.000000e+003	2.33832664e-001	-3.16616734e+000	1.28061273e+002	0.00000000e+000	2.6483e+014	1.0000e-010	0.0000e+000
5.010000e+003	2.33845470e-001	-3.16615453e+000	1.23019332e+002	0.00000000e+000	2.6470e+014	1.0000e-010	0.0000e+000
5.020000e+003	2.33857772e-001	-3.16614223e+000	1.17979789e+002	0.00000000e+000	2.6458e+014	1.0000e-010	0.0000e+000
5.030000e+003	2.33869570e-001	-3.16613043e+000	1.12942545e+002	0.00000000e+000	2.6446e+014	1.0000e-010	0.0000e+000
5.040000e+003	2.33880864e-001	-3.16611914e+000	1.07907502e+002	0.00000000e+000	2.6434e+014	1.0000e-010	0.0000e+000
5.050000e+003	2.33891655e-001	-3.16610834e+000	1.02874560e+002	0.00000000e+000	2.6423e+014	1.0000e-010	0.0000e+000
5.060000e+003	2.33901943e-001	-3.16609806e+000	9.78436201e+001	0.00000000e+000	2.6413e+014	1.0000e-010	0.0000e+000
5.070000e+003	2.33911727e-001	-3.16608827e+000	9.28145841e+001	0.00000000e+000	2.6403e+014	1.0000e-010	0.0000e+000
5.080000e+003	2.33921008e-001	-3.16607899e+000	8.77873534e+001	0.00000000e+000	2.6393e+014	1.0000e-010	0.0000e+000
5.090000e+003	2.33929787e-001	-3.16607021e+000	8.27618295e+001	0.00000000e+000	2.6384e+014	1.0000e-010	0.0000e+000
5.100000e+003	2.33938063e-001	-3.16606194e+000	7.77379142e+001	0.00000000e+000	2.6376e+014	1.0000e-010	0.0000e+000
5.110000e+003	2.33945837e-001	-3.16605416e+000	7.27155093e+001	0.00000000e+000	2.6368e+014	1.0000e-010	0.0000e+000
5.120000e+003	2.33953109e-001	-3.16604689e+000	6.76945170e+001	0.00000000e+000	2.6360e+014	1.0000e-010	0.0000e+000
5.130000e+003	2.33959878e-001	-3.16604012e+000	6.26748393e+001	0.00000000e+000	2.6353e+014	1.0000e-010	0.0000e+000
5.140000e+003	2.33966146e-001	-3.16603385e+000	5.76563783e+001	0.00000000e+000	2.6347e+014	1.0000e-010	0.0000e+000
5.150000e+003	2.33971911e-001	-3.16602809e+000	5.26390365e+001	0.00000000e+000	2.6341e+014	1.0000e-010	0.0000e+000
5.160000e+003	2.33977175e-001	-3.16602282e+000	4.76227162e+001	0.00000000e+000	2.6336e+014	1.0000e-010	0.0000e+000
5.170000e+003	2.33981938e-001	-3.16601806e+000	4.26073199e+001	0.00000000e+000	2.6331e+014	1.0000e-010	0.0000e+000
5.180000e+003	2.33986198e-001	-3.16601380e+000	3.75927501e+001	0.00000000e+000	2.6327e+014	1.0000e-010	0.0000e+000
5.190000e+003	2.33989958e-001	-3.16601004e+000	3.25789094e+001	0.00000000e+000	2.6323e+014	1.0000e-010	0.0000e+000
5.200000e+003	2.33993215e-001	-3.16600678e+000	2.75657006e+001	0.00000000e+000	2.6319e+014	1.0000e-010	0.0000e+000
5.210000e+003	2.33995972e-001	-3.16600403e+000	2.25530263e+001	0.00000000e+000	2.6317e+014	1.0000e-010	0.0000e+000
5.220000e+003	2.33998227e-001	-3.16600177e+000	1.75407893e+001	0.00000000e+000	2.6314e+014	1.0000e-010	0.0000e+000
5.230000e+003	2.33999981e-001	-3.16600002e+000	1.25288923e+001	0.00000000e+000	2.6313e+014	1.0000e-010	0.0000e+000
5.240000e+003	2.34001234e-001	-3.16599877e+000	7.51723823e+000	0.00000000e+000	2.6311e+014	1.0000e-010	0.0000e+000
5.250000e+003	2.34001986e-001	-3.16599801e+000	2.50572988e+000	0.00000000e+000	2.6311e+014	1.0000e-010	0.0000e+000
5.260000e+003	2.34002237e-001	-3.16599776e+000	2.50572988e+000	0.00000000e+000	2.6310e+014	1.0000e-010	0.0000e+000
