Y (ang)	Ec (eV)	Ev (eV)	E (V/cm)	Ef (eV)	n (cm-3)	p (cm-3)	Nd - Na (cm-3)
0.000000e+000	-6.40000000e+000	-9.80000000e+000	3.74547993e+007	-7.00000000e+000	1.8691e+008	1.0000e-010	0.0000e+000
1.000000e+001	-2.09452007e+000	-6.19452007e+000	1.16619650e+007	0.00000000e+000	1.2318e+021	1.0000e-010	-1.3848e+020
2.000000e+001	-9.22990236e-001	-5.02965690e+000	4.58136025e+006	0.00000000e+000	3.6062e+020	1.0000e-010	-1.3901e+018
3.000000e+001	-4.59520877e-001	-4.57285421e+000	2.06817713e+006	0.00000000e+000	1.2707e+020	1.0000e-010	-1.3915e+018
4.000000e+001	-2.47369831e-001	-4.36736983e+000	1.04898423e+006	0.00000000e+000	5.0694e+019	1.0000e-010	-1.3928e+018
5.000000e+001	-1.37138075e-001	-4.26380474e+000	6.02633170e+005	0.00000000e+000	2.1413e+019	1.0000e-010	-1.3942e+018
6.000000e+001	-7.15414248e-002	-4.20487476e+000	3.98329370e+005	0.00000000e+000	9.0427e+018	1.0000e-010	-1.3955e+018
7.000000e+001	-2.63751545e-002	-4.16637515e+000	3.01013436e+005	0.00000000e+000	3.5753e+018	1.0000e-010	-1.3969e+018
8.000000e+001	9.05952240e-003	-4.13760714e+000	2.48355385e+005	0.00000000e+000	1.2927e+018	1.0000e-010	-1.3982e+018
9.000000e+001	3.92283943e-002	-4.11410494e+000	2.12000374e+005	0.00000000e+000	4.5830e+017	1.0000e-010	-1.3996e+018
1.000000e+002	6.57617649e-002	-4.09423824e+000	1.81219448e+005	0.00000000e+000	1.7172e+017	1.0000e-010	-1.4009e+018
1.100000e+002	8.92170431e-002	-4.07744962e+000	1.52383160e+005	0.00000000e+000	7.0411e+016	1.0000e-010	-1.4022e+018
1.200000e+002	1.09788692e-001	-4.06354464e+000	1.24256735e+005	0.00000000e+000	3.2123e+016	1.0000e-010	-1.4036e+018
1.300000e+002	1.27547699e-001	-4.05245230e+000	9.64026217e+004	0.00000000e+000	1.6162e+016	1.0000e-010	-1.4049e+018
1.400000e+002	1.42521295e-001	-4.04414537e+000	6.86471973e+004	0.00000000e+000	9.0560e+015	1.0000e-010	-1.4063e+018
1.500000e+002	1.54719348e-001	-4.03861399e+000	4.09179136e+004	0.00000000e+000	5.6496e+015	1.0000e-010	-1.4076e+018
1.600000e+002	1.64144473e-001	-4.03585553e+000	1.31817911e+004	0.00000000e+000	3.9236e+015	1.0000e-010	-1.4090e+018
1.700000e+002	1.70795985e-001	-4.03587068e+000	-1.45775956e+004	0.00000000e+000	3.0335e+015	1.0000e-010	-1.4103e+018
1.800000e+002	1.74671559e-001	-4.03866177e+000	-4.23694559e+004	0.00000000e+000	2.6112e+015	1.0000e-010	-1.4117e+018
1.900000e+002	1.75767946e-001	-4.04423205e+000	-7.01999839e+004	0.00000000e+000	2.5028e+015	1.0000e-010	-1.4130e+018
2.000000e+002	1.74081281e-001	-4.05258539e+000	-9.80746582e+004	0.00000000e+000	2.6715e+015	1.0000e-010	-1.4143e+018
2.100000e+002	1.69607149e-001	-4.06372618e+000	-1.26000121e+005	0.00000000e+000	3.1763e+015	1.0000e-010	-1.4157e+018
2.200000e+002	5.03404702e-002	-4.04965953e+000	4.17563738e+005	0.00000000e+000	3.0537e+017	1.0000e-010	2.8058e+019
2.300000e+002	9.20968440e-002	-4.00790316e+000	4.16330114e+005	0.00000000e+000	6.3061e+016	1.0000e-010	0.0000e+000
2.400000e+002	1.33729855e-001	-3.96627014e+000	4.16081200e+005	0.00000000e+000	1.2724e+016	1.0000e-010	0.0000e+000
2.500000e+002	1.75337975e-001	-3.92466202e+000	4.16031420e+005	0.00000000e+000	2.5447e+015	1.0000e-010	0.0000e+000
2.600000e+002	-3.43058883e-001	-3.74305888e+000	1.47646392e+006	0.00000000e+000	8.2236e+019	1.0000e-010	1.3848e+020
2.700000e+002	-1.95412490e-001	-3.59541249e+000	7.92787668e+005	0.00000000e+000	3.5893e+019	1.0000e-010	0.0000e+000
2.800000e+002	-1.16133724e-001	-3.51613372e+000	4.70149161e+005	0.00000000e+000	1.6939e+019	1.0000e-010	0.0000e+000
2.900000e+002	-6.91188076e-002	-3.46911881e+000	3.04807759e+005	0.00000000e+000	8.6805e+018	1.0000e-010	0.0000e+000
3.000000e+002	-3.86380317e-002	-3.43863803e+000	2.13775179e+005	0.00000000e+000	4.7792e+018	1.0000e-010	0.0000e+000
3.100000e+002	-1.72605138e-002	-3.41726051e+000	1.60017875e+005	0.00000000e+000	2.8223e+018	1.0000e-010	0.0000e+000
3.200000e+002	-1.25872627e-003	-3.40125873e+000	1.26021203e+005	0.00000000e+000	1.7848e+018	1.0000e-010	0.0000e+000
3.300000e+002	1.13433940e-002	-3.38865661e+000	1.03154517e+005	0.00000000e+000	1.2005e+018	1.0000e-010	0.0000e+000
3.400000e+002	2.16588458e-002	-3.37834115e+000	8.69520527e+004	0.00000000e+000	8.5063e+017	1.0000e-010	0.0000e+000
3.500000e+002	3.03540510e-002	-3.36964595e+000	7.49706101e+004	0.00000000e+000	6.2903e+017	1.0000e-010	0.0000e+000
3.600000e+002	3.78511120e-002	-3.36214889e+000	6.57969026e+004	0.00000000e+000	4.8162e+017	1.0000e-010	0.0000e+000
3.700000e+002	4.44308023e-002	-3.35556920e+000	5.85703154e+004	0.00000000e+000	3.7940e+017	1.0000e-010	0.0000e+000
3.800000e+002	5.02878338e-002	-3.34971217e+000	5.27424145e+004	0.00000000e+000	3.0597e+017	1.0000e-010	0.0000e+000
3.900000e+002	5.55620753e-002	-3.34443792e+000	4.79496187e+004	0.00000000e+000	2.5162e+017	1.0000e-010	0.0000e+000
4.000000e+002	6.03570372e-002	-3.33964296e+000	4.39425159e+004	0.00000000e+000	2.1037e+017	1.0000e-010	0.0000e+000
4.100000e+002	6.47512887e-002	-3.33524871e+000	4.05448778e+004	0.00000000e+000	1.7838e+017	1.0000e-010	0.0000e+000
4.200000e+002	6.88057765e-002	-3.33119422e+000	3.76289465e+004	0.00000000e+000	1.5309e+017	1.0000e-010	0.0000e+000
4.300000e+002	7.25686712e-002	-3.32743133e+000	3.51000022e+004	0.00000000e+000	1.3277e+017	1.0000e-010	0.0000e+000
4.400000e+002	7.60786714e-002	-3.32392133e+000	3.28864233e+004	0.00000000e+000	1.1621e+017	1.0000e-010	0.0000e+000
4.500000e+002	7.93673137e-002	-3.32063269e+000	3.09331028e+004	0.00000000e+000	1.0255e+017	1.0000e-010	0.0000e+000
4.600000e+002	8.24606240e-002	-3.31753938e+000	2.91969805e+004	0.00000000e+000	9.1147e+016	1.0000e-010	0.0000e+000
4.700000e+002	8.53803220e-002	-3.31461968e+000	2.76439412e+004	0.00000000e+000	8.1535e+016	1.0000e-010	0.0000e+000
4.800000e+002	8.81447162e-002	-3.31185528e+000	2.62466201e+004	0.00000000e+000	7.3360e+016	1.0000e-010	0.0000e+000
4.900000e+002	9.07693782e-002	-3.30923062e+000	2.49828197e+004	0.00000000e+000	6.6350e+016	1.0000e-010	0.0000e+000
5.000000e+002	9.32676601e-002	-3.30673234e+000	2.38343509e+004	0.00000000e+000	6.0295e+016	1.0000e-010	0.0000e+000
5.100000e+002	9.56510952e-002	-3.30434890e+000	2.27861711e+004	0.00000000e+000	5.5030e+016	1.0000e-010	0.0000e+000
5.200000e+002	9.79297123e-002	-3.30207029e+000	2.18257347e+004	0.00000000e+000	5.0423e+016	1.0000e-010	0.0000e+000
5.300000e+002	1.00112286e-001	-3.29988771e+000	2.09424973e+004	0.00000000e+000	4.6370e+016	1.0000e-010	0.0000e+000
5.400000e+002	1.02206536e-001	-3.29779346e+000	2.01275336e+004	0.00000000e+000	4.2786e+016	1.0000e-010	0.0000e+000
5.500000e+002	1.04219289e-001	-3.29578071e+000	1.93685671e+004	0.00000000e+000	3.9846e+016	1.0000e-010	0.0000e+000
5.600000e+002	1.06156146e-001	-3.29384385e+000	1.86643852e+004	0.00000000e+000	3.6970e+016	1.0000e-010	0.0000e+000
5.700000e+002	1.08022584e-001	-3.29197742e+000	1.80092513e+004	0.00000000e+000	3.4395e+016	1.0000e-010	0.0000e+000
5.800000e+002	1.09823509e-001	-3.29017649e+000	1.73982025e+004	0.00000000e+000	3.2080e+016	1.0000e-010	0.0000e+000
5.900000e+002	1.11563330e-001	-3.28843667e+000	1.68269237e+004	0.00000000e+000	2.9992e+016	1.0000e-010	0.0000e+000
6.000000e+002	1.13246022e-001	-3.28675398e+000	1.62916448e+004	0.00000000e+000	2.8102e+016	1.0000e-010	0.0000e+000
6.100000e+002	1.14875186e-001	-3.28512481e+000	1.57890577e+004	0.00000000e+000	2.6386e+016	1.0000e-010	0.0000e+000
6.200000e+002	1.16454092e-001	-3.28354591e+000	1.53162474e+004	0.00000000e+000	2.4823e+016	1.0000e-010	0.0000e+000
6.300000e+002	1.17985717e-001	-3.28201428e+000	1.48706355e+004	0.00000000e+000	2.3395e+016	1.0000e-010	0.0000e+000
6.400000e+002	1.19472780e-001	-3.28052722e+000	1.44499330e+004	0.00000000e+000	2.2087e+016	1.0000e-010	0.0000e+000
6.500000e+002	1.20917774e-001	-3.27908223e+000	1.40521004e+004	0.00000000e+000	2.0886e+016	1.0000e-010	0.0000e+000
6.600000e+002	1.22322984e-001	-3.27767702e+000	1.36753152e+004	0.00000000e+000	1.9781e+016	1.0000e-010	0.0000e+000
6.700000e+002	1.23690515e-001	-3.27630948e+000	1.33179434e+004	0.00000000e+000	1.8762e+016	1.0000e-010	0.0000e+000
6.800000e+002	1.25022310e-001	-3.27497769e+000	1.29785158e+004	0.00000000e+000	1.7820e+016	1.0000e-010	0.0000e+000
6.900000e+002	1.26320161e-001	-3.27367984e+000	1.26557079e+004	0.00000000e+000	1.6947e+016	1.0000e-010	0.0000e+000
7.000000e+002	1.27585732e-001	-3.27241427e+000	1.23483223e+004	0.00000000e+000	1.6138e+016	1.0000e-010	0.0000e+000
7.100000e+002	1.28820564e-001	-3.27117944e+000	1.20552739e+004	0.00000000e+000	1.5385e+016	1.0000e-010	0.0000e+000
7.200000e+002	1.30026092e-001	-3.26997391e+000	1.17755773e+004	0.00000000e+000	1.4684e+016	1.0000e-010	0.0000e+000
7.300000e+002	1.31203649e-001	-3.26879635e+000	1.15083350e+004	0.00000000e+000	1.4030e+016	1.0000e-010	0.0000e+000
7.400000e+002	1.32354483e-001	-3.26764552e+000	1.12527285e+004	0.00000000e+000	1.3419e+016	1.0000e-010	0.0000e+000
7.500000e+002	1.33479756e-001	-3.26652024e+000	1.10080091e+004	0.00000000e+000	1.2848e+016	1.0000e-010	0.0000e+000
7.600000e+002	1.34580557e-001	-3.26541944e+000	1.07734915e+004	0.00000000e+000	1.2312e+016	1.0000e-010	0.0000e+000
7.700000e+002	1.35657906e-001	-3.26434209e+000	1.05485462e+004	0.00000000e+000	1.1810e+016	1.0000e-010	0.0000e+000
7.800000e+002	1.36712760e-001	-3.26328724e+000	1.03325947e+004	0.00000000e+000	1.1337e+016	1.0000e-010	0.0000e+000
7.900000e+002	1.37746020e-001	-3.26225398e+000	1.01251043e+004	0.00000000e+000	1.0893e+016	1.0000e-010	0.0000e+000
8.000000e+002	1.38758530e-001	-3.26124147e+000	9.92558322e+003	0.00000000e+000	1.0475e+016	1.0000e-010	0.0000e+000
8.100000e+002	1.39751089e-001	-3.26024891e+000	9.73357738e+003	0.00000000e+000	1.0080e+016	1.0000e-010	0.0000e+000
8.200000e+002	1.40724446e-001	-3.25927555e+000	9.54866637e+003	0.00000000e+000	9.7079e+015	1.0000e-010	0.0000e+000
8.300000e+002	1.41679313e-001	-3.25832069e+000	9.37046063e+003	0.00000000e+000	9.3558e+015	1.0000e-010	0.0000e+000
8.400000e+002	1.42616359e-001	-3.25738364e+000	9.19859858e+003	0.00000000e+000	9.0228e+015	1.0000e-010	0.0000e+000
8.500000e+002	1.43536219e-001	-3.25646378e+000	9.03274417e+003	0.00000000e+000	8.7074e+015	1.0000e-010	0.0000e+000
8.600000e+002	1.44439493e-001	-3.25556051e+000	8.87258467e+003	0.00000000e+000	8.4084e+015	1.0000e-010	0.0000e+000
8.700000e+002	1.45326752e-001	-3.25467325e+000	8.71782871e+003	0.00000000e+000	8.1247e+015	1.0000e-010	0.0000e+000
8.800000e+002	1.46198535e-001	-3.25380147e+000	8.56820443e+003	0.00000000e+000	7.8553e+015	1.0000e-010	0.0000e+000
8.900000e+002	1.47055355e-001	-3.25294464e+000	8.42345791e+003	0.00000000e+000	7.5992e+015	1.0000e-010	0.0000e+000
9.000000e+002	1.47897701e-001	-3.25210230e+000	8.28335172e+003	0.00000000e+000	7.3556e+015	1.0000e-010	0.0000e+000
9.100000e+002	1.48726036e-001	-3.25127396e+000	8.14766357e+003	0.00000000e+000	7.1236e+015	1.0000e-010	0.0000e+000
9.200000e+002	1.49540802e-001	-3.25045920e+000	8.01618517e+003	0.00000000e+000	6.9026e+015	1.0000e-010	0.0000e+000
9.300000e+002	1.50342421e-001	-3.24965758e+000	7.88872108e+003	0.00000000e+000	6.6919e+015	1.0000e-010	0.0000e+000
9.400000e+002	1.51131293e-001	-3.24886871e+000	7.76508781e+003	0.00000000e+000	6.4908e+015	1.0000e-010	0.0000e+000
9.500000e+002	1.51907802e-001	-3.24809220e+000	7.64511287e+003	0.00000000e+000	6.2987e+015	1.0000e-010	0.0000e+000
9.600000e+002	1.52672313e-001	-3.24732769e+000	7.52863394e+003	0.00000000e+000	6.1152e+015	1.0000e-010	0.0000e+000
9.700000e+002	1.53425176e-001	-3.24657482e+000	7.41549821e+003	0.00000000e+000	5.9396e+015	1.0000e-010	0.0000e+000
9.800000e+002	1.54166726e-001	-3.24583327e+000	7.30556161e+003	0.00000000e+000	5.7717e+015	1.0000e-010	0.0000e+000
9.900000e+002	1.54897282e-001	-3.24510272e+000	7.19868824e+003	0.00000000e+000	5.6109e+015	1.0000e-010	0.0000e+000
1.000000e+003	1.55617151e-001	-3.24438285e+000	7.09474980e+003	0.00000000e+000	5.4568e+015	1.0000e-010	0.0000e+000
1.010000e+003	1.56326626e-001	-3.24367337e+000	6.99362502e+003	0.00000000e+000	5.3091e+015	1.0000e-010	0.0000e+000
1.020000e+003	1.57025989e-001	-3.24297401e+000	6.89519926e+003	0.00000000e+000	5.1674e+015	1.0000e-010	0.0000e+000
1.030000e+003	1.57715509e-001	-3.24228449e+000	6.79936400e+003	0.00000000e+000	5.0314e+015	1.0000e-010	0.0000e+000
1.040000e+003	1.58395445e-001	-3.24160455e+000	6.70601645e+003	0.00000000e+000	4.9008e+015	1.0000e-010	0.0000e+000
1.050000e+003	1.59066047e-001	-3.24093395e+000	6.61505920e+003	0.00000000e+000	4.7753e+015	1.0000e-010	0.0000e+000
1.060000e+003	1.59727553e-001	-3.24027245e+000	6.52639986e+003	0.00000000e+000	4.6546e+015	1.0000e-010	0.0000e+000
1.070000e+003	1.60380193e-001	-3.23961981e+000	6.43995073e+003	0.00000000e+000	4.5386e+015	1.0000e-010	0.0000e+000
1.080000e+003	1.61024188e-001	-3.23897581e+000	6.35562852e+003	0.00000000e+000	4.4269e+015	1.0000e-010	0.0000e+000
1.090000e+003	1.61659751e-001	-3.23834025e+000	6.27335407e+003	0.00000000e+000	4.3194e+015	1.0000e-010	0.0000e+000
1.100000e+003	1.62287086e-001	-3.23771291e+000	6.19305210e+003	0.00000000e+000	4.2159e+015	1.0000e-010	0.0000e+000
1.110000e+003	1.62906391e-001	-3.23709361e+000	6.11465097e+003	0.00000000e+000	4.1161e+015	1.0000e-010	0.0000e+000
1.120000e+003	1.63517856e-001	-3.23648214e+000	6.03808246e+003	0.00000000e+000	4.0199e+015	1.0000e-010	0.0000e+000
1.130000e+003	1.64121665e-001	-3.23587834e+000	5.96328160e+003	0.00000000e+000	3.9271e+015	1.0000e-010	0.0000e+000
1.140000e+003	1.64717993e-001	-3.23528201e+000	5.89018641e+003	0.00000000e+000	3.8375e+015	1.0000e-010	0.0000e+000
1.150000e+003	1.65307011e-001	-3.23469299e+000	5.81873782e+003	0.00000000e+000	3.7511e+015	1.0000e-010	0.0000e+000
1.160000e+003	1.65888885e-001	-3.23411111e+000	5.74887942e+003	0.00000000e+000	3.6676e+015	1.0000e-010	0.0000e+000
1.170000e+003	1.66463773e-001	-3.23353623e+000	5.68055737e+003	0.00000000e+000	3.5869e+015	1.0000e-010	0.0000e+000
1.180000e+003	1.67031829e-001	-3.23296817e+000	5.61372020e+003	0.00000000e+000	3.5090e+015	1.0000e-010	0.0000e+000
1.190000e+003	1.67593201e-001	-3.23240680e+000	5.54831875e+003	0.00000000e+000	3.4336e+015	1.0000e-010	0.0000e+000
1.200000e+003	1.68148033e-001	-3.23185197e+000	5.48430599e+003	0.00000000e+000	3.3607e+015	1.0000e-010	0.0000e+000
1.210000e+003	1.68696463e-001	-3.23130354e+000	5.42163690e+003	0.00000000e+000	3.2901e+015	1.0000e-010	0.0000e+000
1.220000e+003	1.69238627e-001	-3.23076137e+000	5.36026841e+003	0.00000000e+000	3.2219e+015	1.0000e-010	0.0000e+000
1.230000e+003	1.69774654e-001	-3.23022535e+000	5.30015927e+003	0.00000000e+000	3.1557e+015	1.0000e-010	0.0000e+000
1.240000e+003	1.70304670e-001	-3.22969533e+000	5.24126993e+003	0.00000000e+000	3.0917e+015	1.0000e-010	0.0000e+000
1.250000e+003	1.70828797e-001	-3.22917120e+000	5.18356250e+003	0.00000000e+000	3.0296e+015	1.0000e-010	0.0000e+000
1.260000e+003	1.71347153e-001	-3.22865285e+000	5.12700063e+003	0.00000000e+000	2.9695e+015	1.0000e-010	0.0000e+000
1.270000e+003	1.71859853e-001	-3.22814015e+000	5.07154946e+003	0.00000000e+000	2.9112e+015	1.0000e-010	0.0000e+000
1.280000e+003	1.72367008e-001	-3.22763299e+000	5.01717551e+003	0.00000000e+000	2.8546e+015	1.0000e-010	0.0000e+000
1.290000e+003	1.72868726e-001	-3.22713127e+000	4.96384663e+003	0.00000000e+000	2.7998e+015	1.0000e-010	0.0000e+000
1.300000e+003	1.73365110e-001	-3.22663489e+000	4.91153196e+003	0.00000000e+000	2.7465e+015	1.0000e-010	0.0000e+000
1.310000e+003	1.73856263e-001	-3.22614374e+000	4.86020181e+003	0.00000000e+000	2.6948e+015	1.0000e-010	0.0000e+000
1.320000e+003	1.74342284e-001	-3.22565772e+000	4.80982766e+003	0.00000000e+000	2.6447e+015	1.0000e-010	0.0000e+000
1.330000e+003	1.74823266e-001	-3.22517673e+000	4.76038207e+003	0.00000000e+000	2.5959e+015	1.0000e-010	0.0000e+000
1.340000e+003	1.75299305e-001	-3.22470070e+000	4.71183864e+003	0.00000000e+000	2.5485e+015	1.0000e-010	0.0000e+000
1.350000e+003	1.75770488e-001	-3.22422951e+000	4.66417196e+003	0.00000000e+000	2.5025e+015	1.0000e-010	0.0000e+000
1.360000e+003	1.76236906e-001	-3.22376309e+000	4.61735756e+003	0.00000000e+000	2.4578e+015	1.0000e-010	0.0000e+000
1.370000e+003	1.76698641e-001	-3.22330136e+000	4.57137187e+003	0.00000000e+000	2.4143e+015	1.0000e-010	0.0000e+000
1.380000e+003	1.77155779e-001	-3.22284422e+000	4.52619220e+003	0.00000000e+000	2.3719e+015	1.0000e-010	0.0000e+000
1.390000e+003	1.77608398e-001	-3.22239160e+000	4.48179665e+003	0.00000000e+000	2.3308e+015	1.0000e-010	0.0000e+000
1.400000e+003	1.78056577e-001	-3.22194342e+000	4.43816413e+003	0.00000000e+000	2.2907e+015	1.0000e-010	0.0000e+000
1.410000e+003	1.78500394e-001	-3.22149961e+000	4.39527428e+003	0.00000000e+000	2.2517e+015	1.0000e-010	0.0000e+000
1.420000e+003	1.78939921e-001	-3.22106008e+000	4.35310747e+003	0.00000000e+000	2.2138e+015	1.0000e-010	0.0000e+000
1.430000e+003	1.79375232e-001	-3.22062477e+000	4.31164474e+003	0.00000000e+000	2.1768e+015	1.0000e-010	0.0000e+000
1.440000e+003	1.79806397e-001	-3.22019360e+000	4.27086780e+003	0.00000000e+000	2.1408e+015	1.0000e-010	0.0000e+000
1.450000e+003	1.80233483e-001	-3.21976652e+000	4.23075898e+003	0.00000000e+000	2.1057e+015	1.0000e-010	0.0000e+000
1.460000e+003	1.80656559e-001	-3.21934344e+000	4.19130121e+003	0.00000000e+000	2.0715e+015	1.0000e-010	0.0000e+000
1.470000e+003	1.81075689e-001	-3.21892431e+000	4.15247800e+003	0.00000000e+000	2.0382e+015	1.0000e-010	0.0000e+000
1.480000e+003	1.81490937e-001	-3.21850906e+000	4.11427341e+003	0.00000000e+000	2.0057e+015	1.0000e-010	0.0000e+000
1.490000e+003	1.81902364e-001	-3.21809764e+000	4.07667202e+003	0.00000000e+000	1.9741e+015	1.0000e-010	0.0000e+000
1.500000e+003	1.82310032e-001	-3.21768997e+000	4.03965892e+003	0.00000000e+000	1.9432e+015	1.0000e-010	0.0000e+000
1.510000e+003	1.82713998e-001	-3.21728600e+000	4.00321970e+003	0.00000000e+000	1.9131e+015	1.0000e-010	0.0000e+000
1.520000e+003	1.83114320e-001	-3.21688568e+000	3.96734040e+003	0.00000000e+000	1.8837e+015	1.0000e-010	0.0000e+000
1.530000e+003	1.83511054e-001	-3.21648895e+000	3.93200752e+003	0.00000000e+000	1.8550e+015	1.0000e-010	0.0000e+000
1.540000e+003	1.83904254e-001	-3.21609575e+000	3.89720797e+003	0.00000000e+000	1.8270e+015	1.0000e-010	0.0000e+000
1.550000e+003	1.84293975e-001	-3.21570602e+000	3.86292909e+003	0.00000000e+000	1.7996e+015	1.0000e-010	0.0000e+000
1.560000e+003	1.84680268e-001	-3.21531973e+000	3.82915861e+003	0.00000000e+000	1.7730e+015	1.0000e-010	0.0000e+000
1.570000e+003	1.85063184e-001	-3.21493682e+000	3.79588466e+003	0.00000000e+000	1.7469e+015	1.0000e-010	0.0000e+000
1.580000e+003	1.85442772e-001	-3.21455723e+000	3.76309570e+003	0.00000000e+000	1.7214e+015	1.0000e-010	0.0000e+000
1.590000e+003	1.85819082e-001	-3.21418092e+000	3.73078057e+003	0.00000000e+000	1.6965e+015	1.0000e-010	0.0000e+000
1.600000e+003	1.86192160e-001	-3.21380784e+000	3.69892843e+003	0.00000000e+000	1.6722e+015	1.0000e-010	0.0000e+000
1.610000e+003	1.86562053e-001	-3.21343795e+000	3.66752880e+003	0.00000000e+000	1.6485e+015	1.0000e-010	0.0000e+000
1.620000e+003	1.86928806e-001	-3.21307119e+000	3.63657148e+003	0.00000000e+000	1.6253e+015	1.0000e-010	0.0000e+000
1.630000e+003	1.87292463e-001	-3.21270754e+000	3.60604658e+003	0.00000000e+000	1.6026e+015	1.0000e-010	0.0000e+000
1.640000e+003	1.87653067e-001	-3.21234693e+000	3.57594452e+003	0.00000000e+000	1.5804e+015	1.0000e-010	0.0000e+000
1.650000e+003	1.88010662e-001	-3.21198934e+000	3.54625597e+003	0.00000000e+000	1.5587e+015	1.0000e-010	0.0000e+000
1.660000e+003	1.88365288e-001	-3.21163471e+000	3.51697189e+003	0.00000000e+000	1.5374e+015	1.0000e-010	0.0000e+000
1.670000e+003	1.88716985e-001	-3.21128302e+000	3.48808350e+003	0.00000000e+000	1.5166e+015	1.0000e-010	0.0000e+000
1.680000e+003	1.89065793e-001	-3.21093421e+000	3.45958228e+003	0.00000000e+000	1.4963e+015	1.0000e-010	0.0000e+000
1.690000e+003	1.89411751e-001	-3.21058825e+000	3.43145992e+003	0.00000000e+000	1.4764e+015	1.0000e-010	0.0000e+000
1.700000e+003	1.89754897e-001	-3.21024510e+000	3.40370838e+003	0.00000000e+000	1.4570e+015	1.0000e-010	0.0000e+000
1.710000e+003	1.90095268e-001	-3.20990473e+000	3.37631982e+003	0.00000000e+000	1.4379e+015	1.0000e-010	0.0000e+000
1.720000e+003	1.90432900e-001	-3.20956710e+000	3.34928664e+003	0.00000000e+000	1.4192e+015	1.0000e-010	0.0000e+000
1.730000e+003	1.90767829e-001	-3.20923217e+000	3.32260143e+003	0.00000000e+000	1.4010e+015	1.0000e-010	0.0000e+000
1.740000e+003	1.91100089e-001	-3.20889991e+000	3.29625700e+003	0.00000000e+000	1.3831e+015	1.0000e-010	0.0000e+000
1.750000e+003	1.91429715e-001	-3.20857029e+000	3.27024633e+003	0.00000000e+000	1.3656e+015	1.0000e-010	0.0000e+000
1.760000e+003	1.91756739e-001	-3.20824326e+000	3.24456263e+003	0.00000000e+000	1.3484e+015	1.0000e-010	0.0000e+000
1.770000e+003	1.92081196e-001	-3.20791880e+000	3.21919926e+003	0.00000000e+000	1.3316e+015	1.0000e-010	0.0000e+000
1.780000e+003	1.92403115e-001	-3.20759688e+000	3.19414976e+003	0.00000000e+000	1.3151e+015	1.0000e-010	0.0000e+000
1.790000e+003	1.92722530e-001	-3.20727747e+000	3.16940786e+003	0.00000000e+000	1.2990e+015	1.0000e-010	0.0000e+000
1.800000e+003	1.93039471e-001	-3.20696053e+000	3.14496744e+003	0.00000000e+000	1.2831e+015	1.0000e-010	0.0000e+000
1.810000e+003	1.93353968e-001	-3.20664603e+000	3.12082254e+003	0.00000000e+000	1.2676e+015	1.0000e-010	0.0000e+000
1.820000e+003	1.93666050e-001	-3.20633395e+000	3.09696737e+003	0.00000000e+000	1.2524e+015	1.0000e-010	0.0000e+000
1.830000e+003	1.93975747e-001	-3.20602425e+000	3.07339627e+003	0.00000000e+000	1.2375e+015	1.0000e-010	0.0000e+000
1.840000e+003	1.94283087e-001	-3.20571691e+000	3.05010372e+003	0.00000000e+000	1.2229e+015	1.0000e-010	0.0000e+000
1.850000e+003	1.94588097e-001	-3.20541190e+000	3.02708438e+003	0.00000000e+000	1.2085e+015	1.0000e-010	0.0000e+000
1.860000e+003	1.94890805e-001	-3.20510919e+000	3.00433301e+003	0.00000000e+000	1.1945e+015	1.0000e-010	0.0000e+000
1.870000e+003	1.95191239e-001	-3.20480876e+000	2.98184451e+003	0.00000000e+000	1.1807e+015	1.0000e-010	0.0000e+000
1.880000e+003	1.95489423e-001	-3.20451058e+000	2.95961390e+003	0.00000000e+000	1.1671e+015	1.0000e-010	0.0000e+000
1.890000e+003	1.95785385e-001	-3.20421462e+000	2.93763635e+003	0.00000000e+000	1.1538e+015	1.0000e-010	0.0000e+000
1.900000e+003	1.96079148e-001	-3.20392085e+000	2.91590712e+003	0.00000000e+000	1.1408e+015	1.0000e-010	0.0000e+000
1.910000e+003	1.96370739e-001	-3.20362926e+000	2.89442160e+003	0.00000000e+000	1.1280e+015	1.0000e-010	0.0000e+000
1.920000e+003	1.96660181e-001	-3.20333982e+000	2.87317529e+003	0.00000000e+000	1.1154e+015	1.0000e-010	0.0000e+000
1.930000e+003	1.96947499e-001	-3.20305250e+000	2.85216381e+003	0.00000000e+000	1.1031e+015	1.0000e-010	0.0000e+000
1.940000e+003	1.97232715e-001	-3.20276729e+000	2.83138287e+003	0.00000000e+000	1.0910e+015	1.0000e-010	0.0000e+000
1.950000e+003	1.97515853e-001	-3.20248415e+000	2.81082828e+003	0.00000000e+000	1.0791e+015	1.0000e-010	0.0000e+000
1.960000e+003	1.97796936e-001	-3.20220306e+000	2.79049597e+003	0.00000000e+000	1.0674e+015	1.0000e-010	0.0000e+000
1.970000e+003	1.98075986e-001	-3.20192401e+000	2.77038195e+003	0.00000000e+000	1.0560e+015	1.0000e-010	0.0000e+000
1.980000e+003	1.98353024e-001	-3.20164698e+000	2.75048232e+003	0.00000000e+000	1.0447e+015	1.0000e-010	0.0000e+000
1.990000e+003	1.98628072e-001	-3.20137193e+000	2.73079330e+003	0.00000000e+000	1.0337e+015	1.0000e-010	0.0000e+000
2.000000e+003	1.98901151e-001	-3.20109885e+000	2.71131115e+003	0.00000000e+000	1.0228e+015	1.0000e-010	0.0000e+000
2.010000e+003	1.99172283e-001	-3.20082772e+000	2.69203227e+003	0.00000000e+000	1.0121e+015	1.0000e-010	0.0000e+000
2.020000e+003	1.99441486e-001	-3.20055851e+000	2.67295309e+003	0.00000000e+000	1.0017e+015	1.0000e-010	0.0000e+000
2.030000e+003	1.99708781e-001	-3.20029122e+000	2.65407017e+003	0.00000000e+000	9.9136e+014	1.0000e-010	0.0000e+000
2.040000e+003	1.99974188e-001	-3.20002581e+000	2.63538012e+003	0.00000000e+000	9.8123e+014	1.0000e-010	0.0000e+000
2.050000e+003	2.00237726e-001	-3.19976227e+000	2.61687963e+003	0.00000000e+000	9.7128e+014	1.0000e-010	0.0000e+000
2.060000e+003	2.00499414e-001	-3.19950059e+000	2.59856546e+003	0.00000000e+000	9.6150e+014	1.0000e-010	0.0000e+000
2.070000e+003	2.00759271e-001	-3.19924073e+000	2.58043447e+003	0.00000000e+000	9.5188e+014	1.0000e-010	0.0000e+000
2.080000e+003	2.01017314e-001	-3.19898269e+000	2.56248354e+003	0.00000000e+000	9.4243e+014	1.0000e-010	0.0000e+000
2.090000e+003	2.01273562e-001	-3.19872644e+000	2.54470967e+003	0.00000000e+000	9.3313e+014	1.0000e-010	0.0000e+000
2.100000e+003	2.01528033e-001	-3.19847197e+000	2.52710990e+003	0.00000000e+000	9.2399e+014	1.0000e-010	0.0000e+000
2.110000e+003	2.01780744e-001	-3.19821926e+000	2.50968133e+003	0.00000000e+000	9.1500e+014	1.0000e-010	0.0000e+000
2.120000e+003	2.02031712e-001	-3.19796829e+000	2.49242114e+003	0.00000000e+000	9.0616e+014	1.0000e-010	0.0000e+000
2.130000e+003	2.02280955e-001	-3.19771905e+000	2.47532656e+003	0.00000000e+000	8.9747e+014	1.0000e-010	0.0000e+000
2.140000e+003	2.02528487e-001	-3.19747151e+000	2.45839487e+003	0.00000000e+000	8.8892e+014	1.0000e-010	0.0000e+000
2.150000e+003	2.02774327e-001	-3.19722567e+000	2.44162344e+003	0.00000000e+000	8.8050e+014	1.0000e-010	0.0000e+000
2.160000e+003	2.03018489e-001	-3.19698151e+000	2.42500966e+003	0.00000000e+000	8.7223e+014	1.0000e-010	0.0000e+000
2.170000e+003	2.03260990e-001	-3.19673901e+000	2.40855099e+003	0.00000000e+000	8.6408e+014	1.0000e-010	0.0000e+000
2.180000e+003	2.03501845e-001	-3.19649815e+000	2.39224495e+003	0.00000000e+000	8.5607e+014	1.0000e-010	0.0000e+000
2.190000e+003	2.03741070e-001	-3.19625893e+000	2.37608911e+003	0.00000000e+000	8.4818e+014	1.0000e-010	0.0000e+000
2.200000e+003	2.03978679e-001	-3.19602132e+000	2.36008107e+003	0.00000000e+000	8.4042e+014	1.0000e-010	0.0000e+000
2.210000e+003	2.04214687e-001	-3.19578531e+000	2.34421851e+003	0.00000000e+000	8.3279e+014	1.0000e-010	0.0000e+000
2.220000e+003	2.04449109e-001	-3.19555089e+000	2.32849914e+003	0.00000000e+000	8.2527e+014	1.0000e-010	0.0000e+000
2.230000e+003	2.04681958e-001	-3.19531804e+000	2.31292072e+003	0.00000000e+000	8.1787e+014	1.0000e-010	0.0000e+000
2.240000e+003	2.04913251e-001	-3.19508675e+000	2.29748106e+003	0.00000000e+000	8.1058e+014	1.0000e-010	0.0000e+000
2.250000e+003	2.05142999e-001	-3.19485700e+000	2.28217800e+003	0.00000000e+000	8.0341e+014	1.0000e-010	0.0000e+000
2.260000e+003	2.05371216e-001	-3.19462878e+000	2.26700944e+003	0.00000000e+000	7.9635e+014	1.0000e-010	0.0000e+000
2.270000e+003	2.05597917e-001	-3.19440208e+000	2.25197331e+003	0.00000000e+000	7.8940e+014	1.0000e-010	0.0000e+000
2.280000e+003	2.05823115e-001	-3.19417689e+000	2.23706759e+003	0.00000000e+000	7.8255e+014	1.0000e-010	0.0000e+000
2.290000e+003	2.06046821e-001	-3.19395318e+000	2.22229030e+003	0.00000000e+000	7.7581e+014	1.0000e-010	0.0000e+000
2.300000e+003	2.06269050e-001	-3.19373095e+000	2.20763950e+003	0.00000000e+000	7.6917e+014	1.0000e-010	0.0000e+000
2.310000e+003	2.06489814e-001	-3.19351019e+000	2.19311328e+003	0.00000000e+000	7.6263e+014	1.0000e-010	0.0000e+000
2.320000e+003	2.06709126e-001	-3.19329087e+000	2.17870976e+003	0.00000000e+000	7.5619e+014	1.0000e-010	0.0000e+000
2.330000e+003	2.06926997e-001	-3.19307300e+000	2.16442712e+003	0.00000000e+000	7.4984e+014	1.0000e-010	0.0000e+000
2.340000e+003	2.07143439e-001	-3.19285656e+000	2.15026356e+003	0.00000000e+000	7.4359e+014	1.0000e-010	0.0000e+000
2.350000e+003	2.07358466e-001	-3.19264153e+000	2.13621733e+003	0.00000000e+000	7.3743e+014	1.0000e-010	0.0000e+000
2.360000e+003	2.07572088e-001	-3.19242791e+000	2.12228668e+003	0.00000000e+000	7.3136e+014	1.0000e-010	0.0000e+000
2.370000e+003	2.07784316e-001	-3.19221568e+000	2.10846992e+003	0.00000000e+000	7.2538e+014	1.0000e-010	0.0000e+000
2.380000e+003	2.07995163e-001	-3.19200484e+000	2.09476539e+003	0.00000000e+000	7.1949e+014	1.0000e-010	0.0000e+000
2.390000e+003	2.08204640e-001	-3.19179536e+000	2.08117147e+003	0.00000000e+000	7.1368e+014	1.0000e-010	0.0000e+000
2.400000e+003	2.08412757e-001	-3.19158724e+000	2.06768653e+003	0.00000000e+000	7.0796e+014	1.0000e-010	0.0000e+000
2.410000e+003	2.08619526e-001	-3.19138047e+000	2.05430903e+003	0.00000000e+000	7.0232e+014	1.0000e-010	0.0000e+000
2.420000e+003	2.08824956e-001	-3.19117504e+000	2.04103740e+003	0.00000000e+000	6.9676e+014	1.0000e-010	0.0000e+000
2.430000e+003	2.09029060e-001	-3.19097094e+000	2.02787015e+003	0.00000000e+000	6.9128e+014	1.0000e-010	0.0000e+000
2.440000e+003	2.09231847e-001	-3.19076815e+000	2.01480577e+003	0.00000000e+000	6.8588e+014	1.0000e-010	0.0000e+000
2.450000e+003	2.09433328e-001	-3.19056667e+000	2.00184282e+003	0.00000000e+000	6.8056e+014	1.0000e-010	0.0000e+000
2.460000e+003	2.09633512e-001	-3.19036649e+000	1.98897986e+003	0.00000000e+000	6.7531e+014	1.0000e-010	0.0000e+000
2.470000e+003	2.09832410e-001	-3.19016759e+000	1.97621548e+003	0.00000000e+000	6.7013e+014	1.0000e-010	0.0000e+000
2.480000e+003	2.10030032e-001	-3.18996997e+000	1.96354831e+003	0.00000000e+000	6.6503e+014	1.0000e-010	0.0000e+000
2.490000e+003	2.10226386e-001	-3.18977361e+000	1.95097698e+003	0.00000000e+000	6.6000e+014	1.0000e-010	0.0000e+000
2.500000e+003	2.10421484e-001	-3.18957852e+000	1.93850017e+003	0.00000000e+000	6.5503e+014	1.0000e-010	0.0000e+000
2.510000e+003	2.10615334e-001	-3.18938467e+000	1.92611657e+003	0.00000000e+000	6.5014e+014	1.0000e-010	0.0000e+000
2.520000e+003	2.10807946e-001	-3.18919205e+000	1.91382488e+003	0.00000000e+000	6.4532e+014	1.0000e-010	0.0000e+000
2.530000e+003	2.10999328e-001	-3.18900067e+000	1.90162386e+003	0.00000000e+000	6.4056e+014	1.0000e-010	0.0000e+000
2.540000e+003	2.11189491e-001	-3.18881051e+000	1.88951226e+003	0.00000000e+000	6.3586e+014	1.0000e-010	0.0000e+000
2.550000e+003	2.11378442e-001	-3.18862156e+000	1.87748885e+003	0.00000000e+000	6.3123e+014	1.0000e-010	0.0000e+000
2.560000e+003	2.11566191e-001	-3.18843381e+000	1.86555245e+003	0.00000000e+000	6.2666e+014	1.0000e-010	0.0000e+000
2.570000e+003	2.11752746e-001	-3.18824725e+000	1.85370188e+003	0.00000000e+000	6.2216e+014	1.0000e-010	0.0000e+000
2.580000e+003	2.11938116e-001	-3.18806188e+000	1.84193597e+003	0.00000000e+000	6.1771e+014	1.0000e-010	0.0000e+000
2.590000e+003	2.12122310e-001	-3.18787769e+000	1.83025360e+003	0.00000000e+000	6.1333e+014	1.0000e-010	0.0000e+000
2.600000e+003	2.12305335e-001	-3.18769466e+000	1.81865365e+003	0.00000000e+000	6.0900e+014	1.0000e-010	0.0000e+000
2.610000e+003	2.12487201e-001	-3.18751280e+000	1.80713501e+003	0.00000000e+000	6.0473e+014	1.0000e-010	0.0000e+000
2.620000e+003	2.12667914e-001	-3.18733209e+000	1.79569661e+003	0.00000000e+000	6.0052e+014	1.0000e-010	0.0000e+000
2.630000e+003	2.12847484e-001	-3.18715252e+000	1.78433739e+003	0.00000000e+000	5.9636e+014	1.0000e-010	0.0000e+000
2.640000e+003	2.13025917e-001	-3.18697408e+000	1.77305630e+003	0.00000000e+000	5.9226e+014	1.0000e-010	0.0000e+000
2.650000e+003	2.13203223e-001	-3.18679678e+000	1.76185232e+003	0.00000000e+000	5.8821e+014	1.0000e-010	0.0000e+000
2.660000e+003	2.13379408e-001	-3.18662059e+000	1.75072443e+003	0.00000000e+000	5.8422e+014	1.0000e-010	0.0000e+000
2.670000e+003	2.13554481e-001	-3.18644552e+000	1.73967165e+003	0.00000000e+000	5.8027e+014	1.0000e-010	0.0000e+000
2.680000e+003	2.13728448e-001	-3.18627155e+000	1.72869300e+003	0.00000000e+000	5.7638e+014	1.0000e-010	0.0000e+000
2.690000e+003	2.13901317e-001	-3.18609868e+000	1.71778752e+003	0.00000000e+000	5.7254e+014	1.0000e-010	0.0000e+000
2.700000e+003	2.14073096e-001	-3.18592690e+000	1.70695426e+003	0.00000000e+000	5.6875e+014	1.0000e-010	0.0000e+000
2.710000e+003	2.14243791e-001	-3.18575621e+000	1.69619229e+003	0.00000000e+000	5.6500e+014	1.0000e-010	0.0000e+000
2.720000e+003	2.14413411e-001	-3.18558659e+000	1.68550070e+003	0.00000000e+000	5.6131e+014	1.0000e-010	0.0000e+000
2.730000e+003	2.14581961e-001	-3.18541804e+000	1.67487860e+003	0.00000000e+000	5.5766e+014	1.0000e-010	0.0000e+000
2.740000e+003	2.14749449e-001	-3.18525055e+000	1.66432509e+003	0.00000000e+000	5.5406e+014	1.0000e-010	0.0000e+000
2.750000e+003	2.14915881e-001	-3.18508412e+000	1.65383930e+003	0.00000000e+000	5.5051e+014	1.0000e-010	0.0000e+000
2.760000e+003	2.15081265e-001	-3.18491874e+000	1.64342038e+003	0.00000000e+000	5.4699e+014	1.0000e-010	0.0000e+000
2.770000e+003	2.15245607e-001	-3.18475439e+000	1.63306748e+003	0.00000000e+000	5.4353e+014	1.0000e-010	0.0000e+000
2.780000e+003	2.15408914e-001	-3.18459109e+000	1.62277978e+003	0.00000000e+000	5.4011e+014	1.0000e-010	0.0000e+000
2.790000e+003	2.15571192e-001	-3.18442881e+000	1.61255645e+003	0.00000000e+000	5.3673e+014	1.0000e-010	0.0000e+000
2.800000e+003	2.15732447e-001	-3.18426755e+000	1.60239669e+003	0.00000000e+000	5.3339e+014	1.0000e-010	0.0000e+000
2.810000e+003	2.15892687e-001	-3.18410731e+000	1.59229972e+003	0.00000000e+000	5.3009e+014	1.0000e-010	0.0000e+000
2.820000e+003	2.16051917e-001	-3.18394808e+000	1.58226474e+003	0.00000000e+000	5.2684e+014	1.0000e-010	0.0000e+000
2.830000e+003	2.16210143e-001	-3.18378986e+000	1.57229099e+003	0.00000000e+000	5.2362e+014	1.0000e-010	0.0000e+000
2.840000e+003	2.16367373e-001	-3.18363263e+000	1.56237772e+003	0.00000000e+000	5.2045e+014	1.0000e-010	0.0000e+000
2.850000e+003	2.16523610e-001	-3.18347639e+000	1.55252418e+003	0.00000000e+000	5.1731e+014	1.0000e-010	0.0000e+000
2.860000e+003	2.16678863e-001	-3.18332114e+000	1.54272963e+003	0.00000000e+000	5.1422e+014	1.0000e-010	0.0000e+000
2.870000e+003	2.16833136e-001	-3.18316686e+000	1.53299336e+003	0.00000000e+000	5.1116e+014	1.0000e-010	0.0000e+000
2.880000e+003	2.16986435e-001	-3.18301356e+000	1.52331466e+003	0.00000000e+000	5.0813e+014	1.0000e-010	0.0000e+000
2.890000e+003	2.17138767e-001	-3.18286123e+000	1.51369282e+003	0.00000000e+000	5.0515e+014	1.0000e-010	0.0000e+000
2.900000e+003	2.17290136e-001	-3.18270986e+000	1.50412715e+003	0.00000000e+000	5.0220e+014	1.0000e-010	0.0000e+000
2.910000e+003	2.17440549e-001	-3.18255945e+000	1.49461697e+003	0.00000000e+000	4.9929e+014	1.0000e-010	0.0000e+000
2.920000e+003	2.17590010e-001	-3.18240999e+000	1.48516162e+003	0.00000000e+000	4.9641e+014	1.0000e-010	0.0000e+000
2.930000e+003	2.17738526e-001	-3.18226147e+000	1.47576044e+003	0.00000000e+000	4.9356e+014	1.0000e-010	0.0000e+000
2.940000e+003	2.17886102e-001	-3.18211390e+000	1.46641277e+003	0.00000000e+000	4.9075e+014	1.0000e-010	0.0000e+000
2.950000e+003	2.18032744e-001	-3.18196726e+000	1.45711797e+003	0.00000000e+000	4.8798e+014	1.0000e-010	0.0000e+000
2.960000e+003	2.18178456e-001	-3.18182154e+000	1.44787541e+003	0.00000000e+000	4.8524e+014	1.0000e-010	0.0000e+000
2.970000e+003	2.18323243e-001	-3.18167676e+000	1.43868447e+003	0.00000000e+000	4.8253e+014	1.0000e-010	0.0000e+000
2.980000e+003	2.18467112e-001	-3.18153289e+000	1.42954454e+003	0.00000000e+000	4.7985e+014	1.0000e-010	0.0000e+000
2.990000e+003	2.18610066e-001	-3.18138993e+000	1.42045501e+003	0.00000000e+000	4.7720e+014	1.0000e-010	0.0000e+000
3.000000e+003	2.18752111e-001	-3.18124789e+000	1.41141528e+003	0.00000000e+000	4.7459e+014	1.0000e-010	0.0000e+000
3.010000e+003	2.18893253e-001	-3.18110675e+000	1.40242478e+003	0.00000000e+000	4.7200e+014	1.0000e-010	0.0000e+000
3.020000e+003	2.19033495e-001	-3.18096650e+000	1.39348291e+003	0.00000000e+000	4.6945e+014	1.0000e-010	0.0000e+000
3.030000e+003	2.19172844e-001	-3.18082716e+000	1.38458912e+003	0.00000000e+000	4.6693e+014	1.0000e-010	0.0000e+000
3.040000e+003	2.19311303e-001	-3.18068870e+000	1.37574283e+003	0.00000000e+000	4.6443e+014	1.0000e-010	0.0000e+000
3.050000e+003	2.19448877e-001	-3.18055112e+000	1.36694349e+003	0.00000000e+000	4.6197e+014	1.0000e-010	0.0000e+000
3.060000e+003	2.19585571e-001	-3.18041443e+000	1.35819056e+003	0.00000000e+000	4.5953e+014	1.0000e-010	0.0000e+000
3.070000e+003	2.19721390e-001	-3.18027861e+000	1.34948349e+003	0.00000000e+000	4.5712e+014	1.0000e-010	0.0000e+000
3.080000e+003	2.19856339e-001	-3.18014366e+000	1.34082175e+003	0.00000000e+000	4.5474e+014	1.0000e-010	0.0000e+000
3.090000e+003	2.19990421e-001	-3.18000958e+000	1.33220482e+003	0.00000000e+000	4.5239e+014	1.0000e-010	0.0000e+000
3.100000e+003	2.20123641e-001	-3.17987636e+000	1.32363218e+003	0.00000000e+000	4.5006e+014	1.0000e-010	0.0000e+000
3.110000e+003	2.20256005e-001	-3.17974400e+000	1.31510333e+003	0.00000000e+000	4.4777e+014	1.0000e-010	0.0000e+000
3.120000e+003	2.20387515e-001	-3.17961249e+000	1.30661775e+003	0.00000000e+000	4.4549e+014	1.0000e-010	0.0000e+000
3.130000e+003	2.20518177e-001	-3.17948182e+000	1.29817494e+003	0.00000000e+000	4.4325e+014	1.0000e-010	0.0000e+000
3.140000e+003	2.20647994e-001	-3.17935201e+000	1.28977443e+003	0.00000000e+000	4.4103e+014	1.0000e-010	0.0000e+000
3.150000e+003	2.20776972e-001	-3.17922303e+000	1.28141573e+003	0.00000000e+000	4.3883e+014	1.0000e-010	0.0000e+000
3.160000e+003	2.20905113e-001	-3.17909489e+000	1.27309835e+003	0.00000000e+000	4.3666e+014	1.0000e-010	0.0000e+000
3.170000e+003	2.21032423e-001	-3.17896758e+000	1.26482183e+003	0.00000000e+000	4.3452e+014	1.0000e-010	0.0000e+000
3.180000e+003	2.21158905e-001	-3.17884109e+000	1.25658571e+003	0.00000000e+000	4.3240e+014	1.0000e-010	0.0000e+000
3.190000e+003	2.21284564e-001	-3.17871544e+000	1.24838953e+003	0.00000000e+000	4.3030e+014	1.0000e-010	0.0000e+000
3.200000e+003	2.21409403e-001	-3.17859060e+000	1.24023282e+003	0.00000000e+000	4.2823e+014	1.0000e-010	0.0000e+000
3.210000e+003	2.21533426e-001	-3.17846657e+000	1.23211516e+003	0.00000000e+000	4.2618e+014	1.0000e-010	0.0000e+000
3.220000e+003	2.21656638e-001	-3.17834336e+000	1.22403609e+003	0.00000000e+000	4.2415e+014	1.0000e-010	0.0000e+000
3.230000e+003	2.21779041e-001	-3.17822096e+000	1.21599518e+003	0.00000000e+000	4.2215e+014	1.0000e-010	0.0000e+000
3.240000e+003	2.21900641e-001	-3.17809936e+000	1.20799201e+003	0.00000000e+000	4.2017e+014	1.0000e-010	0.0000e+000
3.250000e+003	2.22021440e-001	-3.17797856e+000	1.20002615e+003	0.00000000e+000	4.1821e+014	1.0000e-010	0.0000e+000
3.260000e+003	2.22141442e-001	-3.17785856e+000	1.19209718e+003	0.00000000e+000	4.1627e+014	1.0000e-010	0.0000e+000
3.270000e+003	2.22260652e-001	-3.17773935e+000	1.18420468e+003	0.00000000e+000	4.1436e+014	1.0000e-010	0.0000e+000
3.280000e+003	2.22379073e-001	-3.17762093e+000	1.17634826e+003	0.00000000e+000	4.1246e+014	1.0000e-010	0.0000e+000
3.290000e+003	2.22496707e-001	-3.17750329e+000	1.16852750e+003	0.00000000e+000	4.1059e+014	1.0000e-010	0.0000e+000
3.300000e+003	2.22613560e-001	-3.17738644e+000	1.16074202e+003	0.00000000e+000	4.0874e+014	1.0000e-010	0.0000e+000
3.310000e+003	2.22729634e-001	-3.17727037e+000	1.15299141e+003	0.00000000e+000	4.0691e+014	1.0000e-010	0.0000e+000
3.320000e+003	2.22844934e-001	-3.17715507e+000	1.14527530e+003	0.00000000e+000	4.0510e+014	1.0000e-010	0.0000e+000
3.330000e+003	2.22959461e-001	-3.17704054e+000	1.13759329e+003	0.00000000e+000	4.0331e+014	1.0000e-010	0.0000e+000
3.340000e+003	2.23073220e-001	-3.17692678e+000	1.12994501e+003	0.00000000e+000	4.0154e+014	1.0000e-010	0.0000e+000
3.350000e+003	2.23186215e-001	-3.17681379e+000	1.12233009e+003	0.00000000e+000	3.9978e+014	1.0000e-010	0.0000e+000
3.360000e+003	2.23298448e-001	-3.17670155e+000	1.11474815e+003	0.00000000e+000	3.9805e+014	1.0000e-010	0.0000e+000
3.370000e+003	2.23409923e-001	-3.17659008e+000	1.10719884e+003	0.00000000e+000	3.9634e+014	1.0000e-010	0.0000e+000
3.380000e+003	2.23520643e-001	-3.17647936e+000	1.09968179e+003	0.00000000e+000	3.9465e+014	1.0000e-010	0.0000e+000
3.390000e+003	2.23630611e-001	-3.17636939e+000	1.09219665e+003	0.00000000e+000	3.9297e+014	1.0000e-010	0.0000e+000
3.400000e+003	2.23739831e-001	-3.17626017e+000	1.08474307e+003	0.00000000e+000	3.9131e+014	1.0000e-010	0.0000e+000
3.410000e+003	2.23848305e-001	-3.17615170e+000	1.07732069e+003	0.00000000e+000	3.8968e+014	1.0000e-010	0.0000e+000
3.420000e+003	2.23956037e-001	-3.17604396e+000	1.06992918e+003	0.00000000e+000	3.8806e+014	1.0000e-010	0.0000e+000
3.430000e+003	2.24063030e-001	-3.17593697e+000	1.06256820e+003	0.00000000e+000	3.8645e+014	1.0000e-010	0.0000e+000
3.440000e+003	2.24169287e-001	-3.17583071e+000	1.05523742e+003	0.00000000e+000	3.8487e+014	1.0000e-010	0.0000e+000
3.450000e+003	2.24274810e-001	-3.17572519e+000	1.04793649e+003	0.00000000e+000	3.8330e+014	1.0000e-010	0.0000e+000
3.460000e+003	2.24379604e-001	-3.17562040e+000	1.04066510e+003	0.00000000e+000	3.8175e+014	1.0000e-010	0.0000e+000
3.470000e+003	2.24483671e-001	-3.17551633e+000	1.03342293e+003	0.00000000e+000	3.8022e+014	1.0000e-010	0.0000e+000
3.480000e+003	2.24587013e-001	-3.17541299e+000	1.02620964e+003	0.00000000e+000	3.7870e+014	1.0000e-010	0.0000e+000
3.490000e+003	2.24689634e-001	-3.17531037e+000	1.01902493e+003	0.00000000e+000	3.7720e+014	1.0000e-010	0.0000e+000
3.500000e+003	2.24791536e-001	-3.17520846e+000	1.01186849e+003	0.00000000e+000	3.7571e+014	1.0000e-010	0.0000e+000
3.510000e+003	2.24892723e-001	-3.17510728e+000	1.00474000e+003	0.00000000e+000	3.7425e+014	1.0000e-010	0.0000e+000
3.520000e+003	2.24993197e-001	-3.17500680e+000	9.97639164e+002	0.00000000e+000	3.7280e+014	1.0000e-010	0.0000e+000
3.530000e+003	2.25092961e-001	-3.17490704e+000	9.90565677e+002	0.00000000e+000	3.7136e+014	1.0000e-010	0.0000e+000
3.540000e+003	2.25192018e-001	-3.17480798e+000	9.83519242e+002	0.00000000e+000	3.6994e+014	1.0000e-010	0.0000e+000
3.550000e+003	2.25290370e-001	-3.17470963e+000	9.76499563e+002	0.00000000e+000	3.6853e+014	1.0000e-010	0.0000e+000
3.560000e+003	2.25388019e-001	-3.17461198e+000	9.69506350e+002	0.00000000e+000	3.6714e+014	1.0000e-010	0.0000e+000
3.570000e+003	2.25484970e-001	-3.17451503e+000	9.62539313e+002	0.00000000e+000	3.6577e+014	1.0000e-010	0.0000e+000
3.580000e+003	2.25581224e-001	-3.17441878e+000	9.55598169e+002	0.00000000e+000	3.6441e+014	1.0000e-010	0.0000e+000
3.590000e+003	2.25676784e-001	-3.17432322e+000	9.48682634e+002	0.00000000e+000	3.6307e+014	1.0000e-010	0.0000e+000
3.600000e+003	2.25771652e-001	-3.17422835e+000	9.41792431e+002	0.00000000e+000	3.6174e+014	1.0000e-010	0.0000e+000
3.610000e+003	2.25865831e-001	-3.17413417e+000	9.34927283e+002	0.00000000e+000	3.6042e+014	1.0000e-010	0.0000e+000
3.620000e+003	2.25959324e-001	-3.17404068e+000	9.28086918e+002	0.00000000e+000	3.5912e+014	1.0000e-010	0.0000e+000
3.630000e+003	2.26052133e-001	-3.17394787e+000	9.21271066e+002	0.00000000e+000	3.5783e+014	1.0000e-010	0.0000e+000
3.640000e+003	2.26144260e-001	-3.17385574e+000	9.14479460e+002	0.00000000e+000	3.5656e+014	1.0000e-010	0.0000e+000
3.650000e+003	2.26235708e-001	-3.17376429e+000	9.07711836e+002	0.00000000e+000	3.5530e+014	1.0000e-010	0.0000e+000
3.660000e+003	2.26326479e-001	-3.17367352e+000	9.00967932e+002	0.00000000e+000	3.5406e+014	1.0000e-010	0.0000e+000
3.670000e+003	2.26416576e-001	-3.17358342e+000	8.94247491e+002	0.00000000e+000	3.5282e+014	1.0000e-010	0.0000e+000
3.680000e+003	2.26506001e-001	-3.17349400e+000	8.87550256e+002	0.00000000e+000	3.5161e+014	1.0000e-010	0.0000e+000
3.690000e+003	2.26594756e-001	-3.17340524e+000	8.80875975e+002	0.00000000e+000	3.5040e+014	1.0000e-010	0.0000e+000
3.700000e+003	2.26682843e-001	-3.17331716e+000	8.74224397e+002	0.00000000e+000	3.4921e+014	1.0000e-010	0.0000e+000
3.710000e+003	2.26770266e-001	-3.17322973e+000	8.67595274e+002	0.00000000e+000	3.4803e+014	1.0000e-010	0.0000e+000
3.720000e+003	2.26857025e-001	-3.17314297e+000	8.60988362e+002	0.00000000e+000	3.4686e+014	1.0000e-010	0.0000e+000
3.730000e+003	2.26943124e-001	-3.17305688e+000	8.54403417e+002	0.00000000e+000	3.4571e+014	1.0000e-010	0.0000e+000
3.740000e+003	2.27028564e-001	-3.17297144e+000	8.47840199e+002	0.00000000e+000	3.4457e+014	1.0000e-010	0.0000e+000
3.750000e+003	2.27113348e-001	-3.17288665e+000	8.41298470e+002	0.00000000e+000	3.4344e+014	1.0000e-010	0.0000e+000
3.760000e+003	2.27197478e-001	-3.17280252e+000	8.34777996e+002	0.00000000e+000	3.4233e+014	1.0000e-010	0.0000e+000
3.770000e+003	2.27280956e-001	-3.17271904e+000	8.28278542e+002	0.00000000e+000	3.4122e+014	1.0000e-010	0.0000e+000
3.780000e+003	2.27363784e-001	-3.17263622e+000	8.21799879e+002	0.00000000e+000	3.4013e+014	1.0000e-010	0.0000e+000
3.790000e+003	2.27445964e-001	-3.17255404e+000	8.15341778e+002	0.00000000e+000	3.3905e+014	1.0000e-010	0.0000e+000
3.800000e+003	2.27527498e-001	-3.17247250e+000	8.08904013e+002	0.00000000e+000	3.3798e+014	1.0000e-010	0.0000e+000
3.810000e+003	2.27608388e-001	-3.17239161e+000	8.02486361e+002	0.00000000e+000	3.3693e+014	1.0000e-010	0.0000e+000
3.820000e+003	2.27688637e-001	-3.17231136e+000	7.96088599e+002	0.00000000e+000	3.3588e+014	1.0000e-010	0.0000e+000
3.830000e+003	2.27768246e-001	-3.17223175e+000	7.89710507e+002	0.00000000e+000	3.3485e+014	1.0000e-010	0.0000e+000
3.840000e+003	2.27847217e-001	-3.17215278e+000	7.83351870e+002	0.00000000e+000	3.3383e+014	1.0000e-010	0.0000e+000
3.850000e+003	2.27925552e-001	-3.17207445e+000	7.77012471e+002	0.00000000e+000	3.3282e+014	1.0000e-010	0.0000e+000
3.860000e+003	2.28003253e-001	-3.17199675e+000	7.70692097e+002	0.00000000e+000	3.3182e+014	1.0000e-010	0.0000e+000
3.870000e+003	2.28080323e-001	-3.17191968e+000	7.64390537e+002	0.00000000e+000	3.3083e+014	1.0000e-010	0.0000e+000
3.880000e+003	2.28156762e-001	-3.17184324e+000	7.58107582e+002	0.00000000e+000	3.2986e+014	1.0000e-010	0.0000e+000
3.890000e+003	2.28232572e-001	-3.17176743e+000	7.51843025e+002	0.00000000e+000	3.2889e+014	1.0000e-010	0.0000e+000
3.900000e+003	2.28307757e-001	-3.17169224e+000	7.45596661e+002	0.00000000e+000	3.2794e+014	1.0000e-010	0.0000e+000
3.910000e+003	2.28382316e-001	-3.17161768e+000	7.39368285e+002	0.00000000e+000	3.2699e+014	1.0000e-010	0.0000e+000
3.920000e+003	2.28456253e-001	-3.17154375e+000	7.33157697e+002	0.00000000e+000	3.2606e+014	1.0000e-010	0.0000e+000
3.930000e+003	2.28529569e-001	-3.17147043e+000	7.26964698e+002	0.00000000e+000	3.2513e+014	1.0000e-010	0.0000e+000
3.940000e+003	2.28602265e-001	-3.17139773e+000	7.20789089e+002	0.00000000e+000	3.2422e+014	1.0000e-010	0.0000e+000
3.950000e+003	2.28674344e-001	-3.17132566e+000	7.14630674e+002	0.00000000e+000	3.2332e+014	1.0000e-010	0.0000e+000
3.960000e+003	2.28745807e-001	-3.17125419e+000	7.08489259e+002	0.00000000e+000	3.2243e+014	1.0000e-010	0.0000e+000
3.970000e+003	2.28816656e-001	-3.17118334e+000	7.02364653e+002	0.00000000e+000	3.2154e+014	1.0000e-010	0.0000e+000
3.980000e+003	2.28886893e-001	-3.17111311e+000	6.96256664e+002	0.00000000e+000	3.2067e+014	1.0000e-010	0.0000e+000
3.990000e+003	2.28956518e-001	-3.17104348e+000	6.90165102e+002	0.00000000e+000	3.1981e+014	1.0000e-010	0.0000e+000
4.000000e+003	2.29025535e-001	-3.17097446e+000	6.84089782e+002	0.00000000e+000	3.1896e+014	1.0000e-010	0.0000e+000
4.010000e+003	2.29093944e-001	-3.17090606e+000	6.78030517e+002	0.00000000e+000	3.1811e+014	1.0000e-010	0.0000e+000
4.020000e+003	2.29161747e-001	-3.17083825e+000	6.71987123e+002	0.00000000e+000	3.1728e+014	1.0000e-010	0.0000e+000
4.030000e+003	2.29228946e-001	-3.17077105e+000	6.65959417e+002	0.00000000e+000	3.1646e+014	1.0000e-010	0.0000e+000
4.040000e+003	2.29295542e-001	-3.17070446e+000	6.59947219e+002	0.00000000e+000	3.1564e+014	1.0000e-010	0.0000e+000
4.050000e+003	2.29361536e-001	-3.17063846e+000	6.53950349e+002	0.00000000e+000	3.1484e+014	1.0000e-010	0.0000e+000
4.060000e+003	2.29426931e-001	-3.17057307e+000	6.47968630e+002	0.00000000e+000	3.1404e+014	1.0000e-010	0.0000e+000
4.070000e+003	2.29491728e-001	-3.17050827e+000	6.42001885e+002	0.00000000e+000	3.1326e+014	1.0000e-010	0.0000e+000
4.080000e+003	2.29555929e-001	-3.17044407e+000	6.36049939e+002	0.00000000e+000	3.1248e+014	1.0000e-010	0.0000e+000
4.090000e+003	2.29619533e-001	-3.17038047e+000	6.30112619e+002	0.00000000e+000	3.1171e+014	1.0000e-010	0.0000e+000
4.100000e+003	2.29682545e-001	-3.17031746e+000	6.24189754e+002	0.00000000e+000	3.1095e+014	1.0000e-010	0.0000e+000
4.110000e+003	2.29744964e-001	-3.17025504e+000	6.18281171e+002	0.00000000e+000	3.1020e+014	1.0000e-010	0.0000e+000
4.120000e+003	2.29806792e-001	-3.17019321e+000	6.12386703e+002	0.00000000e+000	3.0946e+014	1.0000e-010	0.0000e+000
4.130000e+003	2.29868031e-001	-3.17013197e+000	6.06506181e+002	0.00000000e+000	3.0873e+014	1.0000e-010	0.0000e+000
4.140000e+003	2.29928681e-001	-3.17007132e+000	6.00639439e+002	0.00000000e+000	3.0800e+014	1.0000e-010	0.0000e+000
4.150000e+003	2.29988745e-001	-3.17001125e+000	5.94786311e+002	0.00000000e+000	3.0729e+014	1.0000e-010	0.0000e+000
4.160000e+003	2.30048224e-001	-3.16995178e+000	5.88946635e+002	0.00000000e+000	3.0658e+014	1.0000e-010	0.0000e+000
4.170000e+003	2.30107118e-001	-3.16989288e+000	5.83120247e+002	0.00000000e+000	3.0589e+014	1.0000e-010	0.0000e+000
4.180000e+003	2.30165430e-001	-3.16983457e+000	5.77306987e+002	0.00000000e+000	3.0520e+014	1.0000e-010	0.0000e+000
4.190000e+003	2.30223161e-001	-3.16977684e+000	5.71506694e+002	0.00000000e+000	3.0452e+014	1.0000e-010	0.0000e+000
4.200000e+003	2.30280312e-001	-3.16971969e+000	5.65719209e+002	0.00000000e+000	3.0384e+014	1.0000e-010	0.0000e+000
4.210000e+003	2.30336884e-001	-3.16966312e+000	5.59944375e+002	0.00000000e+000	3.0318e+014	1.0000e-010	0.0000e+000
4.220000e+003	2.30392878e-001	-3.16960712e+000	5.54182036e+002	0.00000000e+000	3.0252e+014	1.0000e-010	0.0000e+000
4.230000e+003	2.30448296e-001	-3.16955170e+000	5.48432036e+002	0.00000000e+000	3.0188e+014	1.0000e-010	0.0000e+000
4.240000e+003	2.30503140e-001	-3.16949686e+000	5.42694222e+002	0.00000000e+000	3.0124e+014	1.0000e-010	0.0000e+000
4.250000e+003	2.30557409e-001	-3.16944259e+000	5.36968439e+002	0.00000000e+000	3.0060e+014	1.0000e-010	0.0000e+000
4.260000e+003	2.30611106e-001	-3.16938889e+000	5.31254538e+002	0.00000000e+000	2.9998e+014	1.0000e-010	0.0000e+000
4.270000e+003	2.30664231e-001	-3.16933577e+000	5.25552366e+002	0.00000000e+000	2.9936e+014	1.0000e-010	0.0000e+000
4.280000e+003	2.30716786e-001	-3.16928321e+000	5.19861775e+002	0.00000000e+000	2.9876e+014	1.0000e-010	0.0000e+000
4.290000e+003	2.30768773e-001	-3.16923123e+000	5.14182615e+002	0.00000000e+000	2.9816e+014	1.0000e-010	0.0000e+000
4.300000e+003	2.30820191e-001	-3.16917981e+000	5.08514740e+002	0.00000000e+000	2.9756e+014	1.0000e-010	0.0000e+000
4.310000e+003	2.30871042e-001	-3.16912896e+000	5.02858003e+002	0.00000000e+000	2.9698e+014	1.0000e-010	0.0000e+000
4.320000e+003	2.30921328e-001	-3.16907867e+000	4.97212258e+002	0.00000000e+000	2.9640e+014	1.0000e-010	0.0000e+000
4.330000e+003	2.30971049e-001	-3.16902895e+000	4.91577361e+002	0.00000000e+000	2.9583e+014	1.0000e-010	0.0000e+000
4.340000e+003	2.31020207e-001	-3.16897979e+000	4.85953169e+002	0.00000000e+000	2.9527e+014	1.0000e-010	0.0000e+000
4.350000e+003	2.31068802e-001	-3.16893120e+000	4.80339538e+002	0.00000000e+000	2.9472e+014	1.0000e-010	0.0000e+000
4.360000e+003	2.31116836e-001	-3.16888316e+000	4.74736329e+002	0.00000000e+000	2.9417e+014	1.0000e-010	0.0000e+000
4.370000e+003	2.31164310e-001	-3.16883569e+000	4.69143400e+002	0.00000000e+000	2.9363e+014	1.0000e-010	0.0000e+000
4.380000e+003	2.31211224e-001	-3.16878878e+000	4.63560611e+002	0.00000000e+000	2.9310e+014	1.0000e-010	0.0000e+000
4.390000e+003	2.31257580e-001	-3.16874242e+000	4.57987824e+002	0.00000000e+000	2.9257e+014	1.0000e-010	0.0000e+000
4.400000e+003	2.31303379e-001	-3.16869662e+000	4.52424900e+002	0.00000000e+000	2.9205e+014	1.0000e-010	0.0000e+000
4.410000e+003	2.31348622e-001	-3.16865138e+000	4.46871704e+002	0.00000000e+000	2.9154e+014	1.0000e-010	0.0000e+000
4.420000e+003	2.31393309e-001	-3.16860669e+000	4.41328098e+002	0.00000000e+000	2.9104e+014	1.0000e-010	0.0000e+000
4.430000e+003	2.31437442e-001	-3.16856256e+000	4.35793948e+002	0.00000000e+000	2.9054e+014	1.0000e-010	0.0000e+000
4.440000e+003	2.31481021e-001	-3.16851898e+000	4.30269120e+002	0.00000000e+000	2.9005e+014	1.0000e-010	0.0000e+000
4.450000e+003	2.31524048e-001	-3.16847595e+000	4.24753479e+002	0.00000000e+000	2.8957e+014	1.0000e-010	0.0000e+000
4.460000e+003	2.31566523e-001	-3.16843348e+000	4.19246892e+002	0.00000000e+000	2.8910e+014	1.0000e-010	0.0000e+000
4.470000e+003	2.31608448e-001	-3.16839155e+000	4.13749229e+002	0.00000000e+000	2.8863e+014	1.0000e-010	0.0000e+000
4.480000e+003	2.31649823e-001	-3.16835018e+000	4.08260358e+002	0.00000000e+000	2.8817e+014	1.0000e-010	0.0000e+000
4.490000e+003	2.31690649e-001	-3.16830935e+000	4.02780147e+002	0.00000000e+000	2.8771e+014	1.0000e-010	0.0000e+000
4.500000e+003	2.31730927e-001	-3.16826907e+000	3.97308469e+002	0.00000000e+000	2.8726e+014	1.0000e-010	0.0000e+000
4.510000e+003	2.31770658e-001	-3.16822934e+000	3.91845193e+002	0.00000000e+000	2.8682e+014	1.0000e-010	0.0000e+000
4.520000e+003	2.31809842e-001	-3.16819016e+000	3.86390191e+002	0.00000000e+000	2.8639e+014	1.0000e-010	0.0000e+000
4.530000e+003	2.31848481e-001	-3.16815152e+000	3.80943337e+002	0.00000000e+000	2.8596e+014	1.0000e-010	0.0000e+000
4.540000e+003	2.31886576e-001	-3.16811342e+000	3.75504503e+002	0.00000000e+000	2.8554e+014	1.0000e-010	0.0000e+000
4.550000e+003	2.31924126e-001	-3.16807587e+000	3.70073563e+002	0.00000000e+000	2.8513e+014	1.0000e-010	0.0000e+000
4.560000e+003	2.31961134e-001	-3.16803887e+000	3.64650393e+002	0.00000000e+000	2.8472e+014	1.0000e-010	0.0000e+000
4.570000e+003	2.31997599e-001	-3.16800240e+000	3.59234866e+002	0.00000000e+000	2.8432e+014	1.0000e-010	0.0000e+000
4.580000e+003	2.32033522e-001	-3.16796648e+000	3.53826860e+002	0.00000000e+000	2.8392e+014	1.0000e-010	0.0000e+000
4.590000e+003	2.32068905e-001	-3.16793110e+000	3.48426250e+002	0.00000000e+000	2.8353e+014	1.0000e-010	0.0000e+000
4.600000e+003	2.32103747e-001	-3.16789625e+000	3.43032914e+002	0.00000000e+000	2.8315e+014	1.0000e-010	0.0000e+000
4.610000e+003	2.32138051e-001	-3.16786195e+000	3.37646729e+002	0.00000000e+000	2.8278e+014	1.0000e-010	0.0000e+000
4.620000e+003	2.32171815e-001	-3.16782818e+000	3.32267575e+002	0.00000000e+000	2.8241e+014	1.0000e-010	0.0000e+000
4.630000e+003	2.32205042e-001	-3.16779496e+000	3.26895331e+002	0.00000000e+000	2.8204e+014	1.0000e-010	0.0000e+000
4.640000e+003	2.32237732e-001	-3.16776227e+000	3.21529875e+002	0.00000000e+000	2.8169e+014	1.0000e-010	0.0000e+000
4.650000e+003	2.32269885e-001	-3.16773012e+000	3.16171088e+002	0.00000000e+000	2.8134e+014	1.0000e-010	0.0000e+000
4.660000e+003	2.32301502e-001	-3.16769850e+000	3.10818851e+002	0.00000000e+000	2.8099e+014	1.0000e-010	0.0000e+000
4.670000e+003	2.32332584e-001	-3.16766742e+000	3.05473045e+002	0.00000000e+000	2.8066e+014	1.0000e-010	0.0000e+000
4.680000e+003	2.32363131e-001	-3.16763687e+000	3.00133552e+002	0.00000000e+000	2.8032e+014	1.0000e-010	0.0000e+000
4.690000e+003	2.32393144e-001	-3.16760686e+000	2.94800254e+002	0.00000000e+000	2.8000e+014	1.0000e-010	0.0000e+000
4.700000e+003	2.32422624e-001	-3.16757738e+000	2.89473035e+002	0.00000000e+000	2.7968e+014	1.0000e-010	0.0000e+000
4.710000e+003	2.32451572e-001	-3.16754843e+000	2.84151777e+002	0.00000000e+000	2.7937e+014	1.0000e-010	0.0000e+000
4.720000e+003	2.32479987e-001	-3.16752001e+000	2.78836365e+002	0.00000000e+000	2.7906e+014	1.0000e-010	0.0000e+000
4.730000e+003	2.32507870e-001	-3.16749213e+000	2.73526683e+002	0.00000000e+000	2.7876e+014	1.0000e-010	0.0000e+000
4.740000e+003	2.32535223e-001	-3.16746478e+000	2.68222616e+002	0.00000000e+000	2.7846e+014	1.0000e-010	0.0000e+000
4.750000e+003	2.32562045e-001	-3.16743795e+000	2.62924050e+002	0.00000000e+000	2.7818e+014	1.0000e-010	0.0000e+000
4.760000e+003	2.32588338e-001	-3.16741166e+000	2.57630869e+002	0.00000000e+000	2.7789e+014	1.0000e-010	0.0000e+000
4.770000e+003	2.32614101e-001	-3.16738590e+000	2.52342961e+002	0.00000000e+000	2.7762e+014	1.0000e-010	0.0000e+000
4.780000e+003	2.32639335e-001	-3.16736066e+000	2.47060212e+002	0.00000000e+000	2.7735e+014	1.0000e-010	0.0000e+000
4.790000e+003	2.32664041e-001	-3.16733596e+000	2.41782509e+002	0.00000000e+000	2.7708e+014	1.0000e-010	0.0000e+000
4.800000e+003	2.32688219e-001	-3.16731178e+000	2.36509739e+002	0.00000000e+000	2.7682e+014	1.0000e-010	0.0000e+000
4.810000e+003	2.32711870e-001	-3.16728813e+000	2.31241792e+002	0.00000000e+000	2.7657e+014	1.0000e-010	0.0000e+000
4.820000e+003	2.32734995e-001	-3.16726501e+000	2.25978554e+002	0.00000000e+000	2.7632e+014	1.0000e-010	0.0000e+000
4.830000e+003	2.32757592e-001	-3.16724241e+000	2.20719915e+002	0.00000000e+000	2.7608e+014	1.0000e-010	0.0000e+000
4.840000e+003	2.32779664e-001	-3.16722034e+000	2.15465764e+002	0.00000000e+000	2.7584e+014	1.0000e-010	0.0000e+000
4.850000e+003	2.32801211e-001	-3.16719879e+000	2.10215990e+002	0.00000000e+000	2.7561e+014	1.0000e-010	0.0000e+000
4.860000e+003	2.32822233e-001	-3.16717777e+000	2.04970483e+002	0.00000000e+000	2.7539e+014	1.0000e-010	0.0000e+000
4.870000e+003	2.32842730e-001	-3.16715727e+000	1.99729134e+002	0.00000000e+000	2.7517e+014	1.0000e-010	0.0000e+000
4.880000e+003	2.32862703e-001	-3.16713730e+000	1.94491832e+002	0.00000000e+000	2.7496e+014	1.0000e-010	0.0000e+000
4.890000e+003	2.32882152e-001	-3.16711785e+000	1.89258469e+002	0.00000000e+000	2.7475e+014	1.0000e-010	0.0000e+000
4.900000e+003	2.32901078e-001	-3.16709892e+000	1.84028936e+002	0.00000000e+000	2.7455e+014	1.0000e-010	0.0000e+000
4.910000e+003	2.32919480e-001	-3.16708052e+000	1.78803124e+002	0.00000000e+000	2.7436e+014	1.0000e-010	0.0000e+000
4.920000e+003	2.32937361e-001	-3.16706264e+000	1.73580926e+002	0.00000000e+000	2.7417e+014	1.0000e-010	0.0000e+000
4.930000e+003	2.32954719e-001	-3.16704528e+000	1.68362233e+002	0.00000000e+000	2.7398e+014	1.0000e-010	0.0000e+000
4.940000e+003	2.32971555e-001	-3.16702844e+000	1.63146937e+002	0.00000000e+000	2.7380e+014	1.0000e-010	0.0000e+000
4.950000e+003	2.32987870e-001	-3.16701213e+000	1.57934931e+002	0.00000000e+000	2.7363e+014	1.0000e-010	0.0000e+000
4.960000e+003	2.33003663e-001	-3.16699634e+000	1.52726109e+002	0.00000000e+000	2.7346e+014	1.0000e-010	0.0000e+000
4.970000e+003	2.33018936e-001	-3.16698106e+000	1.47520363e+002	0.00000000e+000	2.7330e+014	1.0000e-010	0.0000e+000
4.980000e+003	2.33033688e-001	-3.16696631e+000	1.42317587e+002	0.00000000e+000	2.7315e+014	1.0000e-010	0.0000e+000
4.990000e+003	2.33047920e-001	-3.16695208e+000	1.37117674e+002	0.00000000e+000	2.7300e+014	1.0000e-010	0.0000e+000
5.000000e+003	2.33061631e-001	-3.16693837e+000	1.31920518e+002	0.00000000e+000	2.7285e+014	1.0000e-010	0.0000e+000
5.010000e+003	2.33074824e-001	-3.16692518e+000	1.26726014e+002	0.00000000e+000	2.7271e+014	1.0000e-010	0.0000e+000
5.020000e+003	2.33087496e-001	-3.16691250e+000	1.21534055e+002	0.00000000e+000	2.7258e+014	1.0000e-010	0.0000e+000
5.030000e+003	2.33099650e-001	-3.16690035e+000	1.16344537e+002	0.00000000e+000	2.7245e+014	1.0000e-010	0.0000e+000
5.040000e+003	2.33111284e-001	-3.16688872e+000	1.11157354e+002	0.00000000e+000	2.7233e+014	1.0000e-010	0.0000e+000
5.050000e+003	2.33122400e-001	-3.16687760e+000	1.05972400e+002	0.00000000e+000	2.7221e+014	1.0000e-010	0.0000e+000
5.060000e+003	2.33132997e-001	-3.16686700e+000	1.00789572e+002	0.00000000e+000	2.7210e+014	1.0000e-010	0.0000e+000
5.070000e+003	2.33143076e-001	-3.16685692e+000	9.56087635e+001	0.00000000e+000	2.7199e+014	1.0000e-010	0.0000e+000
5.080000e+003	2.33152637e-001	-3.16684736e+000	9.04298709e+001	0.00000000e+000	2.7189e+014	1.0000e-010	0.0000e+000
5.090000e+003	2.33161680e-001	-3.16683832e+000	8.52527896e+001	0.00000000e+000	2.7180e+014	1.0000e-010	0.0000e+000
5.100000e+003	2.33170205e-001	-3.16682979e+000	8.00774153e+001	0.00000000e+000	2.7171e+014	1.0000e-010	0.0000e+000
5.110000e+003	2.33178213e-001	-3.16682179e+000	7.49036438e+001	0.00000000e+000	2.7162e+014	1.0000e-010	0.0000e+000
5.120000e+003	2.33185703e-001	-3.16681430e+000	6.97313712e+001	0.00000000e+000	2.7155e+014	1.0000e-010	0.0000e+000
5.130000e+003	2.33192676e-001	-3.16680732e+000	6.45604935e+001	0.00000000e+000	2.7147e+014	1.0000e-010	0.0000e+000
5.140000e+003	2.33199132e-001	-3.16680087e+000	5.93909069e+001	0.00000000e+000	2.7140e+014	1.0000e-010	0.0000e+000
5.150000e+003	2.33205071e-001	-3.16679493e+000	5.42225079e+001	0.00000000e+000	2.7134e+014	1.0000e-010	0.0000e+000
5.160000e+003	2.33210494e-001	-3.16678951e+000	4.90551928e+001	0.00000000e+000	2.7128e+014	1.0000e-010	0.0000e+000
5.170000e+003	2.33215399e-001	-3.16678460e+000	4.38888581e+001	0.00000000e+000	2.7123e+014	1.0000e-010	0.0000e+000
5.180000e+003	2.33219788e-001	-3.16678021e+000	3.87234004e+001	0.00000000e+000	2.7119e+014	1.0000e-010	0.0000e+000
5.190000e+003	2.33223660e-001	-3.16677634e+000	3.35587164e+001	0.00000000e+000	2.7115e+014	1.0000e-010	0.0000e+000
5.200000e+003	2.33227016e-001	-3.16677298e+000	2.83947027e+001	0.00000000e+000	2.7111e+014	1.0000e-010	0.0000e+000
5.210000e+003	2.33229856e-001	-3.16677014e+000	2.32312563e+001	0.00000000e+000	2.7108e+014	1.0000e-010	0.0000e+000
5.220000e+003	2.33232179e-001	-3.16676782e+000	1.80682738e+001	0.00000000e+000	2.7106e+014	1.0000e-010	0.0000e+000
5.230000e+003	2.33233986e-001	-3.16676601e+000	1.29056521e+001	0.00000000e+000	2.7104e+014	1.0000e-010	0.0000e+000
5.240000e+003	2.33235276e-001	-3.16676472e+000	7.74328819e+000	0.00000000e+000	2.7102e+014	1.0000e-010	0.0000e+000
5.250000e+003	2.33236051e-001	-3.16676395e+000	2.58107888e+000	0.00000000e+000	2.7102e+014	1.0000e-010	0.0000e+000
5.260000e+003	2.33236309e-001	-3.16676369e+000	2.58107888e+000	0.00000000e+000	2.7101e+014	1.0000e-010	0.0000e+000
