Y (ang)	Ec (eV)	Ev (eV)	E (V/cm)	Ef (eV)	n (cm-3)	p (cm-3)	Nd - Na (cm-3)	el eval 1 (eV)	el eval 2 (eV)	el eval 3 (eV)	el eval 4 (eV)	el eval 5 (eV)	el eval 6 (eV)	el eval 7 (eV)	el eval 8 (eV)	el eval 9 (eV)	el eval 10 (eV)	el eval 11 (eV)	el eval 12 (eV)
0.000000e+000	6.00000000e-001	-2.80000000e+000	2.42035451e+006	-0.00000000e+000	1.8691e+008	1.0000e-010	0.0000e+000
1.000000e+001	1.40203545e+000	-2.69796455e+000	-2.23288427e+005	0.00000000e+000	6.2271e-006	1.0000e-010	-1.3848e+020
2.000000e+001	1.38503994e+000	-2.72162672e+000	-2.50547495e+005	0.00000000e+000	1.2121e-005	1.0000e-010	-1.3901e+018	-1.2858e-001	3.4712e-003	5.1283e-002	7.7413e-002	9.5105e-002	1.0841e-001	1.1905e-001	1.2790e-001	1.3547e-001	1.4208e-001	1.4799e-001	1.5370e-001
3.000000e+001	1.36531853e+000	-2.74801481e+000	-2.77846920e+005	0.00000000e+000	2.5992e-005	1.0000e-010	-1.3915e+018
4.000000e+001	1.34286717e+000	-2.77713283e+000	-3.05186732e+005	0.00000000e+000	6.1945e-005	1.0000e-010	-1.3928e+018
5.000000e+001	1.31768183e+000	-2.80898484e+000	-3.32566962e+005	0.00000000e+000	1.6410e-004	1.0000e-010	-1.3942e+018
6.000000e+001	1.28975846e+000	-2.84357487e+000	-3.59987642e+005	0.00000000e+000	4.8328e-004	1.0000e-010	-1.3955e+018
7.000000e+001	1.25909303e+000	-2.88090697e+000	-3.87448803e+005	0.00000000e+000	1.5825e-003	1.0000e-010	-1.3969e+018
8.000000e+001	1.22568149e+000	-2.92098518e+000	-4.14950477e+005	0.00000000e+000	5.7629e-003	1.0000e-010	-1.3982e+018
9.000000e+001	1.18951977e+000	-2.96381356e+000	-4.42492694e+005	0.00000000e+000	2.3342e-002	1.0000e-010	-1.3996e+018
1.000000e+002	1.15060384e+000	-3.00939616e+000	-4.70075487e+005	0.00000000e+000	1.0518e-001	1.0000e-010	-1.4009e+018
1.100000e+002	1.10892962e+000	-3.05773705e+000	-4.97698886e+005	0.00000000e+000	5.2808e-001	1.0000e-010	-1.4022e+018
1.200000e+002	1.06449307e+000	-3.10884027e+000	-5.25362923e+005	0.00000000e+000	2.9920e+000	1.0000e-010	-1.4036e+018
1.300000e+002	1.01729011e+000	-3.16270989e+000	-5.53067630e+005	0.00000000e+000	2.1131e+001	1.0000e-010	-1.4049e+018
1.400000e+002	9.67316677e-001	-3.21934999e+000	-5.80813037e+005	0.00000000e+000	2.7956e+002	1.0000e-010	-1.4063e+018
1.500000e+002	9.14568706e-001	-3.27876463e+000	-6.08599177e+005	0.00000000e+000	8.7036e+003	1.0000e-010	-1.4076e+018
1.600000e+002	8.59042122e-001	-3.34095788e+000	-6.36426081e+005	0.00000000e+000	3.7432e+005	1.0000e-010	-1.4090e+018
1.700000e+002	8.00732847e-001	-3.40593382e+000	-6.64293781e+005	0.00000000e+000	1.6237e+007	1.0000e-010	-1.4103e+018
1.800000e+002	7.39636802e-001	-3.47369653e+000	-6.92202308e+005	0.00000000e+000	6.6105e+008	1.0000e-010	-1.4117e+018
1.900000e+002	6.75749905e-001	-3.54425010e+000	-7.20151694e+005	0.00000000e+000	2.4755e+010	1.0000e-010	-1.4130e+018
2.000000e+002	6.09068069e-001	-3.61759860e+000	-7.48141988e+005	0.00000000e+000	8.4192e+011	1.0000e-010	-1.4143e+018
2.100000e+002	5.39587203e-001	-3.69374613e+000	-7.76173692e+005	0.00000000e+000	2.5668e+013	1.0000e-010	-1.4157e+018
2.200000e+002	3.55303168e-001	-3.74469683e+000	-2.23302511e+005	0.00000000e+000	6.9344e+014	1.0000e-010	2.8058e+019
2.300000e+002	3.32972916e-001	-3.76702708e+000	-2.23546362e+005	0.00000000e+000	1.2465e+016	1.0000e-010	0.0000e+000
2.400000e+002	3.10618280e-001	-3.78938172e+000	-2.27680950e+005	0.00000000e+000	2.1135e+017	1.0000e-010	0.0000e+000
2.500000e+002	2.87850185e-001	-3.81214981e+000	-2.94394366e+005	0.00000000e+000	3.4103e+018	1.0000e-010	0.0000e+000
2.600000e+002	-3.01589251e-001	-3.70158925e+000	1.35892686e+006	0.00000000e+000	5.2090e+019	1.0000e-010	1.3848e+020
2.700000e+002	-1.65696566e-001	-3.56569657e+000	6.82495435e+005	0.00000000e+000	3.5513e+019	1.0000e-010	0.0000e+000
2.800000e+002	-9.74470223e-002	-3.49744702e+000	4.02980391e+005	0.00000000e+000	1.4675e+019	1.0000e-010	0.0000e+000
2.900000e+002	-5.71489832e-002	-3.45714898e+000	2.74254976e+005	0.00000000e+000	6.7583e+018	1.0000e-010	0.0000e+000
3.000000e+002	-2.97234856e-002	-3.42972349e+000	1.98218792e+005	0.00000000e+000	3.9921e+018	1.0000e-010	0.0000e+000
3.100000e+002	-9.90160640e-003	-3.40990161e+000	1.49594051e+005	0.00000000e+000	2.5530e+018	1.0000e-010	0.0000e+000
3.200000e+002	5.05779866e-003	-3.39494220e+000	1.18014229e+005	0.00000000e+000	1.6581e+018	1.0000e-010	0.0000e+000
3.300000e+002	1.68592215e-002	-3.38314078e+000	9.68127201e+004	0.00000000e+000	1.1132e+018	1.0000e-010	0.0000e+000
3.400000e+002	2.65404935e-002	-3.37345951e+000	8.18743693e+004	0.00000000e+000	7.8439e+017	1.0000e-010	0.0000e+000
3.500000e+002	3.47279304e-002	-3.36527207e+000	7.08304858e+004	0.00000000e+000	5.7991e+017	1.0000e-010	0.0000e+000
3.600000e+002	4.18109790e-002	-3.35818902e+000	6.23503020e+004	0.00000000e+000	4.4530e+017	1.0000e-010	0.0000e+000
3.700000e+002	4.80460092e-002	-3.35195399e+000	5.56603811e+004	0.00000000e+000	3.5130e+017	1.0000e-010	0.0000e+000
3.800000e+002	5.36120473e-002	-3.34638795e+000	5.02606535e+004	0.00000000e+000	2.8356e+017	1.0000e-010	0.0000e+000
3.900000e+002	5.86381127e-002	-3.34136189e+000	4.58066163e+004	0.00000000e+000	2.3390e+017	1.0000e-010	0.0000e+000
4.000000e+002	6.32187743e-002	-3.33678123e+000	4.20684294e+004	0.00000000e+000	1.9631e+017	1.0000e-010	0.0000e+000
4.100000e+002	6.74256173e-002	-3.33257438e+000	3.88927909e+004	0.00000000e+000	1.6677e+017	1.0000e-010	0.0000e+000
4.200000e+002	7.13148964e-002	-3.32868510e+000	3.61654384e+004	0.00000000e+000	1.4323e+017	1.0000e-010	0.0000e+000
4.300000e+002	7.49314402e-002	-3.32506856e+000	3.37947363e+004	0.00000000e+000	1.2450e+017	1.0000e-010	0.0000e+000
4.400000e+002	7.83109138e-002	-3.32168909e+000	3.17116489e+004	0.00000000e+000	1.0940e+017	1.0000e-010	0.0000e+000
4.500000e+002	8.14820787e-002	-3.31851792e+000	2.98679973e+004	0.00000000e+000	9.6827e+016	1.0000e-010	0.0000e+000
4.600000e+002	8.44688785e-002	-3.31553112e+000	2.82278542e+004	0.00000000e+000	8.6140e+016	1.0000e-010	0.0000e+000
4.700000e+002	8.72916639e-002	-3.31270834e+000	2.67599285e+004	0.00000000e+000	7.7096e+016	1.0000e-010	0.0000e+000
4.800000e+002	8.99676567e-002	-3.31003234e+000	2.54364433e+004	0.00000000e+000	6.9511e+016	1.0000e-010	0.0000e+000
4.900000e+002	9.25113011e-002	-3.30748870e+000	2.42354358e+004	0.00000000e+000	6.3079e+016	1.0000e-010	0.0000e+000
5.000000e+002	9.49348446e-002	-3.30506516e+000	2.31411849e+004	0.00000000e+000	5.7472e+016	1.0000e-010	0.0000e+000
5.100000e+002	9.72489631e-002	-3.30275104e+000	2.21416727e+004	0.00000000e+000	5.2497e+016	1.0000e-010	0.0000e+000
5.200000e+002	9.94631304e-002	-3.30053687e+000	2.12258210e+004	0.00000000e+000	4.8103e+016	1.0000e-010	0.0000e+000
5.300000e+002	1.01585712e-001	-3.29841429e+000	2.03828151e+004	0.00000000e+000	4.4277e+016	1.0000e-010	0.0000e+000
5.400000e+002	1.03623994e-001	-3.29637601e+000	1.96031517e+004	0.00000000e+000	4.0950e+016	1.0000e-010	0.0000e+000
5.500000e+002	1.05584309e-001	-3.29441569e+000	1.88795792e+004	0.00000000e+000	3.8004e+016	1.0000e-010	0.0000e+000
5.600000e+002	1.07472267e-001	-3.29252773e+000	1.82068279e+004	0.00000000e+000	3.5335e+016	1.0000e-010	0.0000e+000
5.700000e+002	1.09292950e-001	-3.29070705e+000	1.75805147e+004	0.00000000e+000	3.2896e+016	1.0000e-010	0.0000e+000
5.800000e+002	1.11051001e-001	-3.28894900e+000	1.69962593e+004	0.00000000e+000	3.0687e+016	1.0000e-010	0.0000e+000
5.900000e+002	1.12750627e-001	-3.28724937e+000	1.64495870e+004	0.00000000e+000	2.8713e+016	1.0000e-010	0.0000e+000
6.000000e+002	1.14395586e-001	-3.28560441e+000	1.59363958e+004	0.00000000e+000	2.6955e+016	1.0000e-010	0.0000e+000
6.100000e+002	1.15989226e-001	-3.28401077e+000	1.54533947e+004	0.00000000e+000	2.5369e+016	1.0000e-010	0.0000e+000
6.200000e+002	1.17534565e-001	-3.28246543e+000	1.49981329e+004	0.00000000e+000	2.3912e+016	1.0000e-010	0.0000e+000
6.300000e+002	1.19034378e-001	-3.28096562e+000	1.45686657e+004	0.00000000e+000	2.2557e+016	1.0000e-010	0.0000e+000
6.400000e+002	1.20491245e-001	-3.27950876e+000	1.41631610e+004	0.00000000e+000	2.1298e+016	1.0000e-010	0.0000e+000
6.500000e+002	1.21907561e-001	-3.27809244e+000	1.37797033e+004	0.00000000e+000	2.0140e+016	1.0000e-010	0.0000e+000
6.600000e+002	1.23285531e-001	-3.27671447e+000	1.34163469e+004	0.00000000e+000	1.9084e+016	1.0000e-010	0.0000e+000
6.700000e+002	1.24627166e-001	-3.27537283e+000	1.30712930e+004	0.00000000e+000	1.8123e+016	1.0000e-010	0.0000e+000
6.800000e+002	1.25934295e-001	-3.27406570e+000	1.27430313e+004	0.00000000e+000	1.7241e+016	1.0000e-010	0.0000e+000
6.900000e+002	1.27208598e-001	-3.27279140e+000	1.24303598e+004	0.00000000e+000	1.6422e+016	1.0000e-010	0.0000e+000
7.000000e+002	1.28451634e-001	-3.27154837e+000	1.21323010e+004	0.00000000e+000	1.5654e+016	1.0000e-010	0.0000e+000
7.100000e+002	1.29664865e-001	-3.27033514e+000	1.18479843e+004	0.00000000e+000	1.4932e+016	1.0000e-010	0.0000e+000
7.200000e+002	1.30849663e-001	-3.26915034e+000	1.15765641e+004	0.00000000e+000	1.4254e+016	1.0000e-010	0.0000e+000
7.300000e+002	1.32007319e-001	-3.26799268e+000	1.13171968e+004	0.00000000e+000	1.3621e+016	1.0000e-010	0.0000e+000
7.400000e+002	1.33139039e-001	-3.26686096e+000	1.10690614e+004	0.00000000e+000	1.3031e+016	1.0000e-010	0.0000e+000
7.500000e+002	1.34245945e-001	-3.26575405e+000	1.08313911e+004	0.00000000e+000	1.2481e+016	1.0000e-010	0.0000e+000
7.600000e+002	1.35329084e-001	-3.26467092e+000	1.06034898e+004	0.00000000e+000	1.1968e+016	1.0000e-010	0.0000e+000
7.700000e+002	1.36389433e-001	-3.26361057e+000	1.03847303e+004	0.00000000e+000	1.1488e+016	1.0000e-010	0.0000e+000
7.800000e+002	1.37427906e-001	-3.26257209e+000	1.01745371e+004	0.00000000e+000	1.1037e+016	1.0000e-010	0.0000e+000
7.900000e+002	1.38445360e-001	-3.26155464e+000	9.97237331e+003	0.00000000e+000	1.0616e+016	1.0000e-010	0.0000e+000
8.000000e+002	1.39442597e-001	-3.26055740e+000	9.77774010e+003	0.00000000e+000	1.0220e+016	1.0000e-010	0.0000e+000
8.100000e+002	1.40420371e-001	-3.25957963e+000	9.59018702e+003	0.00000000e+000	9.8478e+015	1.0000e-010	0.0000e+000
8.200000e+002	1.41379390e-001	-3.25862061e+000	9.40932759e+003	0.00000000e+000	9.4960e+015	1.0000e-010	0.0000e+000
8.300000e+002	1.42320323e-001	-3.25767968e+000	9.23484971e+003	0.00000000e+000	9.1606e+015	1.0000e-010	0.0000e+000
8.400000e+002	1.43243808e-001	-3.25675619e+000	9.06651393e+003	0.00000000e+000	8.8378e+015	1.0000e-010	0.0000e+000
8.500000e+002	1.44150459e-001	-3.25584954e+000	8.90413776e+003	0.00000000e+000	8.5246e+015	1.0000e-010	0.0000e+000
8.600000e+002	1.45040873e-001	-3.25495913e+000	8.74756958e+003	0.00000000e+000	8.2193e+015	1.0000e-010	0.0000e+000
8.700000e+002	1.45915630e-001	-3.25408437e+000	8.59665871e+003	0.00000000e+000	7.9219e+015	1.0000e-010	0.0000e+000
8.800000e+002	1.46775296e-001	-3.25322470e+000	8.45122902e+003	0.00000000e+000	7.6339e+015	1.0000e-010	0.0000e+000
8.900000e+002	1.47620419e-001	-3.25237958e+000	8.31106147e+003	0.00000000e+000	7.3573e+015	1.0000e-010	0.0000e+000
9.000000e+002	1.48451525e-001	-3.25154848e+000	8.17588807e+003	0.00000000e+000	7.0949e+015	1.0000e-010	0.0000e+000
9.100000e+002	1.49269114e-001	-3.25073089e+000	8.04539691e+003	0.00000000e+000	6.8490e+015	1.0000e-010	0.0000e+000
9.200000e+002	1.50073653e-001	-3.24992635e+000	7.91924544e+003	0.00000000e+000	6.6211e+015	1.0000e-010	0.0000e+000
9.300000e+002	1.50865578e-001	-3.24913442e+000	7.79707845e+003	0.00000000e+000	6.4119e+015	1.0000e-010	0.0000e+000
9.400000e+002	1.51645286e-001	-3.24835471e+000	7.67854472e+003	0.00000000e+000	6.2211e+015	1.0000e-010	0.0000e+000
9.500000e+002	1.52413140e-001	-3.24758686e+000	7.56331878e+003	0.00000000e+000	6.0475e+015	1.0000e-010	0.0000e+000
9.600000e+002	1.53169472e-001	-3.24683053e+000	7.45110891e+003	0.00000000e+000	5.8892e+015	1.0000e-010	0.0000e+000
9.700000e+002	1.53914583e-001	-3.24608542e+000	7.34166670e+003	0.00000000e+000	5.7440e+015	1.0000e-010	0.0000e+000
9.800000e+002	1.54648750e-001	-3.24535125e+000	7.23479218e+003	0.00000000e+000	5.6092e+015	1.0000e-010	0.0000e+000
9.900000e+002	1.55372229e-001	-3.24462777e+000	7.13033620e+003	0.00000000e+000	5.4823e+015	1.0000e-010	0.0000e+000
1.000000e+003	1.56085262e-001	-3.24391474e+000	7.02837956e+003	0.00000000e+000	5.3510e+015	1.0000e-010	0.0000e+000	-1.2858e-001	3.4712e-003	5.1283e-002	7.7413e-002	9.5105e-002	1.0841e-001	1.1905e-001	1.2790e-001	1.3547e-001	1.4208e-001	1.4799e-001	1.5370e-001
1.010000e+003	1.56788100e-001	-3.24321190e+000	6.92904391e+003	0.00000000e+000	5.2146e+015	1.0000e-010	0.0000e+000
1.020000e+003	1.57481005e-001	-3.24251900e+000	6.83233536e+003	0.00000000e+000	5.0767e+015	1.0000e-010	0.0000e+000
1.030000e+003	1.58164238e-001	-3.24183576e+000	6.73814922e+003	0.00000000e+000	4.9443e+015	1.0000e-010	0.0000e+000
1.040000e+003	1.58838053e-001	-3.24116195e+000	6.64638625e+003	0.00000000e+000	4.8171e+015	1.0000e-010	0.0000e+000
1.050000e+003	1.59502692e-001	-3.24049731e+000	6.55695239e+003	0.00000000e+000	4.6949e+015	1.0000e-010	0.0000e+000
1.060000e+003	1.60158387e-001	-3.23984161e+000	6.46975835e+003	0.00000000e+000	4.5773e+015	1.0000e-010	0.0000e+000
1.070000e+003	1.60805363e-001	-3.23919464e+000	6.38471937e+003	0.00000000e+000	4.4642e+015	1.0000e-010	0.0000e+000
1.080000e+003	1.61443835e-001	-3.23855617e+000	6.30175489e+003	0.00000000e+000	4.3553e+015	1.0000e-010	0.0000e+000
1.090000e+003	1.62074010e-001	-3.23792599e+000	6.22078832e+003	0.00000000e+000	4.2504e+015	1.0000e-010	0.0000e+000
1.100000e+003	1.62696089e-001	-3.23730391e+000	6.14174681e+003	0.00000000e+000	4.1493e+015	1.0000e-010	0.0000e+000
1.110000e+003	1.63310264e-001	-3.23668974e+000	6.06456098e+003	0.00000000e+000	4.0519e+015	1.0000e-010	0.0000e+000
1.120000e+003	1.63916720e-001	-3.23608328e+000	5.98916476e+003	0.00000000e+000	3.9580e+015	1.0000e-010	0.0000e+000
1.130000e+003	1.64515636e-001	-3.23548436e+000	5.91549518e+003	0.00000000e+000	3.8673e+015	1.0000e-010	0.0000e+000
1.140000e+003	1.65107186e-001	-3.23489281e+000	5.84349218e+003	0.00000000e+000	3.7799e+015	1.0000e-010	0.0000e+000
1.150000e+003	1.65691535e-001	-3.23430846e+000	5.77309846e+003	0.00000000e+000	3.6954e+015	1.0000e-010	0.0000e+000
1.160000e+003	1.66268845e-001	-3.23373115e+000	5.70425930e+003	0.00000000e+000	3.6138e+015	1.0000e-010	0.0000e+000
1.170000e+003	1.66839271e-001	-3.23316073e+000	5.63692244e+003	0.00000000e+000	3.5349e+015	1.0000e-010	0.0000e+000
1.180000e+003	1.67402963e-001	-3.23259704e+000	5.57103794e+003	0.00000000e+000	3.4587e+015	1.0000e-010	0.0000e+000
1.190000e+003	1.67960067e-001	-3.23203993e+000	5.50655806e+003	0.00000000e+000	3.3849e+015	1.0000e-010	0.0000e+000
1.200000e+003	1.68510723e-001	-3.23148928e+000	5.44343708e+003	0.00000000e+000	3.3136e+015	1.0000e-010	0.0000e+000
1.210000e+003	1.69055067e-001	-3.23094493e+000	5.38163130e+003	0.00000000e+000	3.2446e+015	1.0000e-010	0.0000e+000
1.220000e+003	1.69593230e-001	-3.23040677e+000	5.32109884e+003	0.00000000e+000	3.1777e+015	1.0000e-010	0.0000e+000
1.230000e+003	1.70125340e-001	-3.22987466e+000	5.26179958e+003	0.00000000e+000	3.1130e+015	1.0000e-010	0.0000e+000
1.240000e+003	1.70651520e-001	-3.22934848e+000	5.20369507e+003	0.00000000e+000	3.0503e+015	1.0000e-010	0.0000e+000
1.250000e+003	1.71171889e-001	-3.22882811e+000	5.14674844e+003	0.00000000e+000	2.9895e+015	1.0000e-010	0.0000e+000
1.260000e+003	1.71686564e-001	-3.22831344e+000	5.09092432e+003	0.00000000e+000	2.9306e+015	1.0000e-010	0.0000e+000
1.270000e+003	1.72195656e-001	-3.22780434e+000	5.03618877e+003	0.00000000e+000	2.8734e+015	1.0000e-010	0.0000e+000
1.280000e+003	1.72699275e-001	-3.22730072e+000	4.98250919e+003	0.00000000e+000	2.8180e+015	1.0000e-010	0.0000e+000
1.290000e+003	1.73197526e-001	-3.22680247e+000	4.92985429e+003	0.00000000e+000	2.7642e+015	1.0000e-010	0.0000e+000
1.300000e+003	1.73690512e-001	-3.22630949e+000	4.87819398e+003	0.00000000e+000	2.7120e+015	1.0000e-010	0.0000e+000
1.310000e+003	1.74178331e-001	-3.22582167e+000	4.82749934e+003	0.00000000e+000	2.6613e+015	1.0000e-010	0.0000e+000
1.320000e+003	1.74661081e-001	-3.22533892e+000	4.77774258e+003	0.00000000e+000	2.6121e+015	1.0000e-010	0.0000e+000
1.330000e+003	1.75138855e-001	-3.22486114e+000	4.72889693e+003	0.00000000e+000	2.5642e+015	1.0000e-010	0.0000e+000
1.340000e+003	1.75611745e-001	-3.22438826e+000	4.68093665e+003	0.00000000e+000	2.5178e+015	1.0000e-010	0.0000e+000
1.350000e+003	1.76079838e-001	-3.22392016e+000	4.63383695e+003	0.00000000e+000	2.4726e+015	1.0000e-010	0.0000e+000
1.360000e+003	1.76543222e-001	-3.22345678e+000	4.58757398e+003	0.00000000e+000	2.4287e+015	1.0000e-010	0.0000e+000
1.370000e+003	1.77001980e-001	-3.22299802e+000	4.54212472e+003	0.00000000e+000	2.3859e+015	1.0000e-010	0.0000e+000
1.380000e+003	1.77456192e-001	-3.22254381e+000	4.49746702e+003	0.00000000e+000	2.3444e+015	1.0000e-010	0.0000e+000
1.390000e+003	1.77905939e-001	-3.22209406e+000	4.45357951e+003	0.00000000e+000	2.3040e+015	1.0000e-010	0.0000e+000
1.400000e+003	1.78351297e-001	-3.22164870e+000	4.41044159e+003	0.00000000e+000	2.2646e+015	1.0000e-010	0.0000e+000
1.410000e+003	1.78792341e-001	-3.22120766e+000	4.36803337e+003	0.00000000e+000	2.2263e+015	1.0000e-010	0.0000e+000
1.420000e+003	1.79229144e-001	-3.22077086e+000	4.32633567e+003	0.00000000e+000	2.1890e+015	1.0000e-010	0.0000e+000
1.430000e+003	1.79661778e-001	-3.22033822e+000	4.28532998e+003	0.00000000e+000	2.1527e+015	1.0000e-010	0.0000e+000
1.440000e+003	1.80090311e-001	-3.21990969e+000	4.24499842e+003	0.00000000e+000	2.1173e+015	1.0000e-010	0.0000e+000
1.450000e+003	1.80514811e-001	-3.21948519e+000	4.20532371e+003	0.00000000e+000	2.0828e+015	1.0000e-010	0.0000e+000
1.460000e+003	1.80935343e-001	-3.21906466e+000	4.16628916e+003	0.00000000e+000	2.0492e+015	1.0000e-010	0.0000e+000
1.470000e+003	1.81351972e-001	-3.21864803e+000	4.12787865e+003	0.00000000e+000	2.0164e+015	1.0000e-010	0.0000e+000
1.480000e+003	1.81764760e-001	-3.21823524e+000	4.09007658e+003	0.00000000e+000	1.9845e+015	1.0000e-010	0.0000e+000
1.490000e+003	1.82173767e-001	-3.21782623e+000	4.05286787e+003	0.00000000e+000	1.9533e+015	1.0000e-010	0.0000e+000
1.500000e+003	1.82579054e-001	-3.21742095e+000	4.01623795e+003	0.00000000e+000	1.9230e+015	1.0000e-010	0.0000e+000
1.510000e+003	1.82980678e-001	-3.21701932e+000	3.98017269e+003	0.00000000e+000	1.8933e+015	1.0000e-010	0.0000e+000
1.520000e+003	1.83378695e-001	-3.21662130e+000	3.94465844e+003	0.00000000e+000	1.8644e+015	1.0000e-010	0.0000e+000
1.530000e+003	1.83773161e-001	-3.21622684e+000	3.90968198e+003	0.00000000e+000	1.8362e+015	1.0000e-010	0.0000e+000
1.540000e+003	1.84164129e-001	-3.21583587e+000	3.87523050e+003	0.00000000e+000	1.8086e+015	1.0000e-010	0.0000e+000
1.550000e+003	1.84551652e-001	-3.21544835e+000	3.84129159e+003	0.00000000e+000	1.7817e+015	1.0000e-010	0.0000e+000
1.560000e+003	1.84935782e-001	-3.21506422e+000	3.80785325e+003	0.00000000e+000	1.7554e+015	1.0000e-010	0.0000e+000
1.570000e+003	1.85316567e-001	-3.21468343e+000	3.77490383e+003	0.00000000e+000	1.7298e+015	1.0000e-010	0.0000e+000
1.580000e+003	1.85694057e-001	-3.21430594e+000	3.74243204e+003	0.00000000e+000	1.7047e+015	1.0000e-010	0.0000e+000
1.590000e+003	1.86068300e-001	-3.21393170e+000	3.71042693e+003	0.00000000e+000	1.6802e+015	1.0000e-010	0.0000e+000
1.600000e+003	1.86439343e-001	-3.21356066e+000	3.67887791e+003	0.00000000e+000	1.6562e+015	1.0000e-010	0.0000e+000
1.610000e+003	1.86807231e-001	-3.21319277e+000	3.64777466e+003	0.00000000e+000	1.6328e+015	1.0000e-010	0.0000e+000
1.620000e+003	1.87172008e-001	-3.21282799e+000	3.61710720e+003	0.00000000e+000	1.6100e+015	1.0000e-010	0.0000e+000
1.630000e+003	1.87533719e-001	-3.21246628e+000	3.58686584e+003	0.00000000e+000	1.5876e+015	1.0000e-010	0.0000e+000
1.640000e+003	1.87892406e-001	-3.21210759e+000	3.55704118e+003	0.00000000e+000	1.5657e+015	1.0000e-010	0.0000e+000
1.650000e+003	1.88248110e-001	-3.21175189e+000	3.52762406e+003	0.00000000e+000	1.5443e+015	1.0000e-010	0.0000e+000
1.660000e+003	1.88600872e-001	-3.21139913e+000	3.49860564e+003	0.00000000e+000	1.5234e+015	1.0000e-010	0.0000e+000
1.670000e+003	1.88950733e-001	-3.21104927e+000	3.46997728e+003	0.00000000e+000	1.5029e+015	1.0000e-010	0.0000e+000
1.680000e+003	1.89297731e-001	-3.21070227e+000	3.44173061e+003	0.00000000e+000	1.4829e+015	1.0000e-010	0.0000e+000
1.690000e+003	1.89641904e-001	-3.21035810e+000	3.41385751e+003	0.00000000e+000	1.4633e+015	1.0000e-010	0.0000e+000
1.700000e+003	1.89983289e-001	-3.21001671e+000	3.38635006e+003	0.00000000e+000	1.4441e+015	1.0000e-010	0.0000e+000
1.710000e+003	1.90321924e-001	-3.20967808e+000	3.35920058e+003	0.00000000e+000	1.4253e+015	1.0000e-010	0.0000e+000
1.720000e+003	1.90657844e-001	-3.20934216e+000	3.33240160e+003	0.00000000e+000	1.4069e+015	1.0000e-010	0.0000e+000
1.730000e+003	1.90991085e-001	-3.20900892e+000	3.30594585e+003	0.00000000e+000	1.3889e+015	1.0000e-010	0.0000e+000
1.740000e+003	1.91321679e-001	-3.20867832e+000	3.27982626e+003	0.00000000e+000	1.3712e+015	1.0000e-010	0.0000e+000
1.750000e+003	1.91649662e-001	-3.20835034e+000	3.25403596e+003	0.00000000e+000	1.3539e+015	1.0000e-010	0.0000e+000
1.760000e+003	1.91975065e-001	-3.20802493e+000	3.22856825e+003	0.00000000e+000	1.3370e+015	1.0000e-010	0.0000e+000
1.770000e+003	1.92297922e-001	-3.20770208e+000	3.20341662e+003	0.00000000e+000	1.3204e+015	1.0000e-010	0.0000e+000
1.780000e+003	1.92618264e-001	-3.20738174e+000	3.17857473e+003	0.00000000e+000	1.3041e+015	1.0000e-010	0.0000e+000
1.790000e+003	1.92936121e-001	-3.20706388e+000	3.15403640e+003	0.00000000e+000	1.2882e+015	1.0000e-010	0.0000e+000
1.800000e+003	1.93251525e-001	-3.20674848e+000	3.12979564e+003	0.00000000e+000	1.2726e+015	1.0000e-010	0.0000e+000
1.810000e+003	1.93564505e-001	-3.20643550e+000	3.10584658e+003	0.00000000e+000	1.2573e+015	1.0000e-010	0.0000e+000
1.820000e+003	1.93875089e-001	-3.20612491e+000	3.08218352e+003	0.00000000e+000	1.2423e+015	1.0000e-010	0.0000e+000
1.830000e+003	1.94183308e-001	-3.20581669e+000	3.05880090e+003	0.00000000e+000	1.2275e+015	1.0000e-010	0.0000e+000
1.840000e+003	1.94489188e-001	-3.20551081e+000	3.03569332e+003	0.00000000e+000	1.2131e+015	1.0000e-010	0.0000e+000
1.850000e+003	1.94792757e-001	-3.20520724e+000	3.01285549e+003	0.00000000e+000	1.1989e+015	1.0000e-010	0.0000e+000
1.860000e+003	1.95094042e-001	-3.20490596e+000	2.99028228e+003	0.00000000e+000	1.1850e+015	1.0000e-010	0.0000e+000
1.870000e+003	1.95393071e-001	-3.20460693e+000	2.96796866e+003	0.00000000e+000	1.1714e+015	1.0000e-010	0.0000e+000
1.880000e+003	1.95689868e-001	-3.20431013e+000	2.94590976e+003	0.00000000e+000	1.1580e+015	1.0000e-010	0.0000e+000
1.890000e+003	1.95984459e-001	-3.20401554e+000	2.92410079e+003	0.00000000e+000	1.1449e+015	1.0000e-010	0.0000e+000
1.900000e+003	1.96276869e-001	-3.20372313e+000	2.90253712e+003	0.00000000e+000	1.1320e+015	1.0000e-010	0.0000e+000
1.910000e+003	1.96567122e-001	-3.20343288e+000	2.88121420e+003	0.00000000e+000	1.1194e+015	1.0000e-010	0.0000e+000
1.920000e+003	1.96855244e-001	-3.20314476e+000	2.86012760e+003	0.00000000e+000	1.1070e+015	1.0000e-010	0.0000e+000
1.930000e+003	1.97141257e-001	-3.20285874e+000	2.83927301e+003	0.00000000e+000	1.0948e+015	1.0000e-010	0.0000e+000
1.940000e+003	1.97425184e-001	-3.20257482e+000	2.81864621e+003	0.00000000e+000	1.0829e+015	1.0000e-010	0.0000e+000
1.950000e+003	1.97707048e-001	-3.20229295e+000	2.79824308e+003	0.00000000e+000	1.0711e+015	1.0000e-010	0.0000e+000
1.960000e+003	1.97986873e-001	-3.20201313e+000	2.77805960e+003	0.00000000e+000	1.0596e+015	1.0000e-010	0.0000e+000
1.970000e+003	1.98264679e-001	-3.20173532e+000	2.75809185e+003	0.00000000e+000	1.0483e+015	1.0000e-010	0.0000e+000
1.980000e+003	1.98540488e-001	-3.20145951e+000	2.73833601e+003	0.00000000e+000	1.0371e+015	1.0000e-010	0.0000e+000
1.990000e+003	1.98814322e-001	-3.20118568e+000	2.71878832e+003	0.00000000e+000	1.0262e+015	1.0000e-010	0.0000e+000
2.000000e+003	1.99086200e-001	-3.20091380e+000	2.69944513e+003	0.00000000e+000	1.0155e+015	1.0000e-010	0.0000e+000
2.010000e+003	1.99356145e-001	-3.20064386e+000	2.68030287e+003	0.00000000e+000	1.0049e+015	1.0000e-010	0.0000e+000
2.020000e+003	1.99624175e-001	-3.20037582e+000	2.66135805e+003	0.00000000e+000	9.9457e+014	1.0000e-010	0.0000e+000
2.030000e+003	1.99890311e-001	-3.20010969e+000	2.64260726e+003	0.00000000e+000	9.8438e+014	1.0000e-010	0.0000e+000
2.040000e+003	2.00154572e-001	-3.19984543e+000	2.62404717e+003	0.00000000e+000	9.7437e+014	1.0000e-010	0.0000e+000
2.050000e+003	2.00416976e-001	-3.19958302e+000	2.60567451e+003	0.00000000e+000	9.6453e+014	1.0000e-010	0.0000e+000
2.060000e+003	2.00677544e-001	-3.19932246e+000	2.58748610e+003	0.00000000e+000	9.5486e+014	1.0000e-010	0.0000e+000
2.070000e+003	2.00936292e-001	-3.19906371e+000	2.56947883e+003	0.00000000e+000	9.4535e+014	1.0000e-010	0.0000e+000
2.080000e+003	2.01193240e-001	-3.19880676e+000	2.55164965e+003	0.00000000e+000	9.3600e+014	1.0000e-010	0.0000e+000
2.090000e+003	2.01448405e-001	-3.19855159e+000	2.53399559e+003	0.00000000e+000	9.2681e+014	1.0000e-010	0.0000e+000
2.100000e+003	2.01701805e-001	-3.19829820e+000	2.51651372e+003	0.00000000e+000	9.1777e+014	1.0000e-010	0.0000e+000
2.110000e+003	2.01953456e-001	-3.19804654e+000	2.49920120e+003	0.00000000e+000	9.0888e+014	1.0000e-010	0.0000e+000
2.120000e+003	2.02203376e-001	-3.19779662e+000	2.48205524e+003	0.00000000e+000	9.0013e+014	1.0000e-010	0.0000e+000
2.130000e+003	2.02451582e-001	-3.19754842e+000	2.46507311e+003	0.00000000e+000	8.9153e+014	1.0000e-010	0.0000e+000
2.140000e+003	2.02698089e-001	-3.19730191e+000	2.44825214e+003	0.00000000e+000	8.8307e+014	1.0000e-010	0.0000e+000
2.150000e+003	2.02942914e-001	-3.19705709e+000	2.43158972e+003	0.00000000e+000	8.7475e+014	1.0000e-010	0.0000e+000
2.160000e+003	2.03186073e-001	-3.19681393e+000	2.41508329e+003	0.00000000e+000	8.6656e+014	1.0000e-010	0.0000e+000
2.170000e+003	2.03427582e-001	-3.19657242e+000	2.39873034e+003	0.00000000e+000	8.5850e+014	1.0000e-010	0.0000e+000
2.180000e+003	2.03667455e-001	-3.19633255e+000	2.38252843e+003	0.00000000e+000	8.5057e+014	1.0000e-010	0.0000e+000
2.190000e+003	2.03905708e-001	-3.19609429e+000	2.36647515e+003	0.00000000e+000	8.4277e+014	1.0000e-010	0.0000e+000
2.200000e+003	2.04142355e-001	-3.19585764e+000	2.35056814e+003	0.00000000e+000	8.3509e+014	1.0000e-010	0.0000e+000
2.210000e+003	2.04377412e-001	-3.19562259e+000	2.33480512e+003	0.00000000e+000	8.2753e+014	1.0000e-010	0.0000e+000
2.220000e+003	2.04610892e-001	-3.19538911e+000	2.31918381e+003	0.00000000e+000	8.2009e+014	1.0000e-010	0.0000e+000
2.230000e+003	2.04842811e-001	-3.19515719e+000	2.30370202e+003	0.00000000e+000	8.1277e+014	1.0000e-010	0.0000e+000
2.240000e+003	2.05073181e-001	-3.19492682e+000	2.28835758e+003	0.00000000e+000	8.0556e+014	1.0000e-010	0.0000e+000
2.250000e+003	2.05302017e-001	-3.19469798e+000	2.27314836e+003	0.00000000e+000	7.9846e+014	1.0000e-010	0.0000e+000
2.260000e+003	2.05529332e-001	-3.19447067e+000	2.25807229e+003	0.00000000e+000	7.9147e+014	1.0000e-010	0.0000e+000
2.270000e+003	2.05755139e-001	-3.19424486e+000	2.24312733e+003	0.00000000e+000	7.8459e+014	1.0000e-010	0.0000e+000
2.280000e+003	2.05979452e-001	-3.19402055e+000	2.22831148e+003	0.00000000e+000	7.7781e+014	1.0000e-010	0.0000e+000
2.290000e+003	2.06202283e-001	-3.19379772e+000	2.21362279e+003	0.00000000e+000	7.7113e+014	1.0000e-010	0.0000e+000
2.300000e+003	2.06423645e-001	-3.19357636e+000	2.19905933e+003	0.00000000e+000	7.6456e+014	1.0000e-010	0.0000e+000
2.310000e+003	2.06643551e-001	-3.19335645e+000	2.18461924e+003	0.00000000e+000	7.5808e+014	1.0000e-010	0.0000e+000
2.320000e+003	2.06862013e-001	-3.19313799e+000	2.17030065e+003	0.00000000e+000	7.5170e+014	1.0000e-010	0.0000e+000
2.330000e+003	2.07079043e-001	-3.19292096e+000	2.15610177e+003	0.00000000e+000	7.4542e+014	1.0000e-010	0.0000e+000
2.340000e+003	2.07294653e-001	-3.19270535e+000	2.14202082e+003	0.00000000e+000	7.3923e+014	1.0000e-010	0.0000e+000
2.350000e+003	2.07508855e-001	-3.19249114e+000	2.12805605e+003	0.00000000e+000	7.3313e+014	1.0000e-010	0.0000e+000
2.360000e+003	2.07721661e-001	-3.19227834e+000	2.11420577e+003	0.00000000e+000	7.2712e+014	1.0000e-010	0.0000e+000
2.370000e+003	2.07933081e-001	-3.19206692e+000	2.10046829e+003	0.00000000e+000	7.2120e+014	1.0000e-010	0.0000e+000
2.380000e+003	2.08143128e-001	-3.19185687e+000	2.08684198e+003	0.00000000e+000	7.1536e+014	1.0000e-010	0.0000e+000
2.390000e+003	2.08351812e-001	-3.19164819e+000	2.07332522e+003	0.00000000e+000	7.0961e+014	1.0000e-010	0.0000e+000
2.400000e+003	2.08559145e-001	-3.19144086e+000	2.05991643e+003	0.00000000e+000	7.0394e+014	1.0000e-010	0.0000e+000
2.410000e+003	2.08765137e-001	-3.19123486e+000	2.04661406e+003	0.00000000e+000	6.9835e+014	1.0000e-010	0.0000e+000
2.420000e+003	2.08969798e-001	-3.19103020e+000	2.03341659e+003	0.00000000e+000	6.9285e+014	1.0000e-010	0.0000e+000
2.430000e+003	2.09173140e-001	-3.19082686e+000	2.02032251e+003	0.00000000e+000	6.8742e+014	1.0000e-010	0.0000e+000
2.440000e+003	2.09375172e-001	-3.19062483e+000	2.00733036e+003	0.00000000e+000	6.8207e+014	1.0000e-010	0.0000e+000
2.450000e+003	2.09575905e-001	-3.19042410e+000	1.99443871e+003	0.00000000e+000	6.7679e+014	1.0000e-010	0.0000e+000
2.460000e+003	2.09775349e-001	-3.19022465e+000	1.98164613e+003	0.00000000e+000	6.7159e+014	1.0000e-010	0.0000e+000
2.470000e+003	2.09973513e-001	-3.19002649e+000	1.96895123e+003	0.00000000e+000	6.6646e+014	1.0000e-010	0.0000e+000
2.480000e+003	2.10170408e-001	-3.18982959e+000	1.95635265e+003	0.00000000e+000	6.6141e+014	1.0000e-010	0.0000e+000
2.490000e+003	2.10366044e-001	-3.18963396e+000	1.94384906e+003	0.00000000e+000	6.5642e+014	1.0000e-010	0.0000e+000
2.500000e+003	2.10560429e-001	-3.18943957e+000	1.93143912e+003	0.00000000e+000	6.5150e+014	1.0000e-010	0.0000e+000
2.510000e+003	2.10753573e-001	-3.18924643e+000	1.91912156e+003	0.00000000e+000	6.4665e+014	1.0000e-010	0.0000e+000
2.520000e+003	2.10945485e-001	-3.18905452e+000	1.90689510e+003	0.00000000e+000	6.4187e+014	1.0000e-010	0.0000e+000
2.530000e+003	2.11136174e-001	-3.18886383e+000	1.89475849e+003	0.00000000e+000	6.3716e+014	1.0000e-010	0.0000e+000
2.540000e+003	2.11325650e-001	-3.18867435e+000	1.88271051e+003	0.00000000e+000	6.3250e+014	1.0000e-010	0.0000e+000
2.550000e+003	2.11513921e-001	-3.18848608e+000	1.87074995e+003	0.00000000e+000	6.2791e+014	1.0000e-010	0.0000e+000
2.560000e+003	2.11700996e-001	-3.18829900e+000	1.85887563e+003	0.00000000e+000	6.2339e+014	1.0000e-010	0.0000e+000
2.570000e+003	2.11886884e-001	-3.18811312e+000	1.84708639e+003	0.00000000e+000	6.1892e+014	1.0000e-010	0.0000e+000
2.580000e+003	2.12071592e-001	-3.18792841e+000	1.83538107e+003	0.00000000e+000	6.1451e+014	1.0000e-010	0.0000e+000
2.590000e+003	2.12255130e-001	-3.18774487e+000	1.82375857e+003	0.00000000e+000	6.1017e+014	1.0000e-010	0.0000e+000
2.600000e+003	2.12437506e-001	-3.18756249e+000	1.81221777e+003	0.00000000e+000	6.0588e+014	1.0000e-010	0.0000e+000
2.610000e+003	2.12618728e-001	-3.18738127e+000	1.80075759e+003	0.00000000e+000	6.0164e+014	1.0000e-010	0.0000e+000
2.620000e+003	2.12798804e-001	-3.18720120e+000	1.78937696e+003	0.00000000e+000	5.9747e+014	1.0000e-010	0.0000e+000
2.630000e+003	2.12977742e-001	-3.18702226e+000	1.77807483e+003	0.00000000e+000	5.9335e+014	1.0000e-010	0.0000e+000
2.640000e+003	2.13155549e-001	-3.18684445e+000	1.76685016e+003	0.00000000e+000	5.8928e+014	1.0000e-010	0.0000e+000
2.650000e+003	2.13332234e-001	-3.18666777e+000	1.75570195e+003	0.00000000e+000	5.8527e+014	1.0000e-010	0.0000e+000
2.660000e+003	2.13507804e-001	-3.18649220e+000	1.74462920e+003	0.00000000e+000	5.8131e+014	1.0000e-010	0.0000e+000
2.670000e+003	2.13682267e-001	-3.18631773e+000	1.73363092e+003	0.00000000e+000	5.7740e+014	1.0000e-010	0.0000e+000
2.680000e+003	2.13855630e-001	-3.18614437e+000	1.72270614e+003	0.00000000e+000	5.7354e+014	1.0000e-010	0.0000e+000
2.690000e+003	2.14027901e-001	-3.18597210e+000	1.71185393e+003	0.00000000e+000	5.6973e+014	1.0000e-010	0.0000e+000
2.700000e+003	2.14199086e-001	-3.18580091e+000	1.70107333e+003	0.00000000e+000	5.6597e+014	1.0000e-010	0.0000e+000
2.710000e+003	2.14369194e-001	-3.18563081e+000	1.69036344e+003	0.00000000e+000	5.6226e+014	1.0000e-010	0.0000e+000
2.720000e+003	2.14538230e-001	-3.18546177e+000	1.67972335e+003	0.00000000e+000	5.5859e+014	1.0000e-010	0.0000e+000
2.730000e+003	2.14706202e-001	-3.18529380e+000	1.66915217e+003	0.00000000e+000	5.5497e+014	1.0000e-010	0.0000e+000
2.740000e+003	2.14873117e-001	-3.18512688e+000	1.65864903e+003	0.00000000e+000	5.5140e+014	1.0000e-010	0.0000e+000
2.750000e+003	2.15038982e-001	-3.18496102e+000	1.64821305e+003	0.00000000e+000	5.4788e+014	1.0000e-010	0.0000e+000
2.760000e+003	2.15203804e-001	-3.18479620e+000	1.63784340e+003	0.00000000e+000	5.4439e+014	1.0000e-010	0.0000e+000
2.770000e+003	2.15367588e-001	-3.18463241e+000	1.62753924e+003	0.00000000e+000	5.4096e+014	1.0000e-010	0.0000e+000
2.780000e+003	2.15530342e-001	-3.18446966e+000	1.61729974e+003	0.00000000e+000	5.3756e+014	1.0000e-010	0.0000e+000
2.790000e+003	2.15692072e-001	-3.18430793e+000	1.60712411e+003	0.00000000e+000	5.3421e+014	1.0000e-010	0.0000e+000
2.800000e+003	2.15852784e-001	-3.18414722e+000	1.59701153e+003	0.00000000e+000	5.3090e+014	1.0000e-010	0.0000e+000
2.810000e+003	2.16012485e-001	-3.18398751e+000	1.58696124e+003	0.00000000e+000	5.2763e+014	1.0000e-010	0.0000e+000
2.820000e+003	2.16171182e-001	-3.18382882e+000	1.57697245e+003	0.00000000e+000	5.2440e+014	1.0000e-010	0.0000e+000
2.830000e+003	2.16328879e-001	-3.18367112e+000	1.56704440e+003	0.00000000e+000	5.2121e+014	1.0000e-010	0.0000e+000
2.840000e+003	2.16485583e-001	-3.18351442e+000	1.55717636e+003	0.00000000e+000	5.1806e+014	1.0000e-010	0.0000e+000
2.850000e+003	2.16641301e-001	-3.18335870e+000	1.54736757e+003	0.00000000e+000	5.1495e+014	1.0000e-010	0.0000e+000
2.860000e+003	2.16796038e-001	-3.18320396e+000	1.53761732e+003	0.00000000e+000	5.1188e+014	1.0000e-010	0.0000e+000
2.870000e+003	2.16949799e-001	-3.18305020e+000	1.52792489e+003	0.00000000e+000	5.0884e+014	1.0000e-010	0.0000e+000
2.880000e+003	2.17102592e-001	-3.18289741e+000	1.51828957e+003	0.00000000e+000	5.0584e+014	1.0000e-010	0.0000e+000
2.890000e+003	2.17254421e-001	-3.18274558e+000	1.50871068e+003	0.00000000e+000	5.0288e+014	1.0000e-010	0.0000e+000
2.900000e+003	2.17405292e-001	-3.18259471e+000	1.49918753e+003	0.00000000e+000	4.9995e+014	1.0000e-010	0.0000e+000
2.910000e+003	2.17555211e-001	-3.18244479e+000	1.48971944e+003	0.00000000e+000	4.9706e+014	1.0000e-010	0.0000e+000
2.920000e+003	2.17704183e-001	-3.18229582e+000	1.48030576e+003	0.00000000e+000	4.9421e+014	1.0000e-010	0.0000e+000
2.930000e+003	2.17852213e-001	-3.18214779e+000	1.47094582e+003	0.00000000e+000	4.9139e+014	1.0000e-010	0.0000e+000
2.940000e+003	2.17999308e-001	-3.18200069e+000	1.46163900e+003	0.00000000e+000	4.8860e+014	1.0000e-010	0.0000e+000
2.950000e+003	2.18145472e-001	-3.18185453e+000	1.45238464e+003	0.00000000e+000	4.8584e+014	1.0000e-010	0.0000e+000
2.960000e+003	2.18290710e-001	-3.18170929e+000	1.44318213e+003	0.00000000e+000	4.8312e+014	1.0000e-010	0.0000e+000
2.970000e+003	2.18435028e-001	-3.18156497e+000	1.43403085e+003	0.00000000e+000	4.8043e+014	1.0000e-010	0.0000e+000
2.980000e+003	2.18578431e-001	-3.18142157e+000	1.42493019e+003	0.00000000e+000	4.7777e+014	1.0000e-010	0.0000e+000
2.990000e+003	2.18720924e-001	-3.18127908e+000	1.41587955e+003	0.00000000e+000	4.7515e+014	1.0000e-010	0.0000e+000
3.000000e+003	2.18862512e-001	-3.18113749e+000	1.40687835e+003	0.00000000e+000	4.7255e+014	1.0000e-010	0.0000e+000
3.010000e+003	2.19003200e-001	-3.18099680e+000	1.39792600e+003	0.00000000e+000	4.6999e+014	1.0000e-010	0.0000e+000
3.020000e+003	2.19142993e-001	-3.18085701e+000	1.38902193e+003	0.00000000e+000	4.6745e+014	1.0000e-010	0.0000e+000
3.030000e+003	2.19281895e-001	-3.18071810e+000	1.38016557e+003	0.00000000e+000	4.6495e+014	1.0000e-010	0.0000e+000
3.040000e+003	2.19419912e-001	-3.18058009e+000	1.37135636e+003	0.00000000e+000	4.6247e+014	1.0000e-010	0.0000e+000
3.050000e+003	2.19557047e-001	-3.18044295e+000	1.36259377e+003	0.00000000e+000	4.6003e+014	1.0000e-010	0.0000e+000
3.060000e+003	2.19693307e-001	-3.18030669e+000	1.35387723e+003	0.00000000e+000	4.5761e+014	1.0000e-010	0.0000e+000
3.070000e+003	2.19828694e-001	-3.18017131e+000	1.34520623e+003	0.00000000e+000	4.5522e+014	1.0000e-010	0.0000e+000
3.080000e+003	2.19963215e-001	-3.18003679e+000	1.33658023e+003	0.00000000e+000	4.5286e+014	1.0000e-010	0.0000e+000
3.090000e+003	2.20096873e-001	-3.17990313e+000	1.32799871e+003	0.00000000e+000	4.5052e+014	1.0000e-010	0.0000e+000
3.100000e+003	2.20229673e-001	-3.17977033e+000	1.31946116e+003	0.00000000e+000	4.4821e+014	1.0000e-010	0.0000e+000
3.110000e+003	2.20361619e-001	-3.17963838e+000	1.31096708e+003	0.00000000e+000	4.4593e+014	1.0000e-010	0.0000e+000
3.120000e+003	2.20492716e-001	-3.17950728e+000	1.30251596e+003	0.00000000e+000	4.4368e+014	1.0000e-010	0.0000e+000
3.130000e+003	2.20622967e-001	-3.17937703e+000	1.29410731e+003	0.00000000e+000	4.4145e+014	1.0000e-010	0.0000e+000
3.140000e+003	2.20752378e-001	-3.17924762e+000	1.28574065e+003	0.00000000e+000	4.3924e+014	1.0000e-010	0.0000e+000
3.150000e+003	2.20880952e-001	-3.17911905e+000	1.27741549e+003	0.00000000e+000	4.3706e+014	1.0000e-010	0.0000e+000
3.160000e+003	2.21008694e-001	-3.17899131e+000	1.26913138e+003	0.00000000e+000	4.3491e+014	1.0000e-010	0.0000e+000
3.170000e+003	2.21135607e-001	-3.17886439e+000	1.26088783e+003	0.00000000e+000	4.3278e+014	1.0000e-010	0.0000e+000
3.180000e+003	2.21261696e-001	-3.17873830e+000	1.25268439e+003	0.00000000e+000	4.3067e+014	1.0000e-010	0.0000e+000
3.190000e+003	2.21386964e-001	-3.17861304e+000	1.24452060e+003	0.00000000e+000	4.2859e+014	1.0000e-010	0.0000e+000
3.200000e+003	2.21511416e-001	-3.17848858e+000	1.23639602e+003	0.00000000e+000	4.2653e+014	1.0000e-010	0.0000e+000
3.210000e+003	2.21635056e-001	-3.17836494e+000	1.22831021e+003	0.00000000e+000	4.2450e+014	1.0000e-010	0.0000e+000
3.220000e+003	2.21757887e-001	-3.17824211e+000	1.22026272e+003	0.00000000e+000	4.2249e+014	1.0000e-010	0.0000e+000
3.230000e+003	2.21879913e-001	-3.17812009e+000	1.21225313e+003	0.00000000e+000	4.2050e+014	1.0000e-010	0.0000e+000
3.240000e+003	2.22001138e-001	-3.17799886e+000	1.20428101e+003	0.00000000e+000	4.1853e+014	1.0000e-010	0.0000e+000
3.250000e+003	2.22121566e-001	-3.17787843e+000	1.19634594e+003	0.00000000e+000	4.1658e+014	1.0000e-010	0.0000e+000
3.260000e+003	2.22241201e-001	-3.17775880e+000	1.18844750e+003	0.00000000e+000	4.1466e+014	1.0000e-010	0.0000e+000
3.270000e+003	2.22360046e-001	-3.17763995e+000	1.18058529e+003	0.00000000e+000	4.1276e+014	1.0000e-010	0.0000e+000
3.280000e+003	2.22478104e-001	-3.17752190e+000	1.17275891e+003	0.00000000e+000	4.1088e+014	1.0000e-010	0.0000e+000
3.290000e+003	2.22595380e-001	-3.17740462e+000	1.16496795e+003	0.00000000e+000	4.0902e+014	1.0000e-010	0.0000e+000
3.300000e+003	2.22711877e-001	-3.17728812e+000	1.15721201e+003	0.00000000e+000	4.0718e+014	1.0000e-010	0.0000e+000
3.310000e+003	2.22827598e-001	-3.17717240e+000	1.14949072e+003	0.00000000e+000	4.0536e+014	1.0000e-010	0.0000e+000
3.320000e+003	2.22942547e-001	-3.17705745e+000	1.14180369e+003	0.00000000e+000	4.0356e+014	1.0000e-010	0.0000e+000
3.330000e+003	2.23056728e-001	-3.17694327e+000	1.13415053e+003	0.00000000e+000	4.0178e+014	1.0000e-010	0.0000e+000
3.340000e+003	2.23170143e-001	-3.17682986e+000	1.12653087e+003	0.00000000e+000	4.0002e+014	1.0000e-010	0.0000e+000
3.350000e+003	2.23282796e-001	-3.17671720e+000	1.11894434e+003	0.00000000e+000	3.9829e+014	1.0000e-010	0.0000e+000
3.360000e+003	2.23394690e-001	-3.17660531e+000	1.11139058e+003	0.00000000e+000	3.9657e+014	1.0000e-010	0.0000e+000
3.370000e+003	2.23505829e-001	-3.17649417e+000	1.10386922e+003	0.00000000e+000	3.9486e+014	1.0000e-010	0.0000e+000
3.380000e+003	2.23616216e-001	-3.17638378e+000	1.09637991e+003	0.00000000e+000	3.9318e+014	1.0000e-010	0.0000e+000
3.390000e+003	2.23725854e-001	-3.17627415e+000	1.08892230e+003	0.00000000e+000	3.9152e+014	1.0000e-010	0.0000e+000
3.400000e+003	2.23834746e-001	-3.17616525e+000	1.08149603e+003	0.00000000e+000	3.8987e+014	1.0000e-010	0.0000e+000
3.410000e+003	2.23942896e-001	-3.17605710e+000	1.07410076e+003	0.00000000e+000	3.8824e+014	1.0000e-010	0.0000e+000
3.420000e+003	2.24050306e-001	-3.17594969e+000	1.06673616e+003	0.00000000e+000	3.8664e+014	1.0000e-010	0.0000e+000
3.430000e+003	2.24156980e-001	-3.17584302e+000	1.05940188e+003	0.00000000e+000	3.8504e+014	1.0000e-010	0.0000e+000
3.440000e+003	2.24262920e-001	-3.17573708e+000	1.05209760e+003	0.00000000e+000	3.8347e+014	1.0000e-010	0.0000e+000
3.450000e+003	2.24368130e-001	-3.17563187e+000	1.04482298e+003	0.00000000e+000	3.8191e+014	1.0000e-010	0.0000e+000
3.460000e+003	2.24472612e-001	-3.17552739e+000	1.03757771e+003	0.00000000e+000	3.8037e+014	1.0000e-010	0.0000e+000
3.470000e+003	2.24576370e-001	-3.17542363e+000	1.03036145e+003	0.00000000e+000	3.7885e+014	1.0000e-010	0.0000e+000
3.480000e+003	2.24679406e-001	-3.17532059e+000	1.02317390e+003	0.00000000e+000	3.7734e+014	1.0000e-010	0.0000e+000
3.490000e+003	2.24781723e-001	-3.17521828e+000	1.01601474e+003	0.00000000e+000	3.7585e+014	1.0000e-010	0.0000e+000
3.500000e+003	2.24883325e-001	-3.17511668e+000	1.00888366e+003	0.00000000e+000	3.7438e+014	1.0000e-010	0.0000e+000
3.510000e+003	2.24984213e-001	-3.17501579e+000	1.00178035e+003	0.00000000e+000	3.7292e+014	1.0000e-010	0.0000e+000
3.520000e+003	2.25084391e-001	-3.17491561e+000	9.94704521e+002	0.00000000e+000	3.7148e+014	1.0000e-010	0.0000e+000
3.530000e+003	2.25183862e-001	-3.17481614e+000	9.87655863e+002	0.00000000e+000	3.7005e+014	1.0000e-010	0.0000e+000
3.540000e+003	2.25282627e-001	-3.17471737e+000	9.80634081e+002	0.00000000e+000	3.6864e+014	1.0000e-010	0.0000e+000
3.550000e+003	2.25380691e-001	-3.17461931e+000	9.73638885e+002	0.00000000e+000	3.6724e+014	1.0000e-010	0.0000e+000
3.560000e+003	2.25478054e-001	-3.17452195e+000	9.66669985e+002	0.00000000e+000	3.6586e+014	1.0000e-010	0.0000e+000
3.570000e+003	2.25574721e-001	-3.17442528e+000	9.59727094e+002	0.00000000e+000	3.6450e+014	1.0000e-010	0.0000e+000
3.580000e+003	2.25670694e-001	-3.17432931e+000	9.52809930e+002	0.00000000e+000	3.6315e+014	1.0000e-010	0.0000e+000
3.590000e+003	2.25765975e-001	-3.17423402e+000	9.45918214e+002	0.00000000e+000	3.6181e+014	1.0000e-010	0.0000e+000
3.600000e+003	2.25860567e-001	-3.17413943e+000	9.39051668e+002	0.00000000e+000	3.6049e+014	1.0000e-010	0.0000e+000
3.610000e+003	2.25954472e-001	-3.17404553e+000	9.32210019e+002	0.00000000e+000	3.5918e+014	1.0000e-010	0.0000e+000
3.620000e+003	2.26047693e-001	-3.17395231e+000	9.25392996e+002	0.00000000e+000	3.5789e+014	1.0000e-010	0.0000e+000
3.630000e+003	2.26140232e-001	-3.17385977e+000	9.18600332e+002	0.00000000e+000	3.5661e+014	1.0000e-010	0.0000e+000
3.640000e+003	2.26232092e-001	-3.17376791e+000	9.11831761e+002	0.00000000e+000	3.5534e+014	1.0000e-010	0.0000e+000
3.650000e+003	2.26323276e-001	-3.17367672e+000	9.05087022e+002	0.00000000e+000	3.5409e+014	1.0000e-010	0.0000e+000
3.660000e+003	2.26413784e-001	-3.17358622e+000	8.98365855e+002	0.00000000e+000	3.5286e+014	1.0000e-010	0.0000e+000
3.670000e+003	2.26503621e-001	-3.17349638e+000	8.91668004e+002	0.00000000e+000	3.5163e+014	1.0000e-010	0.0000e+000
3.680000e+003	2.26592788e-001	-3.17340721e+000	8.84993214e+002	0.00000000e+000	3.5042e+014	1.0000e-010	0.0000e+000
3.690000e+003	2.26681287e-001	-3.17331871e+000	8.78341236e+002	0.00000000e+000	3.4922e+014	1.0000e-010	0.0000e+000
3.700000e+003	2.26769121e-001	-3.17323088e+000	8.71711820e+002	0.00000000e+000	3.4804e+014	1.0000e-010	0.0000e+000
3.710000e+003	2.26856292e-001	-3.17314371e+000	8.65104720e+002	0.00000000e+000	3.4687e+014	1.0000e-010	0.0000e+000
3.720000e+003	2.26942803e-001	-3.17305720e+000	8.58519693e+002	0.00000000e+000	3.4571e+014	1.0000e-010	0.0000e+000
3.730000e+003	2.27028655e-001	-3.17297135e+000	8.51956498e+002	0.00000000e+000	3.4456e+014	1.0000e-010	0.0000e+000
3.740000e+003	2.27113850e-001	-3.17288615e+000	8.45414896e+002	0.00000000e+000	3.4343e+014	1.0000e-010	0.0000e+000
3.750000e+003	2.27198392e-001	-3.17280161e+000	8.38894652e+002	0.00000000e+000	3.4231e+014	1.0000e-010	0.0000e+000
3.760000e+003	2.27282281e-001	-3.17271772e+000	8.32395532e+002	0.00000000e+000	3.4120e+014	1.0000e-010	0.0000e+000
3.770000e+003	2.27365521e-001	-3.17263448e+000	8.25917304e+002	0.00000000e+000	3.4010e+014	1.0000e-010	0.0000e+000
3.780000e+003	2.27448113e-001	-3.17255189e+000	8.19459740e+002	0.00000000e+000	3.3902e+014	1.0000e-010	0.0000e+000
3.790000e+003	2.27530059e-001	-3.17246994e+000	8.13022613e+002	0.00000000e+000	3.3794e+014	1.0000e-010	0.0000e+000
3.800000e+003	2.27611361e-001	-3.17238864e+000	8.06605698e+002	0.00000000e+000	3.3688e+014	1.0000e-010	0.0000e+000
3.810000e+003	2.27692021e-001	-3.17230798e+000	8.00208774e+002	0.00000000e+000	3.3583e+014	1.0000e-010	0.0000e+000
3.820000e+003	2.27772042e-001	-3.17222796e+000	7.93831619e+002	0.00000000e+000	3.3480e+014	1.0000e-010	0.0000e+000
3.830000e+003	2.27851425e-001	-3.17214857e+000	7.87474017e+002	0.00000000e+000	3.3377e+014	1.0000e-010	0.0000e+000
3.840000e+003	2.27930173e-001	-3.17206983e+000	7.81135750e+002	0.00000000e+000	3.3275e+014	1.0000e-010	0.0000e+000
3.850000e+003	2.28008286e-001	-3.17199171e+000	7.74816607e+002	0.00000000e+000	3.3175e+014	1.0000e-010	0.0000e+000
3.860000e+003	2.28085768e-001	-3.17191423e+000	7.68516374e+002	0.00000000e+000	3.3076e+014	1.0000e-010	0.0000e+000
3.870000e+003	2.28162620e-001	-3.17183738e+000	7.62234843e+002	0.00000000e+000	3.2978e+014	1.0000e-010	0.0000e+000
3.880000e+003	2.28238843e-001	-3.17176116e+000	7.55971805e+002	0.00000000e+000	3.2880e+014	1.0000e-010	0.0000e+000
3.890000e+003	2.28314440e-001	-3.17168556e+000	7.49727055e+002	0.00000000e+000	3.2784e+014	1.0000e-010	0.0000e+000
3.900000e+003	2.28389413e-001	-3.17161059e+000	7.43500389e+002	0.00000000e+000	3.2690e+014	1.0000e-010	0.0000e+000
3.910000e+003	2.28463763e-001	-3.17153624e+000	7.37291606e+002	0.00000000e+000	3.2596e+014	1.0000e-010	0.0000e+000
3.920000e+003	2.28537492e-001	-3.17146251e+000	7.31100504e+002	0.00000000e+000	3.2503e+014	1.0000e-010	0.0000e+000
3.930000e+003	2.28610602e-001	-3.17138940e+000	7.24926886e+002	0.00000000e+000	3.2411e+014	1.0000e-010	0.0000e+000
3.940000e+003	2.28683095e-001	-3.17131690e+000	7.18770555e+002	0.00000000e+000	3.2320e+014	1.0000e-010	0.0000e+000
3.950000e+003	2.28754972e-001	-3.17124503e+000	7.12631318e+002	0.00000000e+000	3.2231e+014	1.0000e-010	0.0000e+000
3.960000e+003	2.28826235e-001	-3.17117376e+000	7.06508980e+002	0.00000000e+000	3.2142e+014	1.0000e-010	0.0000e+000
3.970000e+003	2.28896886e-001	-3.17110311e+000	7.00403351e+002	0.00000000e+000	3.2054e+014	1.0000e-010	0.0000e+000
3.980000e+003	2.28966926e-001	-3.17103307e+000	6.94314242e+002	0.00000000e+000	3.1967e+014	1.0000e-010	0.0000e+000
3.990000e+003	2.29036358e-001	-3.17096364e+000	6.88241465e+002	0.00000000e+000	3.1882e+014	1.0000e-010	0.0000e+000
4.000000e+003	2.29105182e-001	-3.17089482e+000	6.82184833e+002	0.00000000e+000	3.1797e+014	1.0000e-010	0.0000e+000
4.010000e+003	2.29173401e-001	-3.17082660e+000	6.76144162e+002	0.00000000e+000	3.1713e+014	1.0000e-010	0.0000e+000
4.020000e+003	2.29241015e-001	-3.17075899e+000	6.70119270e+002	0.00000000e+000	3.1630e+014	1.0000e-010	0.0000e+000
4.030000e+003	2.29308027e-001	-3.17069197e+000	6.64109975e+002	0.00000000e+000	3.1548e+014	1.0000e-010	0.0000e+000
4.040000e+003	2.29374438e-001	-3.17062556e+000	6.58116097e+002	0.00000000e+000	3.1467e+014	1.0000e-010	0.0000e+000
4.050000e+003	2.29440249e-001	-3.17055975e+000	6.52137459e+002	0.00000000e+000	3.1387e+014	1.0000e-010	0.0000e+000
4.060000e+003	2.29505463e-001	-3.17049454e+000	6.46173883e+002	0.00000000e+000	3.1308e+014	1.0000e-010	0.0000e+000
4.070000e+003	2.29570081e-001	-3.17042992e+000	6.40225195e+002	0.00000000e+000	3.1230e+014	1.0000e-010	0.0000e+000
4.080000e+003	2.29634103e-001	-3.17036590e+000	6.34291220e+002	0.00000000e+000	3.1153e+014	1.0000e-010	0.0000e+000
4.090000e+003	2.29697532e-001	-3.17030247e+000	6.28371787e+002	0.00000000e+000	3.1077e+014	1.0000e-010	0.0000e+000
4.100000e+003	2.29760369e-001	-3.17023963e+000	6.22466724e+002	0.00000000e+000	3.1001e+014	1.0000e-010	0.0000e+000
4.110000e+003	2.29822616e-001	-3.17017738e+000	6.16575863e+002	0.00000000e+000	3.0927e+014	1.0000e-010	0.0000e+000
4.120000e+003	2.29884274e-001	-3.17011573e+000	6.10699035e+002	0.00000000e+000	3.0853e+014	1.0000e-010	0.0000e+000
4.130000e+003	2.29945344e-001	-3.17005466e+000	6.04836073e+002	0.00000000e+000	3.0780e+014	1.0000e-010	0.0000e+000
4.140000e+003	2.30005827e-001	-3.16999417e+000	5.98986812e+002	0.00000000e+000	3.0708e+014	1.0000e-010	0.0000e+000
4.150000e+003	2.30065726e-001	-3.16993427e+000	5.93151088e+002	0.00000000e+000	3.0637e+014	1.0000e-010	0.0000e+000
4.160000e+003	2.30125041e-001	-3.16987496e+000	5.87328738e+002	0.00000000e+000	3.0567e+014	1.0000e-010	0.0000e+000
4.170000e+003	2.30183774e-001	-3.16981623e+000	5.81519601e+002	0.00000000e+000	3.0498e+014	1.0000e-010	0.0000e+000
4.180000e+003	2.30241926e-001	-3.16975807e+000	5.75723516e+002	0.00000000e+000	3.0429e+014	1.0000e-010	0.0000e+000
4.190000e+003	2.30299498e-001	-3.16970050e+000	5.69940325e+002	0.00000000e+000	3.0361e+014	1.0000e-010	0.0000e+000
4.200000e+003	2.30356492e-001	-3.16964351e+000	5.64169870e+002	0.00000000e+000	3.0294e+014	1.0000e-010	0.0000e+000
4.210000e+003	2.30412909e-001	-3.16958709e+000	5.58411994e+002	0.00000000e+000	3.0228e+014	1.0000e-010	0.0000e+000
4.220000e+003	2.30468750e-001	-3.16953125e+000	5.52666542e+002	0.00000000e+000	3.0163e+014	1.0000e-010	0.0000e+000
4.230000e+003	2.30524017e-001	-3.16947598e+000	5.46933359e+002	0.00000000e+000	3.0099e+014	1.0000e-010	0.0000e+000
4.240000e+003	2.30578710e-001	-3.16942129e+000	5.41212293e+002	0.00000000e+000	3.0035e+014	1.0000e-010	0.0000e+000
4.250000e+003	2.30632832e-001	-3.16936717e+000	5.35503191e+002	0.00000000e+000	2.9972e+014	1.0000e-010	0.0000e+000
4.260000e+003	2.30686382e-001	-3.16931362e+000	5.29805903e+002	0.00000000e+000	2.9910e+014	1.0000e-010	0.0000e+000
4.270000e+003	2.30739363e-001	-3.16926064e+000	5.24120279e+002	0.00000000e+000	2.9849e+014	1.0000e-010	0.0000e+000
4.280000e+003	2.30791775e-001	-3.16920823e+000	5.18446170e+002	0.00000000e+000	2.9789e+014	1.0000e-010	0.0000e+000
4.290000e+003	2.30843619e-001	-3.16915638e+000	5.12783429e+002	0.00000000e+000	2.9729e+014	1.0000e-010	0.0000e+000
4.300000e+003	2.30894898e-001	-3.16910510e+000	5.07131909e+002	0.00000000e+000	2.9670e+014	1.0000e-010	0.0000e+000
4.310000e+003	2.30945611e-001	-3.16905439e+000	5.01491465e+002	0.00000000e+000	2.9612e+014	1.0000e-010	0.0000e+000
4.320000e+003	2.30995760e-001	-3.16900424e+000	4.95861951e+002	0.00000000e+000	2.9555e+014	1.0000e-010	0.0000e+000
4.330000e+003	2.31045346e-001	-3.16895465e+000	4.90243225e+002	0.00000000e+000	2.9498e+014	1.0000e-010	0.0000e+000
4.340000e+003	2.31094370e-001	-3.16890563e+000	4.84635145e+002	0.00000000e+000	2.9442e+014	1.0000e-010	0.0000e+000
4.350000e+003	2.31142834e-001	-3.16885717e+000	4.79037567e+002	0.00000000e+000	2.9387e+014	1.0000e-010	0.0000e+000
4.360000e+003	2.31190738e-001	-3.16880926e+000	4.73450352e+002	0.00000000e+000	2.9332e+014	1.0000e-010	0.0000e+000
4.370000e+003	2.31238083e-001	-3.16876192e+000	4.67873360e+002	0.00000000e+000	2.9279e+014	1.0000e-010	0.0000e+000
4.380000e+003	2.31284870e-001	-3.16871513e+000	4.62306453e+002	0.00000000e+000	2.9226e+014	1.0000e-010	0.0000e+000
4.390000e+003	2.31331101e-001	-3.16866890e+000	4.56749492e+002	0.00000000e+000	2.9174e+014	1.0000e-010	0.0000e+000
4.400000e+003	2.31376776e-001	-3.16862322e+000	4.51202340e+002	0.00000000e+000	2.9122e+014	1.0000e-010	0.0000e+000
4.410000e+003	2.31421896e-001	-3.16857810e+000	4.45664861e+002	0.00000000e+000	2.9071e+014	1.0000e-010	0.0000e+000
4.420000e+003	2.31466462e-001	-3.16853354e+000	4.40136920e+002	0.00000000e+000	2.9021e+014	1.0000e-010	0.0000e+000
4.430000e+003	2.31510476e-001	-3.16848952e+000	4.34618382e+002	0.00000000e+000	2.8972e+014	1.0000e-010	0.0000e+000
4.440000e+003	2.31553938e-001	-3.16844606e+000	4.29109115e+002	0.00000000e+000	2.8923e+014	1.0000e-010	0.0000e+000
4.450000e+003	2.31596849e-001	-3.16840315e+000	4.23608984e+002	0.00000000e+000	2.8875e+014	1.0000e-010	0.0000e+000
4.460000e+003	2.31639210e-001	-3.16836079e+000	4.18117859e+002	0.00000000e+000	2.8828e+014	1.0000e-010	0.0000e+000
4.470000e+003	2.31681021e-001	-3.16831898e+000	4.12635607e+002	0.00000000e+000	2.8781e+014	1.0000e-010	0.0000e+000
4.480000e+003	2.31722285e-001	-3.16827771e+000	4.07162099e+002	0.00000000e+000	2.8736e+014	1.0000e-010	0.0000e+000
4.490000e+003	2.31763001e-001	-3.16823700e+000	4.01697205e+002	0.00000000e+000	2.8690e+014	1.0000e-010	0.0000e+000
4.500000e+003	2.31803171e-001	-3.16819683e+000	3.96240795e+002	0.00000000e+000	2.8646e+014	1.0000e-010	0.0000e+000
4.510000e+003	2.31842795e-001	-3.16815720e+000	3.90792743e+002	0.00000000e+000	2.8602e+014	1.0000e-010	0.0000e+000
4.520000e+003	2.31881874e-001	-3.16811813e+000	3.85352920e+002	0.00000000e+000	2.8559e+014	1.0000e-010	0.0000e+000
4.530000e+003	2.31920410e-001	-3.16807959e+000	3.79921199e+002	0.00000000e+000	2.8516e+014	1.0000e-010	0.0000e+000
4.540000e+003	2.31958402e-001	-3.16804160e+000	3.74497455e+002	0.00000000e+000	2.8474e+014	1.0000e-010	0.0000e+000
4.550000e+003	2.31995851e-001	-3.16800415e+000	3.69081563e+002	0.00000000e+000	2.8433e+014	1.0000e-010	0.0000e+000
4.560000e+003	2.32032760e-001	-3.16796724e+000	3.63673397e+002	0.00000000e+000	2.8393e+014	1.0000e-010	0.0000e+000
4.570000e+003	2.32069127e-001	-3.16793087e+000	3.58272833e+002	0.00000000e+000	2.8353e+014	1.0000e-010	0.0000e+000
4.580000e+003	2.32104954e-001	-3.16789505e+000	3.52879749e+002	0.00000000e+000	2.8313e+014	1.0000e-010	0.0000e+000
4.590000e+003	2.32140242e-001	-3.16785976e+000	3.47494021e+002	0.00000000e+000	2.8275e+014	1.0000e-010	0.0000e+000
4.600000e+003	2.32174992e-001	-3.16782501e+000	3.42115528e+002	0.00000000e+000	2.8237e+014	1.0000e-010	0.0000e+000
4.610000e+003	2.32209203e-001	-3.16779080e+000	3.36744148e+002	0.00000000e+000	2.8199e+014	1.0000e-010	0.0000e+000
4.620000e+003	2.32242878e-001	-3.16775712e+000	3.31379760e+002	0.00000000e+000	2.8163e+014	1.0000e-010	0.0000e+000
4.630000e+003	2.32276016e-001	-3.16772398e+000	3.26022244e+002	0.00000000e+000	2.8127e+014	1.0000e-010	0.0000e+000
4.640000e+003	2.32308618e-001	-3.16769138e+000	3.20671480e+002	0.00000000e+000	2.8091e+014	1.0000e-010	0.0000e+000
4.650000e+003	2.32340685e-001	-3.16765932e+000	3.15327349e+002	0.00000000e+000	2.8056e+014	1.0000e-010	0.0000e+000
4.660000e+003	2.32372218e-001	-3.16762778e+000	3.09989732e+002	0.00000000e+000	2.8022e+014	1.0000e-010	0.0000e+000
4.670000e+003	2.32403217e-001	-3.16759678e+000	3.04658512e+002	0.00000000e+000	2.7989e+014	1.0000e-010	0.0000e+000
4.680000e+003	2.32433682e-001	-3.16756632e+000	2.99333571e+002	0.00000000e+000	2.7956e+014	1.0000e-010	0.0000e+000
4.690000e+003	2.32463616e-001	-3.16753638e+000	2.94014792e+002	0.00000000e+000	2.7923e+014	1.0000e-010	0.0000e+000
4.700000e+003	2.32493017e-001	-3.16750698e+000	2.88702059e+002	0.00000000e+000	2.7892e+014	1.0000e-010	0.0000e+000
4.710000e+003	2.32521888e-001	-3.16747811e+000	2.83395255e+002	0.00000000e+000	2.7860e+014	1.0000e-010	0.0000e+000
4.720000e+003	2.32550227e-001	-3.16744977e+000	2.78094265e+002	0.00000000e+000	2.7830e+014	1.0000e-010	0.0000e+000
4.730000e+003	2.32578036e-001	-3.16742196e+000	2.72798975e+002	0.00000000e+000	2.7800e+014	1.0000e-010	0.0000e+000
4.740000e+003	2.32605316e-001	-3.16739468e+000	2.67509270e+002	0.00000000e+000	2.7771e+014	1.0000e-010	0.0000e+000
4.750000e+003	2.32632067e-001	-3.16736793e+000	2.62225035e+002	0.00000000e+000	2.7742e+014	1.0000e-010	0.0000e+000
4.760000e+003	2.32658290e-001	-3.16734171e+000	2.56946158e+002	0.00000000e+000	2.7714e+014	1.0000e-010	0.0000e+000
4.770000e+003	2.32683984e-001	-3.16731602e+000	2.51672525e+002	0.00000000e+000	2.7686e+014	1.0000e-010	0.0000e+000
4.780000e+003	2.32709152e-001	-3.16729085e+000	2.46404023e+002	0.00000000e+000	2.7659e+014	1.0000e-010	0.0000e+000
4.790000e+003	2.32733792e-001	-3.16726621e+000	2.41140540e+002	0.00000000e+000	2.7633e+014	1.0000e-010	0.0000e+000
4.800000e+003	2.32757906e-001	-3.16724209e+000	2.35881965e+002	0.00000000e+000	2.7607e+014	1.0000e-010	0.0000e+000
4.810000e+003	2.32781494e-001	-3.16721851e+000	2.30628186e+002	0.00000000e+000	2.7582e+014	1.0000e-010	0.0000e+000
4.820000e+003	2.32804557e-001	-3.16719544e+000	2.25379092e+002	0.00000000e+000	2.7557e+014	1.0000e-010	0.0000e+000
4.830000e+003	2.32827095e-001	-3.16717290e+000	2.20134571e+002	0.00000000e+000	2.7533e+014	1.0000e-010	0.0000e+000
4.840000e+003	2.32849109e-001	-3.16715089e+000	2.14894515e+002	0.00000000e+000	2.7510e+014	1.0000e-010	0.0000e+000
4.850000e+003	2.32870598e-001	-3.16712940e+000	2.09658813e+002	0.00000000e+000	2.7487e+014	1.0000e-010	0.0000e+000
4.860000e+003	2.32891564e-001	-3.16710844e+000	2.04427355e+002	0.00000000e+000	2.7465e+014	1.0000e-010	0.0000e+000
4.870000e+003	2.32912007e-001	-3.16708799e+000	1.99200032e+002	0.00000000e+000	2.7443e+014	1.0000e-010	0.0000e+000
4.880000e+003	2.32931927e-001	-3.16706807e+000	1.93976736e+002	0.00000000e+000	2.7422e+014	1.0000e-010	0.0000e+000
4.890000e+003	2.32951324e-001	-3.16704868e+000	1.88757357e+002	0.00000000e+000	2.7401e+014	1.0000e-010	0.0000e+000
4.900000e+003	2.32970200e-001	-3.16702980e+000	1.83541788e+002	0.00000000e+000	2.7381e+014	1.0000e-010	0.0000e+000
4.910000e+003	2.32988554e-001	-3.16701145e+000	1.78329921e+002	0.00000000e+000	2.7362e+014	1.0000e-010	0.0000e+000
4.920000e+003	2.33006387e-001	-3.16699361e+000	1.73121647e+002	0.00000000e+000	2.7343e+014	1.0000e-010	0.0000e+000
4.930000e+003	2.33023699e-001	-3.16697630e+000	1.67916860e+002	0.00000000e+000	2.7325e+014	1.0000e-010	0.0000e+000
4.940000e+003	2.33040491e-001	-3.16695951e+000	1.62715453e+002	0.00000000e+000	2.7307e+014	1.0000e-010	0.0000e+000
4.950000e+003	2.33056763e-001	-3.16694324e+000	1.57517318e+002	0.00000000e+000	2.7290e+014	1.0000e-010	0.0000e+000
4.960000e+003	2.33072514e-001	-3.16692749e+000	1.52322350e+002	0.00000000e+000	2.7273e+014	1.0000e-010	0.0000e+000
4.970000e+003	2.33087747e-001	-3.16691225e+000	1.47130442e+002	0.00000000e+000	2.7257e+014	1.0000e-010	0.0000e+000
4.980000e+003	2.33102460e-001	-3.16689754e+000	1.41941487e+002	0.00000000e+000	2.7242e+014	1.0000e-010	0.0000e+000
4.990000e+003	2.33116654e-001	-3.16688335e+000	1.36755381e+002	0.00000000e+000	2.7227e+014	1.0000e-010	0.0000e+000
5.000000e+003	2.33130329e-001	-3.16686967e+000	1.31572018e+002	0.00000000e+000	2.7212e+014	1.0000e-010	0.0000e+000
5.010000e+003	2.33143486e-001	-3.16685651e+000	1.26391292e+002	0.00000000e+000	2.7198e+014	1.0000e-010	0.0000e+000
5.020000e+003	2.33156126e-001	-3.16684387e+000	1.21213098e+002	0.00000000e+000	2.7185e+014	1.0000e-010	0.0000e+000
5.030000e+003	2.33168247e-001	-3.16683175e+000	1.16037332e+002	0.00000000e+000	2.7172e+014	1.0000e-010	0.0000e+000
5.040000e+003	2.33179851e-001	-3.16682015e+000	1.10863888e+002	0.00000000e+000	2.7160e+014	1.0000e-010	0.0000e+000
5.050000e+003	2.33190937e-001	-3.16680906e+000	1.05692663e+002	0.00000000e+000	2.7149e+014	1.0000e-010	0.0000e+000
5.060000e+003	2.33201506e-001	-3.16679849e+000	1.00523551e+002	0.00000000e+000	2.7138e+014	1.0000e-010	0.0000e+000
5.070000e+003	2.33211559e-001	-3.16678844e+000	9.53564485e+001	0.00000000e+000	2.7127e+014	1.0000e-010	0.0000e+000
5.080000e+003	2.33221094e-001	-3.16677891e+000	9.01912518e+001	0.00000000e+000	2.7117e+014	1.0000e-010	0.0000e+000
5.090000e+003	2.33230113e-001	-3.16676989e+000	8.50278568e+001	0.00000000e+000	2.7108e+014	1.0000e-010	0.0000e+000
5.100000e+003	2.33238616e-001	-3.16676138e+000	7.98661598e+001	0.00000000e+000	2.7099e+014	1.0000e-010	0.0000e+000
5.110000e+003	2.33246603e-001	-3.16675340e+000	7.47060572e+001	0.00000000e+000	2.7090e+014	1.0000e-010	0.0000e+000
5.120000e+003	2.33254073e-001	-3.16674593e+000	6.95474454e+001	0.00000000e+000	2.7082e+014	1.0000e-010	0.0000e+000
5.130000e+003	2.33261028e-001	-3.16673897e+000	6.43902213e+001	0.00000000e+000	2.7075e+014	1.0000e-010	0.0000e+000
5.140000e+003	2.33267467e-001	-3.16673253e+000	5.92342816e+001	0.00000000e+000	2.7068e+014	1.0000e-010	0.0000e+000
5.150000e+003	2.33273391e-001	-3.16672661e+000	5.40795230e+001	0.00000000e+000	2.7062e+014	1.0000e-010	0.0000e+000
5.160000e+003	2.33278799e-001	-3.16672120e+000	4.89258427e+001	0.00000000e+000	2.7057e+014	1.0000e-010	0.0000e+000
5.170000e+003	2.33283691e-001	-3.16671631e+000	4.37731377e+001	0.00000000e+000	2.7051e+014	1.0000e-010	0.0000e+000
5.180000e+003	2.33288068e-001	-3.16671193e+000	3.86213050e+001	0.00000000e+000	2.7047e+014	1.0000e-010	0.0000e+000
5.190000e+003	2.33291931e-001	-3.16670807e+000	3.34702420e+001	0.00000000e+000	2.7043e+014	1.0000e-010	0.0000e+000
5.200000e+003	2.33295278e-001	-3.16670472e+000	2.83198457e+001	0.00000000e+000	2.7039e+014	1.0000e-010	0.0000e+000
5.210000e+003	2.33298110e-001	-3.16670189e+000	2.31700137e+001	0.00000000e+000	2.7036e+014	1.0000e-010	0.0000e+000
5.220000e+003	2.33300427e-001	-3.16669957e+000	1.80206432e+001	0.00000000e+000	2.7034e+014	1.0000e-010	0.0000e+000
5.230000e+003	2.33302229e-001	-3.16669777e+000	1.28716317e+001	0.00000000e+000	2.7032e+014	1.0000e-010	0.0000e+000
5.240000e+003	2.33303516e-001	-3.16669648e+000	7.72287645e+000	0.00000000e+000	2.7031e+014	1.0000e-010	0.0000e+000
5.250000e+003	2.33304288e-001	-3.16669571e+000	2.57427506e+000	0.00000000e+000	2.7030e+014	1.0000e-010	0.0000e+000
5.260000e+003	2.33304546e-001	-3.16669545e+000	2.57427506e+000	0.00000000e+000	2.7030e+014	1.0000e-010	0.0000e+000
