Y (ang)	Ec (eV)	Ev (eV)	E (V/cm)	Ef (eV)	n (cm-3)	p (cm-3)	Nd - Na (cm-3)
0.000000e+000	-4.40000000e+000	-7.80000000e+000	2.38189404e+007	-5.00000000e+000	1.8691e+008	1.0000e-010	0.0000e+000
1.000000e+001	-1.45810596e+000	-5.55810596e+000	7.75472003e+006	0.00000000e+000	7.1560e+020	1.0000e-010	-1.3848e+020
2.000000e+001	-6.82633953e-001	-4.78263395e+000	3.26391503e+006	0.00000000e+000	2.2956e+020	1.0000e-010	0.0000e+000
3.000000e+001	-3.56242450e-001	-4.45624245e+000	1.56248159e+006	0.00000000e+000	8.6975e+019	1.0000e-010	0.0000e+000
4.000000e+001	-1.99994291e-001	-4.29999429e+000	8.36221029e+005	0.00000000e+000	3.7125e+019	1.0000e-010	0.0000e+000
5.000000e+001	-1.16372188e-001	-4.21637219e+000	5.03920157e+005	0.00000000e+000	1.6987e+019	1.0000e-010	0.0000e+000
6.000000e+001	-6.59801727e-002	-4.16598017e+000	3.43076623e+005	0.00000000e+000	8.2221e+018	1.0000e-010	0.0000e+000
7.000000e+001	-3.16725104e-002	-4.13167251e+000	2.63484786e+005	0.00000000e+000	4.0686e+018	1.0000e-010	0.0000e+000
8.000000e+001	-5.32403180e-003	-4.10532403e+000	2.24060173e+005	0.00000000e+000	2.0153e+018	1.0000e-010	0.0000e+000
9.000000e+001	1.70819855e-002	-4.08291801e+000	2.04632956e+005	0.00000000e+000	9.9309e+017	1.0000e-010	0.0000e+000
1.000000e+002	3.75452812e-002	-4.06245472e+000	1.95107105e+005	0.00000000e+000	4.8695e+017	1.0000e-010	0.0000e+000
1.100000e+002	5.70559916e-002	-4.04294401e+000	1.90451280e+005	0.00000000e+000	2.3800e+017	1.0000e-010	0.0000e+000
1.200000e+002	7.61011196e-002	-4.02389888e+000	1.88179812e+005	0.00000000e+000	1.1611e+017	1.0000e-010	0.0000e+000
1.300000e+002	9.49191008e-002	-4.00508090e+000	1.87072657e+005	0.00000000e+000	5.6596e+016	1.0000e-010	0.0000e+000
1.400000e+002	1.13626367e-001	-3.98637363e+000	1.86530940e+005	0.00000000e+000	2.7692e+016	1.0000e-010	0.0000e+000
1.500000e+002	1.32279461e-001	-3.96772054e+000	1.86267662e+005	0.00000000e+000	1.3458e+016	1.0000e-010	0.0000e+000
1.600000e+002	1.50906227e-001	-3.94909377e+000	1.86139577e+005	0.00000000e+000	6.5475e+015	1.0000e-010	0.0000e+000
1.700000e+002	1.69520184e-001	-3.93047982e+000	1.86077233e+005	0.00000000e+000	3.1870e+015	1.0000e-010	0.0000e+000
1.800000e+002	1.88127908e-001	-3.91187209e+000	1.86046880e+005	0.00000000e+000	1.5516e+015	1.0000e-010	0.0000e+000
1.900000e+002	2.06732596e-001	-3.89326740e+000	1.86032100e+005	0.00000000e+000	7.5550e+014	1.0000e-010	0.0000e+000
2.000000e+002	2.25335806e-001	-3.87466419e+000	1.86024904e+005	0.00000000e+000	3.6789e+014	1.0000e-010	0.0000e+000
2.100000e+002	-3.16061704e-001	-3.71606170e+000	1.43191637e+006	0.00000000e+000	7.2817e+019	1.0000e-010	1.3848e+020
2.200000e+002	-6.08700674e-002	-3.60087007e+000	7.88191808e+005	0.00000000e+000	7.5027e+018	1.0000e-010	-2.6511e+019
2.300000e+002	1.29949113e-001	-3.55005089e+000	2.70349398e+005	0.00000000e+000	1.4728e+016	1.0000e-010	-2.7104e+019
2.400000e+002	2.68984053e-001	-3.55101595e+000	-2.64223008e+005	0.00000000e+000	6.7992e+013	1.0000e-010	-2.7697e+019
2.500000e+002	3.54561752e-001	-3.60543825e+000	-8.16079214e+005	0.00000000e+000	2.4821e+012	1.0000e-010	-2.8290e+019
2.600000e+002	-1.75046169e-001	-3.57504617e+000	7.05921562e+005	0.00000000e+000	3.0597e+019	1.0000e-010	1.0960e+020
2.700000e+002	-1.04454013e-001	-3.50445401e+000	4.26794090e+005	0.00000000e+000	1.4654e+019	1.0000e-010	0.0000e+000
2.800000e+002	-6.17746039e-002	-3.46177460e+000	2.81507472e+005	0.00000000e+000	7.6276e+018	1.0000e-010	0.0000e+000
2.900000e+002	-3.36238566e-002	-3.43362386e+000	2.00353036e+005	0.00000000e+000	4.2606e+018	1.0000e-010	0.0000e+000
3.000000e+002	-1.35885530e-002	-3.41358855e+000	1.51729172e+005	0.00000000e+000	2.5528e+018	1.0000e-010	0.0000e+000
3.100000e+002	1.58436419e-003	-3.39841564e+000	1.20561780e+005	0.00000000e+000	1.6363e+018	1.0000e-010	0.0000e+000
3.200000e+002	1.36405422e-002	-3.38635946e+000	9.93536795e+004	0.00000000e+000	1.1134e+018	1.0000e-010	0.0000e+000
3.300000e+002	2.35759102e-002	-3.37642409e+000	8.41818467e+004	0.00000000e+000	7.9652e+017	1.0000e-010	0.0000e+000
3.400000e+002	3.19940948e-002	-3.36800591e+000	7.28746670e+004	0.00000000e+000	5.9363e+017	1.0000e-010	0.0000e+000
3.500000e+002	3.92815615e-002	-3.36071844e+000	6.41619568e+004	0.00000000e+000	4.5742e+017	1.0000e-010	0.0000e+000
3.600000e+002	4.56977572e-002	-3.35430224e+000	5.72625380e+004	0.00000000e+000	3.6222e+017	1.0000e-010	0.0000e+000
3.700000e+002	5.14240110e-002	-3.34857599e+000	5.16742704e+004	0.00000000e+000	2.9338e+017	1.0000e-010	0.0000e+000
3.800000e+002	5.65914381e-002	-3.34340856e+000	4.70617600e+004	0.00000000e+000	2.4216e+017	1.0000e-010	0.0000e+000
3.900000e+002	6.12976141e-002	-3.33870239e+000	4.31934356e+004	0.00000000e+000	2.0309e+017	1.0000e-010	0.0000e+000
4.000000e+002	6.56169576e-002	-3.33438304e+000	3.99047536e+004	0.00000000e+000	1.7266e+017	1.0000e-010	0.0000e+000
4.100000e+002	6.96074330e-002	-3.33039257e+000	3.70758417e+004	0.00000000e+000	1.4852e+017	1.0000e-010	0.0000e+000
4.200000e+002	7.33150172e-002	-3.32668498e+000	3.46174448e+004	0.00000000e+000	1.2907e+017	1.0000e-010	0.0000e+000
4.300000e+002	7.67767616e-002	-3.32322324e+000	3.24618176e+004	0.00000000e+000	1.1317e+017	1.0000e-010	0.0000e+000
4.400000e+002	8.00229434e-002	-3.31997706e+000	3.05566612e+004	0.00000000e+000	1.0002e+017	1.0000e-010	0.0000e+000
4.500000e+002	8.30786095e-002	-3.31692139e+000	2.88609870e+004	0.00000000e+000	8.9023e+016	1.0000e-010	0.0000e+000
4.600000e+002	8.59647082e-002	-3.31403529e+000	2.73422343e+004	0.00000000e+000	7.9735e+016	1.0000e-010	0.0000e+000
4.700000e+002	8.86989317e-002	-3.31130107e+000	2.59742220e+004	0.00000000e+000	7.1821e+016	1.0000e-010	0.0000e+000
4.800000e+002	9.12963539e-002	-3.30870365e+000	2.47356666e+004	0.00000000e+000	6.5024e+016	1.0000e-010	0.0000e+000
4.900000e+002	9.37699205e-002	-3.30623008e+000	2.36090933e+004	0.00000000e+000	5.9145e+016	1.0000e-010	0.0000e+000
5.000000e+002	9.61308298e-002	-3.30386917e+000	2.25800242e+004	0.00000000e+000	5.4026e+016	1.0000e-010	0.0000e+000
5.100000e+002	9.83888323e-002	-3.30161117e+000	2.16363646e+004	0.00000000e+000	4.9542e+016	1.0000e-010	0.0000e+000
5.200000e+002	1.00552469e-001	-3.29944753e+000	2.07679336e+004	0.00000000e+000	4.5593e+016	1.0000e-010	0.0000e+000
5.300000e+002	1.02629262e-001	-3.29737074e+000	1.99661015e+004	0.00000000e+000	4.2096e+016	1.0000e-010	0.0000e+000
5.400000e+002	1.04625872e-001	-3.29537413e+000	1.92189781e+004	0.00000000e+000	3.9224e+016	1.0000e-010	0.0000e+000
5.500000e+002	1.06547770e-001	-3.29345223e+000	1.85253833e+004	0.00000000e+000	3.6414e+016	1.0000e-010	0.0000e+000
5.600000e+002	1.08400308e-001	-3.29159969e+000	1.78797520e+004	0.00000000e+000	3.3896e+016	1.0000e-010	0.0000e+000
5.700000e+002	1.10188284e-001	-3.28981172e+000	1.72772647e+004	0.00000000e+000	3.1631e+016	1.0000e-010	0.0000e+000
5.800000e+002	1.11916010e-001	-3.28808399e+000	1.67137265e+004	0.00000000e+000	2.9586e+016	1.0000e-010	0.0000e+000
5.900000e+002	1.13587383e-001	-3.28641262e+000	1.61854691e+004	0.00000000e+000	2.7734e+016	1.0000e-010	0.0000e+000
6.000000e+002	1.15205930e-001	-3.28479407e+000	1.56892710e+004	0.00000000e+000	2.6050e+016	1.0000e-010	0.0000e+000
6.100000e+002	1.16774857e-001	-3.28322514e+000	1.52222910e+004	0.00000000e+000	2.4517e+016	1.0000e-010	0.0000e+000
6.200000e+002	1.18297086e-001	-3.28170291e+000	1.47820140e+004	0.00000000e+000	2.3115e+016	1.0000e-010	0.0000e+000
6.300000e+002	1.19775287e-001	-3.28022471e+000	1.43662056e+004	0.00000000e+000	2.1830e+016	1.0000e-010	0.0000e+000
6.400000e+002	1.21211908e-001	-3.27878809e+000	1.39728738e+004	0.00000000e+000	2.0650e+016	1.0000e-010	0.0000e+000
6.500000e+002	1.22609195e-001	-3.27739080e+000	1.36002370e+004	0.00000000e+000	1.9563e+016	1.0000e-010	0.0000e+000
6.600000e+002	1.23969219e-001	-3.27603078e+000	1.32466972e+004	0.00000000e+000	1.8561e+016	1.0000e-010	0.0000e+000
6.700000e+002	1.25293889e-001	-3.27470611e+000	1.29108167e+004	0.00000000e+000	1.7634e+016	1.0000e-010	0.0000e+000
6.800000e+002	1.26584970e-001	-3.27341503e+000	1.25912985e+004	0.00000000e+000	1.6775e+016	1.0000e-010	0.0000e+000
6.900000e+002	1.27844100e-001	-3.27215590e+000	1.22869697e+004	0.00000000e+000	1.5977e+016	1.0000e-010	0.0000e+000
7.000000e+002	1.29072797e-001	-3.27092720e+000	1.19967667e+004	0.00000000e+000	1.5236e+016	1.0000e-010	0.0000e+000
7.100000e+002	1.30272474e-001	-3.26972753e+000	1.17197230e+004	0.00000000e+000	1.4545e+016	1.0000e-010	0.0000e+000
7.200000e+002	1.31444446e-001	-3.26855555e+000	1.14549584e+004	0.00000000e+000	1.3900e+016	1.0000e-010	0.0000e+000
7.300000e+002	1.32589942e-001	-3.26741006e+000	1.12016693e+004	0.00000000e+000	1.3298e+016	1.0000e-010	0.0000e+000
7.400000e+002	1.33710109e-001	-3.26628989e+000	1.09591209e+004	0.00000000e+000	1.2734e+016	1.0000e-010	0.0000e+000
7.500000e+002	1.34806021e-001	-3.26519398e+000	1.07266396e+004	0.00000000e+000	1.2205e+016	1.0000e-010	0.0000e+000
7.600000e+002	1.35878685e-001	-3.26412132e+000	1.05036072e+004	0.00000000e+000	1.1709e+016	1.0000e-010	0.0000e+000
7.700000e+002	1.36929046e-001	-3.26307095e+000	1.02894549e+004	0.00000000e+000	1.1243e+016	1.0000e-010	0.0000e+000
7.800000e+002	1.37957991e-001	-3.26204201e+000	1.00836588e+004	0.00000000e+000	1.0804e+016	1.0000e-010	0.0000e+000
7.900000e+002	1.38966357e-001	-3.26103364e+000	9.88573531e+003	0.00000000e+000	1.0391e+016	1.0000e-010	0.0000e+000
8.000000e+002	1.39954930e-001	-3.26004507e+000	9.69523747e+003	0.00000000e+000	1.0001e+016	1.0000e-010	0.0000e+000
8.100000e+002	1.40924454e-001	-3.25907555e+000	9.51175155e+003	0.00000000e+000	9.6330e+015	1.0000e-010	0.0000e+000
8.200000e+002	1.41875629e-001	-3.25812437e+000	9.33489395e+003	0.00000000e+000	9.2851e+015	1.0000e-010	0.0000e+000
8.300000e+002	1.42809119e-001	-3.25719088e+000	9.16430858e+003	0.00000000e+000	8.9558e+015	1.0000e-010	0.0000e+000
8.400000e+002	1.43725550e-001	-3.25627445e+000	8.99966439e+003	0.00000000e+000	8.6438e+015	1.0000e-010	0.0000e+000
8.500000e+002	1.44625516e-001	-3.25537448e+000	8.84065322e+003	0.00000000e+000	8.3481e+015	1.0000e-010	0.0000e+000
8.600000e+002	1.45509581e-001	-3.25449042e+000	8.68698786e+003	0.00000000e+000	8.0675e+015	1.0000e-010	0.0000e+000
8.700000e+002	1.46378280e-001	-3.25362172e+000	8.53840028e+003	0.00000000e+000	7.8009e+015	1.0000e-010	0.0000e+000
8.800000e+002	1.47232120e-001	-3.25276788e+000	8.39464011e+003	0.00000000e+000	7.5474e+015	1.0000e-010	0.0000e+000
8.900000e+002	1.48071584e-001	-3.25192842e+000	8.25547312e+003	0.00000000e+000	7.3063e+015	1.0000e-010	0.0000e+000
9.000000e+002	1.48897132e-001	-3.25110287e+000	8.12068003e+003	0.00000000e+000	7.0767e+015	1.0000e-010	0.0000e+000
9.100000e+002	1.49709200e-001	-3.25029080e+000	7.99005528e+003	0.00000000e+000	6.8578e+015	1.0000e-010	0.0000e+000
9.200000e+002	1.50508205e-001	-3.24949179e+000	7.86340599e+003	0.00000000e+000	6.6491e+015	1.0000e-010	0.0000e+000
9.300000e+002	1.51294546e-001	-3.24870545e+000	7.74055099e+003	0.00000000e+000	6.4499e+015	1.0000e-010	0.0000e+000
9.400000e+002	1.52068601e-001	-3.24793140e+000	7.62131997e+003	0.00000000e+000	6.2596e+015	1.0000e-010	0.0000e+000
9.500000e+002	1.52830733e-001	-3.24716927e+000	7.50555264e+003	0.00000000e+000	6.0778e+015	1.0000e-010	0.0000e+000
9.600000e+002	1.53581288e-001	-3.24641871e+000	7.39309804e+003	0.00000000e+000	5.9039e+015	1.0000e-010	0.0000e+000
9.700000e+002	1.54320598e-001	-3.24567940e+000	7.28381384e+003	0.00000000e+000	5.7374e+015	1.0000e-010	0.0000e+000
9.800000e+002	1.55048979e-001	-3.24495102e+000	7.17756576e+003	0.00000000e+000	5.5780e+015	1.0000e-010	0.0000e+000
9.900000e+002	1.55766736e-001	-3.24423326e+000	7.07422698e+003	0.00000000e+000	5.4253e+015	1.0000e-010	0.0000e+000
1.000000e+003	1.56474158e-001	-3.24352584e+000	6.97367766e+003	0.00000000e+000	5.2789e+015	1.0000e-010	0.0000e+000
1.010000e+003	1.57171526e-001	-3.24282847e+000	6.87580444e+003	0.00000000e+000	5.1384e+015	1.0000e-010	0.0000e+000
1.020000e+003	1.57859107e-001	-3.24214089e+000	6.78050003e+003	0.00000000e+000	5.0035e+015	1.0000e-010	0.0000e+000
1.030000e+003	1.58537157e-001	-3.24146284e+000	6.68766278e+003	0.00000000e+000	4.8740e+015	1.0000e-010	0.0000e+000
1.040000e+003	1.59205923e-001	-3.24079408e+000	6.59719634e+003	0.00000000e+000	4.7495e+015	1.0000e-010	0.0000e+000
1.050000e+003	1.59865643e-001	-3.24013436e+000	6.50900932e+003	0.00000000e+000	4.6298e+015	1.0000e-010	0.0000e+000
1.060000e+003	1.60516544e-001	-3.23948346e+000	6.42301495e+003	0.00000000e+000	4.5147e+015	1.0000e-010	0.0000e+000
1.070000e+003	1.61158845e-001	-3.23884115e+000	6.33913081e+003	0.00000000e+000	4.4039e+015	1.0000e-010	0.0000e+000
1.080000e+003	1.61792758e-001	-3.23820724e+000	6.25727858e+003	0.00000000e+000	4.2973e+015	1.0000e-010	0.0000e+000
1.090000e+003	1.62418486e-001	-3.23758151e+000	6.17738373e+003	0.00000000e+000	4.1945e+015	1.0000e-010	0.0000e+000
1.100000e+003	1.63036224e-001	-3.23696378e+000	6.09937535e+003	0.00000000e+000	4.0955e+015	1.0000e-010	0.0000e+000
1.110000e+003	1.63646162e-001	-3.23635384e+000	6.02318592e+003	0.00000000e+000	4.0000e+015	1.0000e-010	0.0000e+000
1.120000e+003	1.64248480e-001	-3.23575152e+000	5.94875109e+003	0.00000000e+000	3.9078e+015	1.0000e-010	0.0000e+000
1.130000e+003	1.64843356e-001	-3.23515664e+000	5.87600950e+003	0.00000000e+000	3.8189e+015	1.0000e-010	0.0000e+000
1.140000e+003	1.65430957e-001	-3.23456904e+000	5.80490265e+003	0.00000000e+000	3.7331e+015	1.0000e-010	0.0000e+000
1.150000e+003	1.66011447e-001	-3.23398855e+000	5.73537466e+003	0.00000000e+000	3.6502e+015	1.0000e-010	0.0000e+000
1.160000e+003	1.66584984e-001	-3.23341502e+000	5.66737219e+003	0.00000000e+000	3.5701e+015	1.0000e-010	0.0000e+000
1.170000e+003	1.67151721e-001	-3.23284828e+000	5.60084428e+003	0.00000000e+000	3.4927e+015	1.0000e-010	0.0000e+000
1.180000e+003	1.67711806e-001	-3.23228819e+000	5.53574219e+003	0.00000000e+000	3.4179e+015	1.0000e-010	0.0000e+000
1.190000e+003	1.68265380e-001	-3.23173462e+000	5.47201933e+003	0.00000000e+000	3.3455e+015	1.0000e-010	0.0000e+000
1.200000e+003	1.68812582e-001	-3.23118742e+000	5.40963110e+003	0.00000000e+000	3.2754e+015	1.0000e-010	0.0000e+000
1.210000e+003	1.69353545e-001	-3.23064645e+000	5.34853481e+003	0.00000000e+000	3.2076e+015	1.0000e-010	0.0000e+000
1.220000e+003	1.69888399e-001	-3.23011160e+000	5.28868955e+003	0.00000000e+000	3.1419e+015	1.0000e-010	0.0000e+000
1.230000e+003	1.70417268e-001	-3.22958273e+000	5.23005615e+003	0.00000000e+000	3.0783e+015	1.0000e-010	0.0000e+000
1.240000e+003	1.70940273e-001	-3.22905973e+000	5.17259702e+003	0.00000000e+000	3.0166e+015	1.0000e-010	0.0000e+000
1.250000e+003	1.71457533e-001	-3.22854247e+000	5.11627614e+003	0.00000000e+000	2.9569e+015	1.0000e-010	0.0000e+000
1.260000e+003	1.71969161e-001	-3.22803084e+000	5.06105894e+003	0.00000000e+000	2.8989e+015	1.0000e-010	0.0000e+000
1.270000e+003	1.72475266e-001	-3.22752473e+000	5.00691220e+003	0.00000000e+000	2.8427e+015	1.0000e-010	0.0000e+000
1.280000e+003	1.72975958e-001	-3.22702404e+000	4.95380408e+003	0.00000000e+000	2.7882e+015	1.0000e-010	0.0000e+000
1.290000e+003	1.73471338e-001	-3.22652866e+000	4.90170393e+003	0.00000000e+000	2.7353e+015	1.0000e-010	0.0000e+000
1.300000e+003	1.73961508e-001	-3.22603849e+000	4.85058232e+003	0.00000000e+000	2.6839e+015	1.0000e-010	0.0000e+000
1.310000e+003	1.74446567e-001	-3.22555343e+000	4.80041097e+003	0.00000000e+000	2.6340e+015	1.0000e-010	0.0000e+000
1.320000e+003	1.74926608e-001	-3.22507339e+000	4.75116264e+003	0.00000000e+000	2.5855e+015	1.0000e-010	0.0000e+000
1.330000e+003	1.75401724e-001	-3.22459828e+000	4.70281114e+003	0.00000000e+000	2.5385e+015	1.0000e-010	0.0000e+000
1.340000e+003	1.75872005e-001	-3.22412799e+000	4.65533127e+003	0.00000000e+000	2.4927e+015	1.0000e-010	0.0000e+000
1.350000e+003	1.76337538e-001	-3.22366246e+000	4.60869875e+003	0.00000000e+000	2.4482e+015	1.0000e-010	0.0000e+000
1.360000e+003	1.76798408e-001	-3.22320159e+000	4.56289019e+003	0.00000000e+000	2.4050e+015	1.0000e-010	0.0000e+000
1.370000e+003	1.77254697e-001	-3.22274530e+000	4.51788306e+003	0.00000000e+000	2.3629e+015	1.0000e-010	0.0000e+000
1.380000e+003	1.77706485e-001	-3.22229351e+000	4.47365564e+003	0.00000000e+000	2.3219e+015	1.0000e-010	0.0000e+000
1.390000e+003	1.78153851e-001	-3.22184615e+000	4.43018699e+003	0.00000000e+000	2.2821e+015	1.0000e-010	0.0000e+000
1.400000e+003	1.78596870e-001	-3.22140313e+000	4.38745690e+003	0.00000000e+000	2.2433e+015	1.0000e-010	0.0000e+000
1.410000e+003	1.79035615e-001	-3.22096438e+000	4.34544588e+003	0.00000000e+000	2.2056e+015	1.0000e-010	0.0000e+000
1.420000e+003	1.79470160e-001	-3.22052984e+000	4.30413512e+003	0.00000000e+000	2.1688e+015	1.0000e-010	0.0000e+000
1.430000e+003	1.79900574e-001	-3.22009943e+000	4.26350646e+003	0.00000000e+000	2.1330e+015	1.0000e-010	0.0000e+000
1.440000e+003	1.80326924e-001	-3.21967308e+000	4.22354235e+003	0.00000000e+000	2.0981e+015	1.0000e-010	0.0000e+000
1.450000e+003	1.80749278e-001	-3.21925072e+000	4.18422584e+003	0.00000000e+000	2.0641e+015	1.0000e-010	0.0000e+000
1.460000e+003	1.81167701e-001	-3.21883230e+000	4.14554057e+003	0.00000000e+000	2.0310e+015	1.0000e-010	0.0000e+000
1.470000e+003	1.81582255e-001	-3.21841774e+000	4.10747069e+003	0.00000000e+000	1.9987e+015	1.0000e-010	0.0000e+000
1.480000e+003	1.81993002e-001	-3.21800700e+000	4.07000090e+003	0.00000000e+000	1.9672e+015	1.0000e-010	0.0000e+000
1.490000e+003	1.82400002e-001	-3.21760000e+000	4.03311639e+003	0.00000000e+000	1.9364e+015	1.0000e-010	0.0000e+000
1.500000e+003	1.82803314e-001	-3.21719669e+000	3.99680285e+003	0.00000000e+000	1.9065e+015	1.0000e-010	0.0000e+000
1.510000e+003	1.83202994e-001	-3.21679701e+000	3.96104641e+003	0.00000000e+000	1.8772e+015	1.0000e-010	0.0000e+000
1.520000e+003	1.83599099e-001	-3.21640090e+000	3.92583365e+003	0.00000000e+000	1.8487e+015	1.0000e-010	0.0000e+000
1.530000e+003	1.83991682e-001	-3.21600832e+000	3.89115159e+003	0.00000000e+000	1.8208e+015	1.0000e-010	0.0000e+000
1.540000e+003	1.84380797e-001	-3.21561920e+000	3.85698764e+003	0.00000000e+000	1.7936e+015	1.0000e-010	0.0000e+000
1.550000e+003	1.84766496e-001	-3.21523350e+000	3.82332962e+003	0.00000000e+000	1.7671e+015	1.0000e-010	0.0000e+000
1.560000e+003	1.85148829e-001	-3.21485117e+000	3.79016571e+003	0.00000000e+000	1.7411e+015	1.0000e-010	0.0000e+000
1.570000e+003	1.85527846e-001	-3.21447215e+000	3.75748448e+003	0.00000000e+000	1.7158e+015	1.0000e-010	0.0000e+000
1.580000e+003	1.85903594e-001	-3.21409641e+000	3.72527481e+003	0.00000000e+000	1.6910e+015	1.0000e-010	0.0000e+000
1.590000e+003	1.86276122e-001	-3.21372388e+000	3.69352596e+003	0.00000000e+000	1.6668e+015	1.0000e-010	0.0000e+000
1.600000e+003	1.86645474e-001	-3.21335453e+000	3.66222749e+003	0.00000000e+000	1.6432e+015	1.0000e-010	0.0000e+000
1.610000e+003	1.87011697e-001	-3.21298830e+000	3.63136927e+003	0.00000000e+000	1.6201e+015	1.0000e-010	0.0000e+000
1.620000e+003	1.87374834e-001	-3.21262517e+000	3.60094148e+003	0.00000000e+000	1.5975e+015	1.0000e-010	0.0000e+000
1.630000e+003	1.87734928e-001	-3.21226507e+000	3.57093458e+003	0.00000000e+000	1.5754e+015	1.0000e-010	0.0000e+000
1.640000e+003	1.88092021e-001	-3.21190798e+000	3.54133932e+003	0.00000000e+000	1.5538e+015	1.0000e-010	0.0000e+000
1.650000e+003	1.88446155e-001	-3.21155384e+000	3.51214670e+003	0.00000000e+000	1.5326e+015	1.0000e-010	0.0000e+000
1.660000e+003	1.88797370e-001	-3.21120263e+000	3.48334800e+003	0.00000000e+000	1.5119e+015	1.0000e-010	0.0000e+000
1.670000e+003	1.89145705e-001	-3.21085430e+000	3.45493474e+003	0.00000000e+000	1.4917e+015	1.0000e-010	0.0000e+000
1.680000e+003	1.89491198e-001	-3.21050880e+000	3.42689867e+003	0.00000000e+000	1.4719e+015	1.0000e-010	0.0000e+000
1.690000e+003	1.89833888e-001	-3.21016611e+000	3.39923180e+003	0.00000000e+000	1.4525e+015	1.0000e-010	0.0000e+000
1.700000e+003	1.90173811e-001	-3.20982619e+000	3.37192633e+003	0.00000000e+000	1.4335e+015	1.0000e-010	0.0000e+000
1.710000e+003	1.90511004e-001	-3.20948900e+000	3.34497470e+003	0.00000000e+000	1.4150e+015	1.0000e-010	0.0000e+000
1.720000e+003	1.90845501e-001	-3.20915450e+000	3.31836954e+003	0.00000000e+000	1.3968e+015	1.0000e-010	0.0000e+000
1.730000e+003	1.91177338e-001	-3.20882266e+000	3.29210371e+003	0.00000000e+000	1.3790e+015	1.0000e-010	0.0000e+000
1.740000e+003	1.91506549e-001	-3.20849345e+000	3.26617024e+003	0.00000000e+000	1.3615e+015	1.0000e-010	0.0000e+000
1.750000e+003	1.91833166e-001	-3.20816683e+000	3.24056235e+003	0.00000000e+000	1.3444e+015	1.0000e-010	0.0000e+000
1.760000e+003	1.92157222e-001	-3.20784278e+000	3.21527346e+003	0.00000000e+000	1.3277e+015	1.0000e-010	0.0000e+000
1.770000e+003	1.92478749e-001	-3.20752125e+000	3.19029714e+003	0.00000000e+000	1.3113e+015	1.0000e-010	0.0000e+000
1.780000e+003	1.92797779e-001	-3.20720222e+000	3.16562716e+003	0.00000000e+000	1.2952e+015	1.0000e-010	0.0000e+000
1.790000e+003	1.93114342e-001	-3.20688566e+000	3.14125742e+003	0.00000000e+000	1.2794e+015	1.0000e-010	0.0000e+000
1.800000e+003	1.93428468e-001	-3.20657153e+000	3.11718200e+003	0.00000000e+000	1.2640e+015	1.0000e-010	0.0000e+000
1.810000e+003	1.93740186e-001	-3.20625981e+000	3.09339514e+003	0.00000000e+000	1.2488e+015	1.0000e-010	0.0000e+000
1.820000e+003	1.94049525e-001	-3.20595047e+000	3.06989120e+003	0.00000000e+000	1.2340e+015	1.0000e-010	0.0000e+000
1.830000e+003	1.94356514e-001	-3.20564349e+000	3.04666473e+003	0.00000000e+000	1.2194e+015	1.0000e-010	0.0000e+000
1.840000e+003	1.94661181e-001	-3.20533882e+000	3.02371037e+003	0.00000000e+000	1.2051e+015	1.0000e-010	0.0000e+000
1.850000e+003	1.94963552e-001	-3.20503645e+000	3.00102293e+003	0.00000000e+000	1.1911e+015	1.0000e-010	0.0000e+000
1.860000e+003	1.95263654e-001	-3.20473635e+000	2.97859733e+003	0.00000000e+000	1.1773e+015	1.0000e-010	0.0000e+000
1.870000e+003	1.95561514e-001	-3.20443849e+000	2.95642863e+003	0.00000000e+000	1.1639e+015	1.0000e-010	0.0000e+000
1.880000e+003	1.95857157e-001	-3.20414284e+000	2.93451201e+003	0.00000000e+000	1.1506e+015	1.0000e-010	0.0000e+000
1.890000e+003	1.96150608e-001	-3.20384939e+000	2.91284276e+003	0.00000000e+000	1.1376e+015	1.0000e-010	0.0000e+000
1.900000e+003	1.96441892e-001	-3.20355811e+000	2.89141630e+003	0.00000000e+000	1.1249e+015	1.0000e-010	0.0000e+000
1.910000e+003	1.96731034e-001	-3.20326897e+000	2.87022814e+003	0.00000000e+000	1.1124e+015	1.0000e-010	0.0000e+000
1.920000e+003	1.97018057e-001	-3.20298194e+000	2.84927393e+003	0.00000000e+000	1.1001e+015	1.0000e-010	0.0000e+000
1.930000e+003	1.97302984e-001	-3.20269702e+000	2.82854939e+003	0.00000000e+000	1.0880e+015	1.0000e-010	0.0000e+000
1.940000e+003	1.97585839e-001	-3.20241416e+000	2.80805038e+003	0.00000000e+000	1.0762e+015	1.0000e-010	0.0000e+000
1.950000e+003	1.97866644e-001	-3.20213336e+000	2.78777282e+003	0.00000000e+000	1.0646e+015	1.0000e-010	0.0000e+000
1.960000e+003	1.98145421e-001	-3.20185458e+000	2.76771274e+003	0.00000000e+000	1.0532e+015	1.0000e-010	0.0000e+000
1.970000e+003	1.98422193e-001	-3.20157781e+000	2.74786629e+003	0.00000000e+000	1.0419e+015	1.0000e-010	0.0000e+000
1.980000e+003	1.98696979e-001	-3.20130302e+000	2.72822967e+003	0.00000000e+000	1.0309e+015	1.0000e-010	0.0000e+000
1.990000e+003	1.98969802e-001	-3.20103020e+000	2.70879920e+003	0.00000000e+000	1.0201e+015	1.0000e-010	0.0000e+000
2.000000e+003	1.99240682e-001	-3.20075932e+000	2.68957125e+003	0.00000000e+000	1.0095e+015	1.0000e-010	0.0000e+000
2.010000e+003	1.99509639e-001	-3.20049036e+000	2.67054231e+003	0.00000000e+000	9.9902e+014	1.0000e-010	0.0000e+000
2.020000e+003	1.99776694e-001	-3.20022331e+000	2.65170893e+003	0.00000000e+000	9.8876e+014	1.0000e-010	0.0000e+000
2.030000e+003	2.00041864e-001	-3.19995814e+000	2.63306774e+003	0.00000000e+000	9.7867e+014	1.0000e-010	0.0000e+000
2.040000e+003	2.00305171e-001	-3.19969483e+000	2.61461545e+003	0.00000000e+000	9.6875e+014	1.0000e-010	0.0000e+000
2.050000e+003	2.00566633e-001	-3.19943337e+000	2.59634885e+003	0.00000000e+000	9.5900e+014	1.0000e-010	0.0000e+000
2.060000e+003	2.00826268e-001	-3.19917373e+000	2.57826477e+003	0.00000000e+000	9.4942e+014	1.0000e-010	0.0000e+000
2.070000e+003	2.01084094e-001	-3.19891591e+000	2.56036016e+003	0.00000000e+000	9.4000e+014	1.0000e-010	0.0000e+000
2.080000e+003	2.01340130e-001	-3.19865987e+000	2.54263200e+003	0.00000000e+000	9.3073e+014	1.0000e-010	0.0000e+000
2.090000e+003	2.01594393e-001	-3.19840561e+000	2.52507735e+003	0.00000000e+000	9.2162e+014	1.0000e-010	0.0000e+000
2.100000e+003	2.01846901e-001	-3.19815310e+000	2.50769332e+003	0.00000000e+000	9.1266e+014	1.0000e-010	0.0000e+000
2.110000e+003	2.02097670e-001	-3.19790233e+000	2.49047711e+003	0.00000000e+000	9.0385e+014	1.0000e-010	0.0000e+000
2.120000e+003	2.02346718e-001	-3.19765328e+000	2.47342596e+003	0.00000000e+000	8.9519e+014	1.0000e-010	0.0000e+000
2.130000e+003	2.02594061e-001	-3.19740594e+000	2.45653717e+003	0.00000000e+000	8.8666e+014	1.0000e-010	0.0000e+000
2.140000e+003	2.02839714e-001	-3.19716029e+000	2.43980810e+003	0.00000000e+000	8.7828e+014	1.0000e-010	0.0000e+000
2.150000e+003	2.03083695e-001	-3.19691630e+000	2.42323617e+003	0.00000000e+000	8.7003e+014	1.0000e-010	0.0000e+000
2.160000e+003	2.03326019e-001	-3.19667398e+000	2.40681885e+003	0.00000000e+000	8.6191e+014	1.0000e-010	0.0000e+000
2.170000e+003	2.03566701e-001	-3.19643330e+000	2.39055367e+003	0.00000000e+000	8.5392e+014	1.0000e-010	0.0000e+000
2.180000e+003	2.03805756e-001	-3.19619424e+000	2.37443820e+003	0.00000000e+000	8.4606e+014	1.0000e-010	0.0000e+000
2.190000e+003	2.04043200e-001	-3.19595680e+000	2.35847007e+003	0.00000000e+000	8.3833e+014	1.0000e-010	0.0000e+000
2.200000e+003	2.04279047e-001	-3.19572095e+000	2.34264695e+003	0.00000000e+000	8.3072e+014	1.0000e-010	0.0000e+000
2.210000e+003	2.04513312e-001	-3.19548669e+000	2.32696657e+003	0.00000000e+000	8.2322e+014	1.0000e-010	0.0000e+000
2.220000e+003	2.04746008e-001	-3.19525399e+000	2.31142670e+003	0.00000000e+000	8.1585e+014	1.0000e-010	0.0000e+000
2.230000e+003	2.04977151e-001	-3.19502285e+000	2.29602515e+003	0.00000000e+000	8.0858e+014	1.0000e-010	0.0000e+000
2.240000e+003	2.05206753e-001	-3.19479325e+000	2.28075978e+003	0.00000000e+000	8.0143e+014	1.0000e-010	0.0000e+000
2.250000e+003	2.05434829e-001	-3.19456517e+000	2.26562850e+003	0.00000000e+000	7.9439e+014	1.0000e-010	0.0000e+000
2.260000e+003	2.05661392e-001	-3.19433861e+000	2.25062924e+003	0.00000000e+000	7.8746e+014	1.0000e-010	0.0000e+000
2.270000e+003	2.05886455e-001	-3.19411354e+000	2.23576000e+003	0.00000000e+000	7.8064e+014	1.0000e-010	0.0000e+000
2.280000e+003	2.06110031e-001	-3.19388997e+000	2.22101880e+003	0.00000000e+000	7.7392e+014	1.0000e-010	0.0000e+000
2.290000e+003	2.06332133e-001	-3.19366787e+000	2.20640371e+003	0.00000000e+000	7.6729e+014	1.0000e-010	0.0000e+000
2.300000e+003	2.06552773e-001	-3.19344723e+000	2.19191282e+003	0.00000000e+000	7.6077e+014	1.0000e-010	0.0000e+000
2.310000e+003	2.06771965e-001	-3.19322804e+000	2.17754427e+003	0.00000000e+000	7.5435e+014	1.0000e-010	0.0000e+000
2.320000e+003	2.06989719e-001	-3.19301028e+000	2.16329624e+003	0.00000000e+000	7.4802e+014	1.0000e-010	0.0000e+000
2.330000e+003	2.07206049e-001	-3.19279395e+000	2.14916694e+003	0.00000000e+000	7.4179e+014	1.0000e-010	0.0000e+000
2.340000e+003	2.07420965e-001	-3.19257903e+000	2.13515462e+003	0.00000000e+000	7.3565e+014	1.0000e-010	0.0000e+000
2.350000e+003	2.07634481e-001	-3.19236552e+000	2.12125755e+003	0.00000000e+000	7.2960e+014	1.0000e-010	0.0000e+000
2.360000e+003	2.07846607e-001	-3.19215339e+000	2.10747405e+003	0.00000000e+000	7.2364e+014	1.0000e-010	0.0000e+000
2.370000e+003	2.08057354e-001	-3.19194265e+000	2.09380245e+003	0.00000000e+000	7.1776e+014	1.0000e-010	0.0000e+000
2.380000e+003	2.08266734e-001	-3.19173327e+000	2.08024114e+003	0.00000000e+000	7.1197e+014	1.0000e-010	0.0000e+000
2.390000e+003	2.08474758e-001	-3.19152524e+000	2.06678851e+003	0.00000000e+000	7.0627e+014	1.0000e-010	0.0000e+000
2.400000e+003	2.08681437e-001	-3.19131856e+000	2.05344300e+003	0.00000000e+000	7.0064e+014	1.0000e-010	0.0000e+000
2.410000e+003	2.08886782e-001	-3.19111322e+000	2.04020307e+003	0.00000000e+000	6.9510e+014	1.0000e-010	0.0000e+000
2.420000e+003	2.09090802e-001	-3.19090920e+000	2.02706723e+003	0.00000000e+000	6.8963e+014	1.0000e-010	0.0000e+000
2.430000e+003	2.09293509e-001	-3.19070649e+000	2.01403398e+003	0.00000000e+000	6.8425e+014	1.0000e-010	0.0000e+000
2.440000e+003	2.09494912e-001	-3.19050509e+000	2.00110187e+003	0.00000000e+000	6.7894e+014	1.0000e-010	0.0000e+000
2.450000e+003	2.09695022e-001	-3.19030498e+000	1.98826948e+003	0.00000000e+000	6.7370e+014	1.0000e-010	0.0000e+000
2.460000e+003	2.09893849e-001	-3.19010615e+000	1.97553540e+003	0.00000000e+000	6.6854e+014	1.0000e-010	0.0000e+000
2.470000e+003	2.10091403e-001	-3.18990860e+000	1.96289826e+003	0.00000000e+000	6.6345e+014	1.0000e-010	0.0000e+000
2.480000e+003	2.10287693e-001	-3.18971231e+000	1.95035671e+003	0.00000000e+000	6.5843e+014	1.0000e-010	0.0000e+000
2.490000e+003	2.10482728e-001	-3.18951727e+000	1.93790942e+003	0.00000000e+000	6.5348e+014	1.0000e-010	0.0000e+000
2.500000e+003	2.10676519e-001	-3.18932348e+000	1.92555509e+003	0.00000000e+000	6.4860e+014	1.0000e-010	0.0000e+000
2.510000e+003	2.10869075e-001	-3.18913093e+000	1.91329244e+003	0.00000000e+000	6.4379e+014	1.0000e-010	0.0000e+000
2.520000e+003	2.11060404e-001	-3.18893960e+000	1.90112021e+003	0.00000000e+000	6.3904e+014	1.0000e-010	0.0000e+000
2.530000e+003	2.11250516e-001	-3.18874948e+000	1.88903716e+003	0.00000000e+000	6.3436e+014	1.0000e-010	0.0000e+000
2.540000e+003	2.11439420e-001	-3.18856058e+000	1.87704208e+003	0.00000000e+000	6.2974e+014	1.0000e-010	0.0000e+000
2.550000e+003	2.11627124e-001	-3.18837288e+000	1.86513378e+003	0.00000000e+000	6.2519e+014	1.0000e-010	0.0000e+000
2.560000e+003	2.11813637e-001	-3.18818636e+000	1.85331109e+003	0.00000000e+000	6.2069e+014	1.0000e-010	0.0000e+000
2.570000e+003	2.11998968e-001	-3.18800103e+000	1.84157285e+003	0.00000000e+000	6.1626e+014	1.0000e-010	0.0000e+000
2.580000e+003	2.12183126e-001	-3.18781687e+000	1.82991793e+003	0.00000000e+000	6.1189e+014	1.0000e-010	0.0000e+000
2.590000e+003	2.12366117e-001	-3.18763388e+000	1.81834522e+003	0.00000000e+000	6.0757e+014	1.0000e-010	0.0000e+000
2.600000e+003	2.12547952e-001	-3.18745205e+000	1.80685362e+003	0.00000000e+000	6.0331e+014	1.0000e-010	0.0000e+000
2.610000e+003	2.12728637e-001	-3.18727136e+000	1.79544205e+003	0.00000000e+000	5.9911e+014	1.0000e-010	0.0000e+000
2.620000e+003	2.12908181e-001	-3.18709182e+000	1.78410947e+003	0.00000000e+000	5.9496e+014	1.0000e-010	0.0000e+000
2.630000e+003	2.13086592e-001	-3.18691341e+000	1.77285483e+003	0.00000000e+000	5.9087e+014	1.0000e-010	0.0000e+000
2.640000e+003	2.13263878e-001	-3.18673612e+000	1.76167710e+003	0.00000000e+000	5.8683e+014	1.0000e-010	0.0000e+000
2.650000e+003	2.13440046e-001	-3.18655995e+000	1.75057528e+003	0.00000000e+000	5.8285e+014	1.0000e-010	0.0000e+000
2.660000e+003	2.13615103e-001	-3.18638490e+000	1.73954839e+003	0.00000000e+000	5.7891e+014	1.0000e-010	0.0000e+000
2.670000e+003	2.13789058e-001	-3.18621094e+000	1.72859545e+003	0.00000000e+000	5.7503e+014	1.0000e-010	0.0000e+000
2.680000e+003	2.13961918e-001	-3.18603808e+000	1.71771550e+003	0.00000000e+000	5.7120e+014	1.0000e-010	0.0000e+000
2.690000e+003	2.14133689e-001	-3.18586631e+000	1.70690760e+003	0.00000000e+000	5.6742e+014	1.0000e-010	0.0000e+000
2.700000e+003	2.14304380e-001	-3.18569562e+000	1.69617083e+003	0.00000000e+000	5.6368e+014	1.0000e-010	0.0000e+000
2.710000e+003	2.14473997e-001	-3.18552600e+000	1.68550427e+003	0.00000000e+000	5.6000e+014	1.0000e-010	0.0000e+000
2.720000e+003	2.14642547e-001	-3.18535745e+000	1.67490702e+003	0.00000000e+000	5.5636e+014	1.0000e-010	0.0000e+000
2.730000e+003	2.14810038e-001	-3.18518996e+000	1.66437822e+003	0.00000000e+000	5.5276e+014	1.0000e-010	0.0000e+000
2.740000e+003	2.14976476e-001	-3.18502352e+000	1.65391698e+003	0.00000000e+000	5.4922e+014	1.0000e-010	0.0000e+000
2.750000e+003	2.15141868e-001	-3.18485813e+000	1.64352246e+003	0.00000000e+000	5.4571e+014	1.0000e-010	0.0000e+000
2.760000e+003	2.15306220e-001	-3.18469378e+000	1.63319381e+003	0.00000000e+000	5.4226e+014	1.0000e-010	0.0000e+000
2.770000e+003	2.15469539e-001	-3.18453046e+000	1.62293020e+003	0.00000000e+000	5.3884e+014	1.0000e-010	0.0000e+000
2.780000e+003	2.15631832e-001	-3.18436817e+000	1.61273082e+003	0.00000000e+000	5.3547e+014	1.0000e-010	0.0000e+000
2.790000e+003	2.15793105e-001	-3.18420689e+000	1.60259488e+003	0.00000000e+000	5.3214e+014	1.0000e-010	0.0000e+000
2.800000e+003	2.15953365e-001	-3.18404664e+000	1.59252157e+003	0.00000000e+000	5.2885e+014	1.0000e-010	0.0000e+000
2.810000e+003	2.16112617e-001	-3.18388738e+000	1.58251013e+003	0.00000000e+000	5.2560e+014	1.0000e-010	0.0000e+000
2.820000e+003	2.16270868e-001	-3.18372913e+000	1.57255978e+003	0.00000000e+000	5.2239e+014	1.0000e-010	0.0000e+000
2.830000e+003	2.16428124e-001	-3.18357188e+000	1.56266977e+003	0.00000000e+000	5.1923e+014	1.0000e-010	0.0000e+000
2.840000e+003	2.16584391e-001	-3.18341561e+000	1.55283937e+003	0.00000000e+000	5.1610e+014	1.0000e-010	0.0000e+000
2.850000e+003	2.16739675e-001	-3.18326033e+000	1.54306784e+003	0.00000000e+000	5.1301e+014	1.0000e-010	0.0000e+000
2.860000e+003	2.16893982e-001	-3.18310602e+000	1.53335446e+003	0.00000000e+000	5.0995e+014	1.0000e-010	0.0000e+000
2.870000e+003	2.17047317e-001	-3.18295268e+000	1.52369852e+003	0.00000000e+000	5.0694e+014	1.0000e-010	0.0000e+000
2.880000e+003	2.17199687e-001	-3.18280031e+000	1.51409933e+003	0.00000000e+000	5.0396e+014	1.0000e-010	0.0000e+000
2.890000e+003	2.17351097e-001	-3.18264890e+000	1.50455619e+003	0.00000000e+000	5.0102e+014	1.0000e-010	0.0000e+000
2.900000e+003	2.17501552e-001	-3.18249845e+000	1.49506843e+003	0.00000000e+000	4.9811e+014	1.0000e-010	0.0000e+000
2.910000e+003	2.17651059e-001	-3.18234894e+000	1.48563538e+003	0.00000000e+000	4.9524e+014	1.0000e-010	0.0000e+000
2.920000e+003	2.17799623e-001	-3.18220038e+000	1.47625639e+003	0.00000000e+000	4.9240e+014	1.0000e-010	0.0000e+000
2.930000e+003	2.17947249e-001	-3.18205275e+000	1.46693080e+003	0.00000000e+000	4.8959e+014	1.0000e-010	0.0000e+000
2.940000e+003	2.18093942e-001	-3.18190606e+000	1.45765798e+003	0.00000000e+000	4.8682e+014	1.0000e-010	0.0000e+000
2.950000e+003	2.18239707e-001	-3.18176029e+000	1.44843729e+003	0.00000000e+000	4.8409e+014	1.0000e-010	0.0000e+000
2.960000e+003	2.18384551e-001	-3.18161545e+000	1.43926813e+003	0.00000000e+000	4.8138e+014	1.0000e-010	0.0000e+000
2.970000e+003	2.18528478e-001	-3.18147152e+000	1.43014986e+003	0.00000000e+000	4.7871e+014	1.0000e-010	0.0000e+000
2.980000e+003	2.18671493e-001	-3.18132851e+000	1.42108191e+003	0.00000000e+000	4.7607e+014	1.0000e-010	0.0000e+000
2.990000e+003	2.18813601e-001	-3.18118640e+000	1.41206366e+003	0.00000000e+000	4.7346e+014	1.0000e-010	0.0000e+000
3.000000e+003	2.18954807e-001	-3.18104519e+000	1.40309453e+003	0.00000000e+000	4.7088e+014	1.0000e-010	0.0000e+000
3.010000e+003	2.19095117e-001	-3.18090488e+000	1.39417396e+003	0.00000000e+000	4.6833e+014	1.0000e-010	0.0000e+000
3.020000e+003	2.19234534e-001	-3.18076547e+000	1.38530136e+003	0.00000000e+000	4.6581e+014	1.0000e-010	0.0000e+000
3.030000e+003	2.19373064e-001	-3.18062694e+000	1.37647618e+003	0.00000000e+000	4.6332e+014	1.0000e-010	0.0000e+000
3.040000e+003	2.19510712e-001	-3.18048929e+000	1.36769786e+003	0.00000000e+000	4.6086e+014	1.0000e-010	0.0000e+000
3.050000e+003	2.19647482e-001	-3.18035252e+000	1.35896586e+003	0.00000000e+000	4.5843e+014	1.0000e-010	0.0000e+000
3.060000e+003	2.19783378e-001	-3.18021662e+000	1.35027965e+003	0.00000000e+000	4.5603e+014	1.0000e-010	0.0000e+000
3.070000e+003	2.19918406e-001	-3.18008159e+000	1.34163868e+003	0.00000000e+000	4.5365e+014	1.0000e-010	0.0000e+000
3.080000e+003	2.20052570e-001	-3.17994743e+000	1.33304244e+003	0.00000000e+000	4.5130e+014	1.0000e-010	0.0000e+000
3.090000e+003	2.20185875e-001	-3.17981413e+000	1.32449042e+003	0.00000000e+000	4.4898e+014	1.0000e-010	0.0000e+000
3.100000e+003	2.20318324e-001	-3.17968168e+000	1.31598210e+003	0.00000000e+000	4.4669e+014	1.0000e-010	0.0000e+000
3.110000e+003	2.20449922e-001	-3.17955008e+000	1.30751697e+003	0.00000000e+000	4.4442e+014	1.0000e-010	0.0000e+000
3.120000e+003	2.20580673e-001	-3.17941933e+000	1.29909456e+003	0.00000000e+000	4.4218e+014	1.0000e-010	0.0000e+000
3.130000e+003	2.20710583e-001	-3.17928942e+000	1.29071436e+003	0.00000000e+000	4.3996e+014	1.0000e-010	0.0000e+000
3.140000e+003	2.20839654e-001	-3.17916035e+000	1.28237590e+003	0.00000000e+000	4.3777e+014	1.0000e-010	0.0000e+000
3.150000e+003	2.20967892e-001	-3.17903211e+000	1.27407870e+003	0.00000000e+000	4.3560e+014	1.0000e-010	0.0000e+000
3.160000e+003	2.21095300e-001	-3.17890470e+000	1.26582228e+003	0.00000000e+000	4.3346e+014	1.0000e-010	0.0000e+000
3.170000e+003	2.21221882e-001	-3.17877812e+000	1.25760620e+003	0.00000000e+000	4.3135e+014	1.0000e-010	0.0000e+000
3.180000e+003	2.21347643e-001	-3.17865236e+000	1.24942999e+003	0.00000000e+000	4.2925e+014	1.0000e-010	0.0000e+000
3.190000e+003	2.21472586e-001	-3.17852741e+000	1.24129320e+003	0.00000000e+000	4.2718e+014	1.0000e-010	0.0000e+000
3.200000e+003	2.21596715e-001	-3.17840329e+000	1.23319538e+003	0.00000000e+000	4.2514e+014	1.0000e-010	0.0000e+000
3.210000e+003	2.21720035e-001	-3.17827997e+000	1.22513610e+003	0.00000000e+000	4.2311e+014	1.0000e-010	0.0000e+000
3.220000e+003	2.21842548e-001	-3.17815745e+000	1.21711492e+003	0.00000000e+000	4.2111e+014	1.0000e-010	0.0000e+000
3.230000e+003	2.21964260e-001	-3.17803574e+000	1.20913142e+003	0.00000000e+000	4.1914e+014	1.0000e-010	0.0000e+000
3.240000e+003	2.22085173e-001	-3.17791483e+000	1.20118517e+003	0.00000000e+000	4.1718e+014	1.0000e-010	0.0000e+000
3.250000e+003	2.22205291e-001	-3.17779471e+000	1.19327576e+003	0.00000000e+000	4.1525e+014	1.0000e-010	0.0000e+000
3.260000e+003	2.22324619e-001	-3.17767538e+000	1.18540277e+003	0.00000000e+000	4.1333e+014	1.0000e-010	0.0000e+000
3.270000e+003	2.22443159e-001	-3.17755684e+000	1.17756580e+003	0.00000000e+000	4.1144e+014	1.0000e-010	0.0000e+000
3.280000e+003	2.22560916e-001	-3.17743908e+000	1.16976444e+003	0.00000000e+000	4.0957e+014	1.0000e-010	0.0000e+000
3.290000e+003	2.22677892e-001	-3.17732211e+000	1.16199831e+003	0.00000000e+000	4.0772e+014	1.0000e-010	0.0000e+000
3.300000e+003	2.22794092e-001	-3.17720591e+000	1.15426700e+003	0.00000000e+000	4.0589e+014	1.0000e-010	0.0000e+000
3.310000e+003	2.22909519e-001	-3.17709048e+000	1.14657014e+003	0.00000000e+000	4.0409e+014	1.0000e-010	0.0000e+000
3.320000e+003	2.23024176e-001	-3.17697582e+000	1.13890734e+003	0.00000000e+000	4.0230e+014	1.0000e-010	0.0000e+000
3.330000e+003	2.23138066e-001	-3.17686193e+000	1.13127822e+003	0.00000000e+000	4.0053e+014	1.0000e-010	0.0000e+000
3.340000e+003	2.23251194e-001	-3.17674881e+000	1.12368241e+003	0.00000000e+000	3.9878e+014	1.0000e-010	0.0000e+000
3.350000e+003	2.23363563e-001	-3.17663644e+000	1.11611955e+003	0.00000000e+000	3.9705e+014	1.0000e-010	0.0000e+000
3.360000e+003	2.23475174e-001	-3.17652483e+000	1.10858927e+003	0.00000000e+000	3.9534e+014	1.0000e-010	0.0000e+000
3.370000e+003	2.23586033e-001	-3.17641397e+000	1.10109121e+003	0.00000000e+000	3.9365e+014	1.0000e-010	0.0000e+000
3.380000e+003	2.23696143e-001	-3.17630386e+000	1.09362502e+003	0.00000000e+000	3.9198e+014	1.0000e-010	0.0000e+000
3.390000e+003	2.23805505e-001	-3.17619449e+000	1.08619035e+003	0.00000000e+000	3.9032e+014	1.0000e-010	0.0000e+000
3.400000e+003	2.23914124e-001	-3.17608588e+000	1.07878685e+003	0.00000000e+000	3.8869e+014	1.0000e-010	0.0000e+000
3.410000e+003	2.24022003e-001	-3.17597800e+000	1.07141418e+003	0.00000000e+000	3.8707e+014	1.0000e-010	0.0000e+000
3.420000e+003	2.24129144e-001	-3.17587086e+000	1.06407200e+003	0.00000000e+000	3.8547e+014	1.0000e-010	0.0000e+000
3.430000e+003	2.24235551e-001	-3.17576445e+000	1.05675998e+003	0.00000000e+000	3.8388e+014	1.0000e-010	0.0000e+000
3.440000e+003	2.24341227e-001	-3.17565877e+000	1.04947778e+003	0.00000000e+000	3.8232e+014	1.0000e-010	0.0000e+000
3.450000e+003	2.24446175e-001	-3.17555382e+000	1.04222509e+003	0.00000000e+000	3.8077e+014	1.0000e-010	0.0000e+000
3.460000e+003	2.24550398e-001	-3.17544960e+000	1.03500159e+003	0.00000000e+000	3.7924e+014	1.0000e-010	0.0000e+000
3.470000e+003	2.24653898e-001	-3.17534610e+000	1.02780694e+003	0.00000000e+000	3.7772e+014	1.0000e-010	0.0000e+000
3.480000e+003	2.24756678e-001	-3.17524332e+000	1.02064084e+003	0.00000000e+000	3.7622e+014	1.0000e-010	0.0000e+000
3.490000e+003	2.24858743e-001	-3.17514126e+000	1.01350298e+003	0.00000000e+000	3.7474e+014	1.0000e-010	0.0000e+000
3.500000e+003	2.24960093e-001	-3.17503991e+000	1.00639304e+003	0.00000000e+000	3.7327e+014	1.0000e-010	0.0000e+000
3.510000e+003	2.25060732e-001	-3.17493927e+000	9.99310730e+002	0.00000000e+000	3.7182e+014	1.0000e-010	0.0000e+000
3.520000e+003	2.25160663e-001	-3.17483934e+000	9.92255743e+002	0.00000000e+000	3.7039e+014	1.0000e-010	0.0000e+000
3.530000e+003	2.25259889e-001	-3.17474011e+000	9.85227783e+002	0.00000000e+000	3.6897e+014	1.0000e-010	0.0000e+000
3.540000e+003	2.25358412e-001	-3.17464159e+000	9.78226556e+002	0.00000000e+000	3.6757e+014	1.0000e-010	0.0000e+000
3.550000e+003	2.25456234e-001	-3.17454377e+000	9.71251771e+002	0.00000000e+000	3.6618e+014	1.0000e-010	0.0000e+000
3.560000e+003	2.25553359e-001	-3.17444664e+000	9.64303141e+002	0.00000000e+000	3.6480e+014	1.0000e-010	0.0000e+000
3.570000e+003	2.25649790e-001	-3.17435021e+000	9.57380381e+002	0.00000000e+000	3.6345e+014	1.0000e-010	0.0000e+000
3.580000e+003	2.25745528e-001	-3.17425447e+000	9.50483212e+002	0.00000000e+000	3.6210e+014	1.0000e-010	0.0000e+000
3.590000e+003	2.25840576e-001	-3.17415942e+000	9.43611354e+002	0.00000000e+000	3.6077e+014	1.0000e-010	0.0000e+000
3.600000e+003	2.25934937e-001	-3.17406506e+000	9.36764533e+002	0.00000000e+000	3.5946e+014	1.0000e-010	0.0000e+000
3.610000e+003	2.26028614e-001	-3.17397139e+000	9.29942477e+002	0.00000000e+000	3.5816e+014	1.0000e-010	0.0000e+000
3.620000e+003	2.26121608e-001	-3.17387839e+000	9.23144918e+002	0.00000000e+000	3.5687e+014	1.0000e-010	0.0000e+000
3.630000e+003	2.26213922e-001	-3.17378608e+000	9.16371588e+002	0.00000000e+000	3.5560e+014	1.0000e-010	0.0000e+000
3.640000e+003	2.26305560e-001	-3.17369444e+000	9.09622225e+002	0.00000000e+000	3.5434e+014	1.0000e-010	0.0000e+000
3.650000e+003	2.26396522e-001	-3.17360348e+000	9.02896569e+002	0.00000000e+000	3.5310e+014	1.0000e-010	0.0000e+000
3.660000e+003	2.26486811e-001	-3.17351319e+000	8.96194361e+002	0.00000000e+000	3.5187e+014	1.0000e-010	0.0000e+000
3.670000e+003	2.26576431e-001	-3.17342357e+000	8.89515347e+002	0.00000000e+000	3.5065e+014	1.0000e-010	0.0000e+000
3.680000e+003	2.26665382e-001	-3.17333462e+000	8.82859275e+002	0.00000000e+000	3.4944e+014	1.0000e-010	0.0000e+000
3.690000e+003	2.26753668e-001	-3.17324633e+000	8.76225895e+002	0.00000000e+000	3.4825e+014	1.0000e-010	0.0000e+000
3.700000e+003	2.26841291e-001	-3.17315871e+000	8.69614960e+002	0.00000000e+000	3.4708e+014	1.0000e-010	0.0000e+000
3.710000e+003	2.26928252e-001	-3.17307175e+000	8.63026226e+002	0.00000000e+000	3.4591e+014	1.0000e-010	0.0000e+000
3.720000e+003	2.27014555e-001	-3.17298544e+000	8.56459450e+002	0.00000000e+000	3.4476e+014	1.0000e-010	0.0000e+000
3.730000e+003	2.27100201e-001	-3.17289980e+000	8.49914394e+002	0.00000000e+000	3.4362e+014	1.0000e-010	0.0000e+000
3.740000e+003	2.27185192e-001	-3.17281481e+000	8.43390820e+002	0.00000000e+000	3.4249e+014	1.0000e-010	0.0000e+000
3.750000e+003	2.27269532e-001	-3.17273047e+000	8.36888494e+002	0.00000000e+000	3.4137e+014	1.0000e-010	0.0000e+000
3.760000e+003	2.27353220e-001	-3.17264678e+000	8.30407183e+002	0.00000000e+000	3.4027e+014	1.0000e-010	0.0000e+000
3.770000e+003	2.27436261e-001	-3.17256374e+000	8.23946658e+002	0.00000000e+000	3.3918e+014	1.0000e-010	0.0000e+000
3.780000e+003	2.27518656e-001	-3.17248134e+000	8.17506691e+002	0.00000000e+000	3.3810e+014	1.0000e-010	0.0000e+000
3.790000e+003	2.27600406e-001	-3.17239959e+000	8.11087056e+002	0.00000000e+000	3.3703e+014	1.0000e-010	0.0000e+000
3.800000e+003	2.27681515e-001	-3.17231848e+000	8.04687531e+002	0.00000000e+000	3.3598e+014	1.0000e-010	0.0000e+000
3.810000e+003	2.27761984e-001	-3.17223802e+000	7.98307895e+002	0.00000000e+000	3.3493e+014	1.0000e-010	0.0000e+000
3.820000e+003	2.27841815e-001	-3.17215819e+000	7.91947929e+002	0.00000000e+000	3.3390e+014	1.0000e-010	0.0000e+000
3.830000e+003	2.27921009e-001	-3.17207899e+000	7.85607415e+002	0.00000000e+000	3.3288e+014	1.0000e-010	0.0000e+000
3.840000e+003	2.27999570e-001	-3.17200043e+000	7.79286141e+002	0.00000000e+000	3.3187e+014	1.0000e-010	0.0000e+000
3.850000e+003	2.28077499e-001	-3.17192250e+000	7.72983893e+002	0.00000000e+000	3.3087e+014	1.0000e-010	0.0000e+000
3.860000e+003	2.28154797e-001	-3.17184520e+000	7.66700461e+002	0.00000000e+000	3.2988e+014	1.0000e-010	0.0000e+000
3.870000e+003	2.28231467e-001	-3.17176853e+000	7.60435636e+002	0.00000000e+000	3.2890e+014	1.0000e-010	0.0000e+000
3.880000e+003	2.28307511e-001	-3.17169249e+000	7.54189212e+002	0.00000000e+000	3.2794e+014	1.0000e-010	0.0000e+000
3.890000e+003	2.28382930e-001	-3.17161707e+000	7.47960984e+002	0.00000000e+000	3.2698e+014	1.0000e-010	0.0000e+000
3.900000e+003	2.28457726e-001	-3.17154227e+000	7.41750750e+002	0.00000000e+000	3.2604e+014	1.0000e-010	0.0000e+000
3.910000e+003	2.28531901e-001	-3.17146810e+000	7.35558309e+002	0.00000000e+000	3.2510e+014	1.0000e-010	0.0000e+000
3.920000e+003	2.28605457e-001	-3.17139454e+000	7.29383462e+002	0.00000000e+000	3.2418e+014	1.0000e-010	0.0000e+000
3.930000e+003	2.28678395e-001	-3.17132160e+000	7.23226012e+002	0.00000000e+000	3.2327e+014	1.0000e-010	0.0000e+000
3.940000e+003	2.28750718e-001	-3.17124928e+000	7.17085764e+002	0.00000000e+000	3.2236e+014	1.0000e-010	0.0000e+000
3.950000e+003	2.28822426e-001	-3.17117757e+000	7.10962524e+002	0.00000000e+000	3.2147e+014	1.0000e-010	0.0000e+000
3.960000e+003	2.28893523e-001	-3.17110648e+000	7.04856101e+002	0.00000000e+000	3.2059e+014	1.0000e-010	0.0000e+000
3.970000e+003	2.28964008e-001	-3.17103599e+000	6.98766305e+002	0.00000000e+000	3.1972e+014	1.0000e-010	0.0000e+000
3.980000e+003	2.29033885e-001	-3.17096612e+000	6.92692946e+002	0.00000000e+000	3.1885e+014	1.0000e-010	0.0000e+000
3.990000e+003	2.29103154e-001	-3.17089685e+000	6.86635839e+002	0.00000000e+000	3.1800e+014	1.0000e-010	0.0000e+000
4.000000e+003	2.29171818e-001	-3.17082818e+000	6.80594799e+002	0.00000000e+000	3.1716e+014	1.0000e-010	0.0000e+000
4.010000e+003	2.29239877e-001	-3.17076012e+000	6.74569641e+002	0.00000000e+000	3.1632e+014	1.0000e-010	0.0000e+000
4.020000e+003	2.29307334e-001	-3.17069267e+000	6.68560185e+002	0.00000000e+000	3.1550e+014	1.0000e-010	0.0000e+000
4.030000e+003	2.29374190e-001	-3.17062581e+000	6.62566250e+002	0.00000000e+000	3.1468e+014	1.0000e-010	0.0000e+000
4.040000e+003	2.29440447e-001	-3.17055955e+000	6.56587657e+002	0.00000000e+000	3.1388e+014	1.0000e-010	0.0000e+000
4.050000e+003	2.29506106e-001	-3.17049389e+000	6.50624230e+002	0.00000000e+000	3.1308e+014	1.0000e-010	0.0000e+000
4.060000e+003	2.29571168e-001	-3.17042883e+000	6.44675792e+002	0.00000000e+000	3.1229e+014	1.0000e-010	0.0000e+000
4.070000e+003	2.29635636e-001	-3.17036436e+000	6.38742169e+002	0.00000000e+000	3.1152e+014	1.0000e-010	0.0000e+000
4.080000e+003	2.29699510e-001	-3.17030049e+000	6.32823188e+002	0.00000000e+000	3.1075e+014	1.0000e-010	0.0000e+000
4.090000e+003	2.29762792e-001	-3.17023721e+000	6.26918679e+002	0.00000000e+000	3.0999e+014	1.0000e-010	0.0000e+000
4.100000e+003	2.29825484e-001	-3.17017452e+000	6.21028471e+002	0.00000000e+000	3.0924e+014	1.0000e-010	0.0000e+000
4.110000e+003	2.29887587e-001	-3.17011241e+000	6.15152396e+002	0.00000000e+000	3.0849e+014	1.0000e-010	0.0000e+000
4.120000e+003	2.29949102e-001	-3.17005090e+000	6.09290286e+002	0.00000000e+000	3.0776e+014	1.0000e-010	0.0000e+000
4.130000e+003	2.30010031e-001	-3.16998997e+000	6.03441976e+002	0.00000000e+000	3.0704e+014	1.0000e-010	0.0000e+000
4.140000e+003	2.30070375e-001	-3.16992962e+000	5.97607302e+002	0.00000000e+000	3.0632e+014	1.0000e-010	0.0000e+000
4.150000e+003	2.30130136e-001	-3.16986986e+000	5.91786099e+002	0.00000000e+000	3.0561e+014	1.0000e-010	0.0000e+000
4.160000e+003	2.30189315e-001	-3.16981069e+000	5.85978207e+002	0.00000000e+000	3.0492e+014	1.0000e-010	0.0000e+000
4.170000e+003	2.30247912e-001	-3.16975209e+000	5.80183465e+002	0.00000000e+000	3.0422e+014	1.0000e-010	0.0000e+000
4.180000e+003	2.30305931e-001	-3.16969407e+000	5.74401712e+002	0.00000000e+000	3.0354e+014	1.0000e-010	0.0000e+000
4.190000e+003	2.30363371e-001	-3.16963663e+000	5.68632792e+002	0.00000000e+000	3.0287e+014	1.0000e-010	0.0000e+000
4.200000e+003	2.30420234e-001	-3.16957977e+000	5.62876547e+002	0.00000000e+000	3.0220e+014	1.0000e-010	0.0000e+000
4.210000e+003	2.30476522e-001	-3.16952348e+000	5.57132822e+002	0.00000000e+000	3.0155e+014	1.0000e-010	0.0000e+000
4.220000e+003	2.30532235e-001	-3.16946776e+000	5.51401461e+002	0.00000000e+000	3.0090e+014	1.0000e-010	0.0000e+000
4.230000e+003	2.30587375e-001	-3.16941262e+000	5.45682312e+002	0.00000000e+000	3.0026e+014	1.0000e-010	0.0000e+000
4.240000e+003	2.30641944e-001	-3.16935806e+000	5.39975223e+002	0.00000000e+000	2.9962e+014	1.0000e-010	0.0000e+000
4.250000e+003	2.30695941e-001	-3.16930406e+000	5.34280041e+002	0.00000000e+000	2.9900e+014	1.0000e-010	0.0000e+000
4.260000e+003	2.30749369e-001	-3.16925063e+000	5.28596617e+002	0.00000000e+000	2.9838e+014	1.0000e-010	0.0000e+000
4.270000e+003	2.30802229e-001	-3.16919777e+000	5.22924802e+002	0.00000000e+000	2.9777e+014	1.0000e-010	0.0000e+000
4.280000e+003	2.30854521e-001	-3.16914548e+000	5.17264449e+002	0.00000000e+000	2.9717e+014	1.0000e-010	0.0000e+000
4.290000e+003	2.30906248e-001	-3.16909375e+000	5.11615410e+002	0.00000000e+000	2.9658e+014	1.0000e-010	0.0000e+000
4.300000e+003	2.30957409e-001	-3.16904259e+000	5.05977539e+002	0.00000000e+000	2.9599e+014	1.0000e-010	0.0000e+000
4.310000e+003	2.31008007e-001	-3.16899199e+000	5.00350692e+002	0.00000000e+000	2.9541e+014	1.0000e-010	0.0000e+000
4.320000e+003	2.31058042e-001	-3.16894196e+000	4.94734725e+002	0.00000000e+000	2.9484e+014	1.0000e-010	0.0000e+000
4.330000e+003	2.31107515e-001	-3.16889248e+000	4.89129495e+002	0.00000000e+000	2.9428e+014	1.0000e-010	0.0000e+000
4.340000e+003	2.31156428e-001	-3.16884357e+000	4.83534860e+002	0.00000000e+000	2.9372e+014	1.0000e-010	0.0000e+000
4.350000e+003	2.31204782e-001	-3.16879522e+000	4.77950679e+002	0.00000000e+000	2.9317e+014	1.0000e-010	0.0000e+000
4.360000e+003	2.31252577e-001	-3.16874742e+000	4.72376814e+002	0.00000000e+000	2.9263e+014	1.0000e-010	0.0000e+000
4.370000e+003	2.31299815e-001	-3.16870019e+000	4.66813123e+002	0.00000000e+000	2.9209e+014	1.0000e-010	0.0000e+000
4.380000e+003	2.31346496e-001	-3.16865350e+000	4.61259470e+002	0.00000000e+000	2.9157e+014	1.0000e-010	0.0000e+000
4.390000e+003	2.31392622e-001	-3.16860738e+000	4.55715717e+002	0.00000000e+000	2.9105e+014	1.0000e-010	0.0000e+000
4.400000e+003	2.31438193e-001	-3.16856181e+000	4.50181728e+002	0.00000000e+000	2.9054e+014	1.0000e-010	0.0000e+000
4.410000e+003	2.31483212e-001	-3.16851679e+000	4.44657368e+002	0.00000000e+000	2.9003e+014	1.0000e-010	0.0000e+000
4.420000e+003	2.31527677e-001	-3.16847232e+000	4.39142501e+002	0.00000000e+000	2.8953e+014	1.0000e-010	0.0000e+000
4.430000e+003	2.31571592e-001	-3.16842841e+000	4.33636994e+002	0.00000000e+000	2.8904e+014	1.0000e-010	0.0000e+000
4.440000e+003	2.31614955e-001	-3.16838504e+000	4.28140714e+002	0.00000000e+000	2.8856e+014	1.0000e-010	0.0000e+000
4.450000e+003	2.31657769e-001	-3.16834223e+000	4.22653530e+002	0.00000000e+000	2.8808e+014	1.0000e-010	0.0000e+000
4.460000e+003	2.31700035e-001	-3.16829997e+000	4.17175309e+002	0.00000000e+000	2.8761e+014	1.0000e-010	0.0000e+000
4.470000e+003	2.31741752e-001	-3.16825825e+000	4.11705921e+002	0.00000000e+000	2.8714e+014	1.0000e-010	0.0000e+000
4.480000e+003	2.31782923e-001	-3.16821708e+000	4.06245236e+002	0.00000000e+000	2.8669e+014	1.0000e-010	0.0000e+000
4.490000e+003	2.31823547e-001	-3.16817645e+000	4.00793126e+002	0.00000000e+000	2.8624e+014	1.0000e-010	0.0000e+000
4.500000e+003	2.31863627e-001	-3.16813637e+000	3.95349462e+002	0.00000000e+000	2.8579e+014	1.0000e-010	0.0000e+000
4.510000e+003	2.31903162e-001	-3.16809684e+000	3.89914116e+002	0.00000000e+000	2.8536e+014	1.0000e-010	0.0000e+000
4.520000e+003	2.31942153e-001	-3.16805785e+000	3.84486962e+002	0.00000000e+000	2.8493e+014	1.0000e-010	0.0000e+000
4.530000e+003	2.31980602e-001	-3.16801940e+000	3.79067874e+002	0.00000000e+000	2.8450e+014	1.0000e-010	0.0000e+000
4.540000e+003	2.32018509e-001	-3.16798149e+000	3.73656726e+002	0.00000000e+000	2.8409e+014	1.0000e-010	0.0000e+000
4.550000e+003	2.32055874e-001	-3.16794413e+000	3.68253393e+002	0.00000000e+000	2.8368e+014	1.0000e-010	0.0000e+000
4.560000e+003	2.32092700e-001	-3.16790730e+000	3.62857752e+002	0.00000000e+000	2.8327e+014	1.0000e-010	0.0000e+000
4.570000e+003	2.32128985e-001	-3.16787101e+000	3.57469679e+002	0.00000000e+000	2.8287e+014	1.0000e-010	0.0000e+000
4.580000e+003	2.32164732e-001	-3.16783527e+000	3.52089050e+002	0.00000000e+000	2.8248e+014	1.0000e-010	0.0000e+000
4.590000e+003	2.32199941e-001	-3.16780006e+000	3.46715746e+002	0.00000000e+000	2.8210e+014	1.0000e-010	0.0000e+000
4.600000e+003	2.32234613e-001	-3.16776539e+000	3.41349642e+002	0.00000000e+000	2.8172e+014	1.0000e-010	0.0000e+000
4.610000e+003	2.32268748e-001	-3.16773125e+000	3.35990620e+002	0.00000000e+000	2.8135e+014	1.0000e-010	0.0000e+000
4.620000e+003	2.32302347e-001	-3.16769765e+000	3.30638557e+002	0.00000000e+000	2.8098e+014	1.0000e-010	0.0000e+000
4.630000e+003	2.32335411e-001	-3.16766459e+000	3.25293336e+002	0.00000000e+000	2.8062e+014	1.0000e-010	0.0000e+000
4.640000e+003	2.32367940e-001	-3.16763206e+000	3.19954836e+002	0.00000000e+000	2.8027e+014	1.0000e-010	0.0000e+000
4.650000e+003	2.32399935e-001	-3.16760006e+000	3.14622939e+002	0.00000000e+000	2.7993e+014	1.0000e-010	0.0000e+000
4.660000e+003	2.32431398e-001	-3.16756860e+000	3.09297528e+002	0.00000000e+000	2.7958e+014	1.0000e-010	0.0000e+000
4.670000e+003	2.32462328e-001	-3.16753767e+000	3.03978484e+002	0.00000000e+000	2.7925e+014	1.0000e-010	0.0000e+000
4.680000e+003	2.32492725e-001	-3.16750727e+000	2.98665690e+002	0.00000000e+000	2.7892e+014	1.0000e-010	0.0000e+000
4.690000e+003	2.32522592e-001	-3.16747741e+000	2.93359031e+002	0.00000000e+000	2.7860e+014	1.0000e-010	0.0000e+000
4.700000e+003	2.32551928e-001	-3.16744807e+000	2.88058390e+002	0.00000000e+000	2.7828e+014	1.0000e-010	0.0000e+000
4.710000e+003	2.32580734e-001	-3.16741927e+000	2.82763653e+002	0.00000000e+000	2.7797e+014	1.0000e-010	0.0000e+000
4.720000e+003	2.32609010e-001	-3.16739099e+000	2.77474703e+002	0.00000000e+000	2.7767e+014	1.0000e-010	0.0000e+000
4.730000e+003	2.32636758e-001	-3.16736324e+000	2.72191427e+002	0.00000000e+000	2.7737e+014	1.0000e-010	0.0000e+000
4.740000e+003	2.32663977e-001	-3.16733602e+000	2.66913711e+002	0.00000000e+000	2.7708e+014	1.0000e-010	0.0000e+000
4.750000e+003	2.32690668e-001	-3.16730933e+000	2.61641441e+002	0.00000000e+000	2.7680e+014	1.0000e-010	0.0000e+000
4.760000e+003	2.32716832e-001	-3.16728317e+000	2.56374504e+002	0.00000000e+000	2.7652e+014	1.0000e-010	0.0000e+000
4.770000e+003	2.32742470e-001	-3.16725753e+000	2.51112788e+002	0.00000000e+000	2.7624e+014	1.0000e-010	0.0000e+000
4.780000e+003	2.32767581e-001	-3.16723242e+000	2.45856180e+002	0.00000000e+000	2.7597e+014	1.0000e-010	0.0000e+000
4.790000e+003	2.32792167e-001	-3.16720783e+000	2.40604570e+002	0.00000000e+000	2.7571e+014	1.0000e-010	0.0000e+000
4.800000e+003	2.32816227e-001	-3.16718377e+000	2.35357844e+002	0.00000000e+000	2.7545e+014	1.0000e-010	0.0000e+000
4.810000e+003	2.32839763e-001	-3.16716024e+000	2.30115893e+002	0.00000000e+000	2.7520e+014	1.0000e-010	0.0000e+000
4.820000e+003	2.32862774e-001	-3.16713723e+000	2.24878606e+002	0.00000000e+000	2.7496e+014	1.0000e-010	0.0000e+000
4.830000e+003	2.32885262e-001	-3.16711474e+000	2.19645873e+002	0.00000000e+000	2.7472e+014	1.0000e-010	0.0000e+000
4.840000e+003	2.32907227e-001	-3.16709277e+000	2.14417584e+002	0.00000000e+000	2.7449e+014	1.0000e-010	0.0000e+000
4.850000e+003	2.32928669e-001	-3.16707133e+000	2.09193629e+002	0.00000000e+000	2.7426e+014	1.0000e-010	0.0000e+000
4.860000e+003	2.32949588e-001	-3.16705041e+000	2.03973900e+002	0.00000000e+000	2.7404e+014	1.0000e-010	0.0000e+000
4.870000e+003	2.32969985e-001	-3.16703001e+000	1.98758287e+002	0.00000000e+000	2.7382e+014	1.0000e-010	0.0000e+000
4.880000e+003	2.32989861e-001	-3.16701014e+000	1.93546683e+002	0.00000000e+000	2.7361e+014	1.0000e-010	0.0000e+000
4.890000e+003	2.33009216e-001	-3.16699078e+000	1.88338980e+002	0.00000000e+000	2.7341e+014	1.0000e-010	0.0000e+000
4.900000e+003	2.33028050e-001	-3.16697195e+000	1.83135068e+002	0.00000000e+000	2.7321e+014	1.0000e-010	0.0000e+000
4.910000e+003	2.33046363e-001	-3.16695364e+000	1.77934842e+002	0.00000000e+000	2.7301e+014	1.0000e-010	0.0000e+000
4.920000e+003	2.33064157e-001	-3.16693584e+000	1.72738194e+002	0.00000000e+000	2.7282e+014	1.0000e-010	0.0000e+000
4.930000e+003	2.33081431e-001	-3.16691857e+000	1.67545017e+002	0.00000000e+000	2.7264e+014	1.0000e-010	0.0000e+000
4.940000e+003	2.33098185e-001	-3.16690181e+000	1.62355205e+002	0.00000000e+000	2.7247e+014	1.0000e-010	0.0000e+000
4.950000e+003	2.33114421e-001	-3.16688558e+000	1.57168651e+002	0.00000000e+000	2.7229e+014	1.0000e-010	0.0000e+000
4.960000e+003	2.33130137e-001	-3.16686986e+000	1.51985249e+002	0.00000000e+000	2.7213e+014	1.0000e-010	0.0000e+000
4.970000e+003	2.33145336e-001	-3.16685466e+000	1.46804894e+002	0.00000000e+000	2.7197e+014	1.0000e-010	0.0000e+000
4.980000e+003	2.33160016e-001	-3.16683998e+000	1.41627480e+002	0.00000000e+000	2.7182e+014	1.0000e-010	0.0000e+000
4.990000e+003	2.33174179e-001	-3.16682582e+000	1.36452901e+002	0.00000000e+000	2.7167e+014	1.0000e-010	0.0000e+000
5.000000e+003	2.33187824e-001	-3.16681218e+000	1.31281053e+002	0.00000000e+000	2.7152e+014	1.0000e-010	0.0000e+000
5.010000e+003	2.33200953e-001	-3.16679905e+000	1.26111830e+002	0.00000000e+000	2.7139e+014	1.0000e-010	0.0000e+000
5.020000e+003	2.33213564e-001	-3.16678644e+000	1.20945128e+002	0.00000000e+000	2.7125e+014	1.0000e-010	0.0000e+000
5.030000e+003	2.33225658e-001	-3.16677434e+000	1.15780844e+002	0.00000000e+000	2.7113e+014	1.0000e-010	0.0000e+000
5.040000e+003	2.33237236e-001	-3.16676276e+000	1.10618871e+002	0.00000000e+000	2.7100e+014	1.0000e-010	0.0000e+000
5.050000e+003	2.33248298e-001	-3.16675170e+000	1.05459107e+002	0.00000000e+000	2.7089e+014	1.0000e-010	0.0000e+000
5.060000e+003	2.33258844e-001	-3.16674116e+000	1.00301447e+002	0.00000000e+000	2.7078e+014	1.0000e-010	0.0000e+000
5.070000e+003	2.33268874e-001	-3.16673113e+000	9.51457878e+001	0.00000000e+000	2.7067e+014	1.0000e-010	0.0000e+000
5.080000e+003	2.33278389e-001	-3.16672161e+000	8.99920258e+001	0.00000000e+000	2.7057e+014	1.0000e-010	0.0000e+000
5.090000e+003	2.33287388e-001	-3.16671261e+000	8.48400576e+001	0.00000000e+000	2.7048e+014	1.0000e-010	0.0000e+000
5.100000e+003	2.33295872e-001	-3.16670413e+000	7.96897798e+001	0.00000000e+000	2.7039e+014	1.0000e-010	0.0000e+000
5.110000e+003	2.33303841e-001	-3.16669616e+000	7.45410894e+001	0.00000000e+000	2.7031e+014	1.0000e-010	0.0000e+000
5.120000e+003	2.33311295e-001	-3.16668870e+000	6.93938833e+001	0.00000000e+000	2.7023e+014	1.0000e-010	0.0000e+000
5.130000e+003	2.33318235e-001	-3.16668177e+000	6.42480587e+001	0.00000000e+000	2.7016e+014	1.0000e-010	0.0000e+000
5.140000e+003	2.33324659e-001	-3.16667534e+000	5.91035128e+001	0.00000000e+000	2.7009e+014	1.0000e-010	0.0000e+000
5.150000e+003	2.33330570e-001	-3.16666943e+000	5.39601429e+001	0.00000000e+000	2.7003e+014	1.0000e-010	0.0000e+000
5.160000e+003	2.33335966e-001	-3.16666403e+000	4.88178464e+001	0.00000000e+000	2.6997e+014	1.0000e-010	0.0000e+000
5.170000e+003	2.33340848e-001	-3.16665915e+000	4.36765209e+001	0.00000000e+000	2.6992e+014	1.0000e-010	0.0000e+000
5.180000e+003	2.33345215e-001	-3.16665478e+000	3.85360640e+001	0.00000000e+000	2.6987e+014	1.0000e-010	0.0000e+000
5.190000e+003	2.33349069e-001	-3.16665093e+000	3.33963733e+001	0.00000000e+000	2.6983e+014	1.0000e-010	0.0000e+000
5.200000e+003	2.33352408e-001	-3.16664759e+000	2.82573464e+001	0.00000000e+000	2.6980e+014	1.0000e-010	0.0000e+000
5.210000e+003	2.33355234e-001	-3.16664477e+000	2.31188813e+001	0.00000000e+000	2.6977e+014	1.0000e-010	0.0000e+000
5.220000e+003	2.33357546e-001	-3.16664245e+000	1.79808757e+001	0.00000000e+000	2.6975e+014	1.0000e-010	0.0000e+000
5.230000e+003	2.33359344e-001	-3.16664066e+000	1.28432274e+001	0.00000000e+000	2.6973e+014	1.0000e-010	0.0000e+000
5.240000e+003	2.33360628e-001	-3.16663937e+000	7.70583436e+000	0.00000000e+000	2.6971e+014	1.0000e-010	0.0000e+000
5.250000e+003	2.33361399e-001	-3.16663860e+000	2.56859444e+000	0.00000000e+000	2.6971e+014	1.0000e-010	0.0000e+000
5.260000e+003	2.33361656e-001	-3.16663834e+000	2.56859444e+000	0.00000000e+000	2.6970e+014	1.0000e-010	0.0000e+000
