Y (ang)	Ec (eV)	Ev (eV)	E (V/cm)	Ef (eV)	n (cm-3)	p (cm-3)	Nd - Na (cm-3)
0.000000e+000	-6.40000000e+000	-9.80000000e+000	3.74691629e+007	-7.00000000e+000	1.8691e+008	1.0000e-010	0.0000e+000
1.000000e+001	-2.09308371e+000	-6.19308371e+000	1.17014926e+007	0.00000000e+000	1.2305e+021	1.0000e-010	-1.3848e+020
2.000000e+001	-9.22934451e-001	-5.02293445e+000	4.64754185e+006	0.00000000e+000	3.6059e+020	1.0000e-010	0.0000e+000
3.000000e+001	-4.58180266e-001	-4.55818027e+000	2.17250514e+006	0.00000000e+000	1.2652e+020	1.0000e-010	0.0000e+000
4.000000e+001	-2.40929752e-001	-4.34092975e+000	1.21856484e+006	0.00000000e+000	4.8764e+019	1.0000e-010	0.0000e+000
5.000000e+001	-1.19073268e-001	-4.21907327e+000	8.75506296e+005	0.00000000e+000	1.7537e+019	1.0000e-010	0.0000e+000
6.000000e+001	-3.15226381e-002	-4.13152264e+000	7.96198460e+005	0.00000000e+000	4.0541e+018	1.0000e-010	0.0000e+000
7.000000e+001	4.80972079e-002	-4.05190279e+000	7.89709831e+005	0.00000000e+000	3.3169e+017	1.0000e-010	0.0000e+000
8.000000e+001	1.27068191e-001	-3.97293181e+000	7.89387754e+005	0.00000000e+000	1.6464e+016	1.0000e-010	0.0000e+000
9.000000e+001	-3.53993034e-001	-3.75399303e+000	1.76524631e+006	0.00000000e+000	8.6160e+019	1.0000e-010	1.3848e+020
1.000000e+002	-1.44527226e-001	-3.58570370e+000	1.17978834e+006	0.00000000e+000	2.3097e+019	1.0000e-010	-7.7357e+018
1.100000e+002	6.39278430e-003	-3.47596016e+000	1.00593867e+006	0.00000000e+000	1.4077e+018	1.0000e-010	-7.7870e+018
1.200000e+002	1.39927828e-001	-3.38360158e+000	8.57314174e+005	0.00000000e+000	1.0012e+016	1.0000e-010	-7.8383e+018
1.300000e+002	2.58600422e-001	-3.30610546e+000	7.07433529e+005	0.00000000e+000	1.0160e+014	1.0000e-010	-7.8896e+018
1.400000e+002	3.62284951e-001	-3.24359740e+000	5.56102532e+005	0.00000000e+000	1.8411e+012	1.0000e-010	-7.9409e+018
1.500000e+002	4.50836381e-001	-3.19622244e+000	4.03312503e+005	0.00000000e+000	5.9906e+010	1.0000e-010	-7.9922e+018
1.600000e+002	5.24108807e-001	-3.16412649e+000	2.49056558e+005	0.00000000e+000	3.5200e+009	1.0000e-010	-8.0435e+018
1.700000e+002	5.81955640e-001	-3.14745613e+000	9.33278031e+004	0.00000000e+000	3.7563e+008	1.0000e-010	-8.0948e+018
1.800000e+002	6.24229596e-001	-3.14635864e+000	-6.38806982e+004	0.00000000e+000	7.3214e+007	1.0000e-010	-8.1461e+018
1.900000e+002	6.50782703e-001	-3.16098200e+000	-2.22575926e+005	0.00000000e+000	2.6213e+007	1.0000e-010	-8.1974e+018
2.000000e+002	6.61466287e-001	-3.19147489e+000	-3.82764904e+005	0.00000000e+000	1.7340e+007	1.0000e-010	-8.2487e+018
2.100000e+002	6.56130973e-001	-3.23798667e+000	-5.44454700e+005	0.00000000e+000	2.1314e+007	1.0000e-010	-8.2999e+018
2.200000e+002	6.34626680e-001	-3.30066744e+000	-7.07652428e+005	0.00000000e+000	4.8970e+007	1.0000e-010	-8.3512e+018
2.300000e+002	5.96802613e-001	-3.37966798e+000	-8.72365244e+005	0.00000000e+000	2.1152e+008	1.0000e-010	-8.4025e+018
2.400000e+002	5.42507265e-001	-3.47513979e+000	-1.03860035e+006	0.00000000e+000	1.7277e+009	1.0000e-010	-8.4538e+018
2.500000e+002	4.71588406e-001	-3.58723512e+000	-1.20636500e+006	0.00000000e+000	2.6844e+010	1.0000e-010	-8.5051e+018
2.600000e+002	-1.76106918e-001	-3.57610692e+000	7.10386203e+005	0.00000000e+000	3.0866e+019	1.0000e-010	1.2993e+020
2.700000e+002	-1.05068297e-001	-3.50506830e+000	4.29040813e+005	0.00000000e+000	1.4771e+019	1.0000e-010	0.0000e+000
2.800000e+002	-6.21642161e-002	-3.46216422e+000	2.82723315e+005	0.00000000e+000	7.6817e+018	1.0000e-010	0.0000e+000
2.900000e+002	-3.38918845e-002	-3.43389188e+000	2.01058337e+005	0.00000000e+000	4.2874e+018	1.0000e-010	0.0000e+000
3.000000e+002	-1.37860509e-002	-3.41378605e+000	1.52167673e+005	0.00000000e+000	2.5668e+018	1.0000e-010	0.0000e+000
3.100000e+002	1.43071641e-003	-3.39856928e+000	1.20852328e+005	0.00000000e+000	1.6441e+018	1.0000e-010	0.0000e+000
3.200000e+002	1.35159493e-002	-3.38648405e+000	9.95569682e+004	0.00000000e+000	1.1180e+018	1.0000e-010	0.0000e+000
3.300000e+002	2.34716461e-002	-3.37652835e+000	8.43306160e+004	0.00000000e+000	7.9939e+017	1.0000e-010	0.0000e+000
3.400000e+002	3.19047077e-002	-3.36809529e+000	7.29875999e+004	0.00000000e+000	5.9551e+017	1.0000e-010	0.0000e+000
3.500000e+002	3.92034677e-002	-3.36079653e+000	6.42502901e+004	0.00000000e+000	4.5871e+017	1.0000e-010	0.0000e+000
3.600000e+002	4.56284967e-002	-3.35437150e+000	5.73333542e+004	0.00000000e+000	3.6314e+017	1.0000e-010	0.0000e+000
3.700000e+002	5.13618321e-002	-3.34863817e+000	5.17322197e+004	0.00000000e+000	2.9406e+017	1.0000e-010	0.0000e+000
3.800000e+002	5.65350541e-002	-3.34346495e+000	4.71100054e+004	0.00000000e+000	2.4267e+017	1.0000e-010	0.0000e+000
3.900000e+002	6.12460546e-002	-3.33875395e+000	4.32341958e+004	0.00000000e+000	2.0348e+017	1.0000e-010	0.0000e+000
4.000000e+002	6.55694742e-002	-3.33443053e+000	3.99396266e+004	0.00000000e+000	1.7297e+017	1.0000e-010	0.0000e+000
4.100000e+002	6.95634369e-002	-3.33043656e+000	3.71060054e+004	0.00000000e+000	1.4877e+017	1.0000e-010	0.0000e+000
4.200000e+002	7.32740374e-002	-3.32672596e+000	3.46437855e+004	0.00000000e+000	1.2927e+017	1.0000e-010	0.0000e+000
4.300000e+002	7.67384160e-002	-3.32326158e+000	3.24850142e+004	0.00000000e+000	1.1334e+017	1.0000e-010	0.0000e+000
4.400000e+002	7.99869174e-002	-3.32001308e+000	3.05772419e+004	0.00000000e+000	1.0016e+017	1.0000e-010	0.0000e+000
4.500000e+002	8.30446416e-002	-3.31695536e+000	2.88793687e+004	0.00000000e+000	8.9139e+016	1.0000e-010	0.0000e+000
4.600000e+002	8.59325784e-002	-3.31406742e+000	2.73587505e+004	0.00000000e+000	7.9833e+016	1.0000e-010	0.0000e+000
4.700000e+002	8.86684535e-002	-3.31133155e+000	2.59891423e+004	0.00000000e+000	7.1905e+016	1.0000e-010	0.0000e+000
4.800000e+002	9.12673677e-002	-3.30873263e+000	2.47492114e+004	0.00000000e+000	6.5097e+016	1.0000e-010	0.0000e+000
4.900000e+002	9.37422889e-002	-3.30625771e+000	2.36214444e+004	0.00000000e+000	5.9208e+016	1.0000e-010	0.0000e+000
5.000000e+002	9.61044333e-002	-3.30389557e+000	2.25913328e+004	0.00000000e+000	5.4081e+016	1.0000e-010	0.0000e+000
5.100000e+002	9.83635666e-002	-3.30163643e+000	2.16467575e+004	0.00000000e+000	4.9590e+016	1.0000e-010	0.0000e+000
5.200000e+002	1.00528242e-001	-3.29947176e+000	2.07775181e+004	0.00000000e+000	4.5635e+016	1.0000e-010	0.0000e+000
5.300000e+002	1.02605994e-001	-3.29739401e+000	1.99749687e+004	0.00000000e+000	4.2134e+016	1.0000e-010	0.0000e+000
5.400000e+002	1.04603491e-001	-3.29539651e+000	1.92271982e+004	0.00000000e+000	3.9258e+016	1.0000e-010	0.0000e+000
5.500000e+002	1.06526211e-001	-3.29347379e+000	1.85330247e+004	0.00000000e+000	3.6444e+016	1.0000e-010	0.0000e+000
5.600000e+002	1.08379513e-001	-3.29162049e+000	1.78868738e+004	0.00000000e+000	3.3923e+016	1.0000e-010	0.0000e+000
5.700000e+002	1.10168201e-001	-3.28983180e+000	1.72839183e+004	0.00000000e+000	3.1655e+016	1.0000e-010	0.0000e+000
5.800000e+002	1.11896593e-001	-3.28810341e+000	1.67199567e+004	0.00000000e+000	2.9608e+016	1.0000e-010	0.0000e+000
5.900000e+002	1.13568588e-001	-3.28643141e+000	1.61913152e+004	0.00000000e+000	2.7754e+016	1.0000e-010	0.0000e+000
6.000000e+002	1.15187720e-001	-3.28481228e+000	1.56947674e+004	0.00000000e+000	2.6069e+016	1.0000e-010	0.0000e+000
6.100000e+002	1.16757196e-001	-3.28324280e+000	1.52274683e+004	0.00000000e+000	2.4533e+016	1.0000e-010	0.0000e+000
6.200000e+002	1.18279943e-001	-3.28172006e+000	1.47868992e+004	0.00000000e+000	2.3130e+016	1.0000e-010	0.0000e+000
6.300000e+002	1.19758633e-001	-3.28024137e+000	1.43708229e+004	0.00000000e+000	2.1844e+016	1.0000e-010	0.0000e+000
6.400000e+002	1.21195715e-001	-3.27880428e+000	1.39772446e+004	0.00000000e+000	2.0663e+016	1.0000e-010	0.0000e+000
6.500000e+002	1.22593440e-001	-3.27740656e+000	1.36043807e+004	0.00000000e+000	1.9575e+016	1.0000e-010	0.0000e+000
6.600000e+002	1.23953878e-001	-3.27604612e+000	1.32506310e+004	0.00000000e+000	1.8572e+016	1.0000e-010	0.0000e+000
6.700000e+002	1.25278941e-001	-3.27472106e+000	1.29145563e+004	0.00000000e+000	1.7644e+016	1.0000e-010	0.0000e+000
6.800000e+002	1.26570397e-001	-3.27342960e+000	1.25948579e+004	0.00000000e+000	1.6784e+016	1.0000e-010	0.0000e+000
6.900000e+002	1.27829883e-001	-3.27217012e+000	1.22903617e+004	0.00000000e+000	1.5986e+016	1.0000e-010	0.0000e+000
7.000000e+002	1.29058919e-001	-3.27094108e+000	1.20000028e+004	0.00000000e+000	1.5244e+016	1.0000e-010	0.0000e+000
7.100000e+002	1.30258919e-001	-3.26974108e+000	1.17228138e+004	0.00000000e+000	1.4552e+016	1.0000e-010	0.0000e+000
7.200000e+002	1.31431200e-001	-3.26856880e+000	1.14579135e+004	0.00000000e+000	1.3907e+016	1.0000e-010	0.0000e+000
7.300000e+002	1.32576992e-001	-3.26742301e+000	1.12044975e+004	0.00000000e+000	1.3304e+016	1.0000e-010	0.0000e+000
7.400000e+002	1.33697441e-001	-3.26630256e+000	1.09618302e+004	0.00000000e+000	1.2740e+016	1.0000e-010	0.0000e+000
7.500000e+002	1.34793624e-001	-3.26520638e+000	1.07292375e+004	0.00000000e+000	1.2211e+016	1.0000e-010	0.0000e+000
7.600000e+002	1.35866548e-001	-3.26413345e+000	1.05061003e+004	0.00000000e+000	1.1715e+016	1.0000e-010	0.0000e+000
7.700000e+002	1.36917158e-001	-3.26308284e+000	1.02918495e+004	0.00000000e+000	1.1248e+016	1.0000e-010	0.0000e+000
7.800000e+002	1.37946343e-001	-3.26205366e+000	1.00859607e+004	0.00000000e+000	1.0809e+016	1.0000e-010	0.0000e+000
7.900000e+002	1.38954939e-001	-3.26104506e+000	9.88794975e+003	0.00000000e+000	1.0396e+016	1.0000e-010	0.0000e+000
8.000000e+002	1.39943734e-001	-3.26005627e+000	9.69736939e+003	0.00000000e+000	1.0005e+016	1.0000e-010	0.0000e+000
8.100000e+002	1.40913471e-001	-3.25908653e+000	9.51380549e+003	0.00000000e+000	9.6371e+015	1.0000e-010	0.0000e+000
8.200000e+002	1.41864852e-001	-3.25813515e+000	9.33687415e+003	0.00000000e+000	9.2889e+015	1.0000e-010	0.0000e+000
8.300000e+002	1.42798539e-001	-3.25720146e+000	9.16621895e+003	0.00000000e+000	8.9594e+015	1.0000e-010	0.0000e+000
8.400000e+002	1.43715161e-001	-3.25628484e+000	9.00150859e+003	0.00000000e+000	8.6473e+015	1.0000e-010	0.0000e+000
8.500000e+002	1.44615312e-001	-3.25538469e+000	8.84243464e+003	0.00000000e+000	8.3514e+015	1.0000e-010	0.0000e+000
8.600000e+002	1.45499555e-001	-3.25450044e+000	8.68870967e+003	0.00000000e+000	8.0706e+015	1.0000e-010	0.0000e+000
8.700000e+002	1.46368426e-001	-3.25363157e+000	8.54006545e+003	0.00000000e+000	7.8038e+015	1.0000e-010	0.0000e+000
8.800000e+002	1.47222433e-001	-3.25277757e+000	8.39625139e+003	0.00000000e+000	7.5503e+015	1.0000e-010	0.0000e+000
8.900000e+002	1.48062058e-001	-3.25193794e+000	8.25703312e+003	0.00000000e+000	7.3090e+015	1.0000e-010	0.0000e+000
9.000000e+002	1.48887761e-001	-3.25111224e+000	8.12219116e+003	0.00000000e+000	7.0792e+015	1.0000e-010	0.0000e+000
9.100000e+002	1.49699980e-001	-3.25030002e+000	7.99151982e+003	0.00000000e+000	6.8603e+015	1.0000e-010	0.0000e+000
9.200000e+002	1.50499132e-001	-3.24950087e+000	7.86482607e+003	0.00000000e+000	6.6514e+015	1.0000e-010	0.0000e+000
9.300000e+002	1.51285615e-001	-3.24871438e+000	7.74192862e+003	0.00000000e+000	6.4521e+015	1.0000e-010	0.0000e+000
9.400000e+002	1.52059808e-001	-3.24794019e+000	7.62265704e+003	0.00000000e+000	6.2618e+015	1.0000e-010	0.0000e+000
9.500000e+002	1.52822074e-001	-3.24717793e+000	7.50685093e+003	0.00000000e+000	6.0798e+015	1.0000e-010	0.0000e+000
9.600000e+002	1.53572759e-001	-3.24642724e+000	7.39435922e+003	0.00000000e+000	5.9058e+015	1.0000e-010	0.0000e+000
9.700000e+002	1.54312195e-001	-3.24568781e+000	7.28503949e+003	0.00000000e+000	5.7393e+015	1.0000e-010	0.0000e+000
9.800000e+002	1.55040699e-001	-3.24495930e+000	7.17875737e+003	0.00000000e+000	5.5798e+015	1.0000e-010	0.0000e+000
9.900000e+002	1.55758574e-001	-3.24424143e+000	7.07538597e+003	0.00000000e+000	5.4270e+015	1.0000e-010	0.0000e+000
1.000000e+003	1.56466113e-001	-3.24353389e+000	6.97480535e+003	0.00000000e+000	5.2805e+015	1.0000e-010	0.0000e+000
1.010000e+003	1.57163593e-001	-3.24283641e+000	6.87690210e+003	0.00000000e+000	5.1399e+015	1.0000e-010	0.0000e+000
1.020000e+003	1.57851284e-001	-3.24214872e+000	6.78156884e+003	0.00000000e+000	5.0050e+015	1.0000e-010	0.0000e+000
1.030000e+003	1.58529441e-001	-3.24147056e+000	6.68870388e+003	0.00000000e+000	4.8754e+015	1.0000e-010	0.0000e+000
1.040000e+003	1.59198311e-001	-3.24080169e+000	6.59821080e+003	0.00000000e+000	4.7509e+015	1.0000e-010	0.0000e+000
1.050000e+003	1.59858132e-001	-3.24014187e+000	6.50999815e+003	0.00000000e+000	4.6312e+015	1.0000e-010	0.0000e+000
1.060000e+003	1.60509132e-001	-3.23949087e+000	6.42397912e+003	0.00000000e+000	4.5160e+015	1.0000e-010	0.0000e+000
1.070000e+003	1.61151530e-001	-3.23884847e+000	6.34007125e+003	0.00000000e+000	4.4052e+015	1.0000e-010	0.0000e+000
1.080000e+003	1.61785537e-001	-3.23821446e+000	6.25819614e+003	0.00000000e+000	4.2985e+015	1.0000e-010	0.0000e+000
1.090000e+003	1.62411356e-001	-3.23758864e+000	6.17827926e+003	0.00000000e+000	4.1956e+015	1.0000e-010	0.0000e+000
1.100000e+003	1.63029184e-001	-3.23697082e+000	6.10024963e+003	0.00000000e+000	4.0966e+015	1.0000e-010	0.0000e+000
1.110000e+003	1.63639209e-001	-3.23636079e+000	6.02403971e+003	0.00000000e+000	4.0010e+015	1.0000e-010	0.0000e+000
1.120000e+003	1.64241613e-001	-3.23575839e+000	5.94958510e+003	0.00000000e+000	3.9089e+015	1.0000e-010	0.0000e+000
1.130000e+003	1.64836572e-001	-3.23516343e+000	5.87682443e+003	0.00000000e+000	3.8199e+015	1.0000e-010	0.0000e+000
1.140000e+003	1.65424254e-001	-3.23457575e+000	5.80569913e+003	0.00000000e+000	3.7341e+015	1.0000e-010	0.0000e+000
1.150000e+003	1.66004824e-001	-3.23399518e+000	5.73615333e+003	0.00000000e+000	3.6512e+015	1.0000e-010	0.0000e+000
1.160000e+003	1.66578440e-001	-3.23342156e+000	5.66813364e+003	0.00000000e+000	3.5710e+015	1.0000e-010	0.0000e+000
1.170000e+003	1.67145253e-001	-3.23285475e+000	5.60158908e+003	0.00000000e+000	3.4936e+015	1.0000e-010	0.0000e+000
1.180000e+003	1.67705412e-001	-3.23229459e+000	5.53647090e+003	0.00000000e+000	3.4187e+015	1.0000e-010	0.0000e+000
1.190000e+003	1.68259059e-001	-3.23174094e+000	5.47273245e+003	0.00000000e+000	3.3463e+015	1.0000e-010	0.0000e+000
1.200000e+003	1.68806332e-001	-3.23119367e+000	5.41032914e+003	0.00000000e+000	3.2762e+015	1.0000e-010	0.0000e+000
1.210000e+003	1.69347365e-001	-3.23065263e+000	5.34921824e+003	0.00000000e+000	3.2083e+015	1.0000e-010	0.0000e+000
1.220000e+003	1.69882287e-001	-3.23011771e+000	5.28935883e+003	0.00000000e+000	3.1426e+015	1.0000e-010	0.0000e+000
1.230000e+003	1.70411223e-001	-3.22958878e+000	5.23071171e+003	0.00000000e+000	3.0790e+015	1.0000e-010	0.0000e+000
1.240000e+003	1.70934294e-001	-3.22906571e+000	5.17323930e+003	0.00000000e+000	3.0173e+015	1.0000e-010	0.0000e+000
1.250000e+003	1.71451618e-001	-3.22854838e+000	5.11690553e+003	0.00000000e+000	2.9575e+015	1.0000e-010	0.0000e+000
1.260000e+003	1.71963308e-001	-3.22803669e+000	5.06167582e+003	0.00000000e+000	2.8996e+015	1.0000e-010	0.0000e+000
1.270000e+003	1.72469476e-001	-3.22753052e+000	5.00751696e+003	0.00000000e+000	2.8433e+015	1.0000e-010	0.0000e+000
1.280000e+003	1.72970228e-001	-3.22702977e+000	4.95439706e+003	0.00000000e+000	2.7888e+015	1.0000e-010	0.0000e+000
1.290000e+003	1.73465667e-001	-3.22653433e+000	4.90228548e+003	0.00000000e+000	2.7359e+015	1.0000e-010	0.0000e+000
1.300000e+003	1.73955896e-001	-3.22604410e+000	4.85115278e+003	0.00000000e+000	2.6845e+015	1.0000e-010	0.0000e+000
1.310000e+003	1.74441011e-001	-3.22555899e+000	4.80097064e+003	0.00000000e+000	2.6346e+015	1.0000e-010	0.0000e+000
1.320000e+003	1.74921108e-001	-3.22507889e+000	4.75171183e+003	0.00000000e+000	2.5861e+015	1.0000e-010	0.0000e+000
1.330000e+003	1.75396279e-001	-3.22460372e+000	4.70335015e+003	0.00000000e+000	2.5390e+015	1.0000e-010	0.0000e+000
1.340000e+003	1.75866614e-001	-3.22413339e+000	4.65586038e+003	0.00000000e+000	2.4932e+015	1.0000e-010	0.0000e+000
1.350000e+003	1.76332201e-001	-3.22366780e+000	4.60921823e+003	0.00000000e+000	2.4487e+015	1.0000e-010	0.0000e+000
1.360000e+003	1.76793122e-001	-3.22320688e+000	4.56340030e+003	0.00000000e+000	2.4054e+015	1.0000e-010	0.0000e+000
1.370000e+003	1.77249462e-001	-3.22275054e+000	4.51838406e+003	0.00000000e+000	2.3634e+015	1.0000e-010	0.0000e+000
1.380000e+003	1.77701301e-001	-3.22229870e+000	4.47414777e+003	0.00000000e+000	2.3224e+015	1.0000e-010	0.0000e+000
1.390000e+003	1.78148716e-001	-3.22185128e+000	4.43067048e+003	0.00000000e+000	2.2826e+015	1.0000e-010	0.0000e+000
1.400000e+003	1.78591783e-001	-3.22140822e+000	4.38793198e+003	0.00000000e+000	2.2438e+015	1.0000e-010	0.0000e+000
1.410000e+003	1.79030576e-001	-3.22096942e+000	4.34591277e+003	0.00000000e+000	2.2060e+015	1.0000e-010	0.0000e+000
1.420000e+003	1.79465167e-001	-3.22053483e+000	4.30459404e+003	0.00000000e+000	2.1692e+015	1.0000e-010	0.0000e+000
1.430000e+003	1.79895626e-001	-3.22010437e+000	4.26395760e+003	0.00000000e+000	2.1334e+015	1.0000e-010	0.0000e+000
1.440000e+003	1.80322022e-001	-3.21967798e+000	4.22398591e+003	0.00000000e+000	2.0985e+015	1.0000e-010	0.0000e+000
1.450000e+003	1.80744421e-001	-3.21925558e+000	4.18466201e+003	0.00000000e+000	2.0645e+015	1.0000e-010	0.0000e+000
1.460000e+003	1.81162887e-001	-3.21883711e+000	4.14596953e+003	0.00000000e+000	2.0314e+015	1.0000e-010	0.0000e+000
1.470000e+003	1.81577484e-001	-3.21842252e+000	4.10789263e+003	0.00000000e+000	1.9990e+015	1.0000e-010	0.0000e+000
1.480000e+003	1.81988273e-001	-3.21801173e+000	4.07041598e+003	0.00000000e+000	1.9675e+015	1.0000e-010	0.0000e+000
1.490000e+003	1.82395315e-001	-3.21760469e+000	4.03352479e+003	0.00000000e+000	1.9368e+015	1.0000e-010	0.0000e+000
1.500000e+003	1.82798667e-001	-3.21720133e+000	3.99720472e+003	0.00000000e+000	1.9068e+015	1.0000e-010	0.0000e+000
1.510000e+003	1.83198388e-001	-3.21680161e+000	3.96144190e+003	0.00000000e+000	1.8776e+015	1.0000e-010	0.0000e+000
1.520000e+003	1.83594532e-001	-3.21640547e+000	3.92622293e+003	0.00000000e+000	1.8490e+015	1.0000e-010	0.0000e+000
1.530000e+003	1.83987154e-001	-3.21601285e+000	3.89153479e+003	0.00000000e+000	1.8211e+015	1.0000e-010	0.0000e+000
1.540000e+003	1.84376308e-001	-3.21562369e+000	3.85736491e+003	0.00000000e+000	1.7939e+015	1.0000e-010	0.0000e+000
1.550000e+003	1.84762044e-001	-3.21523796e+000	3.82370109e+003	0.00000000e+000	1.7674e+015	1.0000e-010	0.0000e+000
1.560000e+003	1.85144414e-001	-3.21485559e+000	3.79053152e+003	0.00000000e+000	1.7414e+015	1.0000e-010	0.0000e+000
1.570000e+003	1.85523468e-001	-3.21447653e+000	3.75784475e+003	0.00000000e+000	1.7161e+015	1.0000e-010	0.0000e+000
1.580000e+003	1.85899252e-001	-3.21410075e+000	3.72562967e+003	0.00000000e+000	1.6913e+015	1.0000e-010	0.0000e+000
1.590000e+003	1.86271815e-001	-3.21372819e+000	3.69387554e+003	0.00000000e+000	1.6671e+015	1.0000e-010	0.0000e+000
1.600000e+003	1.86641203e-001	-3.21335880e+000	3.66257189e+003	0.00000000e+000	1.6434e+015	1.0000e-010	0.0000e+000
1.610000e+003	1.87007460e-001	-3.21299254e+000	3.63170861e+003	0.00000000e+000	1.6203e+015	1.0000e-010	0.0000e+000
1.620000e+003	1.87370631e-001	-3.21262937e+000	3.60127587e+003	0.00000000e+000	1.5977e+015	1.0000e-010	0.0000e+000
1.630000e+003	1.87730758e-001	-3.21226924e+000	3.57126413e+003	0.00000000e+000	1.5756e+015	1.0000e-010	0.0000e+000
1.640000e+003	1.88087885e-001	-3.21191212e+000	3.54166413e+003	0.00000000e+000	1.5540e+015	1.0000e-010	0.0000e+000
1.650000e+003	1.88442051e-001	-3.21155795e+000	3.51246688e+003	0.00000000e+000	1.5329e+015	1.0000e-010	0.0000e+000
1.660000e+003	1.88793298e-001	-3.21120670e+000	3.48366365e+003	0.00000000e+000	1.5122e+015	1.0000e-010	0.0000e+000
1.670000e+003	1.89141664e-001	-3.21085834e+000	3.45524594e+003	0.00000000e+000	1.4919e+015	1.0000e-010	0.0000e+000
1.680000e+003	1.89487189e-001	-3.21051281e+000	3.42720553e+003	0.00000000e+000	1.4721e+015	1.0000e-010	0.0000e+000
1.690000e+003	1.89829909e-001	-3.21017009e+000	3.39953440e+003	0.00000000e+000	1.4527e+015	1.0000e-010	0.0000e+000
1.700000e+003	1.90169863e-001	-3.20983014e+000	3.37222475e+003	0.00000000e+000	1.4338e+015	1.0000e-010	0.0000e+000
1.710000e+003	1.90507085e-001	-3.20949291e+000	3.34526904e+003	0.00000000e+000	1.4152e+015	1.0000e-010	0.0000e+000
1.720000e+003	1.90841612e-001	-3.20915839e+000	3.31865988e+003	0.00000000e+000	1.3970e+015	1.0000e-010	0.0000e+000
1.730000e+003	1.91173478e-001	-3.20882652e+000	3.29239013e+003	0.00000000e+000	1.3792e+015	1.0000e-010	0.0000e+000
1.740000e+003	1.91502717e-001	-3.20849728e+000	3.26645281e+003	0.00000000e+000	1.3617e+015	1.0000e-010	0.0000e+000
1.750000e+003	1.91829362e-001	-3.20817064e+000	3.24084116e+003	0.00000000e+000	1.3446e+015	1.0000e-010	0.0000e+000
1.760000e+003	1.92153446e-001	-3.20784655e+000	3.21554857e+003	0.00000000e+000	1.3279e+015	1.0000e-010	0.0000e+000
1.770000e+003	1.92475001e-001	-3.20752500e+000	3.19056863e+003	0.00000000e+000	1.3115e+015	1.0000e-010	0.0000e+000
1.780000e+003	1.92794058e-001	-3.20720594e+000	3.16589509e+003	0.00000000e+000	1.2954e+015	1.0000e-010	0.0000e+000
1.790000e+003	1.93110648e-001	-3.20688935e+000	3.14152187e+003	0.00000000e+000	1.2796e+015	1.0000e-010	0.0000e+000
1.800000e+003	1.93424800e-001	-3.20657520e+000	3.11744304e+003	0.00000000e+000	1.2641e+015	1.0000e-010	0.0000e+000
1.810000e+003	1.93736544e-001	-3.20626346e+000	3.09365282e+003	0.00000000e+000	1.2490e+015	1.0000e-010	0.0000e+000
1.820000e+003	1.94045909e-001	-3.20595409e+000	3.07014560e+003	0.00000000e+000	1.2341e+015	1.0000e-010	0.0000e+000
1.830000e+003	1.94352924e-001	-3.20564708e+000	3.04691590e+003	0.00000000e+000	1.2196e+015	1.0000e-010	0.0000e+000
1.840000e+003	1.94657616e-001	-3.20534238e+000	3.02395838e+003	0.00000000e+000	1.2053e+015	1.0000e-010	0.0000e+000
1.850000e+003	1.94960011e-001	-3.20503999e+000	3.00126783e+003	0.00000000e+000	1.1913e+015	1.0000e-010	0.0000e+000
1.860000e+003	1.95260138e-001	-3.20473986e+000	2.97883918e+003	0.00000000e+000	1.1775e+015	1.0000e-010	0.0000e+000
1.870000e+003	1.95558022e-001	-3.20444198e+000	2.95666749e+003	0.00000000e+000	1.1640e+015	1.0000e-010	0.0000e+000
1.880000e+003	1.95853689e-001	-3.20414631e+000	2.93474792e+003	0.00000000e+000	1.1508e+015	1.0000e-010	0.0000e+000
1.890000e+003	1.96147164e-001	-3.20385284e+000	2.91307579e+003	0.00000000e+000	1.1378e+015	1.0000e-010	0.0000e+000
1.900000e+003	1.96438471e-001	-3.20356153e+000	2.89164649e+003	0.00000000e+000	1.1250e+015	1.0000e-010	0.0000e+000
1.910000e+003	1.96727636e-001	-3.20327236e+000	2.87045555e+003	0.00000000e+000	1.1125e+015	1.0000e-010	0.0000e+000
1.920000e+003	1.97014681e-001	-3.20298532e+000	2.84949860e+003	0.00000000e+000	1.1002e+015	1.0000e-010	0.0000e+000
1.930000e+003	1.97299631e-001	-3.20270037e+000	2.82877138e+003	0.00000000e+000	1.0882e+015	1.0000e-010	0.0000e+000
1.940000e+003	1.97582508e-001	-3.20241749e+000	2.80826972e+003	0.00000000e+000	1.0763e+015	1.0000e-010	0.0000e+000
1.950000e+003	1.97863335e-001	-3.20213666e+000	2.78798956e+003	0.00000000e+000	1.0647e+015	1.0000e-010	0.0000e+000
1.960000e+003	1.98142134e-001	-3.20185787e+000	2.76792694e+003	0.00000000e+000	1.0533e+015	1.0000e-010	0.0000e+000
1.970000e+003	1.98418927e-001	-3.20158107e+000	2.74807798e+003	0.00000000e+000	1.0421e+015	1.0000e-010	0.0000e+000
1.980000e+003	1.98693735e-001	-3.20130627e+000	2.72843890e+003	0.00000000e+000	1.0311e+015	1.0000e-010	0.0000e+000
1.990000e+003	1.98966579e-001	-3.20103342e+000	2.70900600e+003	0.00000000e+000	1.0202e+015	1.0000e-010	0.0000e+000
2.000000e+003	1.99237479e-001	-3.20076252e+000	2.68977567e+003	0.00000000e+000	1.0096e+015	1.0000e-010	0.0000e+000
2.010000e+003	1.99506457e-001	-3.20049354e+000	2.67074439e+003	0.00000000e+000	9.9915e+014	1.0000e-010	0.0000e+000
2.020000e+003	1.99773531e-001	-3.20022647e+000	2.65190870e+003	0.00000000e+000	9.8888e+014	1.0000e-010	0.0000e+000
2.030000e+003	2.00038722e-001	-3.19996128e+000	2.63326525e+003	0.00000000e+000	9.7878e+014	1.0000e-010	0.0000e+000
2.040000e+003	2.00302049e-001	-3.19969795e+000	2.61481073e+003	0.00000000e+000	9.6887e+014	1.0000e-010	0.0000e+000
2.050000e+003	2.00563530e-001	-3.19943647e+000	2.59654193e+003	0.00000000e+000	9.5911e+014	1.0000e-010	0.0000e+000
2.060000e+003	2.00823184e-001	-3.19917682e+000	2.57845570e+003	0.00000000e+000	9.4953e+014	1.0000e-010	0.0000e+000
2.070000e+003	2.01081030e-001	-3.19891897e+000	2.56054897e+003	0.00000000e+000	9.4011e+014	1.0000e-010	0.0000e+000
2.080000e+003	2.01337084e-001	-3.19866292e+000	2.54281872e+003	0.00000000e+000	9.3084e+014	1.0000e-010	0.0000e+000
2.090000e+003	2.01591366e-001	-3.19840863e+000	2.52526201e+003	0.00000000e+000	9.2173e+014	1.0000e-010	0.0000e+000
2.100000e+003	2.01843893e-001	-3.19815611e+000	2.50787596e+003	0.00000000e+000	9.1277e+014	1.0000e-010	0.0000e+000
2.110000e+003	2.02094680e-001	-3.19790532e+000	2.49065776e+003	0.00000000e+000	9.0396e+014	1.0000e-010	0.0000e+000
2.120000e+003	2.02343746e-001	-3.19765625e+000	2.47360464e+003	0.00000000e+000	8.9529e+014	1.0000e-010	0.0000e+000
2.130000e+003	2.02591106e-001	-3.19740889e+000	2.45671392e+003	0.00000000e+000	8.8677e+014	1.0000e-010	0.0000e+000
2.140000e+003	2.02836778e-001	-3.19716322e+000	2.43998295e+003	0.00000000e+000	8.7838e+014	1.0000e-010	0.0000e+000
2.150000e+003	2.03080776e-001	-3.19691922e+000	2.42340915e+003	0.00000000e+000	8.7013e+014	1.0000e-010	0.0000e+000
2.160000e+003	2.03323117e-001	-3.19667688e+000	2.40698999e+003	0.00000000e+000	8.6201e+014	1.0000e-010	0.0000e+000
2.170000e+003	2.03563816e-001	-3.19643618e+000	2.39072299e+003	0.00000000e+000	8.5402e+014	1.0000e-010	0.0000e+000
2.180000e+003	2.03802888e-001	-3.19619711e+000	2.37460573e+003	0.00000000e+000	8.4616e+014	1.0000e-010	0.0000e+000
2.190000e+003	2.04040349e-001	-3.19595965e+000	2.35863584e+003	0.00000000e+000	8.3842e+014	1.0000e-010	0.0000e+000
2.200000e+003	2.04276212e-001	-3.19572379e+000	2.34281099e+003	0.00000000e+000	8.3081e+014	1.0000e-010	0.0000e+000
2.210000e+003	2.04510494e-001	-3.19548951e+000	2.32712890e+003	0.00000000e+000	8.2331e+014	1.0000e-010	0.0000e+000
2.220000e+003	2.04743206e-001	-3.19525679e+000	2.31158734e+003	0.00000000e+000	8.1593e+014	1.0000e-010	0.0000e+000
2.230000e+003	2.04974365e-001	-3.19502563e+000	2.29618414e+003	0.00000000e+000	8.0867e+014	1.0000e-010	0.0000e+000
2.240000e+003	2.05203984e-001	-3.19479602e+000	2.28091713e+003	0.00000000e+000	8.0152e+014	1.0000e-010	0.0000e+000
2.250000e+003	2.05432075e-001	-3.19456792e+000	2.26578424e+003	0.00000000e+000	7.9448e+014	1.0000e-010	0.0000e+000
2.260000e+003	2.05658654e-001	-3.19434135e+000	2.25078339e+003	0.00000000e+000	7.8755e+014	1.0000e-010	0.0000e+000
2.270000e+003	2.05883732e-001	-3.19411627e+000	2.23591259e+003	0.00000000e+000	7.8072e+014	1.0000e-010	0.0000e+000
2.280000e+003	2.06107323e-001	-3.19389268e+000	2.22116984e+003	0.00000000e+000	7.7400e+014	1.0000e-010	0.0000e+000
2.290000e+003	2.06329440e-001	-3.19367056e+000	2.20655322e+003	0.00000000e+000	7.6737e+014	1.0000e-010	0.0000e+000
2.300000e+003	2.06550096e-001	-3.19344990e+000	2.19206083e+003	0.00000000e+000	7.6085e+014	1.0000e-010	0.0000e+000
2.310000e+003	2.06769302e-001	-3.19323070e+000	2.17769080e+003	0.00000000e+000	7.5443e+014	1.0000e-010	0.0000e+000
2.320000e+003	2.06987071e-001	-3.19301293e+000	2.16344132e+003	0.00000000e+000	7.4810e+014	1.0000e-010	0.0000e+000
2.330000e+003	2.07203415e-001	-3.19279659e+000	2.14931058e+003	0.00000000e+000	7.4187e+014	1.0000e-010	0.0000e+000
2.340000e+003	2.07418346e-001	-3.19258165e+000	2.13529684e+003	0.00000000e+000	7.3572e+014	1.0000e-010	0.0000e+000
2.350000e+003	2.07631876e-001	-3.19236812e+000	2.12139837e+003	0.00000000e+000	7.2967e+014	1.0000e-010	0.0000e+000
2.360000e+003	2.07844015e-001	-3.19215598e+000	2.10761348e+003	0.00000000e+000	7.2371e+014	1.0000e-010	0.0000e+000
2.370000e+003	2.08054777e-001	-3.19194522e+000	2.09394052e+003	0.00000000e+000	7.1783e+014	1.0000e-010	0.0000e+000
2.380000e+003	2.08264171e-001	-3.19173583e+000	2.08037786e+003	0.00000000e+000	7.1204e+014	1.0000e-010	0.0000e+000
2.390000e+003	2.08472209e-001	-3.19152779e+000	2.06692391e+003	0.00000000e+000	7.0633e+014	1.0000e-010	0.0000e+000
2.400000e+003	2.08678901e-001	-3.19132110e+000	2.05357709e+003	0.00000000e+000	7.0071e+014	1.0000e-010	0.0000e+000
2.410000e+003	2.08884259e-001	-3.19111574e+000	2.04033587e+003	0.00000000e+000	6.9517e+014	1.0000e-010	0.0000e+000
2.420000e+003	2.09088292e-001	-3.19091171e+000	2.02719875e+003	0.00000000e+000	6.8970e+014	1.0000e-010	0.0000e+000
2.430000e+003	2.09291012e-001	-3.19070899e+000	2.01416424e+003	0.00000000e+000	6.8431e+014	1.0000e-010	0.0000e+000
2.440000e+003	2.09492429e-001	-3.19050757e+000	2.00123089e+003	0.00000000e+000	6.7900e+014	1.0000e-010	0.0000e+000
2.450000e+003	2.09692552e-001	-3.19030745e+000	1.98839727e+003	0.00000000e+000	6.7377e+014	1.0000e-010	0.0000e+000
2.460000e+003	2.09891391e-001	-3.19010861e+000	1.97566198e+003	0.00000000e+000	6.6860e+014	1.0000e-010	0.0000e+000
2.470000e+003	2.10088958e-001	-3.18991104e+000	1.96302365e+003	0.00000000e+000	6.6351e+014	1.0000e-010	0.0000e+000
2.480000e+003	2.10285260e-001	-3.18971474e+000	1.95048092e+003	0.00000000e+000	6.5850e+014	1.0000e-010	0.0000e+000
2.490000e+003	2.10480308e-001	-3.18951969e+000	1.93803247e+003	0.00000000e+000	6.5355e+014	1.0000e-010	0.0000e+000
2.500000e+003	2.10674111e-001	-3.18932589e+000	1.92567699e+003	0.00000000e+000	6.4866e+014	1.0000e-010	0.0000e+000
2.510000e+003	2.10866679e-001	-3.18913332e+000	1.91341320e+003	0.00000000e+000	6.4385e+014	1.0000e-010	0.0000e+000
2.520000e+003	2.11058020e-001	-3.18894198e+000	1.90123984e+003	0.00000000e+000	6.3910e+014	1.0000e-010	0.0000e+000
2.530000e+003	2.11248144e-001	-3.18875186e+000	1.88915569e+003	0.00000000e+000	6.3442e+014	1.0000e-010	0.0000e+000
2.540000e+003	2.11437060e-001	-3.18856294e+000	1.87715952e+003	0.00000000e+000	6.2980e+014	1.0000e-010	0.0000e+000
2.550000e+003	2.11624776e-001	-3.18837522e+000	1.86525013e+003	0.00000000e+000	6.2524e+014	1.0000e-010	0.0000e+000
2.560000e+003	2.11811301e-001	-3.18818870e+000	1.85342637e+003	0.00000000e+000	6.2075e+014	1.0000e-010	0.0000e+000
2.570000e+003	2.11996644e-001	-3.18800336e+000	1.84168708e+003	0.00000000e+000	6.1631e+014	1.0000e-010	0.0000e+000
2.580000e+003	2.12180812e-001	-3.18781919e+000	1.83003111e+003	0.00000000e+000	6.1194e+014	1.0000e-010	0.0000e+000
2.590000e+003	2.12363815e-001	-3.18763618e+000	1.81845737e+003	0.00000000e+000	6.0762e+014	1.0000e-010	0.0000e+000
2.600000e+003	2.12545661e-001	-3.18745434e+000	1.80696475e+003	0.00000000e+000	6.0336e+014	1.0000e-010	0.0000e+000
2.610000e+003	2.12726358e-001	-3.18727364e+000	1.79555218e+003	0.00000000e+000	5.9916e+014	1.0000e-010	0.0000e+000
2.620000e+003	2.12905913e-001	-3.18709409e+000	1.78421860e+003	0.00000000e+000	5.9501e+014	1.0000e-010	0.0000e+000
2.630000e+003	2.13084335e-001	-3.18691567e+000	1.77296298e+003	0.00000000e+000	5.9092e+014	1.0000e-010	0.0000e+000
2.640000e+003	2.13261631e-001	-3.18673837e+000	1.76178428e+003	0.00000000e+000	5.8688e+014	1.0000e-010	0.0000e+000
2.650000e+003	2.13437809e-001	-3.18656219e+000	1.75068150e+003	0.00000000e+000	5.8290e+014	1.0000e-010	0.0000e+000
2.660000e+003	2.13612878e-001	-3.18638712e+000	1.73965366e+003	0.00000000e+000	5.7896e+014	1.0000e-010	0.0000e+000
2.670000e+003	2.13786843e-001	-3.18621316e+000	1.72869978e+003	0.00000000e+000	5.7508e+014	1.0000e-010	0.0000e+000
2.680000e+003	2.13959713e-001	-3.18604029e+000	1.71781890e+003	0.00000000e+000	5.7125e+014	1.0000e-010	0.0000e+000
2.690000e+003	2.14131495e-001	-3.18586851e+000	1.70701008e+003	0.00000000e+000	5.6746e+014	1.0000e-010	0.0000e+000
2.700000e+003	2.14302196e-001	-3.18569780e+000	1.69627240e+003	0.00000000e+000	5.6373e+014	1.0000e-010	0.0000e+000
2.710000e+003	2.14471823e-001	-3.18552818e+000	1.68560495e+003	0.00000000e+000	5.6004e+014	1.0000e-010	0.0000e+000
2.720000e+003	2.14640383e-001	-3.18535962e+000	1.67500682e+003	0.00000000e+000	5.5640e+014	1.0000e-010	0.0000e+000
2.730000e+003	2.14807884e-001	-3.18519212e+000	1.66447714e+003	0.00000000e+000	5.5281e+014	1.0000e-010	0.0000e+000
2.740000e+003	2.14974332e-001	-3.18502567e+000	1.65401503e+003	0.00000000e+000	5.4926e+014	1.0000e-010	0.0000e+000
2.750000e+003	2.15139733e-001	-3.18486027e+000	1.64361965e+003	0.00000000e+000	5.4576e+014	1.0000e-010	0.0000e+000
2.760000e+003	2.15304095e-001	-3.18469590e+000	1.63329015e+003	0.00000000e+000	5.4230e+014	1.0000e-010	0.0000e+000
2.770000e+003	2.15467424e-001	-3.18453258e+000	1.62302570e+003	0.00000000e+000	5.3889e+014	1.0000e-010	0.0000e+000
2.780000e+003	2.15629727e-001	-3.18437027e+000	1.61282550e+003	0.00000000e+000	5.3551e+014	1.0000e-010	0.0000e+000
2.790000e+003	2.15791009e-001	-3.18420899e+000	1.60268873e+003	0.00000000e+000	5.3218e+014	1.0000e-010	0.0000e+000
2.800000e+003	2.15951278e-001	-3.18404872e+000	1.59261461e+003	0.00000000e+000	5.2889e+014	1.0000e-010	0.0000e+000
2.810000e+003	2.16110540e-001	-3.18388946e+000	1.58260236e+003	0.00000000e+000	5.2564e+014	1.0000e-010	0.0000e+000
2.820000e+003	2.16268800e-001	-3.18373120e+000	1.57265122e+003	0.00000000e+000	5.2244e+014	1.0000e-010	0.0000e+000
2.830000e+003	2.16426065e-001	-3.18357393e+000	1.56276042e+003	0.00000000e+000	5.1927e+014	1.0000e-010	0.0000e+000
2.840000e+003	2.16582341e-001	-3.18341766e+000	1.55292924e+003	0.00000000e+000	5.1614e+014	1.0000e-010	0.0000e+000
2.850000e+003	2.16737634e-001	-3.18326237e+000	1.54315694e+003	0.00000000e+000	5.1305e+014	1.0000e-010	0.0000e+000
2.860000e+003	2.16891950e-001	-3.18310805e+000	1.53344280e+003	0.00000000e+000	5.0999e+014	1.0000e-010	0.0000e+000
2.870000e+003	2.17045294e-001	-3.18295471e+000	1.52378610e+003	0.00000000e+000	5.0698e+014	1.0000e-010	0.0000e+000
2.880000e+003	2.17197673e-001	-3.18280233e+000	1.51418616e+003	0.00000000e+000	5.0400e+014	1.0000e-010	0.0000e+000
2.890000e+003	2.17349091e-001	-3.18265091e+000	1.50464228e+003	0.00000000e+000	5.0106e+014	1.0000e-010	0.0000e+000
2.900000e+003	2.17499556e-001	-3.18250044e+000	1.49515379e+003	0.00000000e+000	4.9815e+014	1.0000e-010	0.0000e+000
2.910000e+003	2.17649071e-001	-3.18235093e+000	1.48572002e+003	0.00000000e+000	4.9527e+014	1.0000e-010	0.0000e+000
2.920000e+003	2.17797643e-001	-3.18220236e+000	1.47634030e+003	0.00000000e+000	4.9244e+014	1.0000e-010	0.0000e+000
2.930000e+003	2.17945277e-001	-3.18205472e+000	1.46701400e+003	0.00000000e+000	4.8963e+014	1.0000e-010	0.0000e+000
2.940000e+003	2.18091978e-001	-3.18190802e+000	1.45774048e+003	0.00000000e+000	4.8686e+014	1.0000e-010	0.0000e+000
2.950000e+003	2.18237752e-001	-3.18176225e+000	1.44851909e+003	0.00000000e+000	4.8412e+014	1.0000e-010	0.0000e+000
2.960000e+003	2.18382604e-001	-3.18161740e+000	1.43934924e+003	0.00000000e+000	4.8142e+014	1.0000e-010	0.0000e+000
2.970000e+003	2.18526539e-001	-3.18147346e+000	1.43023029e+003	0.00000000e+000	4.7875e+014	1.0000e-010	0.0000e+000
2.980000e+003	2.18669562e-001	-3.18133044e+000	1.42116166e+003	0.00000000e+000	4.7610e+014	1.0000e-010	0.0000e+000
2.990000e+003	2.18811678e-001	-3.18118832e+000	1.41214274e+003	0.00000000e+000	4.7349e+014	1.0000e-010	0.0000e+000
3.000000e+003	2.18952893e-001	-3.18104711e+000	1.40317295e+003	0.00000000e+000	4.7092e+014	1.0000e-010	0.0000e+000
3.010000e+003	2.19093210e-001	-3.18090679e+000	1.39425171e+003	0.00000000e+000	4.6837e+014	1.0000e-010	0.0000e+000
3.020000e+003	2.19232635e-001	-3.18076736e+000	1.38537846e+003	0.00000000e+000	4.6585e+014	1.0000e-010	0.0000e+000
3.030000e+003	2.19371173e-001	-3.18062883e+000	1.37655264e+003	0.00000000e+000	4.6336e+014	1.0000e-010	0.0000e+000
3.040000e+003	2.19508828e-001	-3.18049117e+000	1.36777368e+003	0.00000000e+000	4.6090e+014	1.0000e-010	0.0000e+000
3.050000e+003	2.19645606e-001	-3.18035439e+000	1.35904105e+003	0.00000000e+000	4.5846e+014	1.0000e-010	0.0000e+000
3.060000e+003	2.19781510e-001	-3.18021849e+000	1.35035421e+003	0.00000000e+000	4.5606e+014	1.0000e-010	0.0000e+000
3.070000e+003	2.19916545e-001	-3.18008345e+000	1.34171262e+003	0.00000000e+000	4.5368e+014	1.0000e-010	0.0000e+000
3.080000e+003	2.20050716e-001	-3.17994928e+000	1.33311576e+003	0.00000000e+000	4.5134e+014	1.0000e-010	0.0000e+000
3.090000e+003	2.20184028e-001	-3.17981597e+000	1.32456313e+003	0.00000000e+000	4.4901e+014	1.0000e-010	0.0000e+000
3.100000e+003	2.20316484e-001	-3.17968352e+000	1.31605420e+003	0.00000000e+000	4.4672e+014	1.0000e-010	0.0000e+000
3.110000e+003	2.20448090e-001	-3.17955191e+000	1.30758848e+003	0.00000000e+000	4.4445e+014	1.0000e-010	0.0000e+000
3.120000e+003	2.20578849e-001	-3.17942115e+000	1.29916547e+003	0.00000000e+000	4.4221e+014	1.0000e-010	0.0000e+000
3.130000e+003	2.20708765e-001	-3.17929123e+000	1.29078468e+003	0.00000000e+000	4.3999e+014	1.0000e-010	0.0000e+000
3.140000e+003	2.20837844e-001	-3.17916216e+000	1.28244563e+003	0.00000000e+000	4.3780e+014	1.0000e-010	0.0000e+000
3.150000e+003	2.20966088e-001	-3.17903391e+000	1.27414785e+003	0.00000000e+000	4.3563e+014	1.0000e-010	0.0000e+000
3.160000e+003	2.21093503e-001	-3.17890650e+000	1.26589087e+003	0.00000000e+000	4.3349e+014	1.0000e-010	0.0000e+000
3.170000e+003	2.21220092e-001	-3.17877991e+000	1.25767421e+003	0.00000000e+000	4.3138e+014	1.0000e-010	0.0000e+000
3.180000e+003	2.21345859e-001	-3.17865414e+000	1.24949744e+003	0.00000000e+000	4.2928e+014	1.0000e-010	0.0000e+000
3.190000e+003	2.21470809e-001	-3.17852919e+000	1.24136009e+003	0.00000000e+000	4.2721e+014	1.0000e-010	0.0000e+000
3.200000e+003	2.21594945e-001	-3.17840505e+000	1.23326172e+003	0.00000000e+000	4.2517e+014	1.0000e-010	0.0000e+000
3.210000e+003	2.21718271e-001	-3.17828173e+000	1.22520189e+003	0.00000000e+000	4.2314e+014	1.0000e-010	0.0000e+000
3.220000e+003	2.21840792e-001	-3.17815921e+000	1.21718017e+003	0.00000000e+000	4.2114e+014	1.0000e-010	0.0000e+000
3.230000e+003	2.21962510e-001	-3.17803749e+000	1.20919612e+003	0.00000000e+000	4.1916e+014	1.0000e-010	0.0000e+000
3.240000e+003	2.22083429e-001	-3.17791657e+000	1.20124934e+003	0.00000000e+000	4.1721e+014	1.0000e-010	0.0000e+000
3.250000e+003	2.22203554e-001	-3.17779645e+000	1.19333939e+003	0.00000000e+000	4.1527e+014	1.0000e-010	0.0000e+000
3.260000e+003	2.22322888e-001	-3.17767711e+000	1.18546588e+003	0.00000000e+000	4.1336e+014	1.0000e-010	0.0000e+000
3.270000e+003	2.22441435e-001	-3.17755857e+000	1.17762838e+003	0.00000000e+000	4.1147e+014	1.0000e-010	0.0000e+000
3.280000e+003	2.22559198e-001	-3.17744080e+000	1.16982651e+003	0.00000000e+000	4.0960e+014	1.0000e-010	0.0000e+000
3.290000e+003	2.22676180e-001	-3.17732382e+000	1.16205986e+003	0.00000000e+000	4.0775e+014	1.0000e-010	0.0000e+000
3.300000e+003	2.22792386e-001	-3.17720761e+000	1.15432804e+003	0.00000000e+000	4.0592e+014	1.0000e-010	0.0000e+000
3.310000e+003	2.22907819e-001	-3.17709218e+000	1.14663067e+003	0.00000000e+000	4.0411e+014	1.0000e-010	0.0000e+000
3.320000e+003	2.23022482e-001	-3.17697752e+000	1.13896737e+003	0.00000000e+000	4.0232e+014	1.0000e-010	0.0000e+000
3.330000e+003	2.23136379e-001	-3.17686362e+000	1.13133775e+003	0.00000000e+000	4.0056e+014	1.0000e-010	0.0000e+000
3.340000e+003	2.23249513e-001	-3.17675049e+000	1.12374145e+003	0.00000000e+000	3.9881e+014	1.0000e-010	0.0000e+000
3.350000e+003	2.23361887e-001	-3.17663811e+000	1.11617810e+003	0.00000000e+000	3.9708e+014	1.0000e-010	0.0000e+000
3.360000e+003	2.23473505e-001	-3.17652650e+000	1.10864733e+003	0.00000000e+000	3.9537e+014	1.0000e-010	0.0000e+000
3.370000e+003	2.23584369e-001	-3.17641563e+000	1.10114879e+003	0.00000000e+000	3.9367e+014	1.0000e-010	0.0000e+000
3.380000e+003	2.23694484e-001	-3.17630552e+000	1.09368212e+003	0.00000000e+000	3.9200e+014	1.0000e-010	0.0000e+000
3.390000e+003	2.23803852e-001	-3.17619615e+000	1.08624697e+003	0.00000000e+000	3.9035e+014	1.0000e-010	0.0000e+000
3.400000e+003	2.23912477e-001	-3.17608752e+000	1.07884300e+003	0.00000000e+000	3.8871e+014	1.0000e-010	0.0000e+000
3.410000e+003	2.24020361e-001	-3.17597964e+000	1.07146986e+003	0.00000000e+000	3.8709e+014	1.0000e-010	0.0000e+000
3.420000e+003	2.24127508e-001	-3.17587249e+000	1.06412722e+003	0.00000000e+000	3.8549e+014	1.0000e-010	0.0000e+000
3.430000e+003	2.24233921e-001	-3.17576608e+000	1.05681474e+003	0.00000000e+000	3.8391e+014	1.0000e-010	0.0000e+000
3.440000e+003	2.24339603e-001	-3.17566040e+000	1.04953209e+003	0.00000000e+000	3.8234e+014	1.0000e-010	0.0000e+000
3.450000e+003	2.24444556e-001	-3.17555544e+000	1.04227894e+003	0.00000000e+000	3.8079e+014	1.0000e-010	0.0000e+000
3.460000e+003	2.24548784e-001	-3.17545122e+000	1.03505498e+003	0.00000000e+000	3.7926e+014	1.0000e-010	0.0000e+000
3.470000e+003	2.24652289e-001	-3.17534771e+000	1.02785989e+003	0.00000000e+000	3.7774e+014	1.0000e-010	0.0000e+000
3.480000e+003	2.24755075e-001	-3.17524492e+000	1.02069334e+003	0.00000000e+000	3.7624e+014	1.0000e-010	0.0000e+000
3.490000e+003	2.24857144e-001	-3.17514286e+000	1.01355504e+003	0.00000000e+000	3.7476e+014	1.0000e-010	0.0000e+000
3.500000e+003	2.24958500e-001	-3.17504150e+000	1.00644467e+003	0.00000000e+000	3.7330e+014	1.0000e-010	0.0000e+000
3.510000e+003	2.25059144e-001	-3.17494086e+000	9.99361921e+002	0.00000000e+000	3.7185e+014	1.0000e-010	0.0000e+000
3.520000e+003	2.25159081e-001	-3.17484092e+000	9.92306503e+002	0.00000000e+000	3.7041e+014	1.0000e-010	0.0000e+000
3.530000e+003	2.25258311e-001	-3.17474169e+000	9.85278114e+002	0.00000000e+000	3.6899e+014	1.0000e-010	0.0000e+000
3.540000e+003	2.25356839e-001	-3.17464316e+000	9.78276461e+002	0.00000000e+000	3.6759e+014	1.0000e-010	0.0000e+000
3.550000e+003	2.25454667e-001	-3.17454533e+000	9.71301253e+002	0.00000000e+000	3.6620e+014	1.0000e-010	0.0000e+000
3.560000e+003	2.25551797e-001	-3.17444820e+000	9.64352203e+002	0.00000000e+000	3.6483e+014	1.0000e-010	0.0000e+000
3.570000e+003	2.25648232e-001	-3.17435177e+000	9.57429026e+002	0.00000000e+000	3.6347e+014	1.0000e-010	0.0000e+000
3.580000e+003	2.25743975e-001	-3.17425603e+000	9.50531442e+002	0.00000000e+000	3.6212e+014	1.0000e-010	0.0000e+000
3.590000e+003	2.25839028e-001	-3.17416097e+000	9.43659173e+002	0.00000000e+000	3.6080e+014	1.0000e-010	0.0000e+000
3.600000e+003	2.25933394e-001	-3.17406661e+000	9.36811944e+002	0.00000000e+000	3.5948e+014	1.0000e-010	0.0000e+000
3.610000e+003	2.26027075e-001	-3.17397292e+000	9.29989482e+002	0.00000000e+000	3.5818e+014	1.0000e-010	0.0000e+000
3.620000e+003	2.26120074e-001	-3.17387993e+000	9.23191519e+002	0.00000000e+000	3.5689e+014	1.0000e-010	0.0000e+000
3.630000e+003	2.26212393e-001	-3.17378761e+000	9.16417788e+002	0.00000000e+000	3.5562e+014	1.0000e-010	0.0000e+000
3.640000e+003	2.26304035e-001	-3.17369596e+000	9.09668027e+002	0.00000000e+000	3.5436e+014	1.0000e-010	0.0000e+000
3.650000e+003	2.26395002e-001	-3.17360500e+000	9.02941976e+002	0.00000000e+000	3.5312e+014	1.0000e-010	0.0000e+000
3.660000e+003	2.26485296e-001	-3.17351470e+000	8.96239375e+002	0.00000000e+000	3.5189e+014	1.0000e-010	0.0000e+000
3.670000e+003	2.26574920e-001	-3.17342508e+000	8.89559971e+002	0.00000000e+000	3.5067e+014	1.0000e-010	0.0000e+000
3.680000e+003	2.26663876e-001	-3.17333612e+000	8.82903511e+002	0.00000000e+000	3.4947e+014	1.0000e-010	0.0000e+000
3.690000e+003	2.26752166e-001	-3.17324783e+000	8.76269745e+002	0.00000000e+000	3.4827e+014	1.0000e-010	0.0000e+000
3.700000e+003	2.26839793e-001	-3.17316021e+000	8.69658427e+002	0.00000000e+000	3.4710e+014	1.0000e-010	0.0000e+000
3.710000e+003	2.26926759e-001	-3.17307324e+000	8.63069313e+002	0.00000000e+000	3.4593e+014	1.0000e-010	0.0000e+000
3.720000e+003	2.27013066e-001	-3.17298693e+000	8.56502159e+002	0.00000000e+000	3.4478e+014	1.0000e-010	0.0000e+000
3.730000e+003	2.27098716e-001	-3.17290128e+000	8.49956727e+002	0.00000000e+000	3.4364e+014	1.0000e-010	0.0000e+000
3.740000e+003	2.27183712e-001	-3.17281629e+000	8.43432779e+002	0.00000000e+000	3.4251e+014	1.0000e-010	0.0000e+000
3.750000e+003	2.27268055e-001	-3.17273194e+000	8.36930081e+002	0.00000000e+000	3.4139e+014	1.0000e-010	0.0000e+000
3.760000e+003	2.27351748e-001	-3.17264825e+000	8.30448402e+002	0.00000000e+000	3.4029e+014	1.0000e-010	0.0000e+000
3.770000e+003	2.27434793e-001	-3.17256521e+000	8.23987510e+002	0.00000000e+000	3.3920e+014	1.0000e-010	0.0000e+000
3.780000e+003	2.27517192e-001	-3.17248281e+000	8.17547178e+002	0.00000000e+000	3.3812e+014	1.0000e-010	0.0000e+000
3.790000e+003	2.27598947e-001	-3.17240105e+000	8.11127181e+002	0.00000000e+000	3.3705e+014	1.0000e-010	0.0000e+000
3.800000e+003	2.27680059e-001	-3.17231994e+000	8.04727295e+002	0.00000000e+000	3.3600e+014	1.0000e-010	0.0000e+000
3.810000e+003	2.27760532e-001	-3.17223947e+000	7.98347301e+002	0.00000000e+000	3.3495e+014	1.0000e-010	0.0000e+000
3.820000e+003	2.27840367e-001	-3.17215963e+000	7.91986978e+002	0.00000000e+000	3.3392e+014	1.0000e-010	0.0000e+000
3.830000e+003	2.27919565e-001	-3.17208043e+000	7.85646111e+002	0.00000000e+000	3.3290e+014	1.0000e-010	0.0000e+000
3.840000e+003	2.27998130e-001	-3.17200187e+000	7.79324484e+002	0.00000000e+000	3.3189e+014	1.0000e-010	0.0000e+000
3.850000e+003	2.28076063e-001	-3.17192394e+000	7.73021886e+002	0.00000000e+000	3.3089e+014	1.0000e-010	0.0000e+000
3.860000e+003	2.28153365e-001	-3.17184664e+000	7.66738106e+002	0.00000000e+000	3.2990e+014	1.0000e-010	0.0000e+000
3.870000e+003	2.28230039e-001	-3.17176996e+000	7.60472934e+002	0.00000000e+000	3.2892e+014	1.0000e-010	0.0000e+000
3.880000e+003	2.28306086e-001	-3.17169391e+000	7.54226166e+002	0.00000000e+000	3.2796e+014	1.0000e-010	0.0000e+000
3.890000e+003	2.28381508e-001	-3.17161849e+000	7.47997596e+002	0.00000000e+000	3.2700e+014	1.0000e-010	0.0000e+000
3.900000e+003	2.28456308e-001	-3.17154369e+000	7.41787021e+002	0.00000000e+000	3.2606e+014	1.0000e-010	0.0000e+000
3.910000e+003	2.28530487e-001	-3.17146951e+000	7.35594242e+002	0.00000000e+000	3.2512e+014	1.0000e-010	0.0000e+000
3.920000e+003	2.28604046e-001	-3.17139595e+000	7.29419058e+002	0.00000000e+000	3.2420e+014	1.0000e-010	0.0000e+000
3.930000e+003	2.28676988e-001	-3.17132301e+000	7.23261273e+002	0.00000000e+000	3.2328e+014	1.0000e-010	0.0000e+000
3.940000e+003	2.28749314e-001	-3.17125069e+000	7.17120692e+002	0.00000000e+000	3.2238e+014	1.0000e-010	0.0000e+000
3.950000e+003	2.28821026e-001	-3.17117897e+000	7.10997120e+002	0.00000000e+000	3.2149e+014	1.0000e-010	0.0000e+000
3.960000e+003	2.28892126e-001	-3.17110787e+000	7.04890367e+002	0.00000000e+000	3.2061e+014	1.0000e-010	0.0000e+000
3.970000e+003	2.28962615e-001	-3.17103738e+000	6.98800242e+002	0.00000000e+000	3.1973e+014	1.0000e-010	0.0000e+000
3.980000e+003	2.29032495e-001	-3.17096750e+000	6.92726558e+002	0.00000000e+000	3.1887e+014	1.0000e-010	0.0000e+000
3.990000e+003	2.29101768e-001	-3.17089823e+000	6.86669126e+002	0.00000000e+000	3.1802e+014	1.0000e-010	0.0000e+000
4.000000e+003	2.29170435e-001	-3.17082957e+000	6.80627762e+002	0.00000000e+000	3.1717e+014	1.0000e-010	0.0000e+000
4.010000e+003	2.29238498e-001	-3.17076150e+000	6.74602283e+002	0.00000000e+000	3.1634e+014	1.0000e-010	0.0000e+000
4.020000e+003	2.29305958e-001	-3.17069404e+000	6.68592507e+002	0.00000000e+000	3.1551e+014	1.0000e-010	0.0000e+000
4.030000e+003	2.29372817e-001	-3.17062718e+000	6.62598254e+002	0.00000000e+000	3.1470e+014	1.0000e-010	0.0000e+000
4.040000e+003	2.29439077e-001	-3.17056092e+000	6.56619344e+002	0.00000000e+000	3.1389e+014	1.0000e-010	0.0000e+000
4.050000e+003	2.29504739e-001	-3.17049526e+000	6.50655601e+002	0.00000000e+000	3.1310e+014	1.0000e-010	0.0000e+000
4.060000e+003	2.29569804e-001	-3.17043020e+000	6.44706849e+002	0.00000000e+000	3.1231e+014	1.0000e-010	0.0000e+000
4.070000e+003	2.29634275e-001	-3.17036572e+000	6.38772914e+002	0.00000000e+000	3.1153e+014	1.0000e-010	0.0000e+000
4.080000e+003	2.29698152e-001	-3.17030185e+000	6.32853623e+002	0.00000000e+000	3.1076e+014	1.0000e-010	0.0000e+000
4.090000e+003	2.29761438e-001	-3.17023856e+000	6.26948804e+002	0.00000000e+000	3.1000e+014	1.0000e-010	0.0000e+000
4.100000e+003	2.29824133e-001	-3.17017587e+000	6.21058288e+002	0.00000000e+000	3.0925e+014	1.0000e-010	0.0000e+000
4.110000e+003	2.29886238e-001	-3.17011376e+000	6.15181907e+002	0.00000000e+000	3.0851e+014	1.0000e-010	0.0000e+000
4.120000e+003	2.29947757e-001	-3.17005224e+000	6.09319492e+002	0.00000000e+000	3.0778e+014	1.0000e-010	0.0000e+000
4.130000e+003	2.30008689e-001	-3.16999131e+000	6.03470878e+002	0.00000000e+000	3.0705e+014	1.0000e-010	0.0000e+000
4.140000e+003	2.30069036e-001	-3.16993096e+000	5.97635901e+002	0.00000000e+000	3.0634e+014	1.0000e-010	0.0000e+000
4.150000e+003	2.30128799e-001	-3.16987120e+000	5.91814398e+002	0.00000000e+000	3.0563e+014	1.0000e-010	0.0000e+000
4.160000e+003	2.30187981e-001	-3.16981202e+000	5.86006206e+002	0.00000000e+000	3.0493e+014	1.0000e-010	0.0000e+000
4.170000e+003	2.30246581e-001	-3.16975342e+000	5.80211165e+002	0.00000000e+000	3.0424e+014	1.0000e-010	0.0000e+000
4.180000e+003	2.30304602e-001	-3.16969540e+000	5.74429116e+002	0.00000000e+000	3.0356e+014	1.0000e-010	0.0000e+000
4.190000e+003	2.30362045e-001	-3.16963795e+000	5.68659900e+002	0.00000000e+000	3.0288e+014	1.0000e-010	0.0000e+000
4.200000e+003	2.30418911e-001	-3.16958109e+000	5.62903361e+002	0.00000000e+000	3.0222e+014	1.0000e-010	0.0000e+000
4.210000e+003	2.30475202e-001	-3.16952480e+000	5.57159342e+002	0.00000000e+000	3.0156e+014	1.0000e-010	0.0000e+000
4.220000e+003	2.30530918e-001	-3.16946908e+000	5.51427689e+002	0.00000000e+000	3.0091e+014	1.0000e-010	0.0000e+000
4.230000e+003	2.30586060e-001	-3.16941394e+000	5.45708249e+002	0.00000000e+000	3.0027e+014	1.0000e-010	0.0000e+000
4.240000e+003	2.30640631e-001	-3.16935937e+000	5.40000870e+002	0.00000000e+000	2.9964e+014	1.0000e-010	0.0000e+000
4.250000e+003	2.30694631e-001	-3.16930537e+000	5.34305400e+002	0.00000000e+000	2.9901e+014	1.0000e-010	0.0000e+000
4.260000e+003	2.30748062e-001	-3.16925194e+000	5.28621688e+002	0.00000000e+000	2.9840e+014	1.0000e-010	0.0000e+000
4.270000e+003	2.30800924e-001	-3.16919908e+000	5.22949587e+002	0.00000000e+000	2.9779e+014	1.0000e-010	0.0000e+000
4.280000e+003	2.30853219e-001	-3.16914678e+000	5.17288949e+002	0.00000000e+000	2.9718e+014	1.0000e-010	0.0000e+000
4.290000e+003	2.30904948e-001	-3.16909505e+000	5.11639625e+002	0.00000000e+000	2.9659e+014	1.0000e-010	0.0000e+000
4.300000e+003	2.30956112e-001	-3.16904389e+000	5.06001472e+002	0.00000000e+000	2.9600e+014	1.0000e-010	0.0000e+000
4.310000e+003	2.31006712e-001	-3.16899329e+000	5.00374343e+002	0.00000000e+000	2.9543e+014	1.0000e-010	0.0000e+000
4.320000e+003	2.31056749e-001	-3.16894325e+000	4.94758095e+002	0.00000000e+000	2.9485e+014	1.0000e-010	0.0000e+000
4.330000e+003	2.31106225e-001	-3.16889377e+000	4.89152585e+002	0.00000000e+000	2.9429e+014	1.0000e-010	0.0000e+000
4.340000e+003	2.31155140e-001	-3.16884486e+000	4.83557672e+002	0.00000000e+000	2.9373e+014	1.0000e-010	0.0000e+000
4.350000e+003	2.31203496e-001	-3.16879650e+000	4.77973213e+002	0.00000000e+000	2.9318e+014	1.0000e-010	0.0000e+000
4.360000e+003	2.31251294e-001	-3.16874871e+000	4.72399071e+002	0.00000000e+000	2.9264e+014	1.0000e-010	0.0000e+000
4.370000e+003	2.31298533e-001	-3.16870147e+000	4.66835105e+002	0.00000000e+000	2.9211e+014	1.0000e-010	0.0000e+000
4.380000e+003	2.31345217e-001	-3.16865478e+000	4.61281177e+002	0.00000000e+000	2.9158e+014	1.0000e-010	0.0000e+000
4.390000e+003	2.31391345e-001	-3.16860865e+000	4.55737150e+002	0.00000000e+000	2.9106e+014	1.0000e-010	0.0000e+000
4.400000e+003	2.31436919e-001	-3.16856308e+000	4.50202888e+002	0.00000000e+000	2.9055e+014	1.0000e-010	0.0000e+000
4.410000e+003	2.31481939e-001	-3.16851806e+000	4.44678256e+002	0.00000000e+000	2.9004e+014	1.0000e-010	0.0000e+000
4.420000e+003	2.31526407e-001	-3.16847359e+000	4.39163118e+002	0.00000000e+000	2.8955e+014	1.0000e-010	0.0000e+000
4.430000e+003	2.31570323e-001	-3.16842968e+000	4.33657341e+002	0.00000000e+000	2.8905e+014	1.0000e-010	0.0000e+000
4.440000e+003	2.31613689e-001	-3.16838631e+000	4.28160792e+002	0.00000000e+000	2.8857e+014	1.0000e-010	0.0000e+000
4.450000e+003	2.31656505e-001	-3.16834349e+000	4.22673339e+002	0.00000000e+000	2.8809e+014	1.0000e-010	0.0000e+000
4.460000e+003	2.31698772e-001	-3.16830123e+000	4.17194851e+002	0.00000000e+000	2.8762e+014	1.0000e-010	0.0000e+000
4.470000e+003	2.31740492e-001	-3.16825951e+000	4.11725196e+002	0.00000000e+000	2.8716e+014	1.0000e-010	0.0000e+000
4.480000e+003	2.31781664e-001	-3.16821834e+000	4.06264246e+002	0.00000000e+000	2.8670e+014	1.0000e-010	0.0000e+000
4.490000e+003	2.31822291e-001	-3.16817771e+000	4.00811870e+002	0.00000000e+000	2.8625e+014	1.0000e-010	0.0000e+000
4.500000e+003	2.31862372e-001	-3.16813763e+000	3.95367942e+002	0.00000000e+000	2.8581e+014	1.0000e-010	0.0000e+000
4.510000e+003	2.31901909e-001	-3.16809809e+000	3.89932333e+002	0.00000000e+000	2.8537e+014	1.0000e-010	0.0000e+000
4.520000e+003	2.31940902e-001	-3.16805910e+000	3.84504916e+002	0.00000000e+000	2.8494e+014	1.0000e-010	0.0000e+000
4.530000e+003	2.31979352e-001	-3.16802065e+000	3.79085566e+002	0.00000000e+000	2.8452e+014	1.0000e-010	0.0000e+000
4.540000e+003	2.32017261e-001	-3.16798274e+000	3.73674157e+002	0.00000000e+000	2.8410e+014	1.0000e-010	0.0000e+000
4.550000e+003	2.32054628e-001	-3.16794537e+000	3.68270564e+002	0.00000000e+000	2.8369e+014	1.0000e-010	0.0000e+000
4.560000e+003	2.32091456e-001	-3.16790854e+000	3.62874663e+002	0.00000000e+000	2.8329e+014	1.0000e-010	0.0000e+000
4.570000e+003	2.32127743e-001	-3.16787226e+000	3.57486330e+002	0.00000000e+000	2.8289e+014	1.0000e-010	0.0000e+000
4.580000e+003	2.32163492e-001	-3.16783651e+000	3.52105444e+002	0.00000000e+000	2.8250e+014	1.0000e-010	0.0000e+000
4.590000e+003	2.32198702e-001	-3.16780130e+000	3.46731882e+002	0.00000000e+000	2.8211e+014	1.0000e-010	0.0000e+000
4.600000e+003	2.32233375e-001	-3.16776662e+000	3.41365521e+002	0.00000000e+000	2.8173e+014	1.0000e-010	0.0000e+000
4.610000e+003	2.32267512e-001	-3.16773249e+000	3.36006243e+002	0.00000000e+000	2.8136e+014	1.0000e-010	0.0000e+000
4.620000e+003	2.32301113e-001	-3.16769889e+000	3.30653925e+002	0.00000000e+000	2.8100e+014	1.0000e-010	0.0000e+000
4.630000e+003	2.32334178e-001	-3.16766582e+000	3.25308449e+002	0.00000000e+000	2.8064e+014	1.0000e-010	0.0000e+000
4.640000e+003	2.32366709e-001	-3.16763329e+000	3.19969695e+002	0.00000000e+000	2.8029e+014	1.0000e-010	0.0000e+000
4.650000e+003	2.32398706e-001	-3.16760129e+000	3.14637544e+002	0.00000000e+000	2.7994e+014	1.0000e-010	0.0000e+000
4.660000e+003	2.32430169e-001	-3.16756983e+000	3.09311879e+002	0.00000000e+000	2.7960e+014	1.0000e-010	0.0000e+000
4.670000e+003	2.32461101e-001	-3.16753890e+000	3.03992583e+002	0.00000000e+000	2.7926e+014	1.0000e-010	0.0000e+000
4.680000e+003	2.32491500e-001	-3.16750850e+000	2.98679538e+002	0.00000000e+000	2.7894e+014	1.0000e-010	0.0000e+000
4.690000e+003	2.32521368e-001	-3.16747863e+000	2.93372627e+002	0.00000000e+000	2.7861e+014	1.0000e-010	0.0000e+000
4.700000e+003	2.32550705e-001	-3.16744929e+000	2.88071736e+002	0.00000000e+000	2.7830e+014	1.0000e-010	0.0000e+000
4.710000e+003	2.32579512e-001	-3.16742049e+000	2.82776748e+002	0.00000000e+000	2.7799e+014	1.0000e-010	0.0000e+000
4.720000e+003	2.32607790e-001	-3.16739221e+000	2.77487549e+002	0.00000000e+000	2.7768e+014	1.0000e-010	0.0000e+000
4.730000e+003	2.32635539e-001	-3.16736446e+000	2.72204024e+002	0.00000000e+000	2.7739e+014	1.0000e-010	0.0000e+000
4.740000e+003	2.32662759e-001	-3.16733724e+000	2.66926059e+002	0.00000000e+000	2.7709e+014	1.0000e-010	0.0000e+000
4.750000e+003	2.32689452e-001	-3.16731055e+000	2.61653541e+002	0.00000000e+000	2.7681e+014	1.0000e-010	0.0000e+000
4.760000e+003	2.32715617e-001	-3.16728438e+000	2.56386357e+002	0.00000000e+000	2.7653e+014	1.0000e-010	0.0000e+000
4.770000e+003	2.32741256e-001	-3.16725874e+000	2.51124393e+002	0.00000000e+000	2.7625e+014	1.0000e-010	0.0000e+000
4.780000e+003	2.32766368e-001	-3.16723363e+000	2.45867539e+002	0.00000000e+000	2.7599e+014	1.0000e-010	0.0000e+000
4.790000e+003	2.32790955e-001	-3.16720905e+000	2.40615682e+002	0.00000000e+000	2.7572e+014	1.0000e-010	0.0000e+000
4.800000e+003	2.32815016e-001	-3.16718498e+000	2.35368711e+002	0.00000000e+000	2.7547e+014	1.0000e-010	0.0000e+000
4.810000e+003	2.32838553e-001	-3.16716145e+000	2.30126515e+002	0.00000000e+000	2.7522e+014	1.0000e-010	0.0000e+000
4.820000e+003	2.32861566e-001	-3.16713843e+000	2.24888983e+002	0.00000000e+000	2.7497e+014	1.0000e-010	0.0000e+000
4.830000e+003	2.32884055e-001	-3.16711595e+000	2.19656005e+002	0.00000000e+000	2.7473e+014	1.0000e-010	0.0000e+000
4.840000e+003	2.32906021e-001	-3.16709398e+000	2.14427472e+002	0.00000000e+000	2.7450e+014	1.0000e-010	0.0000e+000
4.850000e+003	2.32927463e-001	-3.16707254e+000	2.09203274e+002	0.00000000e+000	2.7427e+014	1.0000e-010	0.0000e+000
4.860000e+003	2.32948384e-001	-3.16705162e+000	2.03983301e+002	0.00000000e+000	2.7405e+014	1.0000e-010	0.0000e+000
4.870000e+003	2.32968782e-001	-3.16703122e+000	1.98767446e+002	0.00000000e+000	2.7383e+014	1.0000e-010	0.0000e+000
4.880000e+003	2.32988659e-001	-3.16701134e+000	1.93555600e+002	0.00000000e+000	2.7362e+014	1.0000e-010	0.0000e+000
4.890000e+003	2.33008014e-001	-3.16699199e+000	1.88347654e+002	0.00000000e+000	2.7342e+014	1.0000e-010	0.0000e+000
4.900000e+003	2.33026849e-001	-3.16697315e+000	1.83143501e+002	0.00000000e+000	2.7322e+014	1.0000e-010	0.0000e+000
4.910000e+003	2.33045163e-001	-3.16695484e+000	1.77943034e+002	0.00000000e+000	2.7303e+014	1.0000e-010	0.0000e+000
4.920000e+003	2.33062958e-001	-3.16693704e+000	1.72746145e+002	0.00000000e+000	2.7284e+014	1.0000e-010	0.0000e+000
4.930000e+003	2.33080232e-001	-3.16691977e+000	1.67552727e+002	0.00000000e+000	2.7266e+014	1.0000e-010	0.0000e+000
4.940000e+003	2.33096988e-001	-3.16690301e+000	1.62362674e+002	0.00000000e+000	2.7248e+014	1.0000e-010	0.0000e+000
4.950000e+003	2.33113224e-001	-3.16688678e+000	1.57175880e+002	0.00000000e+000	2.7231e+014	1.0000e-010	0.0000e+000
4.960000e+003	2.33128941e-001	-3.16687106e+000	1.51992239e+002	0.00000000e+000	2.7214e+014	1.0000e-010	0.0000e+000
4.970000e+003	2.33144141e-001	-3.16685586e+000	1.46811644e+002	0.00000000e+000	2.7198e+014	1.0000e-010	0.0000e+000
4.980000e+003	2.33158822e-001	-3.16684118e+000	1.41633990e+002	0.00000000e+000	2.7183e+014	1.0000e-010	0.0000e+000
4.990000e+003	2.33172985e-001	-3.16682701e+000	1.36459172e+002	0.00000000e+000	2.7168e+014	1.0000e-010	0.0000e+000
5.000000e+003	2.33186631e-001	-3.16681337e+000	1.31287085e+002	0.00000000e+000	2.7154e+014	1.0000e-010	0.0000e+000
5.010000e+003	2.33199760e-001	-3.16680024e+000	1.26117624e+002	0.00000000e+000	2.7140e+014	1.0000e-010	0.0000e+000
5.020000e+003	2.33212372e-001	-3.16678763e+000	1.20950685e+002	0.00000000e+000	2.7127e+014	1.0000e-010	0.0000e+000
5.030000e+003	2.33224467e-001	-3.16677553e+000	1.15786162e+002	0.00000000e+000	2.7114e+014	1.0000e-010	0.0000e+000
5.040000e+003	2.33236045e-001	-3.16676395e+000	1.10623951e+002	0.00000000e+000	2.7102e+014	1.0000e-010	0.0000e+000
5.050000e+003	2.33247108e-001	-3.16675289e+000	1.05463949e+002	0.00000000e+000	2.7090e+014	1.0000e-010	0.0000e+000
5.060000e+003	2.33257654e-001	-3.16674235e+000	1.00306052e+002	0.00000000e+000	2.7079e+014	1.0000e-010	0.0000e+000
5.070000e+003	2.33267685e-001	-3.16673232e+000	9.51501556e+001	0.00000000e+000	2.7069e+014	1.0000e-010	0.0000e+000
5.080000e+003	2.33277200e-001	-3.16672280e+000	8.99961566e+001	0.00000000e+000	2.7059e+014	1.0000e-010	0.0000e+000
5.090000e+003	2.33286199e-001	-3.16671380e+000	8.48439514e+001	0.00000000e+000	2.7049e+014	1.0000e-010	0.0000e+000
5.100000e+003	2.33294684e-001	-3.16670532e+000	7.96934368e+001	0.00000000e+000	2.7040e+014	1.0000e-010	0.0000e+000
5.110000e+003	2.33302653e-001	-3.16669735e+000	7.45445098e+001	0.00000000e+000	2.7032e+014	1.0000e-010	0.0000e+000
5.120000e+003	2.33310107e-001	-3.16668989e+000	6.93970672e+001	0.00000000e+000	2.7024e+014	1.0000e-010	0.0000e+000
5.130000e+003	2.33317047e-001	-3.16668295e+000	6.42510063e+001	0.00000000e+000	2.7017e+014	1.0000e-010	0.0000e+000
5.140000e+003	2.33323472e-001	-3.16667653e+000	5.91062241e+001	0.00000000e+000	2.7010e+014	1.0000e-010	0.0000e+000
5.150000e+003	2.33329383e-001	-3.16667062e+000	5.39626181e+001	0.00000000e+000	2.7004e+014	1.0000e-010	0.0000e+000
5.160000e+003	2.33334779e-001	-3.16666522e+000	4.88200856e+001	0.00000000e+000	2.6998e+014	1.0000e-010	0.0000e+000
5.170000e+003	2.33339661e-001	-3.16666034e+000	4.36785242e+001	0.00000000e+000	2.6993e+014	1.0000e-010	0.0000e+000
5.180000e+003	2.33344029e-001	-3.16665597e+000	3.85378314e+001	0.00000000e+000	2.6989e+014	1.0000e-010	0.0000e+000
5.190000e+003	2.33347883e-001	-3.16665212e+000	3.33979049e+001	0.00000000e+000	2.6985e+014	1.0000e-010	0.0000e+000
5.200000e+003	2.33351223e-001	-3.16664878e+000	2.82586423e+001	0.00000000e+000	2.6981e+014	1.0000e-010	0.0000e+000
5.210000e+003	2.33354048e-001	-3.16664595e+000	2.31199415e+001	0.00000000e+000	2.6978e+014	1.0000e-010	0.0000e+000
5.220000e+003	2.33356360e-001	-3.16664364e+000	1.79817002e+001	0.00000000e+000	2.6976e+014	1.0000e-010	0.0000e+000
5.230000e+003	2.33358159e-001	-3.16664184e+000	1.28438163e+001	0.00000000e+000	2.6974e+014	1.0000e-010	0.0000e+000
5.240000e+003	2.33359443e-001	-3.16664056e+000	7.70618770e+000	0.00000000e+000	2.6973e+014	1.0000e-010	0.0000e+000
5.250000e+003	2.33360214e-001	-3.16663979e+000	2.56871222e+000	0.00000000e+000	2.6972e+014	1.0000e-010	0.0000e+000
5.260000e+003	2.33360470e-001	-3.16663953e+000	2.56871222e+000	0.00000000e+000	2.6972e+014	1.0000e-010	0.0000e+000
