Y (ang)	Ec (eV)	Ev (eV)	E (V/cm)	Ef (eV)	n (cm-3)	p (cm-3)	Nd - Na (cm-3)	el eval 1 (eV)	el eval 2 (eV)	el eval 3 (eV)	el eval 4 (eV)	el eval 5 (eV)	el eval 6 (eV)	el eval 7 (eV)	el eval 8 (eV)	el eval 9 (eV)	el eval 10 (eV)	el eval 11 (eV)	el eval 12 (eV)	el eval 13 (eV)
0.000000e+000	6.00000000e-001	-2.80000000e+000	1.48793823e+006	-0.00000000e+000	1.8691e+008	1.0000e-010	0.0000e+000
1.000000e+001	1.30879382e+000	-2.79120618e+000	-1.18090515e+006	0.00000000e+000	1.7126e-004	1.0000e-010	-1.3848e+020
2.000000e+001	1.19070331e+000	-2.90929669e+000	-1.18090515e+006	0.00000000e+000	1.0769e+008	1.0000e-010	0.0000e+000	-6.1251e-002	1.4935e-003	2.7749e-002	6.4101e-002	8.5998e-002	1.0155e-001	1.1357e-001	1.2335e-001	1.3159e-001	1.3870e-001	1.4495e-001	1.5066e-001	1.5643e-001
3.000000e+001	1.07261279e+000	-3.02738721e+000	-1.18090515e+006	0.00000000e+000	5.6491e+009	1.0000e-010	0.0000e+000
4.000000e+001	9.54522278e-001	-3.14547772e+000	-1.18090515e+006	0.00000000e+000	3.1646e+011	1.0000e-010	0.0000e+000
5.000000e+001	8.36431763e-001	-3.26356824e+000	-1.18090545e+006	0.00000000e+000	1.4932e+013	1.0000e-010	0.0000e+000
6.000000e+001	7.18341218e-001	-3.38165878e+000	-1.18091681e+006	0.00000000e+000	5.8092e+014	1.0000e-010	0.0000e+000
7.000000e+001	6.00249537e-001	-3.49975046e+000	-1.18127353e+006	0.00000000e+000	1.8235e+016	1.0000e-010	0.0000e+000
8.000000e+001	4.82122184e-001	-3.61787782e+000	-1.19006576e+006	0.00000000e+000	4.4944e+017	1.0000e-010	0.0000e+000
9.000000e+001	-1.96884393e-001	-3.59688439e+000	1.31870414e+006	0.00000000e+000	8.4164e+018	1.0000e-010	1.3848e+020
1.000000e+002	-3.20728021e-002	-3.47324927e+000	1.08815551e+006	0.00000000e+000	4.4564e+018	1.0000e-010	-7.7357e+018
1.100000e+002	1.09683925e-001	-3.37266902e+000	9.23791152e+005	0.00000000e+000	9.0383e+017	1.0000e-010	-7.7870e+018
1.200000e+002	2.35004217e-001	-3.28852519e+000	7.73252800e+005	0.00000000e+000	1.0334e+017	1.0000e-010	-7.8383e+018
1.300000e+002	3.45270673e-001	-3.21943521e+000	6.23087164e+005	0.00000000e+000	8.1392e+015	1.0000e-010	-7.8896e+018
1.400000e+002	4.40520566e-001	-3.16536179e+000	4.71615249e+005	0.00000000e+000	4.8802e+014	1.0000e-010	-7.9409e+018
1.500000e+002	5.20623268e-001	-3.12643556e+000	3.18692750e+005	0.00000000e+000	2.3889e+013	1.0000e-010	-7.9922e+018
1.600000e+002	5.85433719e-001	-3.10280158e+000	1.64304360e+005	0.00000000e+000	1.0072e+012	1.0000e-010	-8.0435e+018
1.700000e+002	6.34805332e-001	-3.09460643e+000	8.44276425e+003	0.00000000e+000	3.8213e+010	1.0000e-010	-8.0948e+018
1.800000e+002	6.68590784e-001	-3.10199745e+000	-1.48898995e+005	0.00000000e+000	1.4064e+009	1.0000e-010	-8.1461e+018
1.900000e+002	6.86642061e-001	-3.12512264e+000	-3.07727899e+005	0.00000000e+000	1.3861e+009	1.0000e-010	-8.1974e+018
2.000000e+002	6.88810448e-001	-3.16413073e+000	-4.68050975e+005	0.00000000e+000	4.2772e+010	1.0000e-010	-8.2487e+018
2.100000e+002	6.74946527e-001	-3.21917112e+000	-6.29875319e+005	0.00000000e+000	1.3859e+012	1.0000e-010	-8.2999e+018
2.200000e+002	6.44900172e-001	-3.29039395e+000	-7.93208847e+005	0.00000000e+000	4.3978e+013	1.0000e-010	-8.3512e+018
2.300000e+002	5.98520463e-001	-3.37795012e+000	-9.58082785e+005	0.00000000e+000	1.3224e+015	1.0000e-010	-8.4025e+018
2.400000e+002	5.35653361e-001	-3.48199370e+000	-1.12516284e+006	0.00000000e+000	3.6363e+016	1.0000e-010	-8.4538e+018
2.500000e+002	4.56078254e-001	-3.60274528e+000	-1.31020653e+006	0.00000000e+000	8.7763e+017	1.0000e-010	-8.5051e+018
2.600000e+002	-2.02001223e-001	-3.60200122e+000	8.59799305e+005	0.00000000e+000	1.7704e+019	1.0000e-010	1.2993e+020
2.700000e+002	-1.16021293e-001	-3.51602129e+000	5.06026350e+005	0.00000000e+000	1.8572e+019	1.0000e-010	0.0000e+000
2.800000e+002	-6.54186576e-002	-3.46541866e+000	3.06270704e+005	0.00000000e+000	1.0486e+019	1.0000e-010	0.0000e+000
2.900000e+002	-3.47915872e-002	-3.43479159e+000	2.09253533e+005	0.00000000e+000	5.0927e+018	1.0000e-010	0.0000e+000
3.000000e+002	-1.38662339e-002	-3.41386623e+000	1.56871097e+005	0.00000000e+000	2.7495e+018	1.0000e-010	0.0000e+000
3.100000e+002	1.82087572e-003	-3.39817912e+000	1.23872868e+005	0.00000000e+000	1.7319e+018	1.0000e-010	0.0000e+000
3.200000e+002	1.42081625e-002	-3.38579184e+000	1.01269836e+005	0.00000000e+000	1.1862e+018	1.0000e-010	0.0000e+000
3.300000e+002	2.43351461e-002	-3.37566485e+000	8.51373886e+004	0.00000000e+000	8.4663e+017	1.0000e-010	0.0000e+000
3.400000e+002	3.28488849e-002	-3.36715112e+000	7.32599255e+004	0.00000000e+000	6.2331e+017	1.0000e-010	0.0000e+000
3.500000e+002	4.01748775e-002	-3.35982512e+000	6.42398140e+004	0.00000000e+000	4.7335e+017	1.0000e-010	0.0000e+000
3.600000e+002	4.65988589e-002	-3.35340114e+000	5.71694164e+004	0.00000000e+000	3.7103e+017	1.0000e-010	0.0000e+000
3.700000e+002	5.23158005e-002	-3.34768420e+000	5.14788308e+004	0.00000000e+000	2.9862e+017	1.0000e-010	0.0000e+000
3.800000e+002	5.74636836e-002	-3.34253632e+000	4.68119665e+004	0.00000000e+000	2.4489e+017	1.0000e-010	0.0000e+000
3.900000e+002	6.21448803e-002	-3.33785512e+000	4.29225969e+004	0.00000000e+000	2.0409e+017	1.0000e-010	0.0000e+000
4.000000e+002	6.64371400e-002	-3.33356286e+000	3.96269257e+004	0.00000000e+000	1.7294e+017	1.0000e-010	0.0000e+000
4.100000e+002	7.03998325e-002	-3.32960017e+000	3.67945181e+004	0.00000000e+000	1.4863e+017	1.0000e-010	0.0000e+000
4.200000e+002	7.40792844e-002	-3.32592072e+000	3.43373681e+004	0.00000000e+000	1.2894e+017	1.0000e-010	0.0000e+000
4.300000e+002	7.75130212e-002	-3.32248698e+000	3.21899797e+004	0.00000000e+000	1.1268e+017	1.0000e-010	0.0000e+000
4.400000e+002	8.07320191e-002	-3.31926798e+000	3.02965846e+004	0.00000000e+000	9.9355e+016	1.0000e-010	0.0000e+000
4.500000e+002	8.37616776e-002	-3.31623832e+000	2.86111070e+004	0.00000000e+000	8.8445e+016	1.0000e-010	0.0000e+000
4.600000e+002	8.66227883e-002	-3.31337721e+000	2.71000332e+004	0.00000000e+000	7.9294e+016	1.0000e-010	0.0000e+000
4.700000e+002	8.93327916e-002	-3.31066721e+000	2.57398416e+004	0.00000000e+000	7.1377e+016	1.0000e-010	0.0000e+000
4.800000e+002	9.19067758e-002	-3.30809322e+000	2.45110751e+004	0.00000000e+000	6.4480e+016	1.0000e-010	0.0000e+000
4.900000e+002	9.43578833e-002	-3.30564212e+000	2.33950757e+004	0.00000000e+000	5.8563e+016	1.0000e-010	0.0000e+000
5.000000e+002	9.66973909e-002	-3.30330261e+000	2.23750389e+004	0.00000000e+000	5.3528e+016	1.0000e-010	0.0000e+000
5.100000e+002	9.89348947e-002	-3.30106511e+000	2.14381158e+004	0.00000000e+000	4.9166e+016	1.0000e-010	0.0000e+000
5.200000e+002	1.01078706e-001	-3.29892129e+000	2.05753945e+004	0.00000000e+000	4.5273e+016	1.0000e-010	0.0000e+000
5.300000e+002	1.03136246e-001	-3.29686375e+000	1.97798389e+004	0.00000000e+000	4.1749e+016	1.0000e-010	0.0000e+000
5.400000e+002	1.05114230e-001	-3.29488577e+000	1.90443808e+004	0.00000000e+000	3.8595e+016	1.0000e-010	0.0000e+000
5.500000e+002	1.07018668e-001	-3.29298133e+000	1.83616796e+004	0.00000000e+000	3.5827e+016	1.0000e-010	0.0000e+000
5.600000e+002	1.08854836e-001	-3.29114516e+000	1.77251532e+004	0.00000000e+000	3.3404e+016	1.0000e-010	0.0000e+000
5.700000e+002	1.10627351e-001	-3.28937265e+000	1.71298886e+004	0.00000000e+000	3.1239e+016	1.0000e-010	0.0000e+000
5.800000e+002	1.12340340e-001	-3.28765966e+000	1.65725443e+004	0.00000000e+000	2.9249e+016	1.0000e-010	0.0000e+000
5.900000e+002	1.13997594e-001	-3.28600241e+000	1.60504632e+004	0.00000000e+000	2.7398e+016	1.0000e-010	0.0000e+000
6.000000e+002	1.15602641e-001	-3.28439736e+000	1.55608173e+004	0.00000000e+000	2.5696e+016	1.0000e-010	0.0000e+000
6.100000e+002	1.17158722e-001	-3.28284128e+000	1.51003891e+004	0.00000000e+000	2.4163e+016	1.0000e-010	0.0000e+000
6.200000e+002	1.18668761e-001	-3.28133124e+000	1.46659657e+004	0.00000000e+000	2.2798e+016	1.0000e-010	0.0000e+000
6.300000e+002	1.20135358e-001	-3.27986464e+000	1.42548872e+004	0.00000000e+000	2.1573e+016	1.0000e-010	0.0000e+000
6.400000e+002	1.21560847e-001	-3.27843915e+000	1.38652992e+004	0.00000000e+000	2.0446e+016	1.0000e-010	0.0000e+000
6.500000e+002	1.22947376e-001	-3.27705262e+000	1.34959749e+004	0.00000000e+000	1.9382e+016	1.0000e-010	0.0000e+000
6.600000e+002	1.24296974e-001	-3.27570303e+000	1.31458923e+004	0.00000000e+000	1.8373e+016	1.0000e-010	0.0000e+000
6.700000e+002	1.25611563e-001	-3.27438844e+000	1.28138669e+004	0.00000000e+000	1.7425e+016	1.0000e-010	0.0000e+000
6.800000e+002	1.26892950e-001	-3.27310705e+000	1.24984379e+004	0.00000000e+000	1.6554e+016	1.0000e-010	0.0000e+000
6.900000e+002	1.28142794e-001	-3.27185721e+000	1.21980117e+004	0.00000000e+000	1.5767e+016	1.0000e-010	0.0000e+000
7.000000e+002	1.29362595e-001	-3.27063741e+000	1.19111237e+004	0.00000000e+000	1.5056e+016	1.0000e-010	0.0000e+000
7.100000e+002	1.30553707e-001	-3.26944629e+000	1.16366466e+004	0.00000000e+000	1.4405e+016	1.0000e-010	0.0000e+000
7.200000e+002	1.31717372e-001	-3.26828263e+000	1.13738428e+004	0.00000000e+000	1.3793e+016	1.0000e-010	0.0000e+000
7.300000e+002	1.32854756e-001	-3.26714524e+000	1.11222600e+004	0.00000000e+000	1.3204e+016	1.0000e-010	0.0000e+000
7.400000e+002	1.33966982e-001	-3.26603302e+000	1.08815452e+004	0.00000000e+000	1.2634e+016	1.0000e-010	0.0000e+000
7.500000e+002	1.35055137e-001	-3.26494486e+000	1.06512705e+004	0.00000000e+000	1.2086e+016	1.0000e-010	0.0000e+000
7.600000e+002	1.36120264e-001	-3.26387974e+000	1.04308404e+004	0.00000000e+000	1.1569e+016	1.0000e-010	0.0000e+000
7.700000e+002	1.37163348e-001	-3.26283665e+000	1.02195031e+004	0.00000000e+000	1.1092e+016	1.0000e-010	0.0000e+000
7.800000e+002	1.38185298e-001	-3.26181470e+000	1.00164332e+004	0.00000000e+000	1.0658e+016	1.0000e-010	0.0000e+000
7.900000e+002	1.39186941e-001	-3.26081306e+000	9.82084751e+003	0.00000000e+000	1.0265e+016	1.0000e-010	0.0000e+000
8.000000e+002	1.40169026e-001	-3.25983097e+000	9.63210383e+003	0.00000000e+000	9.9061e+015	1.0000e-010	0.0000e+000
8.100000e+002	1.41132237e-001	-3.25886776e+000	9.44975385e+003	0.00000000e+000	9.5706e+015	1.0000e-010	0.0000e+000
8.200000e+002	1.42077212e-001	-3.25792279e+000	9.27354230e+003	0.00000000e+000	9.2485e+015	1.0000e-010	0.0000e+000
8.300000e+002	1.43004566e-001	-3.25699543e+000	9.10336275e+003	0.00000000e+000	8.9320e+015	1.0000e-010	0.0000e+000
8.400000e+002	1.43914902e-001	-3.25608510e+000	8.93918959e+003	0.00000000e+000	8.6167e+015	1.0000e-010	0.0000e+000
8.500000e+002	1.44808821e-001	-3.25519118e+000	8.78100761e+003	0.00000000e+000	8.3023e+015	1.0000e-010	0.0000e+000
8.600000e+002	1.45686922e-001	-3.25431308e+000	8.62875511e+003	0.00000000e+000	7.9911e+015	1.0000e-010	0.0000e+000
8.700000e+002	1.46549798e-001	-3.25345020e+000	8.48228951e+003	0.00000000e+000	7.6873e+015	1.0000e-010	0.0000e+000
8.800000e+002	1.47398027e-001	-3.25260197e+000	8.34137664e+003	0.00000000e+000	7.3959e+015	1.0000e-010	0.0000e+000
8.900000e+002	1.48232164e-001	-3.25176784e+000	8.20569998e+003	0.00000000e+000	7.1211e+015	1.0000e-010	0.0000e+000
9.000000e+002	1.49052734e-001	-3.25094727e+000	8.07488295e+003	0.00000000e+000	6.8661e+015	1.0000e-010	0.0000e+000
9.100000e+002	1.49860223e-001	-3.25013978e+000	7.94851728e+003	0.00000000e+000	6.6325e+015	1.0000e-010	0.0000e+000
9.200000e+002	1.50655074e-001	-3.24934493e+000	7.82619136e+003	0.00000000e+000	6.4205e+015	1.0000e-010	0.0000e+000
9.300000e+002	1.51437693e-001	-3.24856231e+000	7.70751430e+003	0.00000000e+000	6.2291e+015	1.0000e-010	0.0000e+000
9.400000e+002	1.52208445e-001	-3.24779156e+000	7.59213179e+003	0.00000000e+000	6.0562e+015	1.0000e-010	0.0000e+000
9.500000e+002	1.52967658e-001	-3.24703234e+000	7.47974207e+003	0.00000000e+000	5.8992e+015	1.0000e-010	0.0000e+000
9.600000e+002	1.53715632e-001	-3.24628437e+000	7.37009636e+003	0.00000000e+000	5.7552e+015	1.0000e-010	0.0000e+000
9.700000e+002	1.54452642e-001	-3.24554736e+000	7.26300064e+003	0.00000000e+000	5.6213e+015	1.0000e-010	0.0000e+000
9.800000e+002	1.55178942e-001	-3.24482106e+000	7.15831444e+003	0.00000000e+000	5.4949e+015	1.0000e-010	0.0000e+000
9.900000e+002	1.55894773e-001	-3.24410523e+000	7.05594882e+003	0.00000000e+000	5.3731e+015	1.0000e-010	0.0000e+000
1.000000e+003	1.56600368e-001	-3.24339963e+000	6.95600977e+003	0.00000000e+000	5.2457e+015	1.0000e-010	0.0000e+000	-6.1251e-002	1.4935e-003	2.7749e-002	6.4101e-002	8.5998e-002	1.0155e-001	1.1357e-001	1.2335e-001	1.3159e-001	1.3870e-001	1.4495e-001	1.5066e-001	1.5643e-001
1.010000e+003	1.57295969e-001	-3.24270403e+000	6.85860655e+003	0.00000000e+000	5.1133e+015	1.0000e-010	0.0000e+000
1.020000e+003	1.57981830e-001	-3.24201817e+000	6.76375348e+003	0.00000000e+000	4.9795e+015	1.0000e-010	0.0000e+000
1.030000e+003	1.58658205e-001	-3.24134179e+000	6.67134992e+003	0.00000000e+000	4.8509e+015	1.0000e-010	0.0000e+000
1.040000e+003	1.59325340e-001	-3.24067466e+000	6.58130040e+003	0.00000000e+000	4.7273e+015	1.0000e-010	0.0000e+000
1.050000e+003	1.59983470e-001	-3.24001653e+000	6.49351440e+003	0.00000000e+000	4.6085e+015	1.0000e-010	0.0000e+000
1.060000e+003	1.60632822e-001	-3.23936718e+000	6.40790595e+003	0.00000000e+000	4.4942e+015	1.0000e-010	0.0000e+000
1.070000e+003	1.61273612e-001	-3.23872639e+000	6.32439339e+003	0.00000000e+000	4.3841e+015	1.0000e-010	0.0000e+000
1.080000e+003	1.61906052e-001	-3.23809395e+000	6.24289907e+003	0.00000000e+000	4.2782e+015	1.0000e-010	0.0000e+000
1.090000e+003	1.62530342e-001	-3.23746966e+000	6.16334916e+003	0.00000000e+000	4.1761e+015	1.0000e-010	0.0000e+000
1.100000e+003	1.63146676e-001	-3.23685332e+000	6.08567337e+003	0.00000000e+000	4.0777e+015	1.0000e-010	0.0000e+000
1.110000e+003	1.63755244e-001	-3.23624476e+000	6.00980474e+003	0.00000000e+000	3.9829e+015	1.0000e-010	0.0000e+000
1.120000e+003	1.64356224e-001	-3.23564378e+000	5.93567948e+003	0.00000000e+000	3.8914e+015	1.0000e-010	0.0000e+000
1.130000e+003	1.64949792e-001	-3.23505021e+000	5.86323677e+003	0.00000000e+000	3.8030e+015	1.0000e-010	0.0000e+000
1.140000e+003	1.65536116e-001	-3.23446388e+000	5.79241857e+003	0.00000000e+000	3.7178e+015	1.0000e-010	0.0000e+000
1.150000e+003	1.66115358e-001	-3.23388464e+000	5.72316949e+003	0.00000000e+000	3.6354e+015	1.0000e-010	0.0000e+000
1.160000e+003	1.66687675e-001	-3.23331233e+000	5.65543661e+003	0.00000000e+000	3.5558e+015	1.0000e-010	0.0000e+000
1.170000e+003	1.67253218e-001	-3.23274678e+000	5.58916938e+003	0.00000000e+000	3.4788e+015	1.0000e-010	0.0000e+000
1.180000e+003	1.67812135e-001	-3.23218786e+000	5.52431946e+003	0.00000000e+000	3.4044e+015	1.0000e-010	0.0000e+000
1.190000e+003	1.68364567e-001	-3.23163543e+000	5.46084062e+003	0.00000000e+000	3.3325e+015	1.0000e-010	0.0000e+000
1.200000e+003	1.68910651e-001	-3.23108935e+000	5.39868861e+003	0.00000000e+000	3.2628e+015	1.0000e-010	0.0000e+000
1.210000e+003	1.69450520e-001	-3.23054948e+000	5.33782107e+003	0.00000000e+000	3.1954e+015	1.0000e-010	0.0000e+000
1.220000e+003	1.69984302e-001	-3.23001570e+000	5.27819741e+003	0.00000000e+000	3.1301e+015	1.0000e-010	0.0000e+000
1.230000e+003	1.70512122e-001	-3.22948788e+000	5.21977875e+003	0.00000000e+000	3.0668e+015	1.0000e-010	0.0000e+000
1.240000e+003	1.71034100e-001	-3.22896590e+000	5.16252778e+003	0.00000000e+000	3.0055e+015	1.0000e-010	0.0000e+000
1.250000e+003	1.71550353e-001	-3.22844965e+000	5.10640876e+003	0.00000000e+000	2.9461e+015	1.0000e-010	0.0000e+000
1.260000e+003	1.72060994e-001	-3.22793901e+000	5.05138735e+003	0.00000000e+000	2.8885e+015	1.0000e-010	0.0000e+000
1.270000e+003	1.72566132e-001	-3.22743387e+000	4.99743060e+003	0.00000000e+000	2.8326e+015	1.0000e-010	0.0000e+000
1.280000e+003	1.73065875e-001	-3.22693412e+000	4.94450687e+003	0.00000000e+000	2.7784e+015	1.0000e-010	0.0000e+000
1.290000e+003	1.73560326e-001	-3.22643967e+000	4.89258575e+003	0.00000000e+000	2.7257e+015	1.0000e-010	0.0000e+000
1.300000e+003	1.74049585e-001	-3.22595042e+000	4.84163802e+003	0.00000000e+000	2.6746e+015	1.0000e-010	0.0000e+000
1.310000e+003	1.74533748e-001	-3.22546625e+000	4.79163557e+003	0.00000000e+000	2.6250e+015	1.0000e-010	0.0000e+000
1.320000e+003	1.75012912e-001	-3.22498709e+000	4.74255138e+003	0.00000000e+000	2.5768e+015	1.0000e-010	0.0000e+000
1.330000e+003	1.75487167e-001	-3.22451283e+000	4.69435943e+003	0.00000000e+000	2.5300e+015	1.0000e-010	0.0000e+000
1.340000e+003	1.75956603e-001	-3.22404340e+000	4.64703468e+003	0.00000000e+000	2.4844e+015	1.0000e-010	0.0000e+000
1.350000e+003	1.76421307e-001	-3.22357869e+000	4.60055301e+003	0.00000000e+000	2.4402e+015	1.0000e-010	0.0000e+000
1.360000e+003	1.76881362e-001	-3.22311864e+000	4.55489121e+003	0.00000000e+000	2.3971e+015	1.0000e-010	0.0000e+000
1.370000e+003	1.77336851e-001	-3.22266315e+000	4.51002688e+003	0.00000000e+000	2.3553e+015	1.0000e-010	0.0000e+000
1.380000e+003	1.77787854e-001	-3.22221215e+000	4.46593844e+003	0.00000000e+000	2.3145e+015	1.0000e-010	0.0000e+000
1.390000e+003	1.78234447e-001	-3.22176555e+000	4.42260510e+003	0.00000000e+000	2.2749e+015	1.0000e-010	0.0000e+000
1.400000e+003	1.78676708e-001	-3.22132329e+000	4.38000677e+003	0.00000000e+000	2.2363e+015	1.0000e-010	0.0000e+000
1.410000e+003	1.79114709e-001	-3.22088529e+000	4.33812409e+003	0.00000000e+000	2.1988e+015	1.0000e-010	0.0000e+000
1.420000e+003	1.79548521e-001	-3.22045148e+000	4.29693836e+003	0.00000000e+000	2.1622e+015	1.0000e-010	0.0000e+000
1.430000e+003	1.79978215e-001	-3.22002179e+000	4.25643153e+003	0.00000000e+000	2.1265e+015	1.0000e-010	0.0000e+000
1.440000e+003	1.80403858e-001	-3.21959614e+000	4.21658617e+003	0.00000000e+000	2.0918e+015	1.0000e-010	0.0000e+000
1.450000e+003	1.80825517e-001	-3.21917448e+000	4.17738544e+003	0.00000000e+000	2.0580e+015	1.0000e-010	0.0000e+000
1.460000e+003	1.81243255e-001	-3.21875674e+000	4.13881306e+003	0.00000000e+000	2.0250e+015	1.0000e-010	0.0000e+000
1.470000e+003	1.81657137e-001	-3.21834286e+000	4.10085329e+003	0.00000000e+000	1.9928e+015	1.0000e-010	0.0000e+000
1.480000e+003	1.82067222e-001	-3.21793278e+000	4.06349092e+003	0.00000000e+000	1.9614e+015	1.0000e-010	0.0000e+000
1.490000e+003	1.82473571e-001	-3.21752643e+000	4.02671123e+003	0.00000000e+000	1.9309e+015	1.0000e-010	0.0000e+000
1.500000e+003	1.82876242e-001	-3.21712376e+000	3.99049999e+003	0.00000000e+000	1.9010e+015	1.0000e-010	0.0000e+000
1.510000e+003	1.83275292e-001	-3.21672471e+000	3.95484340e+003	0.00000000e+000	1.8719e+015	1.0000e-010	0.0000e+000
1.520000e+003	1.83670776e-001	-3.21632922e+000	3.91972814e+003	0.00000000e+000	1.8435e+015	1.0000e-010	0.0000e+000
1.530000e+003	1.84062749e-001	-3.21593725e+000	3.88514129e+003	0.00000000e+000	1.8157e+015	1.0000e-010	0.0000e+000
1.540000e+003	1.84451263e-001	-3.21554874e+000	3.85107034e+003	0.00000000e+000	1.7887e+015	1.0000e-010	0.0000e+000
1.550000e+003	1.84836370e-001	-3.21516363e+000	3.81750317e+003	0.00000000e+000	1.7622e+015	1.0000e-010	0.0000e+000
1.560000e+003	1.85218121e-001	-3.21478188e+000	3.78442803e+003	0.00000000e+000	1.7364e+015	1.0000e-010	0.0000e+000
1.570000e+003	1.85596564e-001	-3.21440344e+000	3.75183355e+003	0.00000000e+000	1.7112e+015	1.0000e-010	0.0000e+000
1.580000e+003	1.85971747e-001	-3.21402825e+000	3.71970869e+003	0.00000000e+000	1.6865e+015	1.0000e-010	0.0000e+000
1.590000e+003	1.86343718e-001	-3.21365628e+000	3.68804275e+003	0.00000000e+000	1.6624e+015	1.0000e-010	0.0000e+000
1.600000e+003	1.86712522e-001	-3.21328748e+000	3.65682534e+003	0.00000000e+000	1.6389e+015	1.0000e-010	0.0000e+000
1.610000e+003	1.87078205e-001	-3.21292180e+000	3.62604641e+003	0.00000000e+000	1.6158e+015	1.0000e-010	0.0000e+000
1.620000e+003	1.87440809e-001	-3.21255919e+000	3.59569617e+003	0.00000000e+000	1.5933e+015	1.0000e-010	0.0000e+000
1.630000e+003	1.87800379e-001	-3.21219962e+000	3.56576514e+003	0.00000000e+000	1.5713e+015	1.0000e-010	0.0000e+000
1.640000e+003	1.88156955e-001	-3.21184304e+000	3.53624412e+003	0.00000000e+000	1.5498e+015	1.0000e-010	0.0000e+000
1.650000e+003	1.88510580e-001	-3.21148942e+000	3.50712417e+003	0.00000000e+000	1.5287e+015	1.0000e-010	0.0000e+000
1.660000e+003	1.88861292e-001	-3.21113871e+000	3.47839659e+003	0.00000000e+000	1.5081e+015	1.0000e-010	0.0000e+000
1.670000e+003	1.89209132e-001	-3.21079087e+000	3.45005295e+003	0.00000000e+000	1.4880e+015	1.0000e-010	0.0000e+000
1.680000e+003	1.89554137e-001	-3.21044586e+000	3.42208506e+003	0.00000000e+000	1.4683e+015	1.0000e-010	0.0000e+000
1.690000e+003	1.89896346e-001	-3.21010365e+000	3.39448494e+003	0.00000000e+000	1.4490e+015	1.0000e-010	0.0000e+000
1.700000e+003	1.90235794e-001	-3.20976421e+000	3.36724486e+003	0.00000000e+000	1.4301e+015	1.0000e-010	0.0000e+000
1.710000e+003	1.90572519e-001	-3.20942748e+000	3.34035728e+003	0.00000000e+000	1.4116e+015	1.0000e-010	0.0000e+000
1.720000e+003	1.90906554e-001	-3.20909345e+000	3.31381489e+003	0.00000000e+000	1.3934e+015	1.0000e-010	0.0000e+000
1.730000e+003	1.91237936e-001	-3.20876206e+000	3.28761055e+003	0.00000000e+000	1.3757e+015	1.0000e-010	0.0000e+000
1.740000e+003	1.91566697e-001	-3.20843330e+000	3.26173735e+003	0.00000000e+000	1.3583e+015	1.0000e-010	0.0000e+000
1.750000e+003	1.91892871e-001	-3.20810713e+000	3.23618854e+003	0.00000000e+000	1.3413e+015	1.0000e-010	0.0000e+000
1.760000e+003	1.92216489e-001	-3.20778351e+000	3.21095755e+003	0.00000000e+000	1.3246e+015	1.0000e-010	0.0000e+000
1.770000e+003	1.92537585e-001	-3.20746241e+000	3.18603802e+003	0.00000000e+000	1.3082e+015	1.0000e-010	0.0000e+000
1.780000e+003	1.92856189e-001	-3.20714381e+000	3.16142370e+003	0.00000000e+000	1.2922e+015	1.0000e-010	0.0000e+000
1.790000e+003	1.93172331e-001	-3.20682767e+000	3.13710857e+003	0.00000000e+000	1.2765e+015	1.0000e-010	0.0000e+000
1.800000e+003	1.93486042e-001	-3.20651396e+000	3.11308671e+003	0.00000000e+000	1.2611e+015	1.0000e-010	0.0000e+000
1.810000e+003	1.93797351e-001	-3.20620265e+000	3.08935238e+003	0.00000000e+000	1.2460e+015	1.0000e-010	0.0000e+000
1.820000e+003	1.94106286e-001	-3.20589371e+000	3.06590000e+003	0.00000000e+000	1.2312e+015	1.0000e-010	0.0000e+000
1.830000e+003	1.94412876e-001	-3.20558712e+000	3.04272411e+003	0.00000000e+000	1.2167e+015	1.0000e-010	0.0000e+000
1.840000e+003	1.94717149e-001	-3.20528285e+000	3.01981939e+003	0.00000000e+000	1.2025e+015	1.0000e-010	0.0000e+000
1.850000e+003	1.95019131e-001	-3.20498087e+000	2.99718067e+003	0.00000000e+000	1.1885e+015	1.0000e-010	0.0000e+000
1.860000e+003	1.95318849e-001	-3.20468115e+000	2.97480290e+003	0.00000000e+000	1.1748e+015	1.0000e-010	0.0000e+000
1.870000e+003	1.95616329e-001	-3.20438367e+000	2.95268116e+003	0.00000000e+000	1.1614e+015	1.0000e-010	0.0000e+000
1.880000e+003	1.95911597e-001	-3.20408840e+000	2.93081064e+003	0.00000000e+000	1.1482e+015	1.0000e-010	0.0000e+000
1.890000e+003	1.96204678e-001	-3.20379532e+000	2.90918667e+003	0.00000000e+000	1.1352e+015	1.0000e-010	0.0000e+000
1.900000e+003	1.96495597e-001	-3.20350440e+000	2.88780467e+003	0.00000000e+000	1.1225e+015	1.0000e-010	0.0000e+000
1.910000e+003	1.96784377e-001	-3.20321562e+000	2.86666019e+003	0.00000000e+000	1.1101e+015	1.0000e-010	0.0000e+000
1.920000e+003	1.97071043e-001	-3.20292896e+000	2.84574888e+003	0.00000000e+000	1.0978e+015	1.0000e-010	0.0000e+000
1.930000e+003	1.97355618e-001	-3.20264438e+000	2.82506649e+003	0.00000000e+000	1.0858e+015	1.0000e-010	0.0000e+000
1.940000e+003	1.97638125e-001	-3.20236188e+000	2.80460890e+003	0.00000000e+000	1.0740e+015	1.0000e-010	0.0000e+000
1.950000e+003	1.97918586e-001	-3.20208141e+000	2.78437203e+003	0.00000000e+000	1.0624e+015	1.0000e-010	0.0000e+000
1.960000e+003	1.98197023e-001	-3.20180298e+000	2.76435196e+003	0.00000000e+000	1.0510e+015	1.0000e-010	0.0000e+000
1.970000e+003	1.98473458e-001	-3.20152654e+000	2.74454483e+003	0.00000000e+000	1.0398e+015	1.0000e-010	0.0000e+000
1.980000e+003	1.98747913e-001	-3.20125209e+000	2.72494686e+003	0.00000000e+000	1.0289e+015	1.0000e-010	0.0000e+000
1.990000e+003	1.99020407e-001	-3.20097959e+000	2.70555438e+003	0.00000000e+000	1.0181e+015	1.0000e-010	0.0000e+000
2.000000e+003	1.99290963e-001	-3.20070904e+000	2.68636380e+003	0.00000000e+000	1.0075e+015	1.0000e-010	0.0000e+000
2.010000e+003	1.99559599e-001	-3.20044040e+000	2.66737160e+003	0.00000000e+000	9.9707e+014	1.0000e-010	0.0000e+000
2.020000e+003	1.99826336e-001	-3.20017366e+000	2.64857434e+003	0.00000000e+000	9.8683e+014	1.0000e-010	0.0000e+000
2.030000e+003	2.00091194e-001	-3.19990881e+000	2.62996869e+003	0.00000000e+000	9.7677e+014	1.0000e-010	0.0000e+000
2.040000e+003	2.00354190e-001	-3.19964581e+000	2.61155136e+003	0.00000000e+000	9.6689e+014	1.0000e-010	0.0000e+000
2.050000e+003	2.00615346e-001	-3.19938465e+000	2.59331914e+003	0.00000000e+000	9.5717e+014	1.0000e-010	0.0000e+000
2.060000e+003	2.00874678e-001	-3.19912532e+000	2.57526890e+003	0.00000000e+000	9.4762e+014	1.0000e-010	0.0000e+000
2.070000e+003	2.01132204e-001	-3.19886780e+000	2.55739758e+003	0.00000000e+000	9.3822e+014	1.0000e-010	0.0000e+000
2.080000e+003	2.01387944e-001	-3.19861206e+000	2.53970217e+003	0.00000000e+000	9.2899e+014	1.0000e-010	0.0000e+000
2.090000e+003	2.01641914e-001	-3.19835809e+000	2.52217976e+003	0.00000000e+000	9.1991e+014	1.0000e-010	0.0000e+000
2.100000e+003	2.01894132e-001	-3.19810587e+000	2.50482747e+003	0.00000000e+000	9.1097e+014	1.0000e-010	0.0000e+000
2.110000e+003	2.02144615e-001	-3.19785538e+000	2.48764249e+003	0.00000000e+000	9.0219e+014	1.0000e-010	0.0000e+000
2.120000e+003	2.02393379e-001	-3.19760662e+000	2.47062209e+003	0.00000000e+000	8.9355e+014	1.0000e-010	0.0000e+000
2.130000e+003	2.02640442e-001	-3.19735956e+000	2.45376357e+003	0.00000000e+000	8.8505e+014	1.0000e-010	0.0000e+000
2.140000e+003	2.02885818e-001	-3.19711418e+000	2.43706431e+003	0.00000000e+000	8.7669e+014	1.0000e-010	0.0000e+000
2.150000e+003	2.03129524e-001	-3.19687048e+000	2.42052173e+003	0.00000000e+000	8.6847e+014	1.0000e-010	0.0000e+000
2.160000e+003	2.03371577e-001	-3.19662842e+000	2.40413332e+003	0.00000000e+000	8.6037e+014	1.0000e-010	0.0000e+000
2.170000e+003	2.03611990e-001	-3.19638801e+000	2.38789660e+003	0.00000000e+000	8.5241e+014	1.0000e-010	0.0000e+000
2.180000e+003	2.03850780e-001	-3.19614922e+000	2.37180918e+003	0.00000000e+000	8.4457e+014	1.0000e-010	0.0000e+000
2.190000e+003	2.04087960e-001	-3.19591204e+000	2.35586867e+003	0.00000000e+000	8.3686e+014	1.0000e-010	0.0000e+000
2.200000e+003	2.04323547e-001	-3.19567645e+000	2.34007276e+003	0.00000000e+000	8.2927e+014	1.0000e-010	0.0000e+000
2.210000e+003	2.04557555e-001	-3.19544245e+000	2.32441920e+003	0.00000000e+000	8.2179e+014	1.0000e-010	0.0000e+000
2.220000e+003	2.04789996e-001	-3.19521000e+000	2.30890574e+003	0.00000000e+000	8.1444e+014	1.0000e-010	0.0000e+000
2.230000e+003	2.05020887e-001	-3.19497911e+000	2.29353023e+003	0.00000000e+000	8.0720e+014	1.0000e-010	0.0000e+000
2.240000e+003	2.05250240e-001	-3.19474976e+000	2.27829052e+003	0.00000000e+000	8.0007e+014	1.0000e-010	0.0000e+000
2.250000e+003	2.05478069e-001	-3.19452193e+000	2.26318452e+003	0.00000000e+000	7.9305e+014	1.0000e-010	0.0000e+000
2.260000e+003	2.05704388e-001	-3.19429561e+000	2.24821019e+003	0.00000000e+000	7.8614e+014	1.0000e-010	0.0000e+000
2.270000e+003	2.05929209e-001	-3.19407079e+000	2.23336552e+003	0.00000000e+000	7.7933e+014	1.0000e-010	0.0000e+000
2.280000e+003	2.06152545e-001	-3.19384745e+000	2.21864855e+003	0.00000000e+000	7.7263e+014	1.0000e-010	0.0000e+000
2.290000e+003	2.06374410e-001	-3.19362559e+000	2.20405733e+003	0.00000000e+000	7.6602e+014	1.0000e-010	0.0000e+000
2.300000e+003	2.06594816e-001	-3.19340518e+000	2.18958999e+003	0.00000000e+000	7.5952e+014	1.0000e-010	0.0000e+000
2.310000e+003	2.06813775e-001	-3.19318623e+000	2.17524466e+003	0.00000000e+000	7.5311e+014	1.0000e-010	0.0000e+000
2.320000e+003	2.07031299e-001	-3.19296870e+000	2.16101953e+003	0.00000000e+000	7.4680e+014	1.0000e-010	0.0000e+000
2.330000e+003	2.07247401e-001	-3.19275260e+000	2.14691281e+003	0.00000000e+000	7.4059e+014	1.0000e-010	0.0000e+000
2.340000e+003	2.07462092e-001	-3.19253791e+000	2.13292277e+003	0.00000000e+000	7.3446e+014	1.0000e-010	0.0000e+000
2.350000e+003	2.07675385e-001	-3.19232462e+000	2.11904767e+003	0.00000000e+000	7.2843e+014	1.0000e-010	0.0000e+000
2.360000e+003	2.07887290e-001	-3.19211271e+000	2.10528584e+003	0.00000000e+000	7.2248e+014	1.0000e-010	0.0000e+000
2.370000e+003	2.08097818e-001	-3.19190218e+000	2.09163562e+003	0.00000000e+000	7.1662e+014	1.0000e-010	0.0000e+000
2.380000e+003	2.08306982e-001	-3.19169302e+000	2.07809540e+003	0.00000000e+000	7.1085e+014	1.0000e-010	0.0000e+000
2.390000e+003	2.08514791e-001	-3.19148521e+000	2.06466359e+003	0.00000000e+000	7.0516e+014	1.0000e-010	0.0000e+000
2.400000e+003	2.08721258e-001	-3.19127874e+000	2.05133862e+003	0.00000000e+000	6.9955e+014	1.0000e-010	0.0000e+000
2.410000e+003	2.08926391e-001	-3.19107361e+000	2.03811897e+003	0.00000000e+000	6.9402e+014	1.0000e-010	0.0000e+000
2.420000e+003	2.09130203e-001	-3.19086980e+000	2.02500313e+003	0.00000000e+000	6.8857e+014	1.0000e-010	0.0000e+000
2.430000e+003	2.09332704e-001	-3.19066730e+000	2.01198962e+003	0.00000000e+000	6.8320e+014	1.0000e-010	0.0000e+000
2.440000e+003	2.09533903e-001	-3.19046610e+000	1.99907700e+003	0.00000000e+000	6.7790e+014	1.0000e-010	0.0000e+000
2.450000e+003	2.09733810e-001	-3.19026619e+000	1.98626385e+003	0.00000000e+000	6.7268e+014	1.0000e-010	0.0000e+000
2.460000e+003	2.09932437e-001	-3.19006756e+000	1.97354876e+003	0.00000000e+000	6.6753e+014	1.0000e-010	0.0000e+000
2.470000e+003	2.10129792e-001	-3.18987021e+000	1.96093038e+003	0.00000000e+000	6.6245e+014	1.0000e-010	0.0000e+000
2.480000e+003	2.10325885e-001	-3.18967412e+000	1.94840734e+003	0.00000000e+000	6.5745e+014	1.0000e-010	0.0000e+000
2.490000e+003	2.10520725e-001	-3.18947927e+000	1.93597834e+003	0.00000000e+000	6.5251e+014	1.0000e-010	0.0000e+000
2.500000e+003	2.10714323e-001	-3.18928568e+000	1.92364206e+003	0.00000000e+000	6.4764e+014	1.0000e-010	0.0000e+000
2.510000e+003	2.10906687e-001	-3.18909331e+000	1.91139723e+003	0.00000000e+000	6.4284e+014	1.0000e-010	0.0000e+000
2.520000e+003	2.11097827e-001	-3.18890217e+000	1.89924261e+003	0.00000000e+000	6.3811e+014	1.0000e-010	0.0000e+000
2.530000e+003	2.11287751e-001	-3.18871225e+000	1.88717695e+003	0.00000000e+000	6.3344e+014	1.0000e-010	0.0000e+000
2.540000e+003	2.11476469e-001	-3.18852353e+000	1.87519906e+003	0.00000000e+000	6.2883e+014	1.0000e-010	0.0000e+000
2.550000e+003	2.11663989e-001	-3.18833601e+000	1.86330773e+003	0.00000000e+000	6.2428e+014	1.0000e-010	0.0000e+000
2.560000e+003	2.11850320e-001	-3.18814968e+000	1.85150180e+003	0.00000000e+000	6.1980e+014	1.0000e-010	0.0000e+000
2.570000e+003	2.12035470e-001	-3.18796453e+000	1.83978012e+003	0.00000000e+000	6.1538e+014	1.0000e-010	0.0000e+000
2.580000e+003	2.12219448e-001	-3.18778055e+000	1.82814156e+003	0.00000000e+000	6.1101e+014	1.0000e-010	0.0000e+000
2.590000e+003	2.12402262e-001	-3.18759774e+000	1.81658502e+003	0.00000000e+000	6.0671e+014	1.0000e-010	0.0000e+000
2.600000e+003	2.12583921e-001	-3.18741608e+000	1.80510939e+003	0.00000000e+000	6.0246e+014	1.0000e-010	0.0000e+000
2.610000e+003	2.12764431e-001	-3.18723557e+000	1.79371362e+003	0.00000000e+000	5.9827e+014	1.0000e-010	0.0000e+000
2.620000e+003	2.12943803e-001	-3.18705620e+000	1.78239664e+003	0.00000000e+000	5.9413e+014	1.0000e-010	0.0000e+000
2.630000e+003	2.13122043e-001	-3.18687796e+000	1.77115742e+003	0.00000000e+000	5.9005e+014	1.0000e-010	0.0000e+000
2.640000e+003	2.13299158e-001	-3.18670084e+000	1.75999494e+003	0.00000000e+000	5.8602e+014	1.0000e-010	0.0000e+000
2.650000e+003	2.13475158e-001	-3.18652484e+000	1.74890819e+003	0.00000000e+000	5.8204e+014	1.0000e-010	0.0000e+000
2.660000e+003	2.13650049e-001	-3.18634995e+000	1.73789619e+003	0.00000000e+000	5.7812e+014	1.0000e-010	0.0000e+000
2.670000e+003	2.13823838e-001	-3.18617616e+000	1.72695798e+003	0.00000000e+000	5.7425e+014	1.0000e-010	0.0000e+000
2.680000e+003	2.13996534e-001	-3.18600347e+000	1.71609258e+003	0.00000000e+000	5.7042e+014	1.0000e-010	0.0000e+000
2.690000e+003	2.14168143e-001	-3.18583186e+000	1.70529908e+003	0.00000000e+000	5.6665e+014	1.0000e-010	0.0000e+000
2.700000e+003	2.14338673e-001	-3.18566133e+000	1.69457654e+003	0.00000000e+000	5.6292e+014	1.0000e-010	0.0000e+000
2.710000e+003	2.14508131e-001	-3.18549187e+000	1.68392405e+003	0.00000000e+000	5.5925e+014	1.0000e-010	0.0000e+000
2.720000e+003	2.14676523e-001	-3.18532348e+000	1.67334073e+003	0.00000000e+000	5.5562e+014	1.0000e-010	0.0000e+000
2.730000e+003	2.14843857e-001	-3.18515614e+000	1.66282569e+003	0.00000000e+000	5.5203e+014	1.0000e-010	0.0000e+000
2.740000e+003	2.15010140e-001	-3.18498986e+000	1.65237807e+003	0.00000000e+000	5.4849e+014	1.0000e-010	0.0000e+000
2.750000e+003	2.15175378e-001	-3.18482462e+000	1.64199701e+003	0.00000000e+000	5.4500e+014	1.0000e-010	0.0000e+000
2.760000e+003	2.15339577e-001	-3.18466042e+000	1.63168167e+003	0.00000000e+000	5.4155e+014	1.0000e-010	0.0000e+000
2.770000e+003	2.15502746e-001	-3.18449725e+000	1.62143124e+003	0.00000000e+000	5.3814e+014	1.0000e-010	0.0000e+000
2.780000e+003	2.15664889e-001	-3.18433511e+000	1.61124490e+003	0.00000000e+000	5.3477e+014	1.0000e-010	0.0000e+000
2.790000e+003	2.15826013e-001	-3.18417399e+000	1.60112185e+003	0.00000000e+000	5.3145e+014	1.0000e-010	0.0000e+000
2.800000e+003	2.15986125e-001	-3.18401387e+000	1.59106130e+003	0.00000000e+000	5.2817e+014	1.0000e-010	0.0000e+000
2.810000e+003	2.16145231e-001	-3.18385477e+000	1.58106248e+003	0.00000000e+000	5.2493e+014	1.0000e-010	0.0000e+000
2.820000e+003	2.16303338e-001	-3.18369666e+000	1.57112462e+003	0.00000000e+000	5.2173e+014	1.0000e-010	0.0000e+000
2.830000e+003	2.16460450e-001	-3.18353955e+000	1.56124697e+003	0.00000000e+000	5.1857e+014	1.0000e-010	0.0000e+000
2.840000e+003	2.16616575e-001	-3.18338343e+000	1.55142880e+003	0.00000000e+000	5.1545e+014	1.0000e-010	0.0000e+000
2.850000e+003	2.16771718e-001	-3.18322828e+000	1.54166937e+003	0.00000000e+000	5.1236e+014	1.0000e-010	0.0000e+000
2.860000e+003	2.16925885e-001	-3.18307412e+000	1.53196797e+003	0.00000000e+000	5.0932e+014	1.0000e-010	0.0000e+000
2.870000e+003	2.17079081e-001	-3.18292092e+000	1.52232389e+003	0.00000000e+000	5.0631e+014	1.0000e-010	0.0000e+000
2.880000e+003	2.17231314e-001	-3.18276869e+000	1.51273644e+003	0.00000000e+000	5.0333e+014	1.0000e-010	0.0000e+000
2.890000e+003	2.17382588e-001	-3.18261741e+000	1.50320492e+003	0.00000000e+000	5.0040e+014	1.0000e-010	0.0000e+000
2.900000e+003	2.17532908e-001	-3.18246709e+000	1.49372866e+003	0.00000000e+000	4.9750e+014	1.0000e-010	0.0000e+000
2.910000e+003	2.17682281e-001	-3.18231772e+000	1.48430699e+003	0.00000000e+000	4.9463e+014	1.0000e-010	0.0000e+000
2.920000e+003	2.17830712e-001	-3.18216929e+000	1.47493927e+003	0.00000000e+000	4.9180e+014	1.0000e-010	0.0000e+000
2.930000e+003	2.17978206e-001	-3.18202179e+000	1.46562484e+003	0.00000000e+000	4.8900e+014	1.0000e-010	0.0000e+000
2.940000e+003	2.18124768e-001	-3.18187523e+000	1.45636307e+003	0.00000000e+000	4.8624e+014	1.0000e-010	0.0000e+000
2.950000e+003	2.18270404e-001	-3.18172960e+000	1.44715333e+003	0.00000000e+000	4.8350e+014	1.0000e-010	0.0000e+000
2.960000e+003	2.18415120e-001	-3.18158488e+000	1.43799500e+003	0.00000000e+000	4.8081e+014	1.0000e-010	0.0000e+000
2.970000e+003	2.18558919e-001	-3.18144108e+000	1.42888747e+003	0.00000000e+000	4.7814e+014	1.0000e-010	0.0000e+000
2.980000e+003	2.18701808e-001	-3.18129819e+000	1.41983013e+003	0.00000000e+000	4.7550e+014	1.0000e-010	0.0000e+000
2.990000e+003	2.18843791e-001	-3.18115621e+000	1.41082241e+003	0.00000000e+000	4.7290e+014	1.0000e-010	0.0000e+000
3.000000e+003	2.18984873e-001	-3.18101513e+000	1.40186371e+003	0.00000000e+000	4.7033e+014	1.0000e-010	0.0000e+000
3.010000e+003	2.19125060e-001	-3.18087494e+000	1.39295346e+003	0.00000000e+000	4.6778e+014	1.0000e-010	0.0000e+000
3.020000e+003	2.19264355e-001	-3.18073565e+000	1.38409109e+003	0.00000000e+000	4.6527e+014	1.0000e-010	0.0000e+000
3.030000e+003	2.19402764e-001	-3.18059724e+000	1.37527604e+003	0.00000000e+000	4.6278e+014	1.0000e-010	0.0000e+000
3.040000e+003	2.19540292e-001	-3.18045971e+000	1.36650777e+003	0.00000000e+000	4.6033e+014	1.0000e-010	0.0000e+000
3.050000e+003	2.19676942e-001	-3.18032306e+000	1.35778571e+003	0.00000000e+000	4.5790e+014	1.0000e-010	0.0000e+000
3.060000e+003	2.19812721e-001	-3.18018728e+000	1.34910935e+003	0.00000000e+000	4.5550e+014	1.0000e-010	0.0000e+000
3.070000e+003	2.19947632e-001	-3.18005237e+000	1.34047815e+003	0.00000000e+000	4.5313e+014	1.0000e-010	0.0000e+000
3.080000e+003	2.20081680e-001	-3.17991832e+000	1.33189158e+003	0.00000000e+000	4.5079e+014	1.0000e-010	0.0000e+000
3.090000e+003	2.20214869e-001	-3.17978513e+000	1.32334915e+003	0.00000000e+000	4.4847e+014	1.0000e-010	0.0000e+000
3.100000e+003	2.20347204e-001	-3.17965280e+000	1.31485032e+003	0.00000000e+000	4.4618e+014	1.0000e-010	0.0000e+000
3.110000e+003	2.20478689e-001	-3.17952131e+000	1.30639461e+003	0.00000000e+000	4.4392e+014	1.0000e-010	0.0000e+000
3.120000e+003	2.20609328e-001	-3.17939067e+000	1.29798153e+003	0.00000000e+000	4.4168e+014	1.0000e-010	0.0000e+000
3.130000e+003	2.20739126e-001	-3.17926087e+000	1.28961058e+003	0.00000000e+000	4.3947e+014	1.0000e-010	0.0000e+000
3.140000e+003	2.20868087e-001	-3.17913191e+000	1.28128128e+003	0.00000000e+000	4.3728e+014	1.0000e-010	0.0000e+000
3.150000e+003	2.20996216e-001	-3.17900378e+000	1.27299317e+003	0.00000000e+000	4.3512e+014	1.0000e-010	0.0000e+000
3.160000e+003	2.21123515e-001	-3.17887649e+000	1.26474576e+003	0.00000000e+000	4.3298e+014	1.0000e-010	0.0000e+000
3.170000e+003	2.21249989e-001	-3.17875001e+000	1.25653861e+003	0.00000000e+000	4.3087e+014	1.0000e-010	0.0000e+000
3.180000e+003	2.21375643e-001	-3.17862436e+000	1.24837124e+003	0.00000000e+000	4.2878e+014	1.0000e-010	0.0000e+000
3.190000e+003	2.21500480e-001	-3.17849952e+000	1.24024323e+003	0.00000000e+000	4.2672e+014	1.0000e-010	0.0000e+000
3.200000e+003	2.21624505e-001	-3.17837550e+000	1.23215411e+003	0.00000000e+000	4.2467e+014	1.0000e-010	0.0000e+000
3.210000e+003	2.21747720e-001	-3.17825228e+000	1.22410346e+003	0.00000000e+000	4.2265e+014	1.0000e-010	0.0000e+000
3.220000e+003	2.21870131e-001	-3.17812987e+000	1.21609083e+003	0.00000000e+000	4.2066e+014	1.0000e-010	0.0000e+000
3.230000e+003	2.21991740e-001	-3.17800826e+000	1.20811581e+003	0.00000000e+000	4.1868e+014	1.0000e-010	0.0000e+000
3.240000e+003	2.22112551e-001	-3.17788745e+000	1.20017798e+003	0.00000000e+000	4.1673e+014	1.0000e-010	0.0000e+000
3.250000e+003	2.22232569e-001	-3.17776743e+000	1.19227690e+003	0.00000000e+000	4.1480e+014	1.0000e-010	0.0000e+000
3.260000e+003	2.22351797e-001	-3.17764820e+000	1.18441219e+003	0.00000000e+000	4.1289e+014	1.0000e-010	0.0000e+000
3.270000e+003	2.22470238e-001	-3.17752976e+000	1.17658342e+003	0.00000000e+000	4.1101e+014	1.0000e-010	0.0000e+000
3.280000e+003	2.22587896e-001	-3.17741210e+000	1.16879020e+003	0.00000000e+000	4.0914e+014	1.0000e-010	0.0000e+000
3.290000e+003	2.22704775e-001	-3.17729522e+000	1.16103214e+003	0.00000000e+000	4.0729e+014	1.0000e-010	0.0000e+000
3.300000e+003	2.22820878e-001	-3.17717912e+000	1.15330884e+003	0.00000000e+000	4.0547e+014	1.0000e-010	0.0000e+000
3.310000e+003	2.22936209e-001	-3.17706379e+000	1.14561992e+003	0.00000000e+000	4.0366e+014	1.0000e-010	0.0000e+000
3.320000e+003	2.23050771e-001	-3.17694923e+000	1.13796500e+003	0.00000000e+000	4.0188e+014	1.0000e-010	0.0000e+000
3.330000e+003	2.23164568e-001	-3.17683543e+000	1.13034369e+003	0.00000000e+000	4.0011e+014	1.0000e-010	0.0000e+000
3.340000e+003	2.23277602e-001	-3.17672240e+000	1.12275564e+003	0.00000000e+000	3.9837e+014	1.0000e-010	0.0000e+000
3.350000e+003	2.23389878e-001	-3.17661012e+000	1.11520048e+003	0.00000000e+000	3.9664e+014	1.0000e-010	0.0000e+000
3.360000e+003	2.23501398e-001	-3.17649860e+000	1.10767783e+003	0.00000000e+000	3.9493e+014	1.0000e-010	0.0000e+000
3.370000e+003	2.23612166e-001	-3.17638783e+000	1.10018735e+003	0.00000000e+000	3.9325e+014	1.0000e-010	0.0000e+000
3.380000e+003	2.23722184e-001	-3.17627782e+000	1.09272867e+003	0.00000000e+000	3.9158e+014	1.0000e-010	0.0000e+000
3.390000e+003	2.23831457e-001	-3.17616854e+000	1.08530146e+003	0.00000000e+000	3.8992e+014	1.0000e-010	0.0000e+000
3.400000e+003	2.23939987e-001	-3.17606001e+000	1.07790536e+003	0.00000000e+000	3.8829e+014	1.0000e-010	0.0000e+000
3.410000e+003	2.24047778e-001	-3.17595222e+000	1.07054004e+003	0.00000000e+000	3.8668e+014	1.0000e-010	0.0000e+000
3.420000e+003	2.24154832e-001	-3.17584517e+000	1.06320515e+003	0.00000000e+000	3.8508e+014	1.0000e-010	0.0000e+000
3.430000e+003	2.24261152e-001	-3.17573885e+000	1.05590037e+003	0.00000000e+000	3.8350e+014	1.0000e-010	0.0000e+000
3.440000e+003	2.24366742e-001	-3.17563326e+000	1.04862536e+003	0.00000000e+000	3.8193e+014	1.0000e-010	0.0000e+000
3.450000e+003	2.24471605e-001	-3.17552840e+000	1.04137980e+003	0.00000000e+000	3.8039e+014	1.0000e-010	0.0000e+000
3.460000e+003	2.24575743e-001	-3.17542426e+000	1.03416337e+003	0.00000000e+000	3.7886e+014	1.0000e-010	0.0000e+000
3.470000e+003	2.24679159e-001	-3.17532084e+000	1.02697575e+003	0.00000000e+000	3.7735e+014	1.0000e-010	0.0000e+000
3.480000e+003	2.24781857e-001	-3.17521814e+000	1.01981663e+003	0.00000000e+000	3.7585e+014	1.0000e-010	0.0000e+000
3.490000e+003	2.24883839e-001	-3.17511616e+000	1.01268569e+003	0.00000000e+000	3.7437e+014	1.0000e-010	0.0000e+000
3.500000e+003	2.24985107e-001	-3.17501489e+000	1.00558263e+003	0.00000000e+000	3.7291e+014	1.0000e-010	0.0000e+000
3.510000e+003	2.25085665e-001	-3.17491433e+000	9.98507146e+002	0.00000000e+000	3.7146e+014	1.0000e-010	0.0000e+000
3.520000e+003	2.25185516e-001	-3.17481448e+000	9.91458939e+002	0.00000000e+000	3.7003e+014	1.0000e-010	0.0000e+000
3.530000e+003	2.25284662e-001	-3.17471534e+000	9.84437710e+002	0.00000000e+000	3.6861e+014	1.0000e-010	0.0000e+000
3.540000e+003	2.25383106e-001	-3.17461689e+000	9.77443167e+002	0.00000000e+000	3.6721e+014	1.0000e-010	0.0000e+000
3.550000e+003	2.25480850e-001	-3.17451915e+000	9.70475021e+002	0.00000000e+000	3.6582e+014	1.0000e-010	0.0000e+000
3.560000e+003	2.25577898e-001	-3.17442210e+000	9.63532983e+002	0.00000000e+000	3.6445e+014	1.0000e-010	0.0000e+000
3.570000e+003	2.25674251e-001	-3.17432575e+000	9.56616771e+002	0.00000000e+000	3.6310e+014	1.0000e-010	0.0000e+000
3.580000e+003	2.25769913e-001	-3.17423009e+000	9.49726104e+002	0.00000000e+000	3.6176e+014	1.0000e-010	0.0000e+000
3.590000e+003	2.25864885e-001	-3.17413511e+000	9.42860705e+002	0.00000000e+000	3.6043e+014	1.0000e-010	0.0000e+000
3.600000e+003	2.25959171e-001	-3.17404083e+000	9.36020299e+002	0.00000000e+000	3.5912e+014	1.0000e-010	0.0000e+000
3.610000e+003	2.26052773e-001	-3.17394723e+000	9.29204616e+002	0.00000000e+000	3.5782e+014	1.0000e-010	0.0000e+000
3.620000e+003	2.26145694e-001	-3.17385431e+000	9.22413387e+002	0.00000000e+000	3.5654e+014	1.0000e-010	0.0000e+000
3.630000e+003	2.26237935e-001	-3.17376206e+000	9.15646345e+002	0.00000000e+000	3.5527e+014	1.0000e-010	0.0000e+000
3.640000e+003	2.26329500e-001	-3.17367050e+000	9.08903230e+002	0.00000000e+000	3.5401e+014	1.0000e-010	0.0000e+000
3.650000e+003	2.26420390e-001	-3.17357961e+000	9.02183780e+002	0.00000000e+000	3.5277e+014	1.0000e-010	0.0000e+000
3.660000e+003	2.26510608e-001	-3.17348939e+000	8.95487739e+002	0.00000000e+000	3.5154e+014	1.0000e-010	0.0000e+000
3.670000e+003	2.26600157e-001	-3.17339984e+000	8.88814852e+002	0.00000000e+000	3.5032e+014	1.0000e-010	0.0000e+000
3.680000e+003	2.26689039e-001	-3.17331096e+000	8.82164868e+002	0.00000000e+000	3.4912e+014	1.0000e-010	0.0000e+000
3.690000e+003	2.26777255e-001	-3.17322274e+000	8.75537537e+002	0.00000000e+000	3.4793e+014	1.0000e-010	0.0000e+000
3.700000e+003	2.26864809e-001	-3.17313519e+000	8.68932614e+002	0.00000000e+000	3.4676e+014	1.0000e-010	0.0000e+000
3.710000e+003	2.26951702e-001	-3.17304830e+000	8.62349853e+002	0.00000000e+000	3.4559e+014	1.0000e-010	0.0000e+000
3.720000e+003	2.27037937e-001	-3.17296206e+000	8.55789014e+002	0.00000000e+000	3.4444e+014	1.0000e-010	0.0000e+000
3.730000e+003	2.27123516e-001	-3.17287648e+000	8.49249858e+002	0.00000000e+000	3.4330e+014	1.0000e-010	0.0000e+000
3.740000e+003	2.27208441e-001	-3.17279156e+000	8.42732148e+002	0.00000000e+000	3.4218e+014	1.0000e-010	0.0000e+000
3.750000e+003	2.27292714e-001	-3.17270729e+000	8.36235650e+002	0.00000000e+000	3.4106e+014	1.0000e-010	0.0000e+000
3.760000e+003	2.27376338e-001	-3.17262366e+000	8.29760132e+002	0.00000000e+000	3.3996e+014	1.0000e-010	0.0000e+000
3.770000e+003	2.27459314e-001	-3.17254069e+000	8.23305366e+002	0.00000000e+000	3.3887e+014	1.0000e-010	0.0000e+000
3.780000e+003	2.27541644e-001	-3.17245836e+000	8.16871123e+002	0.00000000e+000	3.3779e+014	1.0000e-010	0.0000e+000
3.790000e+003	2.27623331e-001	-3.17237667e+000	8.10457178e+002	0.00000000e+000	3.3673e+014	1.0000e-010	0.0000e+000
3.800000e+003	2.27704377e-001	-3.17229562e+000	8.04063310e+002	0.00000000e+000	3.3567e+014	1.0000e-010	0.0000e+000
3.810000e+003	2.27784784e-001	-3.17221522e+000	7.97689298e+002	0.00000000e+000	3.3463e+014	1.0000e-010	0.0000e+000
3.820000e+003	2.27864552e-001	-3.17213545e+000	7.91334923e+002	0.00000000e+000	3.3360e+014	1.0000e-010	0.0000e+000
3.830000e+003	2.27943686e-001	-3.17205631e+000	7.84999969e+002	0.00000000e+000	3.3258e+014	1.0000e-010	0.0000e+000
3.840000e+003	2.28022186e-001	-3.17197781e+000	7.78684222e+002	0.00000000e+000	3.3157e+014	1.0000e-010	0.0000e+000
3.850000e+003	2.28100054e-001	-3.17189995e+000	7.72387470e+002	0.00000000e+000	3.3058e+014	1.0000e-010	0.0000e+000
3.860000e+003	2.28177293e-001	-3.17182271e+000	7.66109503e+002	0.00000000e+000	3.2959e+014	1.0000e-010	0.0000e+000
3.870000e+003	2.28253904e-001	-3.17174610e+000	7.59850113e+002	0.00000000e+000	3.2861e+014	1.0000e-010	0.0000e+000
3.880000e+003	2.28329889e-001	-3.17167011e+000	7.53609094e+002	0.00000000e+000	3.2765e+014	1.0000e-010	0.0000e+000
3.890000e+003	2.28405250e-001	-3.17159475e+000	7.47386241e+002	0.00000000e+000	3.2670e+014	1.0000e-010	0.0000e+000
3.900000e+003	2.28479989e-001	-3.17152001e+000	7.41181353e+002	0.00000000e+000	3.2575e+014	1.0000e-010	0.0000e+000
3.910000e+003	2.28554107e-001	-3.17144589e+000	7.34994229e+002	0.00000000e+000	3.2482e+014	1.0000e-010	0.0000e+000
3.920000e+003	2.28627606e-001	-3.17137239e+000	7.28824670e+002	0.00000000e+000	3.2390e+014	1.0000e-010	0.0000e+000
3.930000e+003	2.28700489e-001	-3.17129951e+000	7.22672480e+002	0.00000000e+000	3.2299e+014	1.0000e-010	0.0000e+000
3.940000e+003	2.28772756e-001	-3.17122724e+000	7.16537464e+002	0.00000000e+000	3.2209e+014	1.0000e-010	0.0000e+000
3.950000e+003	2.28844410e-001	-3.17115559e+000	7.10419429e+002	0.00000000e+000	3.2119e+014	1.0000e-010	0.0000e+000
3.960000e+003	2.28915452e-001	-3.17108455e+000	7.04318184e+002	0.00000000e+000	3.2031e+014	1.0000e-010	0.0000e+000
3.970000e+003	2.28985883e-001	-3.17101412e+000	6.98233538e+002	0.00000000e+000	3.1944e+014	1.0000e-010	0.0000e+000
3.980000e+003	2.29055707e-001	-3.17094429e+000	6.92165304e+002	0.00000000e+000	3.1858e+014	1.0000e-010	0.0000e+000
3.990000e+003	2.29124923e-001	-3.17087508e+000	6.86113295e+002	0.00000000e+000	3.1773e+014	1.0000e-010	0.0000e+000
4.000000e+003	2.29193535e-001	-3.17080647e+000	6.80077328e+002	0.00000000e+000	3.1689e+014	1.0000e-010	0.0000e+000
4.010000e+003	2.29261542e-001	-3.17073846e+000	6.74057217e+002	0.00000000e+000	3.1605e+014	1.0000e-010	0.0000e+000
4.020000e+003	2.29328948e-001	-3.17067105e+000	6.68052784e+002	0.00000000e+000	3.1523e+014	1.0000e-010	0.0000e+000
4.030000e+003	2.29395753e-001	-3.17060425e+000	6.62063846e+002	0.00000000e+000	3.1442e+014	1.0000e-010	0.0000e+000
4.040000e+003	2.29461960e-001	-3.17053804e+000	6.56090226e+002	0.00000000e+000	3.1361e+014	1.0000e-010	0.0000e+000
4.050000e+003	2.29527569e-001	-3.17047243e+000	6.50131748e+002	0.00000000e+000	3.1282e+014	1.0000e-010	0.0000e+000
4.060000e+003	2.29592582e-001	-3.17040742e+000	6.44188235e+002	0.00000000e+000	3.1203e+014	1.0000e-010	0.0000e+000
4.070000e+003	2.29657001e-001	-3.17034300e+000	6.38259513e+002	0.00000000e+000	3.1126e+014	1.0000e-010	0.0000e+000
4.080000e+003	2.29720827e-001	-3.17027917e+000	6.32345412e+002	0.00000000e+000	3.1049e+014	1.0000e-010	0.0000e+000
4.090000e+003	2.29784061e-001	-3.17021594e+000	6.26445758e+002	0.00000000e+000	3.0973e+014	1.0000e-010	0.0000e+000
4.100000e+003	2.29846706e-001	-3.17015329e+000	6.20560383e+002	0.00000000e+000	3.0898e+014	1.0000e-010	0.0000e+000
4.110000e+003	2.29908762e-001	-3.17009124e+000	6.14689119e+002	0.00000000e+000	3.0824e+014	1.0000e-010	0.0000e+000
4.120000e+003	2.29970231e-001	-3.17002977e+000	6.08831799e+002	0.00000000e+000	3.0751e+014	1.0000e-010	0.0000e+000
4.130000e+003	2.30031114e-001	-3.16996889e+000	6.02988256e+002	0.00000000e+000	3.0678e+014	1.0000e-010	0.0000e+000
4.140000e+003	2.30091413e-001	-3.16990859e+000	5.97158328e+002	0.00000000e+000	3.0607e+014	1.0000e-010	0.0000e+000
4.150000e+003	2.30151129e-001	-3.16984887e+000	5.91341851e+002	0.00000000e+000	3.0536e+014	1.0000e-010	0.0000e+000
4.160000e+003	2.30210263e-001	-3.16978974e+000	5.85538663e+002	0.00000000e+000	3.0466e+014	1.0000e-010	0.0000e+000
4.170000e+003	2.30268817e-001	-3.16973118e+000	5.79748604e+002	0.00000000e+000	3.0398e+014	1.0000e-010	0.0000e+000
4.180000e+003	2.30326792e-001	-3.16967321e+000	5.73971516e+002	0.00000000e+000	3.0329e+014	1.0000e-010	0.0000e+000
4.190000e+003	2.30384189e-001	-3.16961581e+000	5.68207239e+002	0.00000000e+000	3.0262e+014	1.0000e-010	0.0000e+000
4.200000e+003	2.30441009e-001	-3.16955899e+000	5.62455618e+002	0.00000000e+000	3.0196e+014	1.0000e-010	0.0000e+000
4.210000e+003	2.30497255e-001	-3.16950275e+000	5.56716497e+002	0.00000000e+000	3.0130e+014	1.0000e-010	0.0000e+000
4.220000e+003	2.30552927e-001	-3.16944707e+000	5.50989722e+002	0.00000000e+000	3.0065e+014	1.0000e-010	0.0000e+000
4.230000e+003	2.30608026e-001	-3.16939197e+000	5.45275140e+002	0.00000000e+000	3.0001e+014	1.0000e-010	0.0000e+000
4.240000e+003	2.30662553e-001	-3.16933745e+000	5.39572598e+002	0.00000000e+000	2.9938e+014	1.0000e-010	0.0000e+000
4.250000e+003	2.30716510e-001	-3.16928349e+000	5.33881946e+002	0.00000000e+000	2.9876e+014	1.0000e-010	0.0000e+000
4.260000e+003	2.30769899e-001	-3.16923010e+000	5.28203034e+002	0.00000000e+000	2.9814e+014	1.0000e-010	0.0000e+000
4.270000e+003	2.30822719e-001	-3.16917728e+000	5.22535713e+002	0.00000000e+000	2.9753e+014	1.0000e-010	0.0000e+000
4.280000e+003	2.30874972e-001	-3.16912503e+000	5.16879835e+002	0.00000000e+000	2.9693e+014	1.0000e-010	0.0000e+000
4.290000e+003	2.30926660e-001	-3.16907334e+000	5.11235254e+002	0.00000000e+000	2.9634e+014	1.0000e-010	0.0000e+000
4.300000e+003	2.30977784e-001	-3.16902222e+000	5.05601825e+002	0.00000000e+000	2.9575e+014	1.0000e-010	0.0000e+000
4.310000e+003	2.31028344e-001	-3.16897166e+000	4.99979403e+002	0.00000000e+000	2.9517e+014	1.0000e-010	0.0000e+000
4.320000e+003	2.31078342e-001	-3.16892166e+000	4.94367844e+002	0.00000000e+000	2.9460e+014	1.0000e-010	0.0000e+000
4.330000e+003	2.31127779e-001	-3.16887222e+000	4.88767006e+002	0.00000000e+000	2.9404e+014	1.0000e-010	0.0000e+000
4.340000e+003	2.31176656e-001	-3.16882334e+000	4.83176747e+002	0.00000000e+000	2.9349e+014	1.0000e-010	0.0000e+000
4.350000e+003	2.31224973e-001	-3.16877503e+000	4.77596926e+002	0.00000000e+000	2.9294e+014	1.0000e-010	0.0000e+000
4.360000e+003	2.31272733e-001	-3.16872727e+000	4.72027404e+002	0.00000000e+000	2.9240e+014	1.0000e-010	0.0000e+000
4.370000e+003	2.31319936e-001	-3.16868006e+000	4.66468043e+002	0.00000000e+000	2.9186e+014	1.0000e-010	0.0000e+000
4.380000e+003	2.31366582e-001	-3.16863342e+000	4.60918703e+002	0.00000000e+000	2.9134e+014	1.0000e-010	0.0000e+000
4.390000e+003	2.31412674e-001	-3.16858733e+000	4.55379248e+002	0.00000000e+000	2.9082e+014	1.0000e-010	0.0000e+000
4.400000e+003	2.31458212e-001	-3.16854179e+000	4.49849543e+002	0.00000000e+000	2.9031e+014	1.0000e-010	0.0000e+000
4.410000e+003	2.31503197e-001	-3.16849680e+000	4.44329452e+002	0.00000000e+000	2.8980e+014	1.0000e-010	0.0000e+000
4.420000e+003	2.31547630e-001	-3.16845237e+000	4.38818840e+002	0.00000000e+000	2.8930e+014	1.0000e-010	0.0000e+000
4.430000e+003	2.31591512e-001	-3.16840849e+000	4.33317573e+002	0.00000000e+000	2.8881e+014	1.0000e-010	0.0000e+000
4.440000e+003	2.31634844e-001	-3.16836516e+000	4.27825521e+002	0.00000000e+000	2.8833e+014	1.0000e-010	0.0000e+000
4.450000e+003	2.31677626e-001	-3.16832237e+000	4.22342549e+002	0.00000000e+000	2.8785e+014	1.0000e-010	0.0000e+000
4.460000e+003	2.31719861e-001	-3.16828014e+000	4.16868528e+002	0.00000000e+000	2.8738e+014	1.0000e-010	0.0000e+000
4.470000e+003	2.31761547e-001	-3.16823845e+000	4.11403326e+002	0.00000000e+000	2.8692e+014	1.0000e-010	0.0000e+000
4.480000e+003	2.31802688e-001	-3.16819731e+000	4.05946815e+002	0.00000000e+000	2.8646e+014	1.0000e-010	0.0000e+000
4.490000e+003	2.31843282e-001	-3.16815672e+000	4.00498865e+002	0.00000000e+000	2.8602e+014	1.0000e-010	0.0000e+000
4.500000e+003	2.31883332e-001	-3.16811667e+000	3.95059349e+002	0.00000000e+000	2.8557e+014	1.0000e-010	0.0000e+000
4.510000e+003	2.31922838e-001	-3.16807716e+000	3.89628138e+002	0.00000000e+000	2.8514e+014	1.0000e-010	0.0000e+000
4.520000e+003	2.31961801e-001	-3.16803820e+000	3.84205108e+002	0.00000000e+000	2.8471e+014	1.0000e-010	0.0000e+000
4.530000e+003	2.32000222e-001	-3.16799978e+000	3.78790130e+002	0.00000000e+000	2.8428e+014	1.0000e-010	0.0000e+000
4.540000e+003	2.32038101e-001	-3.16796190e+000	3.73383082e+002	0.00000000e+000	2.8387e+014	1.0000e-010	0.0000e+000
4.550000e+003	2.32075439e-001	-3.16792456e+000	3.67983837e+002	0.00000000e+000	2.8346e+014	1.0000e-010	0.0000e+000
4.560000e+003	2.32112237e-001	-3.16788776e+000	3.62592272e+002	0.00000000e+000	2.8305e+014	1.0000e-010	0.0000e+000
4.570000e+003	2.32148497e-001	-3.16785150e+000	3.57208263e+002	0.00000000e+000	2.8266e+014	1.0000e-010	0.0000e+000
4.580000e+003	2.32184217e-001	-3.16781578e+000	3.51831689e+002	0.00000000e+000	2.8227e+014	1.0000e-010	0.0000e+000
4.590000e+003	2.32219401e-001	-3.16778060e+000	3.46462427e+002	0.00000000e+000	2.8188e+014	1.0000e-010	0.0000e+000
4.600000e+003	2.32254047e-001	-3.16774595e+000	3.41100356e+002	0.00000000e+000	2.8151e+014	1.0000e-010	0.0000e+000
4.610000e+003	2.32288157e-001	-3.16771184e+000	3.35745356e+002	0.00000000e+000	2.8114e+014	1.0000e-010	0.0000e+000
4.620000e+003	2.32321731e-001	-3.16767827e+000	3.30397305e+002	0.00000000e+000	2.8077e+014	1.0000e-010	0.0000e+000
4.630000e+003	2.32354771e-001	-3.16764523e+000	3.25056085e+002	0.00000000e+000	2.8041e+014	1.0000e-010	0.0000e+000
4.640000e+003	2.32387277e-001	-3.16761272e+000	3.19721577e+002	0.00000000e+000	2.8006e+014	1.0000e-010	0.0000e+000
4.650000e+003	2.32419249e-001	-3.16758075e+000	3.14393662e+002	0.00000000e+000	2.7971e+014	1.0000e-010	0.0000e+000
4.660000e+003	2.32450688e-001	-3.16754931e+000	3.09072223e+002	0.00000000e+000	2.7937e+014	1.0000e-010	0.0000e+000
4.670000e+003	2.32481595e-001	-3.16751840e+000	3.03757141e+002	0.00000000e+000	2.7904e+014	1.0000e-010	0.0000e+000
4.680000e+003	2.32511971e-001	-3.16748803e+000	2.98448302e+002	0.00000000e+000	2.7871e+014	1.0000e-010	0.0000e+000
4.690000e+003	2.32541816e-001	-3.16745818e+000	2.93145587e+002	0.00000000e+000	2.7839e+014	1.0000e-010	0.0000e+000
4.700000e+003	2.32571131e-001	-3.16742887e+000	2.87848882e+002	0.00000000e+000	2.7807e+014	1.0000e-010	0.0000e+000
4.710000e+003	2.32599915e-001	-3.16740008e+000	2.82558072e+002	0.00000000e+000	2.7777e+014	1.0000e-010	0.0000e+000
4.720000e+003	2.32628171e-001	-3.16737183e+000	2.77273041e+002	0.00000000e+000	2.7746e+014	1.0000e-010	0.0000e+000
4.730000e+003	2.32655899e-001	-3.16734410e+000	2.71993675e+002	0.00000000e+000	2.7716e+014	1.0000e-010	0.0000e+000
4.740000e+003	2.32683098e-001	-3.16731690e+000	2.66719861e+002	0.00000000e+000	2.7687e+014	1.0000e-010	0.0000e+000
4.750000e+003	2.32709770e-001	-3.16729023e+000	2.61451485e+002	0.00000000e+000	2.7659e+014	1.0000e-010	0.0000e+000
4.760000e+003	2.32735915e-001	-3.16726408e+000	2.56188435e+002	0.00000000e+000	2.7631e+014	1.0000e-010	0.0000e+000
4.770000e+003	2.32761534e-001	-3.16723847e+000	2.50930598e+002	0.00000000e+000	2.7603e+014	1.0000e-010	0.0000e+000
4.780000e+003	2.32786627e-001	-3.16721337e+000	2.45677861e+002	0.00000000e+000	2.7577e+014	1.0000e-010	0.0000e+000
4.790000e+003	2.32811195e-001	-3.16718881e+000	2.40430114e+002	0.00000000e+000	2.7550e+014	1.0000e-010	0.0000e+000
4.800000e+003	2.32835238e-001	-3.16716476e+000	2.35187246e+002	0.00000000e+000	2.7525e+014	1.0000e-010	0.0000e+000
4.810000e+003	2.32858756e-001	-3.16714124e+000	2.29949145e+002	0.00000000e+000	2.7500e+014	1.0000e-010	0.0000e+000
4.820000e+003	2.32881751e-001	-3.16711825e+000	2.24715701e+002	0.00000000e+000	2.7475e+014	1.0000e-010	0.0000e+000
4.830000e+003	2.32904223e-001	-3.16709578e+000	2.19486804e+002	0.00000000e+000	2.7452e+014	1.0000e-010	0.0000e+000
4.840000e+003	2.32926172e-001	-3.16707383e+000	2.14262345e+002	0.00000000e+000	2.7428e+014	1.0000e-010	0.0000e+000
4.850000e+003	2.32947598e-001	-3.16705240e+000	2.09042214e+002	0.00000000e+000	2.7405e+014	1.0000e-010	0.0000e+000
4.860000e+003	2.32968502e-001	-3.16703150e+000	2.03826302e+002	0.00000000e+000	2.7383e+014	1.0000e-010	0.0000e+000
4.870000e+003	2.32988885e-001	-3.16701112e+000	1.98614501e+002	0.00000000e+000	2.7362e+014	1.0000e-010	0.0000e+000
4.880000e+003	2.33008746e-001	-3.16699125e+000	1.93406703e+002	0.00000000e+000	2.7341e+014	1.0000e-010	0.0000e+000
4.890000e+003	2.33028087e-001	-3.16697191e+000	1.88202799e+002	0.00000000e+000	2.7320e+014	1.0000e-010	0.0000e+000
4.900000e+003	2.33046907e-001	-3.16695309e+000	1.83002682e+002	0.00000000e+000	2.7300e+014	1.0000e-010	0.0000e+000
4.910000e+003	2.33065207e-001	-3.16693479e+000	1.77806246e+002	0.00000000e+000	2.7281e+014	1.0000e-010	0.0000e+000
4.920000e+003	2.33082988e-001	-3.16691701e+000	1.72613382e+002	0.00000000e+000	2.7262e+014	1.0000e-010	0.0000e+000
4.930000e+003	2.33100249e-001	-3.16689975e+000	1.67423984e+002	0.00000000e+000	2.7244e+014	1.0000e-010	0.0000e+000
4.940000e+003	2.33116992e-001	-3.16688301e+000	1.62237945e+002	0.00000000e+000	2.7227e+014	1.0000e-010	0.0000e+000
4.950000e+003	2.33133216e-001	-3.16686678e+000	1.57055161e+002	0.00000000e+000	2.7209e+014	1.0000e-010	0.0000e+000
4.960000e+003	2.33148921e-001	-3.16685108e+000	1.51875524e+002	0.00000000e+000	2.7193e+014	1.0000e-010	0.0000e+000
4.970000e+003	2.33164109e-001	-3.16683589e+000	1.46698929e+002	0.00000000e+000	2.7177e+014	1.0000e-010	0.0000e+000
4.980000e+003	2.33178778e-001	-3.16682122e+000	1.41525271e+002	0.00000000e+000	2.7162e+014	1.0000e-010	0.0000e+000
4.990000e+003	2.33192931e-001	-3.16680707e+000	1.36354444e+002	0.00000000e+000	2.7147e+014	1.0000e-010	0.0000e+000
5.000000e+003	2.33206566e-001	-3.16679343e+000	1.31186344e+002	0.00000000e+000	2.7132e+014	1.0000e-010	0.0000e+000
5.010000e+003	2.33219685e-001	-3.16678031e+000	1.26020865e+002	0.00000000e+000	2.7119e+014	1.0000e-010	0.0000e+000
5.020000e+003	2.33232287e-001	-3.16676771e+000	1.20857905e+002	0.00000000e+000	2.7105e+014	1.0000e-010	0.0000e+000
5.030000e+003	2.33244373e-001	-3.16675563e+000	1.15697357e+002	0.00000000e+000	2.7093e+014	1.0000e-010	0.0000e+000
5.040000e+003	2.33255943e-001	-3.16674406e+000	1.10539118e+002	0.00000000e+000	2.7081e+014	1.0000e-010	0.0000e+000
5.050000e+003	2.33266997e-001	-3.16673300e+000	1.05383084e+002	0.00000000e+000	2.7069e+014	1.0000e-010	0.0000e+000
5.060000e+003	2.33277535e-001	-3.16672247e+000	1.00229152e+002	0.00000000e+000	2.7058e+014	1.0000e-010	0.0000e+000
5.070000e+003	2.33287558e-001	-3.16671244e+000	9.50772178e+001	0.00000000e+000	2.7047e+014	1.0000e-010	0.0000e+000
5.080000e+003	2.33297066e-001	-3.16670293e+000	8.99271778e+001	0.00000000e+000	2.7038e+014	1.0000e-010	0.0000e+000
5.090000e+003	2.33306058e-001	-3.16669394e+000	8.47789289e+001	0.00000000e+000	2.7028e+014	1.0000e-010	0.0000e+000
5.100000e+003	2.33314536e-001	-3.16668546e+000	7.96323681e+001	0.00000000e+000	2.7019e+014	1.0000e-010	0.0000e+000
5.110000e+003	2.33322499e-001	-3.16667750e+000	7.44873924e+001	0.00000000e+000	2.7011e+014	1.0000e-010	0.0000e+000
5.120000e+003	2.33329948e-001	-3.16667005e+000	6.93438988e+001	0.00000000e+000	2.7003e+014	1.0000e-010	0.0000e+000
5.130000e+003	2.33336883e-001	-3.16666312e+000	6.42017847e+001	0.00000000e+000	2.6996e+014	1.0000e-010	0.0000e+000
5.140000e+003	2.33343303e-001	-3.16665670e+000	5.90609475e+001	0.00000000e+000	2.6989e+014	1.0000e-010	0.0000e+000
5.150000e+003	2.33349209e-001	-3.16665079e+000	5.39212846e+001	0.00000000e+000	2.6983e+014	1.0000e-010	0.0000e+000
5.160000e+003	2.33354601e-001	-3.16664540e+000	4.87826936e+001	0.00000000e+000	2.6977e+014	1.0000e-010	0.0000e+000
5.170000e+003	2.33359479e-001	-3.16664052e+000	4.36450722e+001	0.00000000e+000	2.6972e+014	1.0000e-010	0.0000e+000
5.180000e+003	2.33363844e-001	-3.16663616e+000	3.85083180e+001	0.00000000e+000	2.6968e+014	1.0000e-010	0.0000e+000
5.190000e+003	2.33367695e-001	-3.16663231e+000	3.33723290e+001	0.00000000e+000	2.6964e+014	1.0000e-010	0.0000e+000
5.200000e+003	2.33371032e-001	-3.16662897e+000	2.82370029e+001	0.00000000e+000	2.6960e+014	1.0000e-010	0.0000e+000
5.210000e+003	2.33373855e-001	-3.16662614e+000	2.31022377e+001	0.00000000e+000	2.6957e+014	1.0000e-010	0.0000e+000
5.220000e+003	2.33376166e-001	-3.16662383e+000	1.79679313e+001	0.00000000e+000	2.6955e+014	1.0000e-010	0.0000e+000
5.230000e+003	2.33377962e-001	-3.16662204e+000	1.28339818e+001	0.00000000e+000	2.6953e+014	1.0000e-010	0.0000e+000
5.240000e+003	2.33379246e-001	-3.16662075e+000	7.70028714e+000	0.00000000e+000	2.6952e+014	1.0000e-010	0.0000e+000
5.250000e+003	2.33380016e-001	-3.16661998e+000	2.56674539e+000	0.00000000e+000	2.6951e+014	1.0000e-010	0.0000e+000
5.260000e+003	2.33380273e-001	-3.16661973e+000	2.56674539e+000	0.00000000e+000	2.6951e+014	1.0000e-010	0.0000e+000
