Y (ang)	Ec (eV)	Ev (eV)	E (V/cm)	Ef (eV)	n (cm-3)	p (cm-3)	Nd - Na (cm-3)
0.000000e+000	-6.40000000e+000	-9.80000000e+000	3.74553611e+007	-7.00000000e+000	1.8691e+008	1.0000e-010	0.0000e+000
1.000000e+001	-2.09446389e+000	-6.19446389e+000	1.16635113e+007	0.00000000e+000	1.2317e+021	1.0000e-010	-1.3848e+020
2.000000e+001	-9.23021854e-001	-5.02938549e+000	4.58372815e+006	0.00000000e+000	3.6064e+020	1.0000e-010	-1.3269e+018
3.000000e+001	-4.59558130e-001	-4.57228540e+000	2.07148966e+006	0.00000000e+000	1.2709e+020	1.0000e-010	-1.3282e+018
4.000000e+001	-2.47318255e-001	-4.36640916e+000	1.05385600e+006	0.00000000e+000	5.0678e+019	1.0000e-010	-1.3294e+018
5.000000e+001	-1.36841745e-001	-4.26229629e+000	6.10058834e+005	0.00000000e+000	2.1347e+019	1.0000e-010	-1.3306e+018
6.000000e+001	-7.07449529e-002	-4.20256313e+000	4.09357637e+005	0.00000000e+000	8.9228e+018	1.0000e-010	-1.3318e+018
7.000000e+001	-2.47182800e-002	-4.16290010e+000	3.16154828e+005	0.00000000e+000	3.4295e+018	1.0000e-010	-1.3331e+018
8.000000e+001	1.19881119e-002	-4.13255734e+000	2.67050755e+005	0.00000000e+000	1.1755e+018	1.0000e-010	-1.3343e+018
9.000000e+001	4.37840965e-002	-4.10712499e+000	2.33325269e+005	0.00000000e+000	3.8846e+017	1.0000e-010	-1.3355e+018
1.000000e+002	7.22075325e-002	-4.08506519e+000	2.04536241e+005	0.00000000e+000	1.3460e+017	1.0000e-010	-1.3367e+018
1.100000e+002	9.77520656e-002	-4.06588430e+000	1.77352984e+005	0.00000000e+000	5.0768e+016	1.0000e-010	-1.3380e+018
1.200000e+002	1.20578273e-001	-4.04942173e+000	1.50713028e+005	0.00000000e+000	2.1162e+016	1.0000e-010	-1.3392e+018
1.300000e+002	1.40740485e-001	-4.03562315e+000	1.24260764e+005	0.00000000e+000	9.7018e+015	1.0000e-010	-1.3404e+018
1.400000e+002	1.58257470e-001	-4.02446980e+000	9.78651244e+004	0.00000000e+000	4.9270e+015	1.0000e-010	-1.3416e+018
1.500000e+002	1.73134892e-001	-4.01595602e+000	7.14747406e+004	0.00000000e+000	2.7711e+015	1.0000e-010	-1.3429e+018
1.600000e+002	1.85373275e-001	-4.01008127e+000	4.50678053e+004	0.00000000e+000	1.7261e+015	1.0000e-010	-1.3441e+018
1.700000e+002	1.94970965e-001	-4.00684722e+000	1.86342955e+004	0.00000000e+000	1.1908e+015	1.0000e-010	-1.3453e+018
1.800000e+002	2.01925303e-001	-4.00625651e+000	-7.83080718e+003	0.00000000e+000	9.0990e+014	1.0000e-010	-1.3465e+018
1.900000e+002	2.06233132e-001	-4.00831232e+000	-3.43303004e+004	0.00000000e+000	7.7024e+014	1.0000e-010	-1.3478e+018
2.000000e+002	2.07891011e-001	-4.01301808e+000	-6.08660142e+004	0.00000000e+000	7.2239e+014	1.0000e-010	-1.3490e+018
2.100000e+002	2.06895318e-001	-4.02037741e+000	-8.74394737e+004	0.00000000e+000	7.5076e+014	1.0000e-010	-1.3502e+018
2.200000e+002	2.03242280e-001	-4.03039408e+000	-1.14052390e+005	0.00000000e+000	8.6471e+014	1.0000e-010	-1.3514e+018
2.300000e+002	8.49279503e-002	-4.01507205e+000	4.35061735e+005	0.00000000e+000	8.2956e+016	1.0000e-010	2.8123e+019
2.400000e+002	1.28434124e-001	-3.97156588e+000	4.34756234e+005	0.00000000e+000	1.5617e+016	1.0000e-010	0.0000e+000
2.500000e+002	1.71909747e-001	-3.92809025e+000	4.34699393e+005	0.00000000e+000	2.9056e+015	1.0000e-010	0.0000e+000
2.600000e+002	-3.44620314e-001	-3.74462031e+000	1.48403887e+006	0.00000000e+000	8.2792e+019	1.0000e-010	1.3848e+020
2.700000e+002	-1.96216427e-001	-3.59621643e+000	7.96264404e+005	0.00000000e+000	3.6108e+019	1.0000e-010	0.0000e+000
2.800000e+002	-1.16589986e-001	-3.51658999e+000	4.71869197e+005	0.00000000e+000	1.7031e+019	1.0000e-010	0.0000e+000
2.900000e+002	-6.94030668e-002	-3.46940307e+000	3.05725438e+005	0.00000000e+000	8.7226e+018	1.0000e-010	0.0000e+000
3.000000e+002	-3.88305230e-002	-3.43883052e+000	2.14299923e+005	0.00000000e+000	4.7999e+018	1.0000e-010	0.0000e+000
3.100000e+002	-1.74005307e-002	-3.41740053e+000	1.60339601e+005	0.00000000e+000	2.8329e+018	1.0000e-010	0.0000e+000
3.200000e+002	-1.36657065e-003	-3.40136657e+000	1.26231755e+005	0.00000000e+000	1.7907e+018	1.0000e-010	0.0000e+000
3.300000e+002	1.12566049e-002	-3.38874340e+000	1.03300315e+005	0.00000000e+000	1.2039e+018	1.0000e-010	0.0000e+000
3.400000e+002	2.15866364e-002	-3.37841336e+000	8.70578475e+004	0.00000000e+000	8.5273e+017	1.0000e-010	0.0000e+000
3.500000e+002	3.02924211e-002	-3.36970758e+000	7.50503669e+004	0.00000000e+000	6.3039e+017	1.0000e-010	0.0000e+000
3.600000e+002	3.77974578e-002	-3.36220254e+000	6.58589338e+004	0.00000000e+000	4.8255e+017	1.0000e-010	0.0000e+000
3.700000e+002	4.43833512e-002	-3.35561665e+000	5.86198129e+004	0.00000000e+000	3.8006e+017	1.0000e-010	0.0000e+000
3.800000e+002	5.02453325e-002	-3.34975467e+000	5.27827602e+004	0.00000000e+000	3.0645e+017	1.0000e-010	0.0000e+000
3.900000e+002	5.55236085e-002	-3.34447639e+000	4.79830974e+004	0.00000000e+000	2.5198e+017	1.0000e-010	0.0000e+000
4.000000e+002	6.03219182e-002	-3.33967808e+000	4.39707207e+004	0.00000000e+000	2.1065e+017	1.0000e-010	0.0000e+000
4.100000e+002	6.47189903e-002	-3.33528101e+000	4.05689502e+004	0.00000000e+000	1.7859e+017	1.0000e-010	0.0000e+000
4.200000e+002	6.87758853e-002	-3.33122411e+000	3.76497241e+004	0.00000000e+000	1.5326e+017	1.0000e-010	0.0000e+000
4.300000e+002	7.25408577e-002	-3.32745914e+000	3.51181128e+004	0.00000000e+000	1.3291e+017	1.0000e-010	0.0000e+000
4.400000e+002	7.60526690e-002	-3.32394733e+000	3.29023460e+004	0.00000000e+000	1.1633e+017	1.0000e-010	0.0000e+000
4.500000e+002	7.93429036e-002	-3.32065710e+000	3.09472094e+004	0.00000000e+000	1.0264e+017	1.0000e-010	0.0000e+000
4.600000e+002	8.24376246e-002	-3.31756238e+000	2.92095634e+004	0.00000000e+000	9.1227e+016	1.0000e-010	0.0000e+000
4.700000e+002	8.53585809e-002	-3.31464142e+000	2.76552340e+004	0.00000000e+000	8.1603e+016	1.0000e-010	0.0000e+000
4.800000e+002	8.81241043e-002	-3.31187590e+000	2.62568110e+004	0.00000000e+000	7.3417e+016	1.0000e-010	0.0000e+000
4.900000e+002	9.07497854e-002	-3.30925021e+000	2.49920622e+004	0.00000000e+000	6.6400e+016	1.0000e-010	0.0000e+000
5.000000e+002	9.32489916e-002	-3.30675101e+000	2.38427714e+004	0.00000000e+000	6.0338e+016	1.0000e-010	0.0000e+000
5.100000e+002	9.56332688e-002	-3.30436673e+000	2.27938748e+004	0.00000000e+000	5.5067e+016	1.0000e-010	0.0000e+000
5.200000e+002	9.79126562e-002	-3.30208734e+000	2.18328095e+004	0.00000000e+000	5.0456e+016	1.0000e-010	0.0000e+000
5.300000e+002	1.00095937e-001	-3.29990406e+000	2.09490174e+004	0.00000000e+000	4.6399e+016	1.0000e-010	0.0000e+000
5.400000e+002	1.02190839e-001	-3.29780916e+000	2.01335620e+004	0.00000000e+000	4.2812e+016	1.0000e-010	0.0000e+000
5.500000e+002	1.04204195e-001	-3.29579580e+000	1.93741522e+004	0.00000000e+000	3.9869e+016	1.0000e-010	0.0000e+000
5.600000e+002	1.06141610e-001	-3.29385839e+000	1.86695742e+004	0.00000000e+000	3.6990e+016	1.0000e-010	0.0000e+000
5.700000e+002	1.08008568e-001	-3.29199143e+000	1.80140851e+004	0.00000000e+000	3.4413e+016	1.0000e-010	0.0000e+000
5.800000e+002	1.09809976e-001	-3.29019002e+000	1.74027164e+004	0.00000000e+000	3.2097e+016	1.0000e-010	0.0000e+000
5.900000e+002	1.11550248e-001	-3.28844975e+000	1.68311484e+004	0.00000000e+000	3.0007e+016	1.0000e-010	0.0000e+000
6.000000e+002	1.13233363e-001	-3.28676664e+000	1.62956073e+004	0.00000000e+000	2.8116e+016	1.0000e-010	0.0000e+000
6.100000e+002	1.14862923e-001	-3.28513708e+000	1.57927817e+004	0.00000000e+000	2.6398e+016	1.0000e-010	0.0000e+000
6.200000e+002	1.16442202e-001	-3.28355780e+000	1.53197539e+004	0.00000000e+000	2.4834e+016	1.0000e-010	0.0000e+000
6.300000e+002	1.17974177e-001	-3.28202582e+000	1.48739431e+004	0.00000000e+000	2.3405e+016	1.0000e-010	0.0000e+000
6.400000e+002	1.19461571e-001	-3.28053843e+000	1.44530581e+004	0.00000000e+000	2.2097e+016	1.0000e-010	0.0000e+000
6.500000e+002	1.20906877e-001	-3.27909312e+000	1.40550578e+004	0.00000000e+000	2.0895e+016	1.0000e-010	0.0000e+000
6.600000e+002	1.22312383e-001	-3.27768762e+000	1.36781181e+004	0.00000000e+000	1.9789e+016	1.0000e-010	0.0000e+000
6.700000e+002	1.23680195e-001	-3.27631981e+000	1.33206036e+004	0.00000000e+000	1.8770e+016	1.0000e-010	0.0000e+000
6.800000e+002	1.25012255e-001	-3.27498774e+000	1.29810439e+004	0.00000000e+000	1.7827e+016	1.0000e-010	0.0000e+000
6.900000e+002	1.26310359e-001	-3.27368964e+000	1.26581136e+004	0.00000000e+000	1.6954e+016	1.0000e-010	0.0000e+000
7.000000e+002	1.27576171e-001	-3.27242383e+000	1.23506143e+004	0.00000000e+000	1.6144e+016	1.0000e-010	0.0000e+000
7.100000e+002	1.28811232e-001	-3.27118877e+000	1.20574602e+004	0.00000000e+000	1.5391e+016	1.0000e-010	0.0000e+000
7.200000e+002	1.30016978e-001	-3.26998302e+000	1.17776649e+004	0.00000000e+000	1.4689e+016	1.0000e-010	0.0000e+000
7.300000e+002	1.31194745e-001	-3.26880526e+000	1.15103306e+004	0.00000000e+000	1.4035e+016	1.0000e-010	0.0000e+000
7.400000e+002	1.32345778e-001	-3.26765422e+000	1.12546379e+004	0.00000000e+000	1.3424e+016	1.0000e-010	0.0000e+000
7.500000e+002	1.33471242e-001	-3.26652876e+000	1.10098380e+004	0.00000000e+000	1.2852e+016	1.0000e-010	0.0000e+000
7.600000e+002	1.34572225e-001	-3.26542777e+000	1.07752447e+004	0.00000000e+000	1.2316e+016	1.0000e-010	0.0000e+000
7.700000e+002	1.35649750e-001	-3.26435025e+000	1.05502284e+004	0.00000000e+000	1.1813e+016	1.0000e-010	0.0000e+000
7.800000e+002	1.36704773e-001	-3.26329523e+000	1.03342103e+004	0.00000000e+000	1.1341e+016	1.0000e-010	0.0000e+000
7.900000e+002	1.37738194e-001	-3.26226181e+000	1.01266570e+004	0.00000000e+000	1.0897e+016	1.0000e-010	0.0000e+000
8.000000e+002	1.38750859e-001	-3.26124914e+000	9.92707673e+003	0.00000000e+000	1.0478e+016	1.0000e-010	0.0000e+000
8.100000e+002	1.39743567e-001	-3.26025643e+000	9.73501501e+003	0.00000000e+000	1.0083e+016	1.0000e-010	0.0000e+000
8.200000e+002	1.40717069e-001	-3.25928293e+000	9.55005123e+003	0.00000000e+000	9.7106e+015	1.0000e-010	0.0000e+000
8.300000e+002	1.41672074e-001	-3.25832793e+000	9.37179559e+003	0.00000000e+000	9.3585e+015	1.0000e-010	0.0000e+000
8.400000e+002	1.42609253e-001	-3.25739075e+000	9.19988628e+003	0.00000000e+000	9.0253e+015	1.0000e-010	0.0000e+000
8.500000e+002	1.43529242e-001	-3.25647076e+000	9.03398711e+003	0.00000000e+000	8.7097e+015	1.0000e-010	0.0000e+000
8.600000e+002	1.44432641e-001	-3.25556736e+000	8.87378515e+003	0.00000000e+000	8.4106e+015	1.0000e-010	0.0000e+000
8.700000e+002	1.45320019e-001	-3.25467998e+000	8.71898888e+003	0.00000000e+000	8.1268e+015	1.0000e-010	0.0000e+000
8.800000e+002	1.46191918e-001	-3.25380808e+000	8.56932630e+003	0.00000000e+000	7.8573e+015	1.0000e-010	0.0000e+000
8.900000e+002	1.47048851e-001	-3.25295115e+000	8.42454336e+003	0.00000000e+000	7.6011e+015	1.0000e-010	0.0000e+000
9.000000e+002	1.47891305e-001	-3.25210869e+000	8.28440250e+003	0.00000000e+000	7.3574e+015	1.0000e-010	0.0000e+000
9.100000e+002	1.48719745e-001	-3.25128025e+000	8.14868133e+003	0.00000000e+000	7.1254e+015	1.0000e-010	0.0000e+000
9.200000e+002	1.49534613e-001	-3.25046539e+000	8.01717145e+003	0.00000000e+000	6.9043e+015	1.0000e-010	0.0000e+000
9.300000e+002	1.50336331e-001	-3.24966367e+000	7.88967733e+003	0.00000000e+000	6.6935e+015	1.0000e-010	0.0000e+000
9.400000e+002	1.51125298e-001	-3.24887470e+000	7.76601539e+003	0.00000000e+000	6.4923e+015	1.0000e-010	0.0000e+000
9.500000e+002	1.51901900e-001	-3.24809810e+000	7.64601305e+003	0.00000000e+000	6.3001e+015	1.0000e-010	0.0000e+000
9.600000e+002	1.52666501e-001	-3.24733350e+000	7.52950794e+003	0.00000000e+000	6.1165e+015	1.0000e-010	0.0000e+000
9.700000e+002	1.53419452e-001	-3.24658055e+000	7.41634715e+003	0.00000000e+000	5.9410e+015	1.0000e-010	0.0000e+000
9.800000e+002	1.54161087e-001	-3.24583891e+000	7.30638657e+003	0.00000000e+000	5.7729e+015	1.0000e-010	0.0000e+000
9.900000e+002	1.54891725e-001	-3.24510827e+000	7.19949022e+003	0.00000000e+000	5.6121e+015	1.0000e-010	0.0000e+000
1.000000e+003	1.55611674e-001	-3.24438833e+000	7.09552975e+003	0.00000000e+000	5.4579e+015	1.0000e-010	0.0000e+000
1.010000e+003	1.56321227e-001	-3.24367877e+000	6.99438386e+003	0.00000000e+000	5.3102e+015	1.0000e-010	0.0000e+000
1.020000e+003	1.57020666e-001	-3.24297933e+000	6.89593783e+003	0.00000000e+000	5.1684e+015	1.0000e-010	0.0000e+000
1.030000e+003	1.57710259e-001	-3.24228974e+000	6.80008310e+003	0.00000000e+000	5.0324e+015	1.0000e-010	0.0000e+000
1.040000e+003	1.58390268e-001	-3.24160973e+000	6.70671685e+003	0.00000000e+000	4.9017e+015	1.0000e-010	0.0000e+000
1.050000e+003	1.59060939e-001	-3.24093906e+000	6.61574164e+003	0.00000000e+000	4.7762e+015	1.0000e-010	0.0000e+000
1.060000e+003	1.59722514e-001	-3.24027749e+000	6.52706501e+003	0.00000000e+000	4.6555e+015	1.0000e-010	0.0000e+000
1.070000e+003	1.60375220e-001	-3.23962478e+000	6.44059926e+003	0.00000000e+000	4.5395e+015	1.0000e-010	0.0000e+000
1.080000e+003	1.61019280e-001	-3.23898072e+000	6.35626104e+003	0.00000000e+000	4.4278e+015	1.0000e-010	0.0000e+000
1.090000e+003	1.61654906e-001	-3.23834509e+000	6.27397117e+003	0.00000000e+000	4.3202e+015	1.0000e-010	0.0000e+000
1.100000e+003	1.62282303e-001	-3.23771770e+000	6.19365434e+003	0.00000000e+000	4.2166e+015	1.0000e-010	0.0000e+000
1.110000e+003	1.62901669e-001	-3.23709833e+000	6.11523889e+003	0.00000000e+000	4.1168e+015	1.0000e-010	0.0000e+000
1.120000e+003	1.63513193e-001	-3.23648681e+000	6.03865657e+003	0.00000000e+000	4.0206e+015	1.0000e-010	0.0000e+000
1.130000e+003	1.64117058e-001	-3.23588294e+000	5.96384237e+003	0.00000000e+000	3.9278e+015	1.0000e-010	0.0000e+000
1.140000e+003	1.64713443e-001	-3.23528656e+000	5.89073432e+003	0.00000000e+000	3.8382e+015	1.0000e-010	0.0000e+000
1.150000e+003	1.65302516e-001	-3.23469748e+000	5.81927330e+003	0.00000000e+000	3.7517e+015	1.0000e-010	0.0000e+000
1.160000e+003	1.65884443e-001	-3.23411556e+000	5.74940290e+003	0.00000000e+000	3.6682e+015	1.0000e-010	0.0000e+000
1.170000e+003	1.66459384e-001	-3.23354062e+000	5.68106924e+003	0.00000000e+000	3.5875e+015	1.0000e-010	0.0000e+000
1.180000e+003	1.67027490e-001	-3.23297251e+000	5.61422086e+003	0.00000000e+000	3.5096e+015	1.0000e-010	0.0000e+000
1.190000e+003	1.67588913e-001	-3.23241109e+000	5.54880856e+003	0.00000000e+000	3.4342e+015	1.0000e-010	0.0000e+000
1.200000e+003	1.68143793e-001	-3.23185621e+000	5.48478530e+003	0.00000000e+000	3.3612e+015	1.0000e-010	0.0000e+000
1.210000e+003	1.68692272e-001	-3.23130773e+000	5.42210605e+003	0.00000000e+000	3.2907e+015	1.0000e-010	0.0000e+000
1.220000e+003	1.69234483e-001	-3.23076552e+000	5.36072773e+003	0.00000000e+000	3.2224e+015	1.0000e-010	0.0000e+000
1.230000e+003	1.69770555e-001	-3.23022944e+000	5.30060905e+003	0.00000000e+000	3.1562e+015	1.0000e-010	0.0000e+000
1.240000e+003	1.70300616e-001	-3.22969938e+000	5.24171048e+003	0.00000000e+000	3.0922e+015	1.0000e-010	0.0000e+000
1.250000e+003	1.70824787e-001	-3.22917521e+000	5.18399410e+003	0.00000000e+000	3.0301e+015	1.0000e-010	0.0000e+000
1.260000e+003	1.71343187e-001	-3.22865681e+000	5.12742355e+003	0.00000000e+000	2.9700e+015	1.0000e-010	0.0000e+000
1.270000e+003	1.71855929e-001	-3.22814407e+000	5.07196396e+003	0.00000000e+000	2.9116e+015	1.0000e-010	0.0000e+000
1.280000e+003	1.72363125e-001	-3.22763687e+000	5.01758184e+003	0.00000000e+000	2.8551e+015	1.0000e-010	0.0000e+000
1.290000e+003	1.72864884e-001	-3.22713512e+000	4.96424504e+003	0.00000000e+000	2.8002e+015	1.0000e-010	0.0000e+000
1.300000e+003	1.73361308e-001	-3.22663869e+000	4.91192267e+003	0.00000000e+000	2.7469e+015	1.0000e-010	0.0000e+000
1.310000e+003	1.73852500e-001	-3.22614750e+000	4.86058505e+003	0.00000000e+000	2.6952e+015	1.0000e-010	0.0000e+000
1.320000e+003	1.74338559e-001	-3.22566144e+000	4.81020365e+003	0.00000000e+000	2.6450e+015	1.0000e-010	0.0000e+000
1.330000e+003	1.74819579e-001	-3.22518042e+000	4.76075100e+003	0.00000000e+000	2.5963e+015	1.0000e-010	0.0000e+000
1.340000e+003	1.75295654e-001	-3.22470435e+000	4.71220072e+003	0.00000000e+000	2.5489e+015	1.0000e-010	0.0000e+000
1.350000e+003	1.75766874e-001	-3.22423313e+000	4.66452737e+003	0.00000000e+000	2.5029e+015	1.0000e-010	0.0000e+000
1.360000e+003	1.76233327e-001	-3.22376667e+000	4.61770649e+003	0.00000000e+000	2.4581e+015	1.0000e-010	0.0000e+000
1.370000e+003	1.76695098e-001	-3.22330490e+000	4.57171450e+003	0.00000000e+000	2.4146e+015	1.0000e-010	0.0000e+000
1.380000e+003	1.77152269e-001	-3.22284773e+000	4.52652870e+003	0.00000000e+000	2.3723e+015	1.0000e-010	0.0000e+000
1.390000e+003	1.77604922e-001	-3.22239508e+000	4.48212718e+003	0.00000000e+000	2.3311e+015	1.0000e-010	0.0000e+000
1.400000e+003	1.78053135e-001	-3.22194687e+000	4.43848885e+003	0.00000000e+000	2.2910e+015	1.0000e-010	0.0000e+000
1.410000e+003	1.78496984e-001	-3.22150302e+000	4.39559334e+003	0.00000000e+000	2.2520e+015	1.0000e-010	0.0000e+000
1.420000e+003	1.78936543e-001	-3.22106346e+000	4.35342102e+003	0.00000000e+000	2.2141e+015	1.0000e-010	0.0000e+000
1.430000e+003	1.79371885e-001	-3.22062811e+000	4.31195292e+003	0.00000000e+000	2.1771e+015	1.0000e-010	0.0000e+000
1.440000e+003	1.79803080e-001	-3.22019692e+000	4.27117075e+003	0.00000000e+000	2.1411e+015	1.0000e-010	0.0000e+000
1.450000e+003	1.80230198e-001	-3.21976980e+000	4.23105683e+003	0.00000000e+000	2.1060e+015	1.0000e-010	0.0000e+000
1.460000e+003	1.80653303e-001	-3.21934670e+000	4.19159409e+003	0.00000000e+000	2.0718e+015	1.0000e-010	0.0000e+000
1.470000e+003	1.81072463e-001	-3.21892754e+000	4.15276604e+003	0.00000000e+000	2.0385e+015	1.0000e-010	0.0000e+000
1.480000e+003	1.81487739e-001	-3.21851226e+000	4.11455672e+003	0.00000000e+000	2.0060e+015	1.0000e-010	0.0000e+000
1.490000e+003	1.81899195e-001	-3.21810081e+000	4.07695072e+003	0.00000000e+000	1.9743e+015	1.0000e-010	0.0000e+000
1.500000e+003	1.82306890e-001	-3.21769311e+000	4.03993312e+003	0.00000000e+000	1.9434e+015	1.0000e-010	0.0000e+000
1.510000e+003	1.82710883e-001	-3.21728912e+000	4.00348951e+003	0.00000000e+000	1.9133e+015	1.0000e-010	0.0000e+000
1.520000e+003	1.83111232e-001	-3.21688877e+000	3.96760593e+003	0.00000000e+000	1.8839e+015	1.0000e-010	0.0000e+000
1.530000e+003	1.83507993e-001	-3.21649201e+000	3.93226886e+003	0.00000000e+000	1.8552e+015	1.0000e-010	0.0000e+000
1.540000e+003	1.83901220e-001	-3.21609878e+000	3.89746522e+003	0.00000000e+000	1.8272e+015	1.0000e-010	0.0000e+000
1.550000e+003	1.84290966e-001	-3.21570903e+000	3.86318236e+003	0.00000000e+000	1.7999e+015	1.0000e-010	0.0000e+000
1.560000e+003	1.84677284e-001	-3.21532272e+000	3.82940798e+003	0.00000000e+000	1.7732e+015	1.0000e-010	0.0000e+000
1.570000e+003	1.85060225e-001	-3.21493977e+000	3.79613022e+003	0.00000000e+000	1.7471e+015	1.0000e-010	0.0000e+000
1.580000e+003	1.85439838e-001	-3.21456016e+000	3.76333754e+003	0.00000000e+000	1.7216e+015	1.0000e-010	0.0000e+000
1.590000e+003	1.85816172e-001	-3.21418383e+000	3.73101877e+003	0.00000000e+000	1.6967e+015	1.0000e-010	0.0000e+000
1.600000e+003	1.86189274e-001	-3.21381073e+000	3.69916308e+003	0.00000000e+000	1.6724e+015	1.0000e-010	0.0000e+000
1.610000e+003	1.86559190e-001	-3.21344081e+000	3.66775997e+003	0.00000000e+000	1.6487e+015	1.0000e-010	0.0000e+000
1.620000e+003	1.86925966e-001	-3.21307403e+000	3.63679925e+003	0.00000000e+000	1.6254e+015	1.0000e-010	0.0000e+000
1.630000e+003	1.87289646e-001	-3.21271035e+000	3.60627103e+003	0.00000000e+000	1.6027e+015	1.0000e-010	0.0000e+000
1.640000e+003	1.87650273e-001	-3.21234973e+000	3.57616571e+003	0.00000000e+000	1.5805e+015	1.0000e-010	0.0000e+000
1.650000e+003	1.88007890e-001	-3.21199211e+000	3.54647397e+003	0.00000000e+000	1.5588e+015	1.0000e-010	0.0000e+000
1.660000e+003	1.88362537e-001	-3.21163746e+000	3.51718678e+003	0.00000000e+000	1.5376e+015	1.0000e-010	0.0000e+000
1.670000e+003	1.88714256e-001	-3.21128574e+000	3.48829534e+003	0.00000000e+000	1.5168e+015	1.0000e-010	0.0000e+000
1.680000e+003	1.89063085e-001	-3.21093691e+000	3.45979113e+003	0.00000000e+000	1.4965e+015	1.0000e-010	0.0000e+000
1.690000e+003	1.89409065e-001	-3.21059094e+000	3.43166585e+003	0.00000000e+000	1.4766e+015	1.0000e-010	0.0000e+000
1.700000e+003	1.89752231e-001	-3.21024777e+000	3.40391145e+003	0.00000000e+000	1.4571e+015	1.0000e-010	0.0000e+000
1.710000e+003	1.90092622e-001	-3.20990738e+000	3.37652009e+003	0.00000000e+000	1.4381e+015	1.0000e-010	0.0000e+000
1.720000e+003	1.90430274e-001	-3.20956973e+000	3.34948416e+003	0.00000000e+000	1.4194e+015	1.0000e-010	0.0000e+000
1.730000e+003	1.90765223e-001	-3.20923478e+000	3.32279626e+003	0.00000000e+000	1.4011e+015	1.0000e-010	0.0000e+000
1.740000e+003	1.91097502e-001	-3.20890250e+000	3.29644919e+003	0.00000000e+000	1.3832e+015	1.0000e-010	0.0000e+000
1.750000e+003	1.91427147e-001	-3.20857285e+000	3.27043595e+003	0.00000000e+000	1.3657e+015	1.0000e-010	0.0000e+000
1.760000e+003	1.91754191e-001	-3.20824581e+000	3.24474971e+003	0.00000000e+000	1.3485e+015	1.0000e-010	0.0000e+000
1.770000e+003	1.92078666e-001	-3.20792133e+000	3.21938386e+003	0.00000000e+000	1.3317e+015	1.0000e-010	0.0000e+000
1.780000e+003	1.92400604e-001	-3.20759940e+000	3.19433193e+003	0.00000000e+000	1.3152e+015	1.0000e-010	0.0000e+000
1.790000e+003	1.92720037e-001	-3.20727996e+000	3.16958764e+003	0.00000000e+000	1.2991e+015	1.0000e-010	0.0000e+000
1.800000e+003	1.93036996e-001	-3.20696300e+000	3.14514488e+003	0.00000000e+000	1.2832e+015	1.0000e-010	0.0000e+000
1.810000e+003	1.93351511e-001	-3.20664849e+000	3.12099769e+003	0.00000000e+000	1.2677e+015	1.0000e-010	0.0000e+000
1.820000e+003	1.93663610e-001	-3.20633639e+000	3.09714026e+003	0.00000000e+000	1.2525e+015	1.0000e-010	0.0000e+000
1.830000e+003	1.93973324e-001	-3.20602668e+000	3.07356695e+003	0.00000000e+000	1.2376e+015	1.0000e-010	0.0000e+000
1.840000e+003	1.94280681e-001	-3.20571932e+000	3.05027224e+003	0.00000000e+000	1.2230e+015	1.0000e-010	0.0000e+000
1.850000e+003	1.94585708e-001	-3.20541429e+000	3.02725077e+003	0.00000000e+000	1.2086e+015	1.0000e-010	0.0000e+000
1.860000e+003	1.94888433e-001	-3.20511157e+000	3.00449731e+003	0.00000000e+000	1.1946e+015	1.0000e-010	0.0000e+000
1.870000e+003	1.95188883e-001	-3.20481112e+000	2.98200676e+003	0.00000000e+000	1.1808e+015	1.0000e-010	0.0000e+000
1.880000e+003	1.95487084e-001	-3.20451292e+000	2.95977414e+003	0.00000000e+000	1.1672e+015	1.0000e-010	0.0000e+000
1.890000e+003	1.95783061e-001	-3.20421694e+000	2.93779461e+003	0.00000000e+000	1.1539e+015	1.0000e-010	0.0000e+000
1.900000e+003	1.96076841e-001	-3.20392316e+000	2.91606344e+003	0.00000000e+000	1.1409e+015	1.0000e-010	0.0000e+000
1.910000e+003	1.96368447e-001	-3.20363155e+000	2.89457602e+003	0.00000000e+000	1.1281e+015	1.0000e-010	0.0000e+000
1.920000e+003	1.96657905e-001	-3.20334210e+000	2.87332784e+003	0.00000000e+000	1.1155e+015	1.0000e-010	0.0000e+000
1.930000e+003	1.96945237e-001	-3.20305476e+000	2.85231452e+003	0.00000000e+000	1.1032e+015	1.0000e-010	0.0000e+000
1.940000e+003	1.97230469e-001	-3.20276953e+000	2.83153177e+003	0.00000000e+000	1.0911e+015	1.0000e-010	0.0000e+000
1.950000e+003	1.97513622e-001	-3.20248638e+000	2.81097541e+003	0.00000000e+000	1.0792e+015	1.0000e-010	0.0000e+000
1.960000e+003	1.97794720e-001	-3.20220528e+000	2.79064136e+003	0.00000000e+000	1.0675e+015	1.0000e-010	0.0000e+000
1.970000e+003	1.98073784e-001	-3.20192622e+000	2.77052562e+003	0.00000000e+000	1.0561e+015	1.0000e-010	0.0000e+000
1.980000e+003	1.98350836e-001	-3.20164916e+000	2.75062432e+003	0.00000000e+000	1.0448e+015	1.0000e-010	0.0000e+000
1.990000e+003	1.98625899e-001	-3.20137410e+000	2.73093363e+003	0.00000000e+000	1.0338e+015	1.0000e-010	0.0000e+000
2.000000e+003	1.98898992e-001	-3.20110101e+000	2.71144986e+003	0.00000000e+000	1.0229e+015	1.0000e-010	0.0000e+000
2.010000e+003	1.99170137e-001	-3.20082986e+000	2.69216937e+003	0.00000000e+000	1.0122e+015	1.0000e-010	0.0000e+000
2.020000e+003	1.99439354e-001	-3.20056065e+000	2.67308863e+003	0.00000000e+000	1.0017e+015	1.0000e-010	0.0000e+000
2.030000e+003	1.99706663e-001	-3.20029334e+000	2.65420416e+003	0.00000000e+000	9.9144e+014	1.0000e-010	0.0000e+000
2.040000e+003	1.99972083e-001	-3.20002792e+000	2.63551259e+003	0.00000000e+000	9.8131e+014	1.0000e-010	0.0000e+000
2.050000e+003	2.00235635e-001	-3.19976437e+000	2.61701060e+003	0.00000000e+000	9.7136e+014	1.0000e-010	0.0000e+000
2.060000e+003	2.00497336e-001	-3.19950266e+000	2.59869496e+003	0.00000000e+000	9.6157e+014	1.0000e-010	0.0000e+000
2.070000e+003	2.00757205e-001	-3.19924279e+000	2.58056251e+003	0.00000000e+000	9.5196e+014	1.0000e-010	0.0000e+000
2.080000e+003	2.01015261e-001	-3.19898474e+000	2.56261017e+003	0.00000000e+000	9.4250e+014	1.0000e-010	0.0000e+000
2.090000e+003	2.01271522e-001	-3.19872848e+000	2.54483490e+003	0.00000000e+000	9.3320e+014	1.0000e-010	0.0000e+000
2.100000e+003	2.01526006e-001	-3.19847399e+000	2.52723374e+003	0.00000000e+000	9.2406e+014	1.0000e-010	0.0000e+000
2.110000e+003	2.01778729e-001	-3.19822127e+000	2.50980382e+003	0.00000000e+000	9.1507e+014	1.0000e-010	0.0000e+000
2.120000e+003	2.02029710e-001	-3.19797029e+000	2.49254229e+003	0.00000000e+000	9.0623e+014	1.0000e-010	0.0000e+000
2.130000e+003	2.02278964e-001	-3.19772104e+000	2.47544639e+003	0.00000000e+000	8.9754e+014	1.0000e-010	0.0000e+000
2.140000e+003	2.02526509e-001	-3.19747349e+000	2.45851341e+003	0.00000000e+000	8.8898e+014	1.0000e-010	0.0000e+000
2.150000e+003	2.02772360e-001	-3.19722764e+000	2.44174069e+003	0.00000000e+000	8.8057e+014	1.0000e-010	0.0000e+000
2.160000e+003	2.03016534e-001	-3.19698347e+000	2.42512566e+003	0.00000000e+000	8.7229e+014	1.0000e-010	0.0000e+000
2.170000e+003	2.03259047e-001	-3.19674095e+000	2.40866575e+003	0.00000000e+000	8.6415e+014	1.0000e-010	0.0000e+000
2.180000e+003	2.03499913e-001	-3.19650009e+000	2.39235849e+003	0.00000000e+000	8.5613e+014	1.0000e-010	0.0000e+000
2.190000e+003	2.03739149e-001	-3.19626085e+000	2.37620145e+003	0.00000000e+000	8.4825e+014	1.0000e-010	0.0000e+000
2.200000e+003	2.03976769e-001	-3.19602323e+000	2.36019223e+003	0.00000000e+000	8.4049e+014	1.0000e-010	0.0000e+000
2.210000e+003	2.04212788e-001	-3.19578721e+000	2.34432851e+003	0.00000000e+000	8.3285e+014	1.0000e-010	0.0000e+000
2.220000e+003	2.04447221e-001	-3.19555278e+000	2.32860799e+003	0.00000000e+000	8.2533e+014	1.0000e-010	0.0000e+000
2.230000e+003	2.04680082e-001	-3.19531992e+000	2.31302844e+003	0.00000000e+000	8.1793e+014	1.0000e-010	0.0000e+000
2.240000e+003	2.04911385e-001	-3.19508862e+000	2.29758766e+003	0.00000000e+000	8.1064e+014	1.0000e-010	0.0000e+000
2.250000e+003	2.05141144e-001	-3.19485886e+000	2.28228350e+003	0.00000000e+000	8.0347e+014	1.0000e-010	0.0000e+000
2.260000e+003	2.05369372e-001	-3.19463063e+000	2.26711386e+003	0.00000000e+000	7.9641e+014	1.0000e-010	0.0000e+000
2.270000e+003	2.05596083e-001	-3.19440392e+000	2.25207666e+003	0.00000000e+000	7.8946e+014	1.0000e-010	0.0000e+000
2.280000e+003	2.05821291e-001	-3.19417871e+000	2.23716990e+003	0.00000000e+000	7.8261e+014	1.0000e-010	0.0000e+000
2.290000e+003	2.06045008e-001	-3.19395499e+000	2.22239157e+003	0.00000000e+000	7.7586e+014	1.0000e-010	0.0000e+000
2.300000e+003	2.06267247e-001	-3.19373275e+000	2.20773975e+003	0.00000000e+000	7.6922e+014	1.0000e-010	0.0000e+000
2.310000e+003	2.06488021e-001	-3.19351198e+000	2.19321251e+003	0.00000000e+000	7.6268e+014	1.0000e-010	0.0000e+000
2.320000e+003	2.06707342e-001	-3.19329266e+000	2.17880800e+003	0.00000000e+000	7.5624e+014	1.0000e-010	0.0000e+000
2.330000e+003	2.06925223e-001	-3.19307478e+000	2.16452439e+003	0.00000000e+000	7.4989e+014	1.0000e-010	0.0000e+000
2.340000e+003	2.07141676e-001	-3.19285832e+000	2.15035986e+003	0.00000000e+000	7.4364e+014	1.0000e-010	0.0000e+000
2.350000e+003	2.07356712e-001	-3.19264329e+000	2.13631267e+003	0.00000000e+000	7.3748e+014	1.0000e-010	0.0000e+000
2.360000e+003	2.07570343e-001	-3.19242966e+000	2.12238108e+003	0.00000000e+000	7.3141e+014	1.0000e-010	0.0000e+000
2.370000e+003	2.07782581e-001	-3.19221742e+000	2.10856340e+003	0.00000000e+000	7.2543e+014	1.0000e-010	0.0000e+000
2.380000e+003	2.07993437e-001	-3.19200656e+000	2.09485796e+003	0.00000000e+000	7.1954e+014	1.0000e-010	0.0000e+000
2.390000e+003	2.08202923e-001	-3.19179708e+000	2.08126312e+003	0.00000000e+000	7.1373e+014	1.0000e-010	0.0000e+000
2.400000e+003	2.08411049e-001	-3.19158895e+000	2.06777730e+003	0.00000000e+000	7.0801e+014	1.0000e-010	0.0000e+000
2.410000e+003	2.08617827e-001	-3.19138217e+000	2.05439892e+003	0.00000000e+000	7.0237e+014	1.0000e-010	0.0000e+000
2.420000e+003	2.08823267e-001	-3.19117673e+000	2.04112642e+003	0.00000000e+000	6.9681e+014	1.0000e-010	0.0000e+000
2.430000e+003	2.09027380e-001	-3.19097262e+000	2.02795831e+003	0.00000000e+000	6.9133e+014	1.0000e-010	0.0000e+000
2.440000e+003	2.09230175e-001	-3.19076982e+000	2.01489309e+003	0.00000000e+000	6.8593e+014	1.0000e-010	0.0000e+000
2.450000e+003	2.09431665e-001	-3.19056834e+000	2.00192931e+003	0.00000000e+000	6.8060e+014	1.0000e-010	0.0000e+000
2.460000e+003	2.09631858e-001	-3.19036814e+000	1.98906552e+003	0.00000000e+000	6.7535e+014	1.0000e-010	0.0000e+000
2.470000e+003	2.09830764e-001	-3.19016924e+000	1.97630033e+003	0.00000000e+000	6.7017e+014	1.0000e-010	0.0000e+000
2.480000e+003	2.10028394e-001	-3.18997161e+000	1.96363236e+003	0.00000000e+000	6.6507e+014	1.0000e-010	0.0000e+000
2.490000e+003	2.10224758e-001	-3.18977524e+000	1.95106024e+003	0.00000000e+000	6.6004e+014	1.0000e-010	0.0000e+000
2.500000e+003	2.10419864e-001	-3.18958014e+000	1.93858264e+003	0.00000000e+000	6.5508e+014	1.0000e-010	0.0000e+000
2.510000e+003	2.10613722e-001	-3.18938628e+000	1.92619827e+003	0.00000000e+000	6.5018e+014	1.0000e-010	0.0000e+000
2.520000e+003	2.10806342e-001	-3.18919366e+000	1.91390582e+003	0.00000000e+000	6.4536e+014	1.0000e-010	0.0000e+000
2.530000e+003	2.10997732e-001	-3.18900227e+000	1.90170405e+003	0.00000000e+000	6.4060e+014	1.0000e-010	0.0000e+000
2.540000e+003	2.11187903e-001	-3.18881210e+000	1.88959170e+003	0.00000000e+000	6.3590e+014	1.0000e-010	0.0000e+000
2.550000e+003	2.11376862e-001	-3.18862314e+000	1.87756756e+003	0.00000000e+000	6.3127e+014	1.0000e-010	0.0000e+000
2.560000e+003	2.11564619e-001	-3.18843538e+000	1.86563043e+003	0.00000000e+000	6.2670e+014	1.0000e-010	0.0000e+000
2.570000e+003	2.11751182e-001	-3.18824882e+000	1.85377914e+003	0.00000000e+000	6.2219e+014	1.0000e-010	0.0000e+000
2.580000e+003	2.11936560e-001	-3.18806344e+000	1.84201253e+003	0.00000000e+000	6.1775e+014	1.0000e-010	0.0000e+000
2.590000e+003	2.12120761e-001	-3.18787924e+000	1.83032946e+003	0.00000000e+000	6.1336e+014	1.0000e-010	0.0000e+000
2.600000e+003	2.12303794e-001	-3.18769621e+000	1.81872881e+003	0.00000000e+000	6.0904e+014	1.0000e-010	0.0000e+000
2.610000e+003	2.12485667e-001	-3.18751433e+000	1.80720949e+003	0.00000000e+000	6.0477e+014	1.0000e-010	0.0000e+000
2.620000e+003	2.12666388e-001	-3.18733361e+000	1.79577042e+003	0.00000000e+000	6.0055e+014	1.0000e-010	0.0000e+000
2.630000e+003	2.12845965e-001	-3.18715404e+000	1.78441053e+003	0.00000000e+000	5.9640e+014	1.0000e-010	0.0000e+000
2.640000e+003	2.13024406e-001	-3.18697559e+000	1.77312878e+003	0.00000000e+000	5.9229e+014	1.0000e-010	0.0000e+000
2.650000e+003	2.13201719e-001	-3.18679828e+000	1.76192415e+003	0.00000000e+000	5.8825e+014	1.0000e-010	0.0000e+000
2.660000e+003	2.13377911e-001	-3.18662209e+000	1.75079562e+003	0.00000000e+000	5.8425e+014	1.0000e-010	0.0000e+000
2.670000e+003	2.13552990e-001	-3.18644701e+000	1.73974220e+003	0.00000000e+000	5.8031e+014	1.0000e-010	0.0000e+000
2.680000e+003	2.13726965e-001	-3.18627304e+000	1.72876292e+003	0.00000000e+000	5.7641e+014	1.0000e-010	0.0000e+000
2.690000e+003	2.13899841e-001	-3.18610016e+000	1.71785681e+003	0.00000000e+000	5.7257e+014	1.0000e-010	0.0000e+000
2.700000e+003	2.14071627e-001	-3.18592837e+000	1.70702293e+003	0.00000000e+000	5.6878e+014	1.0000e-010	0.0000e+000
2.710000e+003	2.14242329e-001	-3.18575767e+000	1.69626036e+003	0.00000000e+000	5.6504e+014	1.0000e-010	0.0000e+000
2.720000e+003	2.14411955e-001	-3.18558804e+000	1.68556817e+003	0.00000000e+000	5.6134e+014	1.0000e-010	0.0000e+000
2.730000e+003	2.14580512e-001	-3.18541949e+000	1.67494547e+003	0.00000000e+000	5.5769e+014	1.0000e-010	0.0000e+000
2.740000e+003	2.14748006e-001	-3.18525199e+000	1.66439137e+003	0.00000000e+000	5.5409e+014	1.0000e-010	0.0000e+000
2.750000e+003	2.14914446e-001	-3.18508555e+000	1.65390500e+003	0.00000000e+000	5.5054e+014	1.0000e-010	0.0000e+000
2.760000e+003	2.15079836e-001	-3.18492016e+000	1.64348550e+003	0.00000000e+000	5.4703e+014	1.0000e-010	0.0000e+000
2.770000e+003	2.15244185e-001	-3.18475582e+000	1.63313204e+003	0.00000000e+000	5.4356e+014	1.0000e-010	0.0000e+000
2.780000e+003	2.15407498e-001	-3.18459250e+000	1.62284377e+003	0.00000000e+000	5.4014e+014	1.0000e-010	0.0000e+000
2.790000e+003	2.15569782e-001	-3.18443022e+000	1.61261988e+003	0.00000000e+000	5.3676e+014	1.0000e-010	0.0000e+000
2.800000e+003	2.15731044e-001	-3.18426896e+000	1.60245957e+003	0.00000000e+000	5.3342e+014	1.0000e-010	0.0000e+000
2.810000e+003	2.15891290e-001	-3.18410871e+000	1.59236205e+003	0.00000000e+000	5.3012e+014	1.0000e-010	0.0000e+000
2.820000e+003	2.16050526e-001	-3.18394947e+000	1.58232653e+003	0.00000000e+000	5.2687e+014	1.0000e-010	0.0000e+000
2.830000e+003	2.16208759e-001	-3.18379124e+000	1.57235225e+003	0.00000000e+000	5.2365e+014	1.0000e-010	0.0000e+000
2.840000e+003	2.16365994e-001	-3.18363401e+000	1.56243845e+003	0.00000000e+000	5.2048e+014	1.0000e-010	0.0000e+000
2.850000e+003	2.16522238e-001	-3.18347776e+000	1.55258439e+003	0.00000000e+000	5.1734e+014	1.0000e-010	0.0000e+000
2.860000e+003	2.16677496e-001	-3.18332250e+000	1.54278932e+003	0.00000000e+000	5.1424e+014	1.0000e-010	0.0000e+000
2.870000e+003	2.16831775e-001	-3.18316822e+000	1.53305254e+003	0.00000000e+000	5.1118e+014	1.0000e-010	0.0000e+000
2.880000e+003	2.16985081e-001	-3.18301492e+000	1.52337333e+003	0.00000000e+000	5.0816e+014	1.0000e-010	0.0000e+000
2.890000e+003	2.17137418e-001	-3.18286258e+000	1.51375099e+003	0.00000000e+000	5.0517e+014	1.0000e-010	0.0000e+000
2.900000e+003	2.17288793e-001	-3.18271121e+000	1.50418482e+003	0.00000000e+000	5.0223e+014	1.0000e-010	0.0000e+000
2.910000e+003	2.17439212e-001	-3.18256079e+000	1.49467416e+003	0.00000000e+000	4.9931e+014	1.0000e-010	0.0000e+000
2.920000e+003	2.17588679e-001	-3.18241132e+000	1.48521832e+003	0.00000000e+000	4.9643e+014	1.0000e-010	0.0000e+000
2.930000e+003	2.17737201e-001	-3.18226280e+000	1.47581665e+003	0.00000000e+000	4.9359e+014	1.0000e-010	0.0000e+000
2.940000e+003	2.17884782e-001	-3.18211522e+000	1.46646850e+003	0.00000000e+000	4.9078e+014	1.0000e-010	0.0000e+000
2.950000e+003	2.18031429e-001	-3.18196857e+000	1.45717323e+003	0.00000000e+000	4.8800e+014	1.0000e-010	0.0000e+000
2.960000e+003	2.18177147e-001	-3.18182285e+000	1.44793020e+003	0.00000000e+000	4.8526e+014	1.0000e-010	0.0000e+000
2.970000e+003	2.18321940e-001	-3.18167806e+000	1.43873880e+003	0.00000000e+000	4.8255e+014	1.0000e-010	0.0000e+000
2.980000e+003	2.18465814e-001	-3.18153419e+000	1.42959841e+003	0.00000000e+000	4.7987e+014	1.0000e-010	0.0000e+000
2.990000e+003	2.18608773e-001	-3.18139123e+000	1.42050843e+003	0.00000000e+000	4.7723e+014	1.0000e-010	0.0000e+000
3.000000e+003	2.18750824e-001	-3.18124918e+000	1.41146825e+003	0.00000000e+000	4.7461e+014	1.0000e-010	0.0000e+000
3.010000e+003	2.18891971e-001	-3.18110803e+000	1.40247730e+003	0.00000000e+000	4.7203e+014	1.0000e-010	0.0000e+000
3.020000e+003	2.19032219e-001	-3.18096778e+000	1.39353500e+003	0.00000000e+000	4.6947e+014	1.0000e-010	0.0000e+000
3.030000e+003	2.19171572e-001	-3.18082843e+000	1.38464076e+003	0.00000000e+000	4.6695e+014	1.0000e-010	0.0000e+000
3.040000e+003	2.19310036e-001	-3.18068996e+000	1.37579404e+003	0.00000000e+000	4.6445e+014	1.0000e-010	0.0000e+000
3.050000e+003	2.19447616e-001	-3.18055238e+000	1.36699427e+003	0.00000000e+000	4.6199e+014	1.0000e-010	0.0000e+000
3.060000e+003	2.19584315e-001	-3.18041568e+000	1.35824091e+003	0.00000000e+000	4.5955e+014	1.0000e-010	0.0000e+000
3.070000e+003	2.19720139e-001	-3.18027986e+000	1.34953342e+003	0.00000000e+000	4.5714e+014	1.0000e-010	0.0000e+000
3.080000e+003	2.19855093e-001	-3.18014491e+000	1.34087127e+003	0.00000000e+000	4.5476e+014	1.0000e-010	0.0000e+000
3.090000e+003	2.19989180e-001	-3.18001082e+000	1.33225392e+003	0.00000000e+000	4.5241e+014	1.0000e-010	0.0000e+000
3.100000e+003	2.20122405e-001	-3.17987759e+000	1.32368088e+003	0.00000000e+000	4.5009e+014	1.0000e-010	0.0000e+000
3.110000e+003	2.20254773e-001	-3.17974523e+000	1.31515161e+003	0.00000000e+000	4.4779e+014	1.0000e-010	0.0000e+000
3.120000e+003	2.20386288e-001	-3.17961371e+000	1.30666563e+003	0.00000000e+000	4.4552e+014	1.0000e-010	0.0000e+000
3.130000e+003	2.20516955e-001	-3.17948305e+000	1.29822243e+003	0.00000000e+000	4.4327e+014	1.0000e-010	0.0000e+000
3.140000e+003	2.20646777e-001	-3.17935322e+000	1.28982152e+003	0.00000000e+000	4.4105e+014	1.0000e-010	0.0000e+000
3.150000e+003	2.20775759e-001	-3.17922424e+000	1.28146242e+003	0.00000000e+000	4.3885e+014	1.0000e-010	0.0000e+000
3.160000e+003	2.20903906e-001	-3.17909609e+000	1.27314466e+003	0.00000000e+000	4.3668e+014	1.0000e-010	0.0000e+000
3.170000e+003	2.21031220e-001	-3.17896878e+000	1.26486776e+003	0.00000000e+000	4.3454e+014	1.0000e-010	0.0000e+000
3.180000e+003	2.21157707e-001	-3.17884229e+000	1.25663125e+003	0.00000000e+000	4.3242e+014	1.0000e-010	0.0000e+000
3.190000e+003	2.21283370e-001	-3.17871663e+000	1.24843469e+003	0.00000000e+000	4.3032e+014	1.0000e-010	0.0000e+000
3.200000e+003	2.21408213e-001	-3.17859179e+000	1.24027761e+003	0.00000000e+000	4.2825e+014	1.0000e-010	0.0000e+000
3.210000e+003	2.21532241e-001	-3.17846776e+000	1.23215957e+003	0.00000000e+000	4.2620e+014	1.0000e-010	0.0000e+000
3.220000e+003	2.21655457e-001	-3.17834454e+000	1.22408014e+003	0.00000000e+000	4.2417e+014	1.0000e-010	0.0000e+000
3.230000e+003	2.21777865e-001	-3.17822213e+000	1.21603887e+003	0.00000000e+000	4.2217e+014	1.0000e-010	0.0000e+000
3.240000e+003	2.21899469e-001	-3.17810053e+000	1.20803533e+003	0.00000000e+000	4.2019e+014	1.0000e-010	0.0000e+000
3.250000e+003	2.22020273e-001	-3.17797973e+000	1.20006911e+003	0.00000000e+000	4.1823e+014	1.0000e-010	0.0000e+000
3.260000e+003	2.22140279e-001	-3.17785972e+000	1.19213978e+003	0.00000000e+000	4.1629e+014	1.0000e-010	0.0000e+000
3.270000e+003	2.22259493e-001	-3.17774051e+000	1.18424693e+003	0.00000000e+000	4.1438e+014	1.0000e-010	0.0000e+000
3.280000e+003	2.22377918e-001	-3.17762208e+000	1.17639016e+003	0.00000000e+000	4.1248e+014	1.0000e-010	0.0000e+000
3.290000e+003	2.22495557e-001	-3.17750444e+000	1.16856905e+003	0.00000000e+000	4.1061e+014	1.0000e-010	0.0000e+000
3.300000e+003	2.22612414e-001	-3.17738759e+000	1.16078322e+003	0.00000000e+000	4.0876e+014	1.0000e-010	0.0000e+000
3.310000e+003	2.22728492e-001	-3.17727151e+000	1.15303227e+003	0.00000000e+000	4.0693e+014	1.0000e-010	0.0000e+000
3.320000e+003	2.22843796e-001	-3.17715620e+000	1.14531582e+003	0.00000000e+000	4.0512e+014	1.0000e-010	0.0000e+000
3.330000e+003	2.22958327e-001	-3.17704167e+000	1.13763347e+003	0.00000000e+000	4.0332e+014	1.0000e-010	0.0000e+000
3.340000e+003	2.23072091e-001	-3.17692791e+000	1.12998486e+003	0.00000000e+000	4.0155e+014	1.0000e-010	0.0000e+000
3.350000e+003	2.23185089e-001	-3.17681491e+000	1.12236961e+003	0.00000000e+000	3.9980e+014	1.0000e-010	0.0000e+000
3.360000e+003	2.23297326e-001	-3.17670267e+000	1.11478734e+003	0.00000000e+000	3.9807e+014	1.0000e-010	0.0000e+000
3.370000e+003	2.23408805e-001	-3.17659120e+000	1.10723770e+003	0.00000000e+000	3.9636e+014	1.0000e-010	0.0000e+000
3.380000e+003	2.23519529e-001	-3.17648047e+000	1.09972033e+003	0.00000000e+000	3.9466e+014	1.0000e-010	0.0000e+000
3.390000e+003	2.23629501e-001	-3.17637050e+000	1.09223487e+003	0.00000000e+000	3.9299e+014	1.0000e-010	0.0000e+000
3.400000e+003	2.23738724e-001	-3.17626128e+000	1.08478097e+003	0.00000000e+000	3.9133e+014	1.0000e-010	0.0000e+000
3.410000e+003	2.23847202e-001	-3.17615280e+000	1.07735828e+003	0.00000000e+000	3.8969e+014	1.0000e-010	0.0000e+000
3.420000e+003	2.23954938e-001	-3.17604506e+000	1.06996645e+003	0.00000000e+000	3.8807e+014	1.0000e-010	0.0000e+000
3.430000e+003	2.24061935e-001	-3.17593807e+000	1.06260516e+003	0.00000000e+000	3.8647e+014	1.0000e-010	0.0000e+000
3.440000e+003	2.24168195e-001	-3.17583180e+000	1.05527407e+003	0.00000000e+000	3.8488e+014	1.0000e-010	0.0000e+000
3.450000e+003	2.24273723e-001	-3.17572628e+000	1.04797283e+003	0.00000000e+000	3.8332e+014	1.0000e-010	0.0000e+000
3.460000e+003	2.24378520e-001	-3.17562148e+000	1.04070114e+003	0.00000000e+000	3.8177e+014	1.0000e-010	0.0000e+000
3.470000e+003	2.24482590e-001	-3.17551741e+000	1.03345866e+003	0.00000000e+000	3.8023e+014	1.0000e-010	0.0000e+000
3.480000e+003	2.24585936e-001	-3.17541406e+000	1.02624507e+003	0.00000000e+000	3.7871e+014	1.0000e-010	0.0000e+000
3.490000e+003	2.24688560e-001	-3.17531144e+000	1.01906007e+003	0.00000000e+000	3.7721e+014	1.0000e-010	0.0000e+000
3.500000e+003	2.24790466e-001	-3.17520953e+000	1.01190333e+003	0.00000000e+000	3.7573e+014	1.0000e-010	0.0000e+000
3.510000e+003	2.24891657e-001	-3.17510834e+000	1.00477454e+003	0.00000000e+000	3.7426e+014	1.0000e-010	0.0000e+000
3.520000e+003	2.24992134e-001	-3.17500787e+000	9.97673416e+002	0.00000000e+000	3.7281e+014	1.0000e-010	0.0000e+000
3.530000e+003	2.25091901e-001	-3.17490810e+000	9.90599639e+002	0.00000000e+000	3.7137e+014	1.0000e-010	0.0000e+000
3.540000e+003	2.25190961e-001	-3.17480904e+000	9.83552916e+002	0.00000000e+000	3.6995e+014	1.0000e-010	0.0000e+000
3.550000e+003	2.25289317e-001	-3.17471068e+000	9.76532951e+002	0.00000000e+000	3.6855e+014	1.0000e-010	0.0000e+000
3.560000e+003	2.25386970e-001	-3.17461303e+000	9.69539454e+002	0.00000000e+000	3.6716e+014	1.0000e-010	0.0000e+000
3.570000e+003	2.25483924e-001	-3.17451608e+000	9.62572136e+002	0.00000000e+000	3.6579e+014	1.0000e-010	0.0000e+000
3.580000e+003	2.25580181e-001	-3.17441982e+000	9.55630711e+002	0.00000000e+000	3.6443e+014	1.0000e-010	0.0000e+000
3.590000e+003	2.25675744e-001	-3.17432426e+000	9.48714899e+002	0.00000000e+000	3.6308e+014	1.0000e-010	0.0000e+000
3.600000e+003	2.25770616e-001	-3.17422938e+000	9.41824419e+002	0.00000000e+000	3.6175e+014	1.0000e-010	0.0000e+000
3.610000e+003	2.25864798e-001	-3.17413520e+000	9.34958997e+002	0.00000000e+000	3.6044e+014	1.0000e-010	0.0000e+000
3.620000e+003	2.25958294e-001	-3.17404171e+000	9.28118359e+002	0.00000000e+000	3.5913e+014	1.0000e-010	0.0000e+000
3.630000e+003	2.26051106e-001	-3.17394889e+000	9.21302236e+002	0.00000000e+000	3.5785e+014	1.0000e-010	0.0000e+000
3.640000e+003	2.26143236e-001	-3.17385676e+000	9.14510361e+002	0.00000000e+000	3.5657e+014	1.0000e-010	0.0000e+000
3.650000e+003	2.26234687e-001	-3.17376531e+000	9.07742470e+002	0.00000000e+000	3.5532e+014	1.0000e-010	0.0000e+000
3.660000e+003	2.26325461e-001	-3.17367454e+000	9.00998301e+002	0.00000000e+000	3.5407e+014	1.0000e-010	0.0000e+000
3.670000e+003	2.26415561e-001	-3.17358444e+000	8.94277596e+002	0.00000000e+000	3.5284e+014	1.0000e-010	0.0000e+000
3.680000e+003	2.26504989e-001	-3.17349501e+000	8.87580099e+002	0.00000000e+000	3.5162e+014	1.0000e-010	0.0000e+000
3.690000e+003	2.26593747e-001	-3.17340625e+000	8.80905558e+002	0.00000000e+000	3.5041e+014	1.0000e-010	0.0000e+000
3.700000e+003	2.26681838e-001	-3.17331816e+000	8.74253721e+002	0.00000000e+000	3.4922e+014	1.0000e-010	0.0000e+000
3.710000e+003	2.26769263e-001	-3.17323074e+000	8.67624341e+002	0.00000000e+000	3.4804e+014	1.0000e-010	0.0000e+000
3.720000e+003	2.26856025e-001	-3.17314397e+000	8.61017173e+002	0.00000000e+000	3.4688e+014	1.0000e-010	0.0000e+000
3.730000e+003	2.26942127e-001	-3.17305787e+000	8.54431974e+002	0.00000000e+000	3.4572e+014	1.0000e-010	0.0000e+000
3.740000e+003	2.27027570e-001	-3.17297243e+000	8.47868503e+002	0.00000000e+000	3.4458e+014	1.0000e-010	0.0000e+000
3.750000e+003	2.27112357e-001	-3.17288764e+000	8.41326524e+002	0.00000000e+000	3.4345e+014	1.0000e-010	0.0000e+000
3.760000e+003	2.27196490e-001	-3.17280351e+000	8.34805800e+002	0.00000000e+000	3.4234e+014	1.0000e-010	0.0000e+000
3.770000e+003	2.27279970e-001	-3.17272003e+000	8.28306099e+002	0.00000000e+000	3.4124e+014	1.0000e-010	0.0000e+000
3.780000e+003	2.27362801e-001	-3.17263720e+000	8.21827190e+002	0.00000000e+000	3.4014e+014	1.0000e-010	0.0000e+000
3.790000e+003	2.27444984e-001	-3.17255502e+000	8.15368844e+002	0.00000000e+000	3.3906e+014	1.0000e-010	0.0000e+000
3.800000e+003	2.27526521e-001	-3.17247348e+000	8.08930836e+002	0.00000000e+000	3.3800e+014	1.0000e-010	0.0000e+000
3.810000e+003	2.27607414e-001	-3.17239259e+000	8.02512941e+002	0.00000000e+000	3.3694e+014	1.0000e-010	0.0000e+000
3.820000e+003	2.27687665e-001	-3.17231234e+000	7.96114938e+002	0.00000000e+000	3.3590e+014	1.0000e-010	0.0000e+000
3.830000e+003	2.27767276e-001	-3.17223272e+000	7.89736608e+002	0.00000000e+000	3.3486e+014	1.0000e-010	0.0000e+000
3.840000e+003	2.27846250e-001	-3.17215375e+000	7.83377733e+002	0.00000000e+000	3.3384e+014	1.0000e-010	0.0000e+000
3.850000e+003	2.27924588e-001	-3.17207541e+000	7.77038097e+002	0.00000000e+000	3.3283e+014	1.0000e-010	0.0000e+000
3.860000e+003	2.28002292e-001	-3.17199771e+000	7.70717488e+002	0.00000000e+000	3.3183e+014	1.0000e-010	0.0000e+000
3.870000e+003	2.28079363e-001	-3.17192064e+000	7.64415694e+002	0.00000000e+000	3.3085e+014	1.0000e-010	0.0000e+000
3.880000e+003	2.28155805e-001	-3.17184420e+000	7.58132507e+002	0.00000000e+000	3.2987e+014	1.0000e-010	0.0000e+000
3.890000e+003	2.28231618e-001	-3.17176838e+000	7.51867719e+002	0.00000000e+000	3.2890e+014	1.0000e-010	0.0000e+000
3.900000e+003	2.28306805e-001	-3.17169319e+000	7.45621124e+002	0.00000000e+000	3.2795e+014	1.0000e-010	0.0000e+000
3.910000e+003	2.28381367e-001	-3.17161863e+000	7.39392520e+002	0.00000000e+000	3.2700e+014	1.0000e-010	0.0000e+000
3.920000e+003	2.28455306e-001	-3.17154469e+000	7.33181705e+002	0.00000000e+000	3.2607e+014	1.0000e-010	0.0000e+000
3.930000e+003	2.28528625e-001	-3.17147138e+000	7.26988479e+002	0.00000000e+000	3.2515e+014	1.0000e-010	0.0000e+000
3.940000e+003	2.28601323e-001	-3.17139868e+000	7.20812645e+002	0.00000000e+000	3.2423e+014	1.0000e-010	0.0000e+000
3.950000e+003	2.28673405e-001	-3.17132660e+000	7.14654006e+002	0.00000000e+000	3.2333e+014	1.0000e-010	0.0000e+000
3.960000e+003	2.28744870e-001	-3.17125513e+000	7.08512369e+002	0.00000000e+000	3.2244e+014	1.0000e-010	0.0000e+000
3.970000e+003	2.28815721e-001	-3.17118428e+000	7.02387541e+002	0.00000000e+000	3.2155e+014	1.0000e-010	0.0000e+000
3.980000e+003	2.28885960e-001	-3.17111404e+000	6.96279331e+002	0.00000000e+000	3.2068e+014	1.0000e-010	0.0000e+000
3.990000e+003	2.28955588e-001	-3.17104441e+000	6.90187551e+002	0.00000000e+000	3.1982e+014	1.0000e-010	0.0000e+000
4.000000e+003	2.29024607e-001	-3.17097539e+000	6.84112012e+002	0.00000000e+000	3.1897e+014	1.0000e-010	0.0000e+000
4.010000e+003	2.29093018e-001	-3.17090698e+000	6.78052530e+002	0.00000000e+000	3.1812e+014	1.0000e-010	0.0000e+000
4.020000e+003	2.29160823e-001	-3.17083918e+000	6.72008920e+002	0.00000000e+000	3.1729e+014	1.0000e-010	0.0000e+000
4.030000e+003	2.29228024e-001	-3.17077198e+000	6.65980999e+002	0.00000000e+000	3.1647e+014	1.0000e-010	0.0000e+000
4.040000e+003	2.29294622e-001	-3.17070538e+000	6.59968587e+002	0.00000000e+000	3.1565e+014	1.0000e-010	0.0000e+000
4.050000e+003	2.29360619e-001	-3.17063938e+000	6.53971505e+002	0.00000000e+000	3.1485e+014	1.0000e-010	0.0000e+000
4.060000e+003	2.29426016e-001	-3.17057398e+000	6.47989574e+002	0.00000000e+000	3.1405e+014	1.0000e-010	0.0000e+000
4.070000e+003	2.29490815e-001	-3.17050918e+000	6.42022618e+002	0.00000000e+000	3.1327e+014	1.0000e-010	0.0000e+000
4.080000e+003	2.29555017e-001	-3.17044498e+000	6.36070463e+002	0.00000000e+000	3.1249e+014	1.0000e-010	0.0000e+000
4.090000e+003	2.29618624e-001	-3.17038138e+000	6.30132934e+002	0.00000000e+000	3.1172e+014	1.0000e-010	0.0000e+000
4.100000e+003	2.29681638e-001	-3.17031836e+000	6.24209860e+002	0.00000000e+000	3.1096e+014	1.0000e-010	0.0000e+000
4.110000e+003	2.29744059e-001	-3.17025594e+000	6.18301071e+002	0.00000000e+000	3.1021e+014	1.0000e-010	0.0000e+000
4.120000e+003	2.29805889e-001	-3.17019411e+000	6.12406396e+002	0.00000000e+000	3.0947e+014	1.0000e-010	0.0000e+000
4.130000e+003	2.29867129e-001	-3.17013287e+000	6.06525670e+002	0.00000000e+000	3.0874e+014	1.0000e-010	0.0000e+000
4.140000e+003	2.29927782e-001	-3.17007222e+000	6.00658723e+002	0.00000000e+000	3.0802e+014	1.0000e-010	0.0000e+000
4.150000e+003	2.29987848e-001	-3.17001215e+000	5.94805393e+002	0.00000000e+000	3.0730e+014	1.0000e-010	0.0000e+000
4.160000e+003	2.30047328e-001	-3.16995267e+000	5.88965515e+002	0.00000000e+000	3.0659e+014	1.0000e-010	0.0000e+000
4.170000e+003	2.30106225e-001	-3.16989377e+000	5.83138926e+002	0.00000000e+000	3.0590e+014	1.0000e-010	0.0000e+000
4.180000e+003	2.30164539e-001	-3.16983546e+000	5.77325465e+002	0.00000000e+000	3.0521e+014	1.0000e-010	0.0000e+000
4.190000e+003	2.30222271e-001	-3.16977773e+000	5.71524972e+002	0.00000000e+000	3.0453e+014	1.0000e-010	0.0000e+000
4.200000e+003	2.30279424e-001	-3.16972058e+000	5.65737289e+002	0.00000000e+000	3.0385e+014	1.0000e-010	0.0000e+000
4.210000e+003	2.30335998e-001	-3.16966400e+000	5.59962257e+002	0.00000000e+000	3.0319e+014	1.0000e-010	0.0000e+000
4.220000e+003	2.30391994e-001	-3.16960801e+000	5.54199721e+002	0.00000000e+000	3.0253e+014	1.0000e-010	0.0000e+000
4.230000e+003	2.30447414e-001	-3.16955259e+000	5.48449524e+002	0.00000000e+000	3.0189e+014	1.0000e-010	0.0000e+000
4.240000e+003	2.30502259e-001	-3.16949774e+000	5.42711514e+002	0.00000000e+000	3.0125e+014	1.0000e-010	0.0000e+000
4.250000e+003	2.30556530e-001	-3.16944347e+000	5.36985537e+002	0.00000000e+000	3.0061e+014	1.0000e-010	0.0000e+000
4.260000e+003	2.30610229e-001	-3.16938977e+000	5.31271442e+002	0.00000000e+000	2.9999e+014	1.0000e-010	0.0000e+000
4.270000e+003	2.30663356e-001	-3.16933664e+000	5.25569077e+002	0.00000000e+000	2.9938e+014	1.0000e-010	0.0000e+000
4.280000e+003	2.30715913e-001	-3.16928409e+000	5.19878293e+002	0.00000000e+000	2.9877e+014	1.0000e-010	0.0000e+000
4.290000e+003	2.30767900e-001	-3.16923210e+000	5.14198942e+002	0.00000000e+000	2.9817e+014	1.0000e-010	0.0000e+000
4.300000e+003	2.30819320e-001	-3.16918068e+000	5.08530876e+002	0.00000000e+000	2.9757e+014	1.0000e-010	0.0000e+000
4.310000e+003	2.30870173e-001	-3.16912983e+000	5.02873948e+002	0.00000000e+000	2.9699e+014	1.0000e-010	0.0000e+000
4.320000e+003	2.30920461e-001	-3.16907954e+000	4.97228014e+002	0.00000000e+000	2.9641e+014	1.0000e-010	0.0000e+000
4.330000e+003	2.30970184e-001	-3.16902982e+000	4.91592929e+002	0.00000000e+000	2.9584e+014	1.0000e-010	0.0000e+000
4.340000e+003	2.31019343e-001	-3.16898066e+000	4.85968548e+002	0.00000000e+000	2.9528e+014	1.0000e-010	0.0000e+000
4.350000e+003	2.31067940e-001	-3.16893206e+000	4.80354731e+002	0.00000000e+000	2.9473e+014	1.0000e-010	0.0000e+000
4.360000e+003	2.31115975e-001	-3.16888402e+000	4.74751335e+002	0.00000000e+000	2.9418e+014	1.0000e-010	0.0000e+000
4.370000e+003	2.31163450e-001	-3.16883655e+000	4.69158219e+002	0.00000000e+000	2.9364e+014	1.0000e-010	0.0000e+000
4.380000e+003	2.31210366e-001	-3.16878963e+000	4.63575245e+002	0.00000000e+000	2.9311e+014	1.0000e-010	0.0000e+000
4.390000e+003	2.31256724e-001	-3.16874328e+000	4.58002273e+002	0.00000000e+000	2.9258e+014	1.0000e-010	0.0000e+000
4.400000e+003	2.31302524e-001	-3.16869748e+000	4.52439166e+002	0.00000000e+000	2.9206e+014	1.0000e-010	0.0000e+000
4.410000e+003	2.31347768e-001	-3.16865223e+000	4.46885786e+002	0.00000000e+000	2.9155e+014	1.0000e-010	0.0000e+000
4.420000e+003	2.31392456e-001	-3.16860754e+000	4.41341998e+002	0.00000000e+000	2.9105e+014	1.0000e-010	0.0000e+000
4.430000e+003	2.31436591e-001	-3.16856341e+000	4.35807666e+002	0.00000000e+000	2.9055e+014	1.0000e-010	0.0000e+000
4.440000e+003	2.31480171e-001	-3.16851983e+000	4.30282655e+002	0.00000000e+000	2.9006e+014	1.0000e-010	0.0000e+000
4.450000e+003	2.31523200e-001	-3.16847680e+000	4.24766833e+002	0.00000000e+000	2.8958e+014	1.0000e-010	0.0000e+000
4.460000e+003	2.31565676e-001	-3.16843432e+000	4.19260067e+002	0.00000000e+000	2.8911e+014	1.0000e-010	0.0000e+000
4.470000e+003	2.31607602e-001	-3.16839240e+000	4.13762223e+002	0.00000000e+000	2.8864e+014	1.0000e-010	0.0000e+000
4.480000e+003	2.31648979e-001	-3.16835102e+000	4.08273173e+002	0.00000000e+000	2.8818e+014	1.0000e-010	0.0000e+000
4.490000e+003	2.31689806e-001	-3.16831019e+000	4.02792784e+002	0.00000000e+000	2.8772e+014	1.0000e-010	0.0000e+000
4.500000e+003	2.31730085e-001	-3.16826991e+000	3.97320927e+002	0.00000000e+000	2.8727e+014	1.0000e-010	0.0000e+000
4.510000e+003	2.31769817e-001	-3.16823018e+000	3.91857473e+002	0.00000000e+000	2.8683e+014	1.0000e-010	0.0000e+000
4.520000e+003	2.31809003e-001	-3.16819100e+000	3.86402295e+002	0.00000000e+000	2.8640e+014	1.0000e-010	0.0000e+000
4.530000e+003	2.31847643e-001	-3.16815236e+000	3.80955264e+002	0.00000000e+000	2.8597e+014	1.0000e-010	0.0000e+000
4.540000e+003	2.31885739e-001	-3.16811426e+000	3.75516254e+002	0.00000000e+000	2.8555e+014	1.0000e-010	0.0000e+000
4.550000e+003	2.31923290e-001	-3.16807671e+000	3.70085139e+002	0.00000000e+000	2.8513e+014	1.0000e-010	0.0000e+000
4.560000e+003	2.31960299e-001	-3.16803970e+000	3.64661793e+002	0.00000000e+000	2.8473e+014	1.0000e-010	0.0000e+000
4.570000e+003	2.31996765e-001	-3.16800323e+000	3.59246091e+002	0.00000000e+000	2.8433e+014	1.0000e-010	0.0000e+000
4.580000e+003	2.32032690e-001	-3.16796731e+000	3.53837911e+002	0.00000000e+000	2.8393e+014	1.0000e-010	0.0000e+000
4.590000e+003	2.32068073e-001	-3.16793193e+000	3.48437127e+002	0.00000000e+000	2.8354e+014	1.0000e-010	0.0000e+000
4.600000e+003	2.32102917e-001	-3.16789708e+000	3.43043618e+002	0.00000000e+000	2.8316e+014	1.0000e-010	0.0000e+000
4.610000e+003	2.32137222e-001	-3.16786278e+000	3.37657261e+002	0.00000000e+000	2.8278e+014	1.0000e-010	0.0000e+000
4.620000e+003	2.32170987e-001	-3.16782901e+000	3.32277935e+002	0.00000000e+000	2.8242e+014	1.0000e-010	0.0000e+000
4.630000e+003	2.32204215e-001	-3.16779578e+000	3.26905518e+002	0.00000000e+000	2.8205e+014	1.0000e-010	0.0000e+000
4.640000e+003	2.32236906e-001	-3.16776309e+000	3.21539891e+002	0.00000000e+000	2.8170e+014	1.0000e-010	0.0000e+000
4.650000e+003	2.32269060e-001	-3.16773094e+000	3.16180933e+002	0.00000000e+000	2.8135e+014	1.0000e-010	0.0000e+000
4.660000e+003	2.32300678e-001	-3.16769932e+000	3.10828525e+002	0.00000000e+000	2.8100e+014	1.0000e-010	0.0000e+000
4.670000e+003	2.32331761e-001	-3.16766824e+000	3.05482549e+002	0.00000000e+000	2.8066e+014	1.0000e-010	0.0000e+000
4.680000e+003	2.32362309e-001	-3.16763769e+000	3.00142886e+002	0.00000000e+000	2.8033e+014	1.0000e-010	0.0000e+000
4.690000e+003	2.32392323e-001	-3.16760768e+000	2.94809419e+002	0.00000000e+000	2.8001e+014	1.0000e-010	0.0000e+000
4.700000e+003	2.32421804e-001	-3.16757820e+000	2.89482031e+002	0.00000000e+000	2.7969e+014	1.0000e-010	0.0000e+000
4.710000e+003	2.32450752e-001	-3.16754925e+000	2.84160604e+002	0.00000000e+000	2.7938e+014	1.0000e-010	0.0000e+000
4.720000e+003	2.32479168e-001	-3.16752083e+000	2.78845024e+002	0.00000000e+000	2.7907e+014	1.0000e-010	0.0000e+000
4.730000e+003	2.32507053e-001	-3.16749295e+000	2.73535174e+002	0.00000000e+000	2.7877e+014	1.0000e-010	0.0000e+000
4.740000e+003	2.32534406e-001	-3.16746559e+000	2.68230940e+002	0.00000000e+000	2.7847e+014	1.0000e-010	0.0000e+000
4.750000e+003	2.32561229e-001	-3.16743877e+000	2.62932206e+002	0.00000000e+000	2.7818e+014	1.0000e-010	0.0000e+000
4.760000e+003	2.32587523e-001	-3.16741248e+000	2.57638858e+002	0.00000000e+000	2.7790e+014	1.0000e-010	0.0000e+000
4.770000e+003	2.32613287e-001	-3.16738671e+000	2.52350784e+002	0.00000000e+000	2.7762e+014	1.0000e-010	0.0000e+000
4.780000e+003	2.32638522e-001	-3.16736148e+000	2.47067868e+002	0.00000000e+000	2.7735e+014	1.0000e-010	0.0000e+000
4.790000e+003	2.32663228e-001	-3.16733677e+000	2.41789999e+002	0.00000000e+000	2.7709e+014	1.0000e-010	0.0000e+000
4.800000e+003	2.32687407e-001	-3.16731259e+000	2.36517064e+002	0.00000000e+000	2.7683e+014	1.0000e-010	0.0000e+000
4.810000e+003	2.32711059e-001	-3.16728894e+000	2.31248951e+002	0.00000000e+000	2.7658e+014	1.0000e-010	0.0000e+000
4.820000e+003	2.32734184e-001	-3.16726582e+000	2.25985548e+002	0.00000000e+000	2.7633e+014	1.0000e-010	0.0000e+000
4.830000e+003	2.32756783e-001	-3.16724322e+000	2.20726745e+002	0.00000000e+000	2.7609e+014	1.0000e-010	0.0000e+000
4.840000e+003	2.32778855e-001	-3.16722114e+000	2.15472429e+002	0.00000000e+000	2.7585e+014	1.0000e-010	0.0000e+000
4.850000e+003	2.32800402e-001	-3.16719960e+000	2.10222491e+002	0.00000000e+000	2.7562e+014	1.0000e-010	0.0000e+000
4.860000e+003	2.32821425e-001	-3.16717858e+000	2.04976820e+002	0.00000000e+000	2.7540e+014	1.0000e-010	0.0000e+000
4.870000e+003	2.32841922e-001	-3.16715808e+000	1.99735307e+002	0.00000000e+000	2.7518e+014	1.0000e-010	0.0000e+000
4.880000e+003	2.32861896e-001	-3.16713810e+000	1.94497842e+002	0.00000000e+000	2.7497e+014	1.0000e-010	0.0000e+000
4.890000e+003	2.32881346e-001	-3.16711865e+000	1.89264316e+002	0.00000000e+000	2.7476e+014	1.0000e-010	0.0000e+000
4.900000e+003	2.32900272e-001	-3.16709973e+000	1.84034620e+002	0.00000000e+000	2.7456e+014	1.0000e-010	0.0000e+000
4.910000e+003	2.32918676e-001	-3.16708132e+000	1.78808646e+002	0.00000000e+000	2.7436e+014	1.0000e-010	0.0000e+000
4.920000e+003	2.32936556e-001	-3.16706344e+000	1.73586285e+002	0.00000000e+000	2.7417e+014	1.0000e-010	0.0000e+000
4.930000e+003	2.32953915e-001	-3.16704608e+000	1.68367429e+002	0.00000000e+000	2.7399e+014	1.0000e-010	0.0000e+000
4.940000e+003	2.32970752e-001	-3.16702925e+000	1.63151971e+002	0.00000000e+000	2.7381e+014	1.0000e-010	0.0000e+000
4.950000e+003	2.32987067e-001	-3.16701293e+000	1.57939804e+002	0.00000000e+000	2.7364e+014	1.0000e-010	0.0000e+000
4.960000e+003	2.33002861e-001	-3.16699714e+000	1.52730820e+002	0.00000000e+000	2.7347e+014	1.0000e-010	0.0000e+000
4.970000e+003	2.33018134e-001	-3.16698187e+000	1.47524913e+002	0.00000000e+000	2.7331e+014	1.0000e-010	0.0000e+000
4.980000e+003	2.33032887e-001	-3.16696711e+000	1.42321975e+002	0.00000000e+000	2.7316e+014	1.0000e-010	0.0000e+000
4.990000e+003	2.33047119e-001	-3.16695288e+000	1.37121901e+002	0.00000000e+000	2.7300e+014	1.0000e-010	0.0000e+000
5.000000e+003	2.33060831e-001	-3.16693917e+000	1.31924584e+002	0.00000000e+000	2.7286e+014	1.0000e-010	0.0000e+000
5.010000e+003	2.33074023e-001	-3.16692598e+000	1.26729919e+002	0.00000000e+000	2.7272e+014	1.0000e-010	0.0000e+000
5.020000e+003	2.33086696e-001	-3.16691330e+000	1.21537800e+002	0.00000000e+000	2.7259e+014	1.0000e-010	0.0000e+000
5.030000e+003	2.33098850e-001	-3.16690115e+000	1.16348121e+002	0.00000000e+000	2.7246e+014	1.0000e-010	0.0000e+000
5.040000e+003	2.33110485e-001	-3.16688951e+000	1.11160778e+002	0.00000000e+000	2.7234e+014	1.0000e-010	0.0000e+000
5.050000e+003	2.33121601e-001	-3.16687840e+000	1.05975664e+002	0.00000000e+000	2.7222e+014	1.0000e-010	0.0000e+000
5.060000e+003	2.33132199e-001	-3.16686780e+000	1.00792676e+002	0.00000000e+000	2.7211e+014	1.0000e-010	0.0000e+000
5.070000e+003	2.33142278e-001	-3.16685772e+000	9.56117075e+001	0.00000000e+000	2.7200e+014	1.0000e-010	0.0000e+000
5.080000e+003	2.33151839e-001	-3.16684816e+000	9.04326551e+001	0.00000000e+000	2.7190e+014	1.0000e-010	0.0000e+000
5.090000e+003	2.33160882e-001	-3.16683912e+000	8.52554141e+001	0.00000000e+000	2.7181e+014	1.0000e-010	0.0000e+000
5.100000e+003	2.33169408e-001	-3.16683059e+000	8.00798802e+001	0.00000000e+000	2.7172e+014	1.0000e-010	0.0000e+000
5.110000e+003	2.33177416e-001	-3.16682258e+000	7.49059492e+001	0.00000000e+000	2.7163e+014	1.0000e-010	0.0000e+000
5.120000e+003	2.33184907e-001	-3.16681509e+000	6.97335172e+001	0.00000000e+000	2.7155e+014	1.0000e-010	0.0000e+000
5.130000e+003	2.33191880e-001	-3.16680812e+000	6.45624802e+001	0.00000000e+000	2.7148e+014	1.0000e-010	0.0000e+000
5.140000e+003	2.33198336e-001	-3.16680166e+000	5.93927344e+001	0.00000000e+000	2.7141e+014	1.0000e-010	0.0000e+000
5.150000e+003	2.33204275e-001	-3.16679572e+000	5.42241762e+001	0.00000000e+000	2.7135e+014	1.0000e-010	0.0000e+000
5.160000e+003	2.33209698e-001	-3.16679030e+000	4.90567020e+001	0.00000000e+000	2.7129e+014	1.0000e-010	0.0000e+000
5.170000e+003	2.33214603e-001	-3.16678540e+000	4.38902083e+001	0.00000000e+000	2.7124e+014	1.0000e-010	0.0000e+000
5.180000e+003	2.33218992e-001	-3.16678101e+000	3.87245916e+001	0.00000000e+000	2.7120e+014	1.0000e-010	0.0000e+000
5.190000e+003	2.33222865e-001	-3.16677714e+000	3.35597487e+001	0.00000000e+000	2.7116e+014	1.0000e-010	0.0000e+000
5.200000e+003	2.33226221e-001	-3.16677378e+000	2.83955761e+001	0.00000000e+000	2.7112e+014	1.0000e-010	0.0000e+000
5.210000e+003	2.33229060e-001	-3.16677094e+000	2.32319708e+001	0.00000000e+000	2.7109e+014	1.0000e-010	0.0000e+000
5.220000e+003	2.33231384e-001	-3.16676862e+000	1.80688295e+001	0.00000000e+000	2.7107e+014	1.0000e-010	0.0000e+000
5.230000e+003	2.33233191e-001	-3.16676681e+000	1.29060491e+001	0.00000000e+000	2.7105e+014	1.0000e-010	0.0000e+000
5.240000e+003	2.33234481e-001	-3.16676552e+000	7.74352636e+000	0.00000000e+000	2.7103e+014	1.0000e-010	0.0000e+000
5.250000e+003	2.33235256e-001	-3.16676474e+000	2.58115827e+000	0.00000000e+000	2.7103e+014	1.0000e-010	0.0000e+000
5.260000e+003	2.33235514e-001	-3.16676449e+000	2.58115827e+000	0.00000000e+000	2.7102e+014	1.0000e-010	0.0000e+000
