Y (ang)	Ec (eV)	Ev (eV)	E (V/cm)	Ef (eV)	n (cm-3)	p (cm-3)	Nd - Na (cm-3)	el eval 1 (eV)	el eval 2 (eV)	el eval 3 (eV)	el eval 4 (eV)	el eval 5 (eV)	el eval 6 (eV)	el eval 7 (eV)	el eval 8 (eV)	el eval 9 (eV)	el eval 10 (eV)	el eval 11 (eV)	el eval 12 (eV)	el eval 13 (eV)	el eval 14 (eV)
0.000000e+000	6.00000000e-001	-2.80000000e+000	1.18602629e+006	-0.00000000e+000	1.8691e+008	1.0000e-010	0.0000e+000
1.000000e+001	1.27860263e+000	-2.82139737e+000	-1.49097687e+006	0.00000000e+000	5.3744e-004	1.0000e-010	-1.3848e+020
2.000000e+001	1.12950494e+000	-2.97049506e+000	-1.49097687e+006	0.00000000e+000	1.2439e+011	1.0000e-010	0.0000e+000	-4.2819e-002	3.1963e-003	3.5562e-002	6.5526e-002	7.0954e-002	9.4723e-002	1.1353e-001	1.2964e-001	1.4406e-001	1.5730e-001	1.6967e-001	1.8135e-001	1.9248e-001	2.0315e-001
3.000000e+001	9.80407255e-001	-3.11959275e+000	-1.49097699e+006	0.00000000e+000	5.9435e+012	1.0000e-010	0.0000e+000
4.000000e+001	8.31309556e-001	-3.26869044e+000	-1.49098266e+006	0.00000000e+000	2.8999e+014	1.0000e-010	0.0000e+000
5.000000e+001	6.82211290e-001	-3.41778871e+000	-1.49120100e+006	0.00000000e+000	1.1161e+016	1.0000e-010	0.0000e+000
6.000000e+001	5.33091190e-001	-3.56690881e+000	-1.49757531e+006	0.00000000e+000	3.2585e+017	1.0000e-010	0.0000e+000
7.000000e+001	-1.76666342e-001	-3.57666634e+000	1.04846892e+006	0.00000000e+000	6.8845e+018	1.0000e-010	1.3848e+020
8.000000e+001	-4.94194501e-002	-3.47741945e+000	8.57132281e+005	0.00000000e+000	4.8379e+018	1.0000e-010	-5.2547e+018
9.000000e+001	5.86937779e-002	-3.39730622e+000	7.31256688e+005	0.00000000e+000	1.3635e+018	1.0000e-010	-5.2784e+018
1.000000e+002	1.54219447e-001	-3.32978055e+000	6.26385488e+005	0.00000000e+000	2.2663e+017	1.0000e-010	-5.3022e+018
1.100000e+002	2.39257995e-001	-3.27274200e+000	5.24672997e+005	0.00000000e+000	2.6186e+016	1.0000e-010	-5.3259e+018
1.200000e+002	3.14125295e-001	-3.22587470e+000	4.22748186e+005	0.00000000e+000	2.3146e+015	1.0000e-010	-5.3496e+018
1.300000e+002	3.78800114e-001	-3.18919989e+000	3.20193964e+005	0.00000000e+000	1.6698e+014	1.0000e-010	-5.3733e+018
1.400000e+002	4.33219510e-001	-3.16278049e+000	2.16970124e+005	0.00000000e+000	1.0318e+013	1.0000e-010	-5.3970e+018
1.500000e+002	4.77316523e-001	-3.14668348e+000	1.13071712e+005	0.00000000e+000	5.6751e+011	1.0000e-010	-5.4207e+018
1.600000e+002	5.11023694e-001	-3.14097631e+000	8.49640011e+003	0.00000000e+000	2.8698e+010	1.0000e-010	-5.4445e+018
1.700000e+002	5.34273334e-001	-3.14572667e+000	-9.67579822e+004	0.00000000e+000	1.3975e+009	1.0000e-010	-5.4682e+018
1.800000e+002	5.46997536e-001	-3.16100246e+000	-2.02693605e+005	0.00000000e+000	5.9179e+008	1.0000e-010	-5.4919e+018
1.900000e+002	5.49128175e-001	-3.18687182e+000	-3.09312646e+005	0.00000000e+000	1.1809e+010	1.0000e-010	-5.5156e+018
2.000000e+002	5.40596911e-001	-3.22340309e+000	-4.16617300e+005	0.00000000e+000	2.6955e+011	1.0000e-010	-5.5393e+018
2.100000e+002	5.21335181e-001	-3.27066482e+000	-5.24609872e+005	0.00000000e+000	6.1102e+012	1.0000e-010	-5.5630e+018
2.200000e+002	4.91274193e-001	-3.32872581e+000	-6.33294926e+005	0.00000000e+000	1.3378e+014	1.0000e-010	-5.5868e+018
2.300000e+002	4.50344701e-001	-3.39765530e+000	-7.42722884e+005	0.00000000e+000	2.7492e+015	1.0000e-010	-5.6105e+018
2.400000e+002	3.98472412e-001	-3.47752759e+000	-8.53789076e+005	0.00000000e+000	5.1405e+016	1.0000e-010	-5.6342e+018
2.500000e+002	3.35493505e-001	-3.56850650e+000	-9.80937202e+005	0.00000000e+000	8.4372e+017	1.0000e-010	-5.6579e+018
2.600000e+002	-1.65800215e-001	-3.56580022e+000	6.86774860e+005	0.00000000e+000	1.1634e+019	1.0000e-010	9.8214e+019
2.700000e+002	-9.71227293e-002	-3.49712273e+000	4.33091743e+005	0.00000000e+000	1.3318e+019	1.0000e-010	0.0000e+000
2.800000e+002	-5.38135550e-002	-3.45381356e+000	2.74007665e+005	0.00000000e+000	8.3519e+018	1.0000e-010	0.0000e+000
2.900000e+002	-2.64127885e-002	-3.42641279e+000	1.91055378e+005	0.00000000e+000	4.3550e+018	1.0000e-010	0.0000e+000
3.000000e+002	-7.30725067e-003	-3.40730725e+000	1.45717177e+005	0.00000000e+000	2.3803e+018	1.0000e-010	0.0000e+000
3.100000e+002	7.26446707e-003	-3.39273553e+000	1.17515598e+005	0.00000000e+000	1.4806e+018	1.0000e-010	0.0000e+000
3.200000e+002	1.90160268e-002	-3.38098397e+000	9.82965758e+004	0.00000000e+000	1.0090e+018	1.0000e-010	0.0000e+000
3.300000e+002	2.88456844e-002	-3.37115432e+000	8.45812698e+004	0.00000000e+000	7.2006e+017	1.0000e-010	0.0000e+000
3.400000e+002	3.73038114e-002	-3.36269619e+000	7.44835333e+004	0.00000000e+000	5.3013e+017	1.0000e-010	0.0000e+000
3.500000e+002	4.47521647e-002	-3.35524784e+000	6.68424656e+004	0.00000000e+000	4.0116e+017	1.0000e-010	0.0000e+000
3.600000e+002	5.14364113e-002	-3.34856359e+000	6.09205390e+004	0.00000000e+000	3.1090e+017	1.0000e-010	0.0000e+000
3.700000e+002	5.75284652e-002	-3.34247153e+000	5.62318786e+004	0.00000000e+000	2.4616e+017	1.0000e-010	0.0000e+000
3.800000e+002	6.31516530e-002	-3.33684835e+000	5.24538127e+004	0.00000000e+000	1.9835e+017	1.0000e-010	0.0000e+000
3.900000e+002	6.83970343e-002	-3.33160297e+000	4.93697741e+004	0.00000000e+000	1.6191e+017	1.0000e-010	0.0000e+000
4.000000e+002	7.33340117e-002	-3.32666599e+000	4.68227748e+004	0.00000000e+000	1.3372e+017	1.0000e-010	0.0000e+000
4.100000e+002	7.80162892e-002	-3.32198371e+000	4.46960796e+004	0.00000000e+000	1.1165e+017	1.0000e-010	0.0000e+000
4.200000e+002	8.24858972e-002	-3.31751410e+000	4.29071381e+004	0.00000000e+000	9.3920e+016	1.0000e-010	0.0000e+000
4.300000e+002	8.67766110e-002	-3.31322339e+000	4.13941787e+004	0.00000000e+000	7.9431e+016	1.0000e-010	0.0000e+000
4.400000e+002	9.09160289e-002	-3.30908397e+000	4.01056295e+004	0.00000000e+000	6.7649e+016	1.0000e-010	0.0000e+000
4.500000e+002	9.49265918e-002	-3.30507341e+000	3.90011785e+004	0.00000000e+000	5.7984e+016	1.0000e-010	0.0000e+000
4.600000e+002	9.88267097e-002	-3.30117329e+000	3.80521725e+004	0.00000000e+000	4.9823e+016	1.0000e-010	0.0000e+000
4.700000e+002	1.02631927e-001	-3.29736807e+000	3.72351704e+004	0.00000000e+000	4.2893e+016	1.0000e-010	0.0000e+000
4.800000e+002	1.06355444e-001	-3.29364456e+000	3.65282007e+004	0.00000000e+000	3.7116e+016	1.0000e-010	0.0000e+000
4.900000e+002	1.10008264e-001	-3.28999174e+000	3.59135320e+004	0.00000000e+000	3.2270e+016	1.0000e-010	0.0000e+000
5.000000e+002	1.13599617e-001	-3.28640038e+000	3.53790779e+004	0.00000000e+000	2.8059e+016	1.0000e-010	0.0000e+000
5.100000e+002	1.17137525e-001	-3.28286247e+000	3.49148546e+004	0.00000000e+000	2.4372e+016	1.0000e-010	0.0000e+000
5.200000e+002	1.20629010e-001	-3.27937099e+000	3.45102386e+004	0.00000000e+000	2.1242e+016	1.0000e-010	0.0000e+000
5.300000e+002	1.24080034e-001	-3.27591997e+000	3.41556388e+004	0.00000000e+000	1.8617e+016	1.0000e-010	0.0000e+000
5.400000e+002	1.27495598e-001	-3.27250440e+000	3.38447063e+004	0.00000000e+000	1.6324e+016	1.0000e-010	0.0000e+000
5.500000e+002	1.30880069e-001	-3.26911993e+000	3.35732076e+004	0.00000000e+000	1.4254e+016	1.0000e-010	0.0000e+000
5.600000e+002	1.34237390e-001	-3.26576261e+000	3.33364257e+004	0.00000000e+000	1.2431e+016	1.0000e-010	0.0000e+000
5.700000e+002	1.37571032e-001	-3.26242897e+000	3.31287698e+004	0.00000000e+000	1.0902e+016	1.0000e-010	0.0000e+000
5.800000e+002	1.40883909e-001	-3.25911609e+000	3.29455896e+004	0.00000000e+000	9.6170e+015	1.0000e-010	0.0000e+000
5.900000e+002	1.44178468e-001	-3.25582153e+000	3.27843107e+004	0.00000000e+000	8.4672e+015	1.0000e-010	0.0000e+000
6.000000e+002	1.47456899e-001	-3.25254310e+000	3.26434519e+004	0.00000000e+000	7.3951e+015	1.0000e-010	0.0000e+000
6.100000e+002	1.50721244e-001	-3.24927876e+000	3.25209686e+004	0.00000000e+000	6.4304e+015	1.0000e-010	0.0000e+000
6.200000e+002	1.53973341e-001	-3.24602666e+000	3.24138743e+004	0.00000000e+000	5.6225e+015	1.0000e-010	0.0000e+000
6.300000e+002	1.57214729e-001	-3.24278527e+000	3.23192798e+004	0.00000000e+000	4.9662e+015	1.0000e-010	0.0000e+000
6.400000e+002	1.60446657e-001	-3.23955334e+000	3.22354721e+004	0.00000000e+000	4.3999e+015	1.0000e-010	0.0000e+000
6.500000e+002	1.63670204e-001	-3.23632980e+000	3.21619206e+004	0.00000000e+000	3.8615e+015	1.0000e-010	0.0000e+000
6.600000e+002	1.66886396e-001	-3.23311360e+000	3.20983762e+004	0.00000000e+000	3.3361e+015	1.0000e-010	0.0000e+000
6.700000e+002	1.70096234e-001	-3.22990377e+000	3.20440075e+004	0.00000000e+000	2.8544e+015	1.0000e-010	0.0000e+000
6.800000e+002	1.73300634e-001	-3.22669937e+000	3.19972609e+004	0.00000000e+000	2.4542e+015	1.0000e-010	0.0000e+000
6.900000e+002	1.76500360e-001	-3.22349964e+000	3.19563859e+004	0.00000000e+000	2.1459e+015	1.0000e-010	0.0000e+000
7.000000e+002	1.79695999e-001	-3.22030400e+000	3.19200922e+004	0.00000000e+000	1.9054e+015	1.0000e-010	0.0000e+000
7.100000e+002	1.82888008e-001	-3.21711199e+000	3.18878647e+004	0.00000000e+000	1.6919e+015	1.0000e-010	0.0000e+000
7.200000e+002	1.86076795e-001	-3.21392321e+000	3.18598234e+004	0.00000000e+000	1.4722e+015	1.0000e-010	0.0000e+000
7.300000e+002	1.89262777e-001	-3.21073722e+000	3.18363205e+004	0.00000000e+000	1.2339e+015	1.0000e-010	0.0000e+000
7.400000e+002	1.92446409e-001	-3.20755359e+000	3.18175501e+004	0.00000000e+000	9.8545e+014	1.0000e-010	0.0000e+000
7.500000e+002	1.95628164e-001	-3.20437184e+000	3.18033429e+004	0.00000000e+000	7.4588e+014	1.0000e-010	0.0000e+000
7.600000e+002	1.98808498e-001	-3.20119150e+000	3.17931695e+004	0.00000000e+000	5.3410e+014	1.0000e-010	0.0000e+000
7.700000e+002	2.01987815e-001	-3.19801218e+000	3.17862749e+004	0.00000000e+000	3.6197e+014	1.0000e-010	0.0000e+000
7.800000e+002	2.05166443e-001	-3.19483356e+000	3.17818461e+004	0.00000000e+000	2.3251e+014	1.0000e-010	0.0000e+000
7.900000e+002	2.08344627e-001	-3.19165537e+000	3.17791442e+004	0.00000000e+000	1.4185e+014	1.0000e-010	0.0000e+000
8.000000e+002	2.11522542e-001	-3.18847746e+000	3.17775752e+004	0.00000000e+000	8.2369e+013	1.0000e-010	0.0000e+000
8.100000e+002	2.14700299e-001	-3.18529970e+000	3.17767062e+004	0.00000000e+000	4.5624e+013	1.0000e-010	0.0000e+000
8.200000e+002	2.17877970e-001	-3.18212203e+000	3.17762461e+004	0.00000000e+000	2.4155e+013	1.0000e-010	0.0000e+000
8.300000e+002	2.21055595e-001	-3.17894441e+000	3.17760128e+004	0.00000000e+000	1.2248e+013	1.0000e-010	0.0000e+000
8.400000e+002	2.24233196e-001	-3.17576680e+000	3.17758993e+004	0.00000000e+000	5.9588e+012	1.0000e-010	0.0000e+000
8.500000e+002	2.27410786e-001	-3.17258921e+000	3.17758462e+004	0.00000000e+000	2.7862e+012	1.0000e-010	0.0000e+000
8.600000e+002	2.30588370e-001	-3.16941163e+000	3.17758223e+004	0.00000000e+000	1.2540e+012	1.0000e-010	0.0000e+000
8.700000e+002	2.33765953e-001	-3.16623405e+000	3.17758120e+004	0.00000000e+000	5.4408e+011	1.0000e-010	0.0000e+000
8.800000e+002	2.36943534e-001	-3.16305647e+000	3.17758076e+004	0.00000000e+000	2.2830e+011	1.0000e-010	0.0000e+000
8.900000e+002	2.40121115e-001	-3.15987889e+000	3.17758058e+004	0.00000000e+000	9.5424e+010	1.0000e-010	0.0000e+000
9.000000e+002	2.43298695e-001	-3.15670130e+000	3.17758047e+004	0.00000000e+000	5.6749e+010	1.0000e-010	0.0000e+000
9.100000e+002	2.46476276e-001	-3.15352372e+000	3.17758019e+004	0.00000000e+000	1.4664e+011	1.0000e-010	0.0000e+000
9.200000e+002	2.49653856e-001	-3.15034614e+000	3.17757853e+004	0.00000000e+000	8.7341e+011	1.0000e-010	0.0000e+000
9.300000e+002	2.52831434e-001	-3.14716857e+000	3.17756756e+004	0.00000000e+000	5.7609e+012	1.0000e-010	0.0000e+000
9.400000e+002	2.56009002e-001	-3.14399100e+000	3.17749369e+004	0.00000000e+000	3.8780e+013	1.0000e-010	0.0000e+000
9.500000e+002	2.59186496e-001	-3.14081350e+000	3.17698876e+004	0.00000000e+000	2.6509e+014	1.0000e-010	0.0000e+000
9.600000e+002	2.62363484e-001	-3.13763652e+000	3.17348528e+004	0.00000000e+000	1.8393e+015	1.0000e-010	0.0000e+000
9.700000e+002	2.65536970e-001	-3.13446303e+000	3.14881461e+004	0.00000000e+000	1.2952e+016	1.0000e-010	0.0000e+000
9.800000e+002	2.68685784e-001	-3.13131422e+000	2.97253329e+004	0.00000000e+000	9.2548e+016	1.0000e-010	0.0000e+000
9.900000e+002	2.71658318e-001	-3.12834168e+000	1.69470940e+004	0.00000000e+000	6.7086e+017	1.0000e-010	0.0000e+000
1.000000e+003	2.73353027e-001	-3.12664697e+000	3.81867190e+002	0.00000000e+000	8.6968e+017	1.0000e-010	0.0000e+000	-4.2819e-002	3.1963e-003	3.5562e-002	6.5526e-002	7.0954e-002	9.4723e-002	1.1353e-001	1.2964e-001	1.4406e-001	1.5730e-001	1.6967e-001	1.8135e-001	1.9248e-001	2.0315e-001
1.010000e+003	2.73391214e-001	-3.12660879e+000	3.80775100e+002	0.00000000e+000	5.7335e+013	1.0000e-010	0.0000e+000
1.020000e+003	2.73429291e-001	-3.12657071e+000	3.79684618e+002	0.00000000e+000	5.7251e+013	1.0000e-010	0.0000e+000
1.030000e+003	2.73467260e-001	-3.12653274e+000	3.78595736e+002	0.00000000e+000	5.7167e+013	1.0000e-010	0.0000e+000
1.040000e+003	2.73505119e-001	-3.12649488e+000	3.77508447e+002	0.00000000e+000	5.7083e+013	1.0000e-010	0.0000e+000
1.050000e+003	2.73542870e-001	-3.12645713e+000	3.76422745e+002	0.00000000e+000	5.7000e+013	1.0000e-010	0.0000e+000
1.060000e+003	2.73580512e-001	-3.12641949e+000	3.75338623e+002	0.00000000e+000	5.6917e+013	1.0000e-010	0.0000e+000
1.070000e+003	2.73618046e-001	-3.12638195e+000	3.74256074e+002	0.00000000e+000	5.6834e+013	1.0000e-010	0.0000e+000
1.080000e+003	2.73655472e-001	-3.12634453e+000	3.73175091e+002	0.00000000e+000	5.6752e+013	1.0000e-010	0.0000e+000
1.090000e+003	2.73692789e-001	-3.12630721e+000	3.72095667e+002	0.00000000e+000	5.6670e+013	1.0000e-010	0.0000e+000
1.100000e+003	2.73729999e-001	-3.12627000e+000	3.71017795e+002	0.00000000e+000	5.6588e+013	1.0000e-010	0.0000e+000
1.110000e+003	2.73767101e-001	-3.12623290e+000	3.69941470e+002	0.00000000e+000	5.6507e+013	1.0000e-010	0.0000e+000
1.120000e+003	2.73804095e-001	-3.12619591e+000	3.68866683e+002	0.00000000e+000	5.6427e+013	1.0000e-010	0.0000e+000
1.130000e+003	2.73840982e-001	-3.12615902e+000	3.67793429e+002	0.00000000e+000	5.6346e+013	1.0000e-010	0.0000e+000
1.140000e+003	2.73877761e-001	-3.12612224e+000	3.66721701e+002	0.00000000e+000	5.6266e+013	1.0000e-010	0.0000e+000
1.150000e+003	2.73914433e-001	-3.12608557e+000	3.65651492e+002	0.00000000e+000	5.6186e+013	1.0000e-010	0.0000e+000
1.160000e+003	2.73950998e-001	-3.12604900e+000	3.64582795e+002	0.00000000e+000	5.6107e+013	1.0000e-010	0.0000e+000
1.170000e+003	2.73987456e-001	-3.12601254e+000	3.63515605e+002	0.00000000e+000	5.6028e+013	1.0000e-010	0.0000e+000
1.180000e+003	2.74023808e-001	-3.12597619e+000	3.62449914e+002	0.00000000e+000	5.5949e+013	1.0000e-010	0.0000e+000
1.190000e+003	2.74060053e-001	-3.12593995e+000	3.61385717e+002	0.00000000e+000	5.5871e+013	1.0000e-010	0.0000e+000
1.200000e+003	2.74096192e-001	-3.12590381e+000	3.60323006e+002	0.00000000e+000	5.5793e+013	1.0000e-010	0.0000e+000
1.210000e+003	2.74132224e-001	-3.12586778e+000	3.59261775e+002	0.00000000e+000	5.5715e+013	1.0000e-010	0.0000e+000
1.220000e+003	2.74168150e-001	-3.12583185e+000	3.58202018e+002	0.00000000e+000	5.5637e+013	1.0000e-010	0.0000e+000
1.230000e+003	2.74203970e-001	-3.12579603e+000	3.57143728e+002	0.00000000e+000	5.5560e+013	1.0000e-010	0.0000e+000
1.240000e+003	2.74239685e-001	-3.12576032e+000	3.56086899e+002	0.00000000e+000	5.5484e+013	1.0000e-010	0.0000e+000
1.250000e+003	2.74275293e-001	-3.12572471e+000	3.55031525e+002	0.00000000e+000	5.5407e+013	1.0000e-010	0.0000e+000
1.260000e+003	2.74310796e-001	-3.12568920e+000	3.53977599e+002	0.00000000e+000	5.5331e+013	1.0000e-010	0.0000e+000
1.270000e+003	2.74346194e-001	-3.12565381e+000	3.52925116e+002	0.00000000e+000	5.5256e+013	1.0000e-010	0.0000e+000
1.280000e+003	2.74381487e-001	-3.12561851e+000	3.51874068e+002	0.00000000e+000	5.5180e+013	1.0000e-010	0.0000e+000
1.290000e+003	2.74416674e-001	-3.12558333e+000	3.50824450e+002	0.00000000e+000	5.5105e+013	1.0000e-010	0.0000e+000
1.300000e+003	2.74451757e-001	-3.12554824e+000	3.49776255e+002	0.00000000e+000	5.5030e+013	1.0000e-010	0.0000e+000
1.310000e+003	2.74486734e-001	-3.12551327e+000	3.48729478e+002	0.00000000e+000	5.4956e+013	1.0000e-010	0.0000e+000
1.320000e+003	2.74521607e-001	-3.12547839e+000	3.47684111e+002	0.00000000e+000	5.4882e+013	1.0000e-010	0.0000e+000
1.330000e+003	2.74556376e-001	-3.12544362e+000	3.46640150e+002	0.00000000e+000	5.4808e+013	1.0000e-010	0.0000e+000
1.340000e+003	2.74591040e-001	-3.12540896e+000	3.45597588e+002	0.00000000e+000	5.4735e+013	1.0000e-010	0.0000e+000
1.350000e+003	2.74625599e-001	-3.12537440e+000	3.44556418e+002	0.00000000e+000	5.4662e+013	1.0000e-010	0.0000e+000
1.360000e+003	2.74660055e-001	-3.12533995e+000	3.43516635e+002	0.00000000e+000	5.4589e+013	1.0000e-010	0.0000e+000
1.370000e+003	2.74694407e-001	-3.12530559e+000	3.42478233e+002	0.00000000e+000	5.4516e+013	1.0000e-010	0.0000e+000
1.380000e+003	2.74728654e-001	-3.12527135e+000	3.41441205e+002	0.00000000e+000	5.4444e+013	1.0000e-010	0.0000e+000
1.390000e+003	2.74762799e-001	-3.12523720e+000	3.40405546e+002	0.00000000e+000	5.4372e+013	1.0000e-010	0.0000e+000
1.400000e+003	2.74796839e-001	-3.12520316e+000	3.39371250e+002	0.00000000e+000	5.4301e+013	1.0000e-010	0.0000e+000
1.410000e+003	2.74830776e-001	-3.12516922e+000	3.38338311e+002	0.00000000e+000	5.4230e+013	1.0000e-010	0.0000e+000
1.420000e+003	2.74864610e-001	-3.12513539e+000	3.37306723e+002	0.00000000e+000	5.4159e+013	1.0000e-010	0.0000e+000
1.430000e+003	2.74898341e-001	-3.12510166e+000	3.36276480e+002	0.00000000e+000	5.4088e+013	1.0000e-010	0.0000e+000
1.440000e+003	2.74931968e-001	-3.12506803e+000	3.35247576e+002	0.00000000e+000	5.4018e+013	1.0000e-010	0.0000e+000
1.450000e+003	2.74965493e-001	-3.12503451e+000	3.34220006e+002	0.00000000e+000	5.3948e+013	1.0000e-010	0.0000e+000
1.460000e+003	2.74998915e-001	-3.12500108e+000	3.33193763e+002	0.00000000e+000	5.3878e+013	1.0000e-010	0.0000e+000
1.470000e+003	2.75032235e-001	-3.12496777e+000	3.32168842e+002	0.00000000e+000	5.3809e+013	1.0000e-010	0.0000e+000
1.480000e+003	2.75065451e-001	-3.12493455e+000	3.31145238e+002	0.00000000e+000	5.3739e+013	1.0000e-010	0.0000e+000
1.490000e+003	2.75098566e-001	-3.12490143e+000	3.30122943e+002	0.00000000e+000	5.3671e+013	1.0000e-010	0.0000e+000
1.500000e+003	2.75131578e-001	-3.12486842e+000	3.29101953e+002	0.00000000e+000	5.3602e+013	1.0000e-010	0.0000e+000
1.510000e+003	2.75164488e-001	-3.12483551e+000	3.28082262e+002	0.00000000e+000	5.3534e+013	1.0000e-010	0.0000e+000
1.520000e+003	2.75197297e-001	-3.12480270e+000	3.27063864e+002	0.00000000e+000	5.3466e+013	1.0000e-010	0.0000e+000
1.530000e+003	2.75230003e-001	-3.12477000e+000	3.26046754e+002	0.00000000e+000	5.3398e+013	1.0000e-010	0.0000e+000
1.540000e+003	2.75262608e-001	-3.12473739e+000	3.25030926e+002	0.00000000e+000	5.3331e+013	1.0000e-010	0.0000e+000
1.550000e+003	2.75295111e-001	-3.12470489e+000	3.24016374e+002	0.00000000e+000	5.3264e+013	1.0000e-010	0.0000e+000
1.560000e+003	2.75327512e-001	-3.12467249e+000	3.23003093e+002	0.00000000e+000	5.3197e+013	1.0000e-010	0.0000e+000
1.570000e+003	2.75359813e-001	-3.12464019e+000	3.21991077e+002	0.00000000e+000	5.3131e+013	1.0000e-010	0.0000e+000
1.580000e+003	2.75392012e-001	-3.12460799e+000	3.20980321e+002	0.00000000e+000	5.3065e+013	1.0000e-010	0.0000e+000
1.590000e+003	2.75424110e-001	-3.12457589e+000	3.19970819e+002	0.00000000e+000	5.2999e+013	1.0000e-010	0.0000e+000
1.600000e+003	2.75456107e-001	-3.12454389e+000	3.18962566e+002	0.00000000e+000	5.2933e+013	1.0000e-010	0.0000e+000
1.610000e+003	2.75488003e-001	-3.12451200e+000	3.17955556e+002	0.00000000e+000	5.2868e+013	1.0000e-010	0.0000e+000
1.620000e+003	2.75519799e-001	-3.12448020e+000	3.16949784e+002	0.00000000e+000	5.2803e+013	1.0000e-010	0.0000e+000
1.630000e+003	2.75551494e-001	-3.12444851e+000	3.15945244e+002	0.00000000e+000	5.2739e+013	1.0000e-010	0.0000e+000
1.640000e+003	2.75583088e-001	-3.12441691e+000	3.14941931e+002	0.00000000e+000	5.2674e+013	1.0000e-010	0.0000e+000
1.650000e+003	2.75614583e-001	-3.12438542e+000	3.13939840e+002	0.00000000e+000	5.2610e+013	1.0000e-010	0.0000e+000
1.660000e+003	2.75645977e-001	-3.12435402e+000	3.12938965e+002	0.00000000e+000	5.2546e+013	1.0000e-010	0.0000e+000
1.670000e+003	2.75677270e-001	-3.12432273e+000	3.11939300e+002	0.00000000e+000	5.2483e+013	1.0000e-010	0.0000e+000
1.680000e+003	2.75708464e-001	-3.12429154e+000	3.10940841e+002	0.00000000e+000	5.2419e+013	1.0000e-010	0.0000e+000
1.690000e+003	2.75739558e-001	-3.12426044e+000	3.09943583e+002	0.00000000e+000	5.2356e+013	1.0000e-010	0.0000e+000
1.700000e+003	2.75770553e-001	-3.12422945e+000	3.08947519e+002	0.00000000e+000	5.2294e+013	1.0000e-010	0.0000e+000
1.710000e+003	2.75801448e-001	-3.12419855e+000	3.07952645e+002	0.00000000e+000	5.2231e+013	1.0000e-010	0.0000e+000
1.720000e+003	2.75832243e-001	-3.12416776e+000	3.06958955e+002	0.00000000e+000	5.2169e+013	1.0000e-010	0.0000e+000
1.730000e+003	2.75862939e-001	-3.12413706e+000	3.05966444e+002	0.00000000e+000	5.2107e+013	1.0000e-010	0.0000e+000
1.740000e+003	2.75893535e-001	-3.12410646e+000	3.04975108e+002	0.00000000e+000	5.2045e+013	1.0000e-010	0.0000e+000
1.750000e+003	2.75924033e-001	-3.12407597e+000	3.03984940e+002	0.00000000e+000	5.1984e+013	1.0000e-010	0.0000e+000
1.760000e+003	2.75954431e-001	-3.12404557e+000	3.02995936e+002	0.00000000e+000	5.1923e+013	1.0000e-010	0.0000e+000
1.770000e+003	2.75984731e-001	-3.12401527e+000	3.02008090e+002	0.00000000e+000	5.1862e+013	1.0000e-010	0.0000e+000
1.780000e+003	2.76014932e-001	-3.12398507e+000	3.01021398e+002	0.00000000e+000	5.1802e+013	1.0000e-010	0.0000e+000
1.790000e+003	2.76045034e-001	-3.12395497e+000	3.00035854e+002	0.00000000e+000	5.1741e+013	1.0000e-010	0.0000e+000
1.800000e+003	2.76075037e-001	-3.12392496e+000	2.99051453e+002	0.00000000e+000	5.1681e+013	1.0000e-010	0.0000e+000
1.810000e+003	2.76104943e-001	-3.12389506e+000	2.98068190e+002	0.00000000e+000	5.1621e+013	1.0000e-010	0.0000e+000
1.820000e+003	2.76134749e-001	-3.12386525e+000	2.97086060e+002	0.00000000e+000	5.1562e+013	1.0000e-010	0.0000e+000
1.830000e+003	2.76164458e-001	-3.12383554e+000	2.96105058e+002	0.00000000e+000	5.1503e+013	1.0000e-010	0.0000e+000
1.840000e+003	2.76194069e-001	-3.12380593e+000	2.95125179e+002	0.00000000e+000	5.1444e+013	1.0000e-010	0.0000e+000
1.850000e+003	2.76223581e-001	-3.12377642e+000	2.94146418e+002	0.00000000e+000	5.1385e+013	1.0000e-010	0.0000e+000
1.860000e+003	2.76252996e-001	-3.12374700e+000	2.93168770e+002	0.00000000e+000	5.1327e+013	1.0000e-010	0.0000e+000
1.870000e+003	2.76282313e-001	-3.12371769e+000	2.92192230e+002	0.00000000e+000	5.1269e+013	1.0000e-010	0.0000e+000
1.880000e+003	2.76311532e-001	-3.12368847e+000	2.91216794e+002	0.00000000e+000	5.1211e+013	1.0000e-010	0.0000e+000
1.890000e+003	2.76340653e-001	-3.12365935e+000	2.90242455e+002	0.00000000e+000	5.1153e+013	1.0000e-010	0.0000e+000
1.900000e+003	2.76369678e-001	-3.12363032e+000	2.89269210e+002	0.00000000e+000	5.1096e+013	1.0000e-010	0.0000e+000
1.910000e+003	2.76398605e-001	-3.12360140e+000	2.88297053e+002	0.00000000e+000	5.1038e+013	1.0000e-010	0.0000e+000
1.920000e+003	2.76427434e-001	-3.12357257e+000	2.87325980e+002	0.00000000e+000	5.0982e+013	1.0000e-010	0.0000e+000
1.930000e+003	2.76456167e-001	-3.12354383e+000	2.86355985e+002	0.00000000e+000	5.0925e+013	1.0000e-010	0.0000e+000
1.940000e+003	2.76484803e-001	-3.12351520e+000	2.85387064e+002	0.00000000e+000	5.0869e+013	1.0000e-010	0.0000e+000
1.950000e+003	2.76513341e-001	-3.12348666e+000	2.84419213e+002	0.00000000e+000	5.0812e+013	1.0000e-010	0.0000e+000
1.960000e+003	2.76541783e-001	-3.12345822e+000	2.83452425e+002	0.00000000e+000	5.0757e+013	1.0000e-010	0.0000e+000
1.970000e+003	2.76570128e-001	-3.12342987e+000	2.82486697e+002	0.00000000e+000	5.0701e+013	1.0000e-010	0.0000e+000
1.980000e+003	2.76598377e-001	-3.12340162e+000	2.81522024e+002	0.00000000e+000	5.0646e+013	1.0000e-010	0.0000e+000
1.990000e+003	2.76626529e-001	-3.12337347e+000	2.80558400e+002	0.00000000e+000	5.0590e+013	1.0000e-010	0.0000e+000
2.000000e+003	2.76654585e-001	-3.12334541e+000	2.79595822e+002	0.00000000e+000	5.0536e+013	1.0000e-010	0.0000e+000
2.010000e+003	2.76682545e-001	-3.12331746e+000	2.78634284e+002	0.00000000e+000	5.0481e+013	1.0000e-010	0.0000e+000
2.020000e+003	2.76710408e-001	-3.12328959e+000	2.77673782e+002	0.00000000e+000	5.0427e+013	1.0000e-010	0.0000e+000
2.030000e+003	2.76738176e-001	-3.12326182e+000	2.76714311e+002	0.00000000e+000	5.0372e+013	1.0000e-010	0.0000e+000
2.040000e+003	2.76765847e-001	-3.12323415e+000	2.75755867e+002	0.00000000e+000	5.0319e+013	1.0000e-010	0.0000e+000
2.050000e+003	2.76793423e-001	-3.12320658e+000	2.74798444e+002	0.00000000e+000	5.0265e+013	1.0000e-010	0.0000e+000
2.060000e+003	2.76820902e-001	-3.12317910e+000	2.73842039e+002	0.00000000e+000	5.0211e+013	1.0000e-010	0.0000e+000
2.070000e+003	2.76848287e-001	-3.12315171e+000	2.72886646e+002	0.00000000e+000	5.0158e+013	1.0000e-010	0.0000e+000
2.080000e+003	2.76875575e-001	-3.12312442e+000	2.71932261e+002	0.00000000e+000	5.0105e+013	1.0000e-010	0.0000e+000
2.090000e+003	2.76902768e-001	-3.12309723e+000	2.70978879e+002	0.00000000e+000	5.0053e+013	1.0000e-010	0.0000e+000
2.100000e+003	2.76929866e-001	-3.12307013e+000	2.70026496e+002	0.00000000e+000	5.0000e+013	1.0000e-010	0.0000e+000
2.110000e+003	2.76956869e-001	-3.12304313e+000	2.69075108e+002	0.00000000e+000	4.9948e+013	1.0000e-010	0.0000e+000
2.120000e+003	2.76983777e-001	-3.12301622e+000	2.68124709e+002	0.00000000e+000	4.9896e+013	1.0000e-010	0.0000e+000
2.130000e+003	2.77010589e-001	-3.12298941e+000	2.67175295e+002	0.00000000e+000	4.9844e+013	1.0000e-010	0.0000e+000
2.140000e+003	2.77037307e-001	-3.12296269e+000	2.66226862e+002	0.00000000e+000	4.9793e+013	1.0000e-010	0.0000e+000
2.150000e+003	2.77063929e-001	-3.12293607e+000	2.65279406e+002	0.00000000e+000	4.9742e+013	1.0000e-010	0.0000e+000
2.160000e+003	2.77090457e-001	-3.12290954e+000	2.64332921e+002	0.00000000e+000	4.9691e+013	1.0000e-010	0.0000e+000
2.170000e+003	2.77116890e-001	-3.12288311e+000	2.63387403e+002	0.00000000e+000	4.9640e+013	1.0000e-010	0.0000e+000
2.180000e+003	2.77143229e-001	-3.12285677e+000	2.62442848e+002	0.00000000e+000	4.9589e+013	1.0000e-010	0.0000e+000
2.190000e+003	2.77169473e-001	-3.12283053e+000	2.61499252e+002	0.00000000e+000	4.9539e+013	1.0000e-010	0.0000e+000
2.200000e+003	2.77195623e-001	-3.12280438e+000	2.60556609e+002	0.00000000e+000	4.9489e+013	1.0000e-010	0.0000e+000
2.210000e+003	2.77221679e-001	-3.12277832e+000	2.59614916e+002	0.00000000e+000	4.9439e+013	1.0000e-010	0.0000e+000
2.220000e+003	2.77247641e-001	-3.12275236e+000	2.58674169e+002	0.00000000e+000	4.9389e+013	1.0000e-010	0.0000e+000
2.230000e+003	2.77273508e-001	-3.12272649e+000	2.57734362e+002	0.00000000e+000	4.9340e+013	1.0000e-010	0.0000e+000
2.240000e+003	2.77299281e-001	-3.12270072e+000	2.56795491e+002	0.00000000e+000	4.9291e+013	1.0000e-010	0.0000e+000
2.250000e+003	2.77324961e-001	-3.12267504e+000	2.55857553e+002	0.00000000e+000	4.9242e+013	1.0000e-010	0.0000e+000
2.260000e+003	2.77350547e-001	-3.12264945e+000	2.54920543e+002	0.00000000e+000	4.9193e+013	1.0000e-010	0.0000e+000
2.270000e+003	2.77376039e-001	-3.12262396e+000	2.53984456e+002	0.00000000e+000	4.9145e+013	1.0000e-010	0.0000e+000
2.280000e+003	2.77401437e-001	-3.12259856e+000	2.53049288e+002	0.00000000e+000	4.9096e+013	1.0000e-010	0.0000e+000
2.290000e+003	2.77426742e-001	-3.12257326e+000	2.52115035e+002	0.00000000e+000	4.9048e+013	1.0000e-010	0.0000e+000
2.300000e+003	2.77451954e-001	-3.12254805e+000	2.51181693e+002	0.00000000e+000	4.9001e+013	1.0000e-010	0.0000e+000
2.310000e+003	2.77477072e-001	-3.12252293e+000	2.50249258e+002	0.00000000e+000	4.8953e+013	1.0000e-010	0.0000e+000
2.320000e+003	2.77502097e-001	-3.12249790e+000	2.49317724e+002	0.00000000e+000	4.8906e+013	1.0000e-010	0.0000e+000
2.330000e+003	2.77527028e-001	-3.12247297e+000	2.48387089e+002	0.00000000e+000	4.8859e+013	1.0000e-010	0.0000e+000
2.340000e+003	2.77551867e-001	-3.12244813e+000	2.47457347e+002	0.00000000e+000	4.8812e+013	1.0000e-010	0.0000e+000
2.350000e+003	2.77576613e-001	-3.12242339e+000	2.46528494e+002	0.00000000e+000	4.8765e+013	1.0000e-010	0.0000e+000
2.360000e+003	2.77601266e-001	-3.12239873e+000	2.45600527e+002	0.00000000e+000	4.8718e+013	1.0000e-010	0.0000e+000
2.370000e+003	2.77625826e-001	-3.12237417e+000	2.44673442e+002	0.00000000e+000	4.8672e+013	1.0000e-010	0.0000e+000
2.380000e+003	2.77650293e-001	-3.12234971e+000	2.43747233e+002	0.00000000e+000	4.8626e+013	1.0000e-010	0.0000e+000
2.390000e+003	2.77674668e-001	-3.12232533e+000	2.42821897e+002	0.00000000e+000	4.8580e+013	1.0000e-010	0.0000e+000
2.400000e+003	2.77698950e-001	-3.12230105e+000	2.41897430e+002	0.00000000e+000	4.8535e+013	1.0000e-010	0.0000e+000
2.410000e+003	2.77723140e-001	-3.12227686e+000	2.40973827e+002	0.00000000e+000	4.8489e+013	1.0000e-010	0.0000e+000
2.420000e+003	2.77747237e-001	-3.12225276e+000	2.40051085e+002	0.00000000e+000	4.8444e+013	1.0000e-010	0.0000e+000
2.430000e+003	2.77771242e-001	-3.12222876e+000	2.39129200e+002	0.00000000e+000	4.8399e+013	1.0000e-010	0.0000e+000
2.440000e+003	2.77795155e-001	-3.12220484e+000	2.38208166e+002	0.00000000e+000	4.8354e+013	1.0000e-010	0.0000e+000
2.450000e+003	2.77818976e-001	-3.12218102e+000	2.37287981e+002	0.00000000e+000	4.8310e+013	1.0000e-010	0.0000e+000
2.460000e+003	2.77842705e-001	-3.12215730e+000	2.36368641e+002	0.00000000e+000	4.8266e+013	1.0000e-010	0.0000e+000
2.470000e+003	2.77866342e-001	-3.12213366e+000	2.35450140e+002	0.00000000e+000	4.8221e+013	1.0000e-010	0.0000e+000
2.480000e+003	2.77889887e-001	-3.12211011e+000	2.34532476e+002	0.00000000e+000	4.8178e+013	1.0000e-010	0.0000e+000
2.490000e+003	2.77913340e-001	-3.12208666e+000	2.33615643e+002	0.00000000e+000	4.8134e+013	1.0000e-010	0.0000e+000
2.500000e+003	2.77936702e-001	-3.12206330e+000	2.32699639e+002	0.00000000e+000	4.8090e+013	1.0000e-010	0.0000e+000
2.510000e+003	2.77959972e-001	-3.12204003e+000	2.31784459e+002	0.00000000e+000	4.8047e+013	1.0000e-010	0.0000e+000
2.520000e+003	2.77983150e-001	-3.12201685e+000	2.30870099e+002	0.00000000e+000	4.8004e+013	1.0000e-010	0.0000e+000
2.530000e+003	2.78006237e-001	-3.12199376e+000	2.29956556e+002	0.00000000e+000	4.7961e+013	1.0000e-010	0.0000e+000
2.540000e+003	2.78029233e-001	-3.12197077e+000	2.29043824e+002	0.00000000e+000	4.7919e+013	1.0000e-010	0.0000e+000
2.550000e+003	2.78052137e-001	-3.12194786e+000	2.28131901e+002	0.00000000e+000	4.7876e+013	1.0000e-010	0.0000e+000
2.560000e+003	2.78074950e-001	-3.12192505e+000	2.27220783e+002	0.00000000e+000	4.7834e+013	1.0000e-010	0.0000e+000
2.570000e+003	2.78097672e-001	-3.12190233e+000	2.26310464e+002	0.00000000e+000	4.7792e+013	1.0000e-010	0.0000e+000
2.580000e+003	2.78120303e-001	-3.12187970e+000	2.25400943e+002	0.00000000e+000	4.7750e+013	1.0000e-010	0.0000e+000
2.590000e+003	2.78142843e-001	-3.12185716e+000	2.24492214e+002	0.00000000e+000	4.7708e+013	1.0000e-010	0.0000e+000
2.600000e+003	2.78165293e-001	-3.12183471e+000	2.23584273e+002	0.00000000e+000	4.7667e+013	1.0000e-010	0.0000e+000
2.610000e+003	2.78187651e-001	-3.12181235e+000	2.22677118e+002	0.00000000e+000	4.7626e+013	1.0000e-010	0.0000e+000
2.620000e+003	2.78209919e-001	-3.12179008e+000	2.21770744e+002	0.00000000e+000	4.7585e+013	1.0000e-010	0.0000e+000
2.630000e+003	2.78232096e-001	-3.12176790e+000	2.20865146e+002	0.00000000e+000	4.7544e+013	1.0000e-010	0.0000e+000
2.640000e+003	2.78254182e-001	-3.12174582e+000	2.19960323e+002	0.00000000e+000	4.7503e+013	1.0000e-010	0.0000e+000
2.650000e+003	2.78276178e-001	-3.12172382e+000	2.19056269e+002	0.00000000e+000	4.7463e+013	1.0000e-010	0.0000e+000
2.660000e+003	2.78298084e-001	-3.12170192e+000	2.18152980e+002	0.00000000e+000	4.7423e+013	1.0000e-010	0.0000e+000
2.670000e+003	2.78319899e-001	-3.12168010e+000	2.17250453e+002	0.00000000e+000	4.7383e+013	1.0000e-010	0.0000e+000
2.680000e+003	2.78341624e-001	-3.12165838e+000	2.16348685e+002	0.00000000e+000	4.7343e+013	1.0000e-010	0.0000e+000
2.690000e+003	2.78363259e-001	-3.12163674e+000	2.15447671e+002	0.00000000e+000	4.7303e+013	1.0000e-010	0.0000e+000
2.700000e+003	2.78384804e-001	-3.12161520e+000	2.14547407e+002	0.00000000e+000	4.7264e+013	1.0000e-010	0.0000e+000
2.710000e+003	2.78406259e-001	-3.12159374e+000	2.13647891e+002	0.00000000e+000	4.7225e+013	1.0000e-010	0.0000e+000
2.720000e+003	2.78427624e-001	-3.12157238e+000	2.12749117e+002	0.00000000e+000	4.7186e+013	1.0000e-010	0.0000e+000
2.730000e+003	2.78448898e-001	-3.12155110e+000	2.11851083e+002	0.00000000e+000	4.7147e+013	1.0000e-010	0.0000e+000
2.740000e+003	2.78470084e-001	-3.12152992e+000	2.10953784e+002	0.00000000e+000	4.7108e+013	1.0000e-010	0.0000e+000
2.750000e+003	2.78491179e-001	-3.12150882e+000	2.10057217e+002	0.00000000e+000	4.7070e+013	1.0000e-010	0.0000e+000
2.760000e+003	2.78512185e-001	-3.12148782e+000	2.09161379e+002	0.00000000e+000	4.7032e+013	1.0000e-010	0.0000e+000
2.770000e+003	2.78533101e-001	-3.12146690e+000	2.08266265e+002	0.00000000e+000	4.6994e+013	1.0000e-010	0.0000e+000
2.780000e+003	2.78553927e-001	-3.12144607e+000	2.07371872e+002	0.00000000e+000	4.6956e+013	1.0000e-010	0.0000e+000
2.790000e+003	2.78574665e-001	-3.12142534e+000	2.06478196e+002	0.00000000e+000	4.6918e+013	1.0000e-010	0.0000e+000
2.800000e+003	2.78595312e-001	-3.12140469e+000	2.05585233e+002	0.00000000e+000	4.6881e+013	1.0000e-010	0.0000e+000
2.810000e+003	2.78615871e-001	-3.12138413e+000	2.04692980e+002	0.00000000e+000	4.6843e+013	1.0000e-010	0.0000e+000
2.820000e+003	2.78636340e-001	-3.12136366e+000	2.03801434e+002	0.00000000e+000	4.6806e+013	1.0000e-010	0.0000e+000
2.830000e+003	2.78656720e-001	-3.12134328e+000	2.02910590e+002	0.00000000e+000	4.6769e+013	1.0000e-010	0.0000e+000
2.840000e+003	2.78677011e-001	-3.12132299e+000	2.02020445e+002	0.00000000e+000	4.6733e+013	1.0000e-010	0.0000e+000
2.850000e+003	2.78697214e-001	-3.12130279e+000	2.01130995e+002	0.00000000e+000	4.6696e+013	1.0000e-010	0.0000e+000
2.860000e+003	2.78717327e-001	-3.12128267e+000	2.00242237e+002	0.00000000e+000	4.6660e+013	1.0000e-010	0.0000e+000
2.870000e+003	2.78737351e-001	-3.12126265e+000	1.99354167e+002	0.00000000e+000	4.6624e+013	1.0000e-010	0.0000e+000
2.880000e+003	2.78757286e-001	-3.12124271e+000	1.98466782e+002	0.00000000e+000	4.6588e+013	1.0000e-010	0.0000e+000
2.890000e+003	2.78777133e-001	-3.12122287e+000	1.97580078e+002	0.00000000e+000	4.6552e+013	1.0000e-010	0.0000e+000
2.900000e+003	2.78796891e-001	-3.12120311e+000	1.96694051e+002	0.00000000e+000	4.6517e+013	1.0000e-010	0.0000e+000
2.910000e+003	2.78816560e-001	-3.12118344e+000	1.95808698e+002	0.00000000e+000	4.6481e+013	1.0000e-010	0.0000e+000
2.920000e+003	2.78836141e-001	-3.12116386e+000	1.94924015e+002	0.00000000e+000	4.6446e+013	1.0000e-010	0.0000e+000
2.930000e+003	2.78855634e-001	-3.12114437e+000	1.94039999e+002	0.00000000e+000	4.6411e+013	1.0000e-010	0.0000e+000
2.940000e+003	2.78875038e-001	-3.12112496e+000	1.93156647e+002	0.00000000e+000	4.6376e+013	1.0000e-010	0.0000e+000
2.950000e+003	2.78894353e-001	-3.12110565e+000	1.92273954e+002	0.00000000e+000	4.6342e+013	1.0000e-010	0.0000e+000
2.960000e+003	2.78913581e-001	-3.12108642e+000	1.91391917e+002	0.00000000e+000	4.6307e+013	1.0000e-010	0.0000e+000
2.970000e+003	2.78932720e-001	-3.12106728e+000	1.90510533e+002	0.00000000e+000	4.6273e+013	1.0000e-010	0.0000e+000
2.980000e+003	2.78951771e-001	-3.12104823e+000	1.89629799e+002	0.00000000e+000	4.6239e+013	1.0000e-010	0.0000e+000
2.990000e+003	2.78970734e-001	-3.12102927e+000	1.88749710e+002	0.00000000e+000	4.6205e+013	1.0000e-010	0.0000e+000
3.000000e+003	2.78989609e-001	-3.12101039e+000	1.87870264e+002	0.00000000e+000	4.6171e+013	1.0000e-010	0.0000e+000
3.010000e+003	2.79008396e-001	-3.12099160e+000	1.86991456e+002	0.00000000e+000	4.6138e+013	1.0000e-010	0.0000e+000
3.020000e+003	2.79027095e-001	-3.12097290e+000	1.86113284e+002	0.00000000e+000	4.6104e+013	1.0000e-010	0.0000e+000
3.030000e+003	2.79045706e-001	-3.12095429e+000	1.85235744e+002	0.00000000e+000	4.6071e+013	1.0000e-010	0.0000e+000
3.040000e+003	2.79064230e-001	-3.12093577e+000	1.84358833e+002	0.00000000e+000	4.6038e+013	1.0000e-010	0.0000e+000
3.050000e+003	2.79082666e-001	-3.12091733e+000	1.83482546e+002	0.00000000e+000	4.6005e+013	1.0000e-010	0.0000e+000
3.060000e+003	2.79101014e-001	-3.12089899e+000	1.82606881e+002	0.00000000e+000	4.5973e+013	1.0000e-010	0.0000e+000
3.070000e+003	2.79119275e-001	-3.12088073e+000	1.81731835e+002	0.00000000e+000	4.5940e+013	1.0000e-010	0.0000e+000
3.080000e+003	2.79137448e-001	-3.12086255e+000	1.80857404e+002	0.00000000e+000	4.5908e+013	1.0000e-010	0.0000e+000
3.090000e+003	2.79155534e-001	-3.12084447e+000	1.79983584e+002	0.00000000e+000	4.5876e+013	1.0000e-010	0.0000e+000
3.100000e+003	2.79173532e-001	-3.12082647e+000	1.79110372e+002	0.00000000e+000	4.5844e+013	1.0000e-010	0.0000e+000
3.110000e+003	2.79191443e-001	-3.12080856e+000	1.78237765e+002	0.00000000e+000	4.5812e+013	1.0000e-010	0.0000e+000
3.120000e+003	2.79209267e-001	-3.12079073e+000	1.77365759e+002	0.00000000e+000	4.5780e+013	1.0000e-010	0.0000e+000
3.130000e+003	2.79227003e-001	-3.12077300e+000	1.76494352e+002	0.00000000e+000	4.5749e+013	1.0000e-010	0.0000e+000
3.140000e+003	2.79244653e-001	-3.12075535e+000	1.75623539e+002	0.00000000e+000	4.5718e+013	1.0000e-010	0.0000e+000
3.150000e+003	2.79262215e-001	-3.12073778e+000	1.74753317e+002	0.00000000e+000	4.5687e+013	1.0000e-010	0.0000e+000
3.160000e+003	2.79279691e-001	-3.12072031e+000	1.73883684e+002	0.00000000e+000	4.5656e+013	1.0000e-010	0.0000e+000
3.170000e+003	2.79297079e-001	-3.12070292e+000	1.73014635e+002	0.00000000e+000	4.5625e+013	1.0000e-010	0.0000e+000
3.180000e+003	2.79314380e-001	-3.12068562e+000	1.72146168e+002	0.00000000e+000	4.5595e+013	1.0000e-010	0.0000e+000
3.190000e+003	2.79331595e-001	-3.12066840e+000	1.71278279e+002	0.00000000e+000	4.5564e+013	1.0000e-010	0.0000e+000
3.200000e+003	2.79348723e-001	-3.12065128e+000	1.70410965e+002	0.00000000e+000	4.5534e+013	1.0000e-010	0.0000e+000
3.210000e+003	2.79365764e-001	-3.12063424e+000	1.69544222e+002	0.00000000e+000	4.5504e+013	1.0000e-010	0.0000e+000
3.220000e+003	2.79382718e-001	-3.12061728e+000	1.68678047e+002	0.00000000e+000	4.5474e+013	1.0000e-010	0.0000e+000
3.230000e+003	2.79399586e-001	-3.12060041e+000	1.67812438e+002	0.00000000e+000	4.5445e+013	1.0000e-010	0.0000e+000
3.240000e+003	2.79416367e-001	-3.12058363e+000	1.66947390e+002	0.00000000e+000	4.5415e+013	1.0000e-010	0.0000e+000
3.250000e+003	2.79433062e-001	-3.12056694e+000	1.66082900e+002	0.00000000e+000	4.5386e+013	1.0000e-010	0.0000e+000
3.260000e+003	2.79449670e-001	-3.12055033e+000	1.65218966e+002	0.00000000e+000	4.5357e+013	1.0000e-010	0.0000e+000
3.270000e+003	2.79466192e-001	-3.12053381e+000	1.64355584e+002	0.00000000e+000	4.5328e+013	1.0000e-010	0.0000e+000
3.280000e+003	2.79482628e-001	-3.12051737e+000	1.63492750e+002	0.00000000e+000	4.5299e+013	1.0000e-010	0.0000e+000
3.290000e+003	2.79498977e-001	-3.12050102e+000	1.62630462e+002	0.00000000e+000	4.5270e+013	1.0000e-010	0.0000e+000
3.300000e+003	2.79515240e-001	-3.12048476e+000	1.61768717e+002	0.00000000e+000	4.5242e+013	1.0000e-010	0.0000e+000
3.310000e+003	2.79531417e-001	-3.12046858e+000	1.60907510e+002	0.00000000e+000	4.5214e+013	1.0000e-010	0.0000e+000
3.320000e+003	2.79547508e-001	-3.12045249e+000	1.60046839e+002	0.00000000e+000	4.5185e+013	1.0000e-010	0.0000e+000
3.330000e+003	2.79563513e-001	-3.12043649e+000	1.59186701e+002	0.00000000e+000	4.5157e+013	1.0000e-010	0.0000e+000
3.340000e+003	2.79579431e-001	-3.12042057e+000	1.58327092e+002	0.00000000e+000	4.5130e+013	1.0000e-010	0.0000e+000
3.350000e+003	2.79595264e-001	-3.12040474e+000	1.57468010e+002	0.00000000e+000	4.5102e+013	1.0000e-010	0.0000e+000
3.360000e+003	2.79611011e-001	-3.12038899e+000	1.56609451e+002	0.00000000e+000	4.5075e+013	1.0000e-010	0.0000e+000
3.370000e+003	2.79626672e-001	-3.12037333e+000	1.55751411e+002	0.00000000e+000	4.5047e+013	1.0000e-010	0.0000e+000
3.380000e+003	2.79642247e-001	-3.12035775e+000	1.54893889e+002	0.00000000e+000	4.5020e+013	1.0000e-010	0.0000e+000
3.390000e+003	2.79657736e-001	-3.12034226e+000	1.54036880e+002	0.00000000e+000	4.4993e+013	1.0000e-010	0.0000e+000
3.400000e+003	2.79673140e-001	-3.12032686e+000	1.53180382e+002	0.00000000e+000	4.4966e+013	1.0000e-010	0.0000e+000
3.410000e+003	2.79688458e-001	-3.12031154e+000	1.52324391e+002	0.00000000e+000	4.4940e+013	1.0000e-010	0.0000e+000
3.420000e+003	2.79703690e-001	-3.12029631e+000	1.51468904e+002	0.00000000e+000	4.4913e+013	1.0000e-010	0.0000e+000
3.430000e+003	2.79718837e-001	-3.12028116e+000	1.50613918e+002	0.00000000e+000	4.4887e+013	1.0000e-010	0.0000e+000
3.440000e+003	2.79733899e-001	-3.12026610e+000	1.49759430e+002	0.00000000e+000	4.4861e+013	1.0000e-010	0.0000e+000
3.450000e+003	2.79748875e-001	-3.12025113e+000	1.48905437e+002	0.00000000e+000	4.4835e+013	1.0000e-010	0.0000e+000
3.460000e+003	2.79763765e-001	-3.12023623e+000	1.48051936e+002	0.00000000e+000	4.4809e+013	1.0000e-010	0.0000e+000
3.470000e+003	2.79778570e-001	-3.12022143e+000	1.47198924e+002	0.00000000e+000	4.4783e+013	1.0000e-010	0.0000e+000
3.480000e+003	2.79793290e-001	-3.12020671e+000	1.46346397e+002	0.00000000e+000	4.4758e+013	1.0000e-010	0.0000e+000
3.490000e+003	2.79807925e-001	-3.12019208e+000	1.45494352e+002	0.00000000e+000	4.4733e+013	1.0000e-010	0.0000e+000
3.500000e+003	2.79822474e-001	-3.12017753e+000	1.44642787e+002	0.00000000e+000	4.4707e+013	1.0000e-010	0.0000e+000
3.510000e+003	2.79836939e-001	-3.12016306e+000	1.43791698e+002	0.00000000e+000	4.4682e+013	1.0000e-010	0.0000e+000
3.520000e+003	2.79851318e-001	-3.12014868e+000	1.42941083e+002	0.00000000e+000	4.4657e+013	1.0000e-010	0.0000e+000
3.530000e+003	2.79865612e-001	-3.12013439e+000	1.42090938e+002	0.00000000e+000	4.4633e+013	1.0000e-010	0.0000e+000
3.540000e+003	2.79879821e-001	-3.12012018e+000	1.41241259e+002	0.00000000e+000	4.4608e+013	1.0000e-010	0.0000e+000
3.550000e+003	2.79893945e-001	-3.12010605e+000	1.40392045e+002	0.00000000e+000	4.4584e+013	1.0000e-010	0.0000e+000
3.560000e+003	2.79907984e-001	-3.12009202e+000	1.39543292e+002	0.00000000e+000	4.4560e+013	1.0000e-010	0.0000e+000
3.570000e+003	2.79921939e-001	-3.12007806e+000	1.38694997e+002	0.00000000e+000	4.4536e+013	1.0000e-010	0.0000e+000
3.580000e+003	2.79935808e-001	-3.12006419e+000	1.37847157e+002	0.00000000e+000	4.4512e+013	1.0000e-010	0.0000e+000
3.590000e+003	2.79949593e-001	-3.12005041e+000	1.36999769e+002	0.00000000e+000	4.4488e+013	1.0000e-010	0.0000e+000
3.600000e+003	2.79963293e-001	-3.12003671e+000	1.36152830e+002	0.00000000e+000	4.4464e+013	1.0000e-010	0.0000e+000
3.610000e+003	2.79976908e-001	-3.12002309e+000	1.35306337e+002	0.00000000e+000	4.4441e+013	1.0000e-010	0.0000e+000
3.620000e+003	2.79990439e-001	-3.12000956e+000	1.34460287e+002	0.00000000e+000	4.4418e+013	1.0000e-010	0.0000e+000
3.630000e+003	2.80003885e-001	-3.11999612e+000	1.33614676e+002	0.00000000e+000	4.4395e+013	1.0000e-010	0.0000e+000
3.640000e+003	2.80017246e-001	-3.11998275e+000	1.32769503e+002	0.00000000e+000	4.4372e+013	1.0000e-010	0.0000e+000
3.650000e+003	2.80030523e-001	-3.11996948e+000	1.31924763e+002	0.00000000e+000	4.4349e+013	1.0000e-010	0.0000e+000
3.660000e+003	2.80043716e-001	-3.11995628e+000	1.31080455e+002	0.00000000e+000	4.4326e+013	1.0000e-010	0.0000e+000
3.670000e+003	2.80056824e-001	-3.11994318e+000	1.30236575e+002	0.00000000e+000	4.4304e+013	1.0000e-010	0.0000e+000
3.680000e+003	2.80069847e-001	-3.11993015e+000	1.29393119e+002	0.00000000e+000	4.4282e+013	1.0000e-010	0.0000e+000
3.690000e+003	2.80082787e-001	-3.11991721e+000	1.28550086e+002	0.00000000e+000	4.4259e+013	1.0000e-010	0.0000e+000
3.700000e+003	2.80095642e-001	-3.11990436e+000	1.27707471e+002	0.00000000e+000	4.4237e+013	1.0000e-010	0.0000e+000
3.710000e+003	2.80108412e-001	-3.11989159e+000	1.26865273e+002	0.00000000e+000	4.4216e+013	1.0000e-010	0.0000e+000
3.720000e+003	2.80121099e-001	-3.11987890e+000	1.26023488e+002	0.00000000e+000	4.4194e+013	1.0000e-010	0.0000e+000
3.730000e+003	2.80133701e-001	-3.11986630e+000	1.25182113e+002	0.00000000e+000	4.4172e+013	1.0000e-010	0.0000e+000
3.740000e+003	2.80146219e-001	-3.11985378e+000	1.24341146e+002	0.00000000e+000	4.4151e+013	1.0000e-010	0.0000e+000
3.750000e+003	2.80158654e-001	-3.11984135e+000	1.23500583e+002	0.00000000e+000	4.4130e+013	1.0000e-010	0.0000e+000
3.760000e+003	2.80171004e-001	-3.11982900e+000	1.22660422e+002	0.00000000e+000	4.4109e+013	1.0000e-010	0.0000e+000
3.770000e+003	2.80183270e-001	-3.11981673e+000	1.21820659e+002	0.00000000e+000	4.4088e+013	1.0000e-010	0.0000e+000
3.780000e+003	2.80195452e-001	-3.11980455e+000	1.20981291e+002	0.00000000e+000	4.4067e+013	1.0000e-010	0.0000e+000
3.790000e+003	2.80207550e-001	-3.11979245e+000	1.20142316e+002	0.00000000e+000	4.4046e+013	1.0000e-010	0.0000e+000
3.800000e+003	2.80219564e-001	-3.11978044e+000	1.19303732e+002	0.00000000e+000	4.4026e+013	1.0000e-010	0.0000e+000
3.810000e+003	2.80231494e-001	-3.11976851e+000	1.18465534e+002	0.00000000e+000	4.4006e+013	1.0000e-010	0.0000e+000
3.820000e+003	2.80243341e-001	-3.11975666e+000	1.17627720e+002	0.00000000e+000	4.3985e+013	1.0000e-010	0.0000e+000
3.830000e+003	2.80255104e-001	-3.11974490e+000	1.16790287e+002	0.00000000e+000	4.3965e+013	1.0000e-010	0.0000e+000
3.840000e+003	2.80266783e-001	-3.11973322e+000	1.15953232e+002	0.00000000e+000	4.3946e+013	1.0000e-010	0.0000e+000
3.850000e+003	2.80278378e-001	-3.11972162e+000	1.15116553e+002	0.00000000e+000	4.3926e+013	1.0000e-010	0.0000e+000
3.860000e+003	2.80289890e-001	-3.11971011e+000	1.14280246e+002	0.00000000e+000	4.3906e+013	1.0000e-010	0.0000e+000
3.870000e+003	2.80301318e-001	-3.11969868e+000	1.13444309e+002	0.00000000e+000	4.3887e+013	1.0000e-010	0.0000e+000
3.880000e+003	2.80312662e-001	-3.11968734e+000	1.12608739e+002	0.00000000e+000	4.3868e+013	1.0000e-010	0.0000e+000
3.890000e+003	2.80323923e-001	-3.11967608e+000	1.11773532e+002	0.00000000e+000	4.3849e+013	1.0000e-010	0.0000e+000
3.900000e+003	2.80335100e-001	-3.11966490e+000	1.10938687e+002	0.00000000e+000	4.3830e+013	1.0000e-010	0.0000e+000
3.910000e+003	2.80346194e-001	-3.11965381e+000	1.10104199e+002	0.00000000e+000	4.3811e+013	1.0000e-010	0.0000e+000
3.920000e+003	2.80357205e-001	-3.11964280e+000	1.09270067e+002	0.00000000e+000	4.3792e+013	1.0000e-010	0.0000e+000
3.930000e+003	2.80368132e-001	-3.11963187e+000	1.08436288e+002	0.00000000e+000	4.3774e+013	1.0000e-010	0.0000e+000
3.940000e+003	2.80378975e-001	-3.11962102e+000	1.07602858e+002	0.00000000e+000	4.3755e+013	1.0000e-010	0.0000e+000
3.950000e+003	2.80389736e-001	-3.11961026e+000	1.06769775e+002	0.00000000e+000	4.3737e+013	1.0000e-010	0.0000e+000
3.960000e+003	2.80400413e-001	-3.11959959e+000	1.05937036e+002	0.00000000e+000	4.3719e+013	1.0000e-010	0.0000e+000
3.970000e+003	2.80411006e-001	-3.11958899e+000	1.05104638e+002	0.00000000e+000	4.3701e+013	1.0000e-010	0.0000e+000
3.980000e+003	2.80421517e-001	-3.11957848e+000	1.04272579e+002	0.00000000e+000	4.3683e+013	1.0000e-010	0.0000e+000
3.990000e+003	2.80431944e-001	-3.11956806e+000	1.03440855e+002	0.00000000e+000	4.3666e+013	1.0000e-010	0.0000e+000
4.000000e+003	2.80442288e-001	-3.11955771e+000	1.02609464e+002	0.00000000e+000	4.3648e+013	1.0000e-010	0.0000e+000
4.010000e+003	2.80452549e-001	-3.11954745e+000	1.01778403e+002	0.00000000e+000	4.3631e+013	1.0000e-010	0.0000e+000
4.020000e+003	2.80462727e-001	-3.11953727e+000	1.00947668e+002	0.00000000e+000	4.3614e+013	1.0000e-010	0.0000e+000
4.030000e+003	2.80472822e-001	-3.11952718e+000	1.00117259e+002	0.00000000e+000	4.3597e+013	1.0000e-010	0.0000e+000
4.040000e+003	2.80482833e-001	-3.11951717e+000	9.92871703e+001	0.00000000e+000	4.3580e+013	1.0000e-010	0.0000e+000
4.050000e+003	2.80492762e-001	-3.11950724e+000	9.84574007e+001	0.00000000e+000	4.3563e+013	1.0000e-010	0.0000e+000
4.060000e+003	2.80502608e-001	-3.11949739e+000	9.76279471e+001	0.00000000e+000	4.3546e+013	1.0000e-010	0.0000e+000
4.070000e+003	2.80512371e-001	-3.11948763e+000	9.67988067e+001	0.00000000e+000	4.3530e+013	1.0000e-010	0.0000e+000
4.080000e+003	2.80522051e-001	-3.11947795e+000	9.59699767e+001	0.00000000e+000	4.3514e+013	1.0000e-010	0.0000e+000
4.090000e+003	2.80531648e-001	-3.11946835e+000	9.51414543e+001	0.00000000e+000	4.3498e+013	1.0000e-010	0.0000e+000
4.100000e+003	2.80541162e-001	-3.11945884e+000	9.43132368e+001	0.00000000e+000	4.3482e+013	1.0000e-010	0.0000e+000
4.110000e+003	2.80550593e-001	-3.11944941e+000	9.34853213e+001	0.00000000e+000	4.3466e+013	1.0000e-010	0.0000e+000
4.120000e+003	2.80559942e-001	-3.11944006e+000	9.26577052e+001	0.00000000e+000	4.3450e+013	1.0000e-010	0.0000e+000
4.130000e+003	2.80569207e-001	-3.11943079e+000	9.18303857e+001	0.00000000e+000	4.3434e+013	1.0000e-010	0.0000e+000
4.140000e+003	2.80578390e-001	-3.11942161e+000	9.10033600e+001	0.00000000e+000	4.3419e+013	1.0000e-010	0.0000e+000
4.150000e+003	2.80587491e-001	-3.11941251e+000	9.01766254e+001	0.00000000e+000	4.3404e+013	1.0000e-010	0.0000e+000
4.160000e+003	2.80596508e-001	-3.11940349e+000	8.93501791e+001	0.00000000e+000	4.3389e+013	1.0000e-010	0.0000e+000
4.170000e+003	2.80605443e-001	-3.11939456e+000	8.85240184e+001	0.00000000e+000	4.3374e+013	1.0000e-010	0.0000e+000
4.180000e+003	2.80614296e-001	-3.11938570e+000	8.76981405e+001	0.00000000e+000	4.3359e+013	1.0000e-010	0.0000e+000
4.190000e+003	2.80623066e-001	-3.11937693e+000	8.68725428e+001	0.00000000e+000	4.3344e+013	1.0000e-010	0.0000e+000
4.200000e+003	2.80631753e-001	-3.11936825e+000	8.60472224e+001	0.00000000e+000	4.3329e+013	1.0000e-010	0.0000e+000
4.210000e+003	2.80640358e-001	-3.11935964e+000	8.52221768e+001	0.00000000e+000	4.3315e+013	1.0000e-010	0.0000e+000
4.220000e+003	2.80648880e-001	-3.11935112e+000	8.43974030e+001	0.00000000e+000	4.3301e+013	1.0000e-010	0.0000e+000
4.230000e+003	2.80657320e-001	-3.11934268e+000	8.35728985e+001	0.00000000e+000	4.3287e+013	1.0000e-010	0.0000e+000
4.240000e+003	2.80665677e-001	-3.11933432e+000	8.27486604e+001	0.00000000e+000	4.3273e+013	1.0000e-010	0.0000e+000
4.250000e+003	2.80673952e-001	-3.11932605e+000	8.19246862e+001	0.00000000e+000	4.3259e+013	1.0000e-010	0.0000e+000
4.260000e+003	2.80682144e-001	-3.11931786e+000	8.11009730e+001	0.00000000e+000	4.3245e+013	1.0000e-010	0.0000e+000
4.270000e+003	2.80690254e-001	-3.11930975e+000	8.02775182e+001	0.00000000e+000	4.3232e+013	1.0000e-010	0.0000e+000
4.280000e+003	2.80698282e-001	-3.11930172e+000	7.94543190e+001	0.00000000e+000	4.3218e+013	1.0000e-010	0.0000e+000
4.290000e+003	2.80706227e-001	-3.11929377e+000	7.86313728e+001	0.00000000e+000	4.3205e+013	1.0000e-010	0.0000e+000
4.300000e+003	2.80714091e-001	-3.11928591e+000	7.78086769e+001	0.00000000e+000	4.3192e+013	1.0000e-010	0.0000e+000
4.310000e+003	2.80721871e-001	-3.11927813e+000	7.69862286e+001	0.00000000e+000	4.3179e+013	1.0000e-010	0.0000e+000
4.320000e+003	2.80729570e-001	-3.11927043e+000	7.61640251e+001	0.00000000e+000	4.3166e+013	1.0000e-010	0.0000e+000
4.330000e+003	2.80737187e-001	-3.11926281e+000	7.53420639e+001	0.00000000e+000	4.3153e+013	1.0000e-010	0.0000e+000
4.340000e+003	2.80744721e-001	-3.11925528e+000	7.45203421e+001	0.00000000e+000	4.3141e+013	1.0000e-010	0.0000e+000
4.350000e+003	2.80752173e-001	-3.11924783e+000	7.36988572e+001	0.00000000e+000	4.3128e+013	1.0000e-010	0.0000e+000
4.360000e+003	2.80759543e-001	-3.11924046e+000	7.28776065e+001	0.00000000e+000	4.3116e+013	1.0000e-010	0.0000e+000
4.370000e+003	2.80766830e-001	-3.11923317e+000	7.20565872e+001	0.00000000e+000	4.3104e+013	1.0000e-010	0.0000e+000
4.380000e+003	2.80774036e-001	-3.11922596e+000	7.12357967e+001	0.00000000e+000	4.3092e+013	1.0000e-010	0.0000e+000
4.390000e+003	2.80781160e-001	-3.11921884e+000	7.04152324e+001	0.00000000e+000	4.3080e+013	1.0000e-010	0.0000e+000
4.400000e+003	2.80788201e-001	-3.11921180e+000	6.95948916e+001	0.00000000e+000	4.3068e+013	1.0000e-010	0.0000e+000
4.410000e+003	2.80795161e-001	-3.11920484e+000	6.87747715e+001	0.00000000e+000	4.3056e+013	1.0000e-010	0.0000e+000
4.420000e+003	2.80802038e-001	-3.11919796e+000	6.79548696e+001	0.00000000e+000	4.3045e+013	1.0000e-010	0.0000e+000
4.430000e+003	2.80808834e-001	-3.11919117e+000	6.71351832e+001	0.00000000e+000	4.3034e+013	1.0000e-010	0.0000e+000
4.440000e+003	2.80815547e-001	-3.11918445e+000	6.63157097e+001	0.00000000e+000	4.3023e+013	1.0000e-010	0.0000e+000
4.450000e+003	2.80822179e-001	-3.11917782e+000	6.54964463e+001	0.00000000e+000	4.3011e+013	1.0000e-010	0.0000e+000
4.460000e+003	2.80828728e-001	-3.11917127e+000	6.46773905e+001	0.00000000e+000	4.3001e+013	1.0000e-010	0.0000e+000
4.470000e+003	2.80835196e-001	-3.11916480e+000	6.38585395e+001	0.00000000e+000	4.2990e+013	1.0000e-010	0.0000e+000
4.480000e+003	2.80841582e-001	-3.11915842e+000	6.30398908e+001	0.00000000e+000	4.2979e+013	1.0000e-010	0.0000e+000
4.490000e+003	2.80847886e-001	-3.11915211e+000	6.22214417e+001	0.00000000e+000	4.2969e+013	1.0000e-010	0.0000e+000
4.500000e+003	2.80854108e-001	-3.11914589e+000	6.14031896e+001	0.00000000e+000	4.2958e+013	1.0000e-010	0.0000e+000
4.510000e+003	2.80860248e-001	-3.11913975e+000	6.05851318e+001	0.00000000e+000	4.2948e+013	1.0000e-010	0.0000e+000
4.520000e+003	2.80866307e-001	-3.11913369e+000	5.97672656e+001	0.00000000e+000	4.2938e+013	1.0000e-010	0.0000e+000
4.530000e+003	2.80872284e-001	-3.11912772e+000	5.89495886e+001	0.00000000e+000	4.2928e+013	1.0000e-010	0.0000e+000
4.540000e+003	2.80878179e-001	-3.11912182e+000	5.81320979e+001	0.00000000e+000	4.2918e+013	1.0000e-010	0.0000e+000
4.550000e+003	2.80883992e-001	-3.11911601e+000	5.73147911e+001	0.00000000e+000	4.2909e+013	1.0000e-010	0.0000e+000
4.560000e+003	2.80889723e-001	-3.11911028e+000	5.64976655e+001	0.00000000e+000	4.2899e+013	1.0000e-010	0.0000e+000
4.570000e+003	2.80895373e-001	-3.11910463e+000	5.56807184e+001	0.00000000e+000	4.2890e+013	1.0000e-010	0.0000e+000
4.580000e+003	2.80900941e-001	-3.11909906e+000	5.48639472e+001	0.00000000e+000	4.2881e+013	1.0000e-010	0.0000e+000
4.590000e+003	2.80906428e-001	-3.11909357e+000	5.40473494e+001	0.00000000e+000	4.2872e+013	1.0000e-010	0.0000e+000
4.600000e+003	2.80911832e-001	-3.11908817e+000	5.32309223e+001	0.00000000e+000	4.2863e+013	1.0000e-010	0.0000e+000
4.610000e+003	2.80917155e-001	-3.11908284e+000	5.24146632e+001	0.00000000e+000	4.2854e+013	1.0000e-010	0.0000e+000
4.620000e+003	2.80922397e-001	-3.11907760e+000	5.15985697e+001	0.00000000e+000	4.2845e+013	1.0000e-010	0.0000e+000
4.630000e+003	2.80927557e-001	-3.11907244e+000	5.07826390e+001	0.00000000e+000	4.2837e+013	1.0000e-010	0.0000e+000
4.640000e+003	2.80932635e-001	-3.11906737e+000	4.99668686e+001	0.00000000e+000	4.2828e+013	1.0000e-010	0.0000e+000
4.650000e+003	2.80937632e-001	-3.11906237e+000	4.91512558e+001	0.00000000e+000	4.2820e+013	1.0000e-010	0.0000e+000
4.660000e+003	2.80942547e-001	-3.11905745e+000	4.83357981e+001	0.00000000e+000	4.2812e+013	1.0000e-010	0.0000e+000
4.670000e+003	2.80947380e-001	-3.11905262e+000	4.75204928e+001	0.00000000e+000	4.2804e+013	1.0000e-010	0.0000e+000
4.680000e+003	2.80952132e-001	-3.11904787e+000	4.67053374e+001	0.00000000e+000	4.2796e+013	1.0000e-010	0.0000e+000
4.690000e+003	2.80956803e-001	-3.11904320e+000	4.58903293e+001	0.00000000e+000	4.2788e+013	1.0000e-010	0.0000e+000
4.700000e+003	2.80961392e-001	-3.11903861e+000	4.50754658e+001	0.00000000e+000	4.2780e+013	1.0000e-010	0.0000e+000
4.710000e+003	2.80965899e-001	-3.11903410e+000	4.42607444e+001	0.00000000e+000	4.2773e+013	1.0000e-010	0.0000e+000
4.720000e+003	2.80970326e-001	-3.11902967e+000	4.34461624e+001	0.00000000e+000	4.2766e+013	1.0000e-010	0.0000e+000
4.730000e+003	2.80974670e-001	-3.11902533e+000	4.26317174e+001	0.00000000e+000	4.2759e+013	1.0000e-010	0.0000e+000
4.740000e+003	2.80978933e-001	-3.11902107e+000	4.18174066e+001	0.00000000e+000	4.2751e+013	1.0000e-010	0.0000e+000
4.750000e+003	2.80983115e-001	-3.11901688e+000	4.10032275e+001	0.00000000e+000	4.2745e+013	1.0000e-010	0.0000e+000
4.760000e+003	2.80987215e-001	-3.11901278e+000	4.01891776e+001	0.00000000e+000	4.2738e+013	1.0000e-010	0.0000e+000
4.770000e+003	2.80991234e-001	-3.11900877e+000	3.93752542e+001	0.00000000e+000	4.2731e+013	1.0000e-010	0.0000e+000
4.780000e+003	2.80995172e-001	-3.11900483e+000	3.85614548e+001	0.00000000e+000	4.2725e+013	1.0000e-010	0.0000e+000
4.790000e+003	2.80999028e-001	-3.11900097e+000	3.77477767e+001	0.00000000e+000	4.2718e+013	1.0000e-010	0.0000e+000
4.800000e+003	2.81002803e-001	-3.11899720e+000	3.69342175e+001	0.00000000e+000	4.2712e+013	1.0000e-010	0.0000e+000
4.810000e+003	2.81006496e-001	-3.11899350e+000	3.61207744e+001	0.00000000e+000	4.2706e+013	1.0000e-010	0.0000e+000
4.820000e+003	2.81010108e-001	-3.11898989e+000	3.53074451e+001	0.00000000e+000	4.2700e+013	1.0000e-010	0.0000e+000
4.830000e+003	2.81013639e-001	-3.11898636e+000	3.44942268e+001	0.00000000e+000	4.2694e+013	1.0000e-010	0.0000e+000
4.840000e+003	2.81017088e-001	-3.11898291e+000	3.36811170e+001	0.00000000e+000	4.2688e+013	1.0000e-010	0.0000e+000
4.850000e+003	2.81020457e-001	-3.11897954e+000	3.28681131e+001	0.00000000e+000	4.2683e+013	1.0000e-010	0.0000e+000
4.860000e+003	2.81023743e-001	-3.11897626e+000	3.20552126e+001	0.00000000e+000	4.2677e+013	1.0000e-010	0.0000e+000
4.870000e+003	2.81026949e-001	-3.11897305e+000	3.12424128e+001	0.00000000e+000	4.2672e+013	1.0000e-010	0.0000e+000
4.880000e+003	2.81030073e-001	-3.11896993e+000	3.04297113e+001	0.00000000e+000	4.2667e+013	1.0000e-010	0.0000e+000
4.890000e+003	2.81033116e-001	-3.11896688e+000	2.96171055e+001	0.00000000e+000	4.2662e+013	1.0000e-010	0.0000e+000
4.900000e+003	2.81036078e-001	-3.11896392e+000	2.88045927e+001	0.00000000e+000	4.2657e+013	1.0000e-010	0.0000e+000
4.910000e+003	2.81038958e-001	-3.11896104e+000	2.79921705e+001	0.00000000e+000	4.2652e+013	1.0000e-010	0.0000e+000
4.920000e+003	2.81041757e-001	-3.11895824e+000	2.71798362e+001	0.00000000e+000	4.2648e+013	1.0000e-010	0.0000e+000
4.930000e+003	2.81044475e-001	-3.11895552e+000	2.63675873e+001	0.00000000e+000	4.2643e+013	1.0000e-010	0.0000e+000
4.940000e+003	2.81047112e-001	-3.11895289e+000	2.55554213e+001	0.00000000e+000	4.2639e+013	1.0000e-010	0.0000e+000
4.950000e+003	2.81049668e-001	-3.11895033e+000	2.47433355e+001	0.00000000e+000	4.2635e+013	1.0000e-010	0.0000e+000
4.960000e+003	2.81052142e-001	-3.11894786e+000	2.39313275e+001	0.00000000e+000	4.2631e+013	1.0000e-010	0.0000e+000
4.970000e+003	2.81054535e-001	-3.11894546e+000	2.31193946e+001	0.00000000e+000	4.2627e+013	1.0000e-010	0.0000e+000
4.980000e+003	2.81056847e-001	-3.11894315e+000	2.23075344e+001	0.00000000e+000	4.2623e+013	1.0000e-010	0.0000e+000
4.990000e+003	2.81059078e-001	-3.11894092e+000	2.14957442e+001	0.00000000e+000	4.2619e+013	1.0000e-010	0.0000e+000
5.000000e+003	2.81061228e-001	-3.11893877e+000	2.06840215e+001	0.00000000e+000	4.2616e+013	1.0000e-010	0.0000e+000
5.010000e+003	2.81063296e-001	-3.11893670e+000	1.98723637e+001	0.00000000e+000	4.2612e+013	1.0000e-010	0.0000e+000
5.020000e+003	2.81065283e-001	-3.11893472e+000	1.90607683e+001	0.00000000e+000	4.2609e+013	1.0000e-010	0.0000e+000
5.030000e+003	2.81067189e-001	-3.11893281e+000	1.82492328e+001	0.00000000e+000	4.2606e+013	1.0000e-010	0.0000e+000
5.040000e+003	2.81069014e-001	-3.11893099e+000	1.74377545e+001	0.00000000e+000	4.2603e+013	1.0000e-010	0.0000e+000
5.050000e+003	2.81070758e-001	-3.11892924e+000	1.66263310e+001	0.00000000e+000	4.2600e+013	1.0000e-010	0.0000e+000
5.060000e+003	2.81072421e-001	-3.11892758e+000	1.58149597e+001	0.00000000e+000	4.2597e+013	1.0000e-010	0.0000e+000
5.070000e+003	2.81074002e-001	-3.11892600e+000	1.50036380e+001	0.00000000e+000	4.2595e+013	1.0000e-010	0.0000e+000
5.080000e+003	2.81075502e-001	-3.11892450e+000	1.41923634e+001	0.00000000e+000	4.2592e+013	1.0000e-010	0.0000e+000
5.090000e+003	2.81076922e-001	-3.11892308e+000	1.33811333e+001	0.00000000e+000	4.2590e+013	1.0000e-010	0.0000e+000
5.100000e+003	2.81078260e-001	-3.11892174e+000	1.25699452e+001	0.00000000e+000	4.2588e+013	1.0000e-010	0.0000e+000
5.110000e+003	2.81079517e-001	-3.11892048e+000	1.17587966e+001	0.00000000e+000	4.2585e+013	1.0000e-010	0.0000e+000
5.120000e+003	2.81080693e-001	-3.11891931e+000	1.09476848e+001	0.00000000e+000	4.2584e+013	1.0000e-010	0.0000e+000
5.130000e+003	2.81081787e-001	-3.11891821e+000	1.01366074e+001	0.00000000e+000	4.2582e+013	1.0000e-010	0.0000e+000
5.140000e+003	2.81082801e-001	-3.11891720e+000	9.32556179e+000	0.00000000e+000	4.2580e+013	1.0000e-010	0.0000e+000
5.150000e+003	2.81083734e-001	-3.11891627e+000	8.51454544e+000	0.00000000e+000	4.2579e+013	1.0000e-010	0.0000e+000
5.160000e+003	2.81084585e-001	-3.11891541e+000	7.70355580e+000	0.00000000e+000	4.2577e+013	1.0000e-010	0.0000e+000
5.170000e+003	2.81085355e-001	-3.11891464e+000	6.89259033e+000	0.00000000e+000	4.2576e+013	1.0000e-010	0.0000e+000
5.180000e+003	2.81086045e-001	-3.11891396e+000	6.08164648e+000	0.00000000e+000	4.2575e+013	1.0000e-010	0.0000e+000
5.190000e+003	2.81086653e-001	-3.11891335e+000	5.27072171e+000	0.00000000e+000	4.2574e+013	1.0000e-010	0.0000e+000
5.200000e+003	2.81087180e-001	-3.11891282e+000	4.45981347e+000	0.00000000e+000	4.2573e+013	1.0000e-010	0.0000e+000
5.210000e+003	2.81087626e-001	-3.11891237e+000	3.64891921e+000	0.00000000e+000	4.2572e+013	1.0000e-010	0.0000e+000
5.220000e+003	2.81087991e-001	-3.11891201e+000	2.83803641e+000	0.00000000e+000	4.2572e+013	1.0000e-010	0.0000e+000
5.230000e+003	2.81088275e-001	-3.11891173e+000	2.02716251e+000	0.00000000e+000	4.2571e+013	1.0000e-010	0.0000e+000
5.240000e+003	2.81088477e-001	-3.11891152e+000	1.21629496e+000	0.00000000e+000	4.2571e+013	1.0000e-010	0.0000e+000
5.250000e+003	2.81088599e-001	-3.11891140e+000	4.05431229e-001	0.00000000e+000	4.2571e+013	1.0000e-010	0.0000e+000
5.260000e+003	2.81088639e-001	-3.11891136e+000	4.05431229e-001	0.00000000e+000	4.2570e+013	1.0000e-010	0.0000e+000
