Y (ang)	el Psi 1	el Psi 2	el Psi 3	el Psi 4	el Psi 5	el Psi 6	el Psi 7	el Psi 8	el Psi 9	el Psi 10	el Psi 11	el Psi 12	el Psi 13	el Psi 14
2.000000e+001	1.3512e-015	3.0156e-005	1.4418e-014	3.7056e-032	-1.9539e-014	3.2189e-014	-5.4187e-014	9.2209e-014	-1.5930e-013	2.8196e-013	-5.1881e-013	1.0186e-012	-2.2607e-012	6.8400e-012
3.000000e+001	9.6665e-015	2.0845e-004	9.7213e-014	2.4402e-031	-1.2811e-013	2.0704e-013	-3.4318e-013	5.7618e-013	-9.8337e-013	1.7209e-012	-3.1329e-012	6.0886e-012	-1.3381e-011	4.0101e-011
4.000000e+001	6.9903e-014	1.4560e-003	6.6216e-013	1.6229e-030	-8.4831e-013	1.3445e-012	-2.1938e-012	3.6333e-012	-6.1247e-012	1.0596e-011	-1.9080e-011	3.6697e-011	-7.9845e-011	2.3698e-010
5.000000e+001	4.5090e-013	9.0331e-003	3.9931e-012	9.5256e-030	-4.9544e-012	7.6804e-012	-1.2311e-011	2.0073e-011	-3.3362e-011	5.6959e-011	-1.0129e-010	1.9251e-010	-4.1406e-010	1.2153e-009
6.000000e+001	2.5480e-012	4.8808e-002	2.0878e-011	4.8265e-029	-2.4958e-011	3.7702e-011	-5.9177e-011	9.4738e-011	-1.5484e-010	2.6027e-010	-4.5605e-010	8.5447e-010	-1.8127e-009	5.2497e-009
7.000000e+001	1.2348e-011	2.2435e-001	9.2292e-011	2.0546e-028	-1.0551e-010	1.5448e-010	-2.3638e-010	3.7004e-010	-5.9254e-010	9.7701e-010	-1.6808e-009	3.0941e-009	-6.4525e-009	1.8377e-008
8.000000e+001	1.3472e-011	1.8806e-001	6.0887e-011	1.0145e-028	-4.8913e-011	5.1184e-011	-5.3496e-011	5.0354e-011	-3.2643e-011	-1.9048e-011	1.5018e-010	-4.8120e-010	1.4113e-009	-5.1355e-009
9.000000e+001	1.4130e-011	9.9841e-002	2.3205e-012	-6.3783e-029	3.8587e-011	-9.0842e-011	1.7514e-010	-3.1667e-010	5.6041e-010	-9.9444e-010	1.8085e-009	-3.4736e-009	7.4830e-009	-2.1839e-008
1.000000e+002	2.2316e-011	4.0704e-002	-5.5964e-011	-2.2672e-028	1.2360e-010	-2.1569e-010	3.5337e-010	-5.6575e-010	9.0234e-010	-1.4551e-009	2.4132e-009	-4.2294e-009	8.2994e-009	-2.1982e-008
1.100000e+002	5.3585e-011	1.3836e-002	-1.4911e-010	-4.9523e-028	2.6265e-010	-4.0790e-010	6.0707e-010	-8.8784e-010	1.2924e-009	-1.8922e-009	2.8223e-009	-4.3829e-009	7.4488e-009	-1.6479e-008
1.200000e+002	1.6420e-010	4.1135e-003	-4.0169e-010	-1.2154e-027	6.3374e-010	-9.0958e-010	1.2614e-009	-1.7208e-009	2.3283e-009	-3.1434e-009	4.2624e-009	-5.8686e-009	8.4272e-009	-1.4100e-008
1.300000e+002	5.8247e-010	1.1049e-003	-1.2416e-009	-3.5215e-027	1.8138e-009	-2.4588e-009	3.2441e-009	-4.2202e-009	5.4429e-009	-6.9824e-009	8.9347e-009	-1.1445e-008	1.4787e-008	-1.9934e-008
1.400000e+002	2.2899e-009	2.7465e-004	-4.3188e-009	-1.1619e-026	5.9249e-009	-7.6748e-009	9.7442e-009	-1.2239e-008	1.5264e-008	-1.8940e-008	2.3416e-008	-2.8882e-008	3.5609e-008	-4.4148e-008
1.500000e+002	9.7195e-009	6.4412e-005	-1.6411e-008	-4.2142e-026	2.1303e-008	-2.6528e-008	3.2597e-008	-3.9763e-008	4.8256e-008	-5.8331e-008	7.0292e-008	-8.4507e-008	1.0143e-007	-1.2168e-007
1.600000e+002	4.3687e-008	1.4484e-005	-6.6560e-008	-1.6376e-025	8.2124e-008	-9.8659e-008	1.1770e-007	-1.3986e-007	1.6567e-007	-1.9571e-007	2.3069e-007	-2.7142e-007	3.1891e-007	-3.7434e-007
1.700000e+002	2.0467e-007	3.1679e-006	-2.8283e-007	-6.6834e-025	3.3266e-007	-3.8639e-007	4.4838e-007	-5.1995e-007	6.0220e-007	-6.9649e-007	8.0444e-007	-9.2805e-007	1.0696e-006	-1.2320e-006
1.800000e+002	9.8565e-007	6.8281e-007	-1.2395e-006	-2.8175e-024	1.3923e-006	-1.5657e-006	1.7694e-006	-2.0045e-006	2.2723e-006	-2.5755e-006	2.9179e-006	-3.3040e-006	3.7395e-006	-4.2310e-006
1.900000e+002	4.8184e-006	1.4689e-007	-5.5240e-006	-1.2087e-023	5.9310e-006	-6.4620e-006	7.1165e-006	-7.8804e-006	8.7486e-006	-9.7232e-006	1.0811e-005	-1.2022e-005	1.3368e-005	-1.4867e-005
2.000000e+002	2.3623e-005	3.1946e-008	-2.4701e-005	-5.2043e-023	2.5357e-005	-2.6772e-005	2.8736e-005	-3.1109e-005	3.3828e-005	-3.6870e-005	4.0238e-005	-4.3948e-005	4.8025e-005	-5.2504e-005
2.100000e+002	1.1478e-004	7.1176e-009	-1.0936e-004	-2.2178e-022	1.0730e-004	-1.0974e-004	1.1478e-004	-1.2145e-004	1.2932e-004	-1.3820e-004	1.4801e-004	-1.5875e-004	1.7044e-004	-1.8314e-004
2.200000e+002	5.4583e-004	1.6486e-009	-4.7289e-004	-9.2218e-022	4.4291e-004	-4.3848e-004	4.4653e-004	-4.6151e-004	4.8093e-004	-5.0363e-004	5.2903e-004	-5.5688e-004	5.8709e-004	-6.1968e-004
2.300000e+002	2.5072e-003	4.0360e-010	-1.9677e-003	-3.6836e-021	1.7557e-003	-1.6800e-003	1.6637e-003	-1.6777e-003	1.7091e-003	-1.7520e-003	1.8032e-003	-1.8610e-003	1.9246e-003	-1.9935e-003
2.400000e+002	1.0959e-002	1.0590e-010	-7.7467e-003	-1.3886e-020	6.5653e-003	-6.0576e-003	5.8224e-003	-5.7181e-003	5.6852e-003	-5.6954e-003	5.7340e-003	-5.7928e-003	5.8671e-003	-5.9540e-003
2.500000e+002	4.4798e-002	2.7919e-011	-2.8284e-002	-4.8357e-020	2.2662e-002	-2.0094e-002	1.8690e-002	-1.7828e-002	1.7254e-002	-1.6849e-002	1.6552e-002	-1.6327e-002	1.6154e-002	-1.6019e-002
2.600000e+002	1.6760e-001	-1.3556e-012	-9.3351e-002	-1.5136e-019	7.0229e-002	-5.9527e-002	5.3335e-002	-4.9203e-002	4.6162e-002	-4.3764e-002	4.1778e-002	-4.0072e-002	3.8568e-002	-3.7214e-002
2.700000e+002	1.8220e-001	-2.9428e-011	-5.9745e-002	-7.0563e-020	3.0515e-002	-1.7552e-002	9.7751e-003	-4.2706e-003	-1.4909e-005	3.5477e-003	-6.5663e-003	9.2071e-003	-1.1555e-002	1.3665e-002
2.800000e+002	1.4487e-001	-4.2003e-011	1.5474e-002	7.0479e-020	-3.6122e-002	4.2099e-002	-4.4594e-002	4.5745e-002	-4.6173e-002	4.6121e-002	-4.5714e-002	4.5027e-002	-4.4111e-002	4.3005e-002
2.900000e+002	9.9174e-002	-4.2009e-011	8.3433e-002	1.6737e-019	-7.9101e-002	6.8925e-002	-5.9790e-002	5.1708e-002	-4.4371e-002	3.7583e-002	-3.1234e-002	2.5263e-002	-1.9637e-002	1.4336e-002
3.000000e+002	6.2019e-002	-3.5485e-011	1.2425e-001	1.8348e-019	-8.1651e-002	5.1923e-002	-3.1064e-002	1.5313e-002	-2.8639e-003	-7.1991e-003	1.5396e-002	-2.2054e-002	2.7401e-002	-3.1609e-002
3.100000e+002	3.6425e-002	-2.7004e-011	1.3711e-001	1.2945e-019	-5.0657e-002	7.1110e-003	1.7366e-002	-3.2090e-002	4.0919e-002	-4.5761e-002	4.7722e-002	-4.7530e-002	4.5702e-002	-4.2633e-002
3.200000e+002	2.0408e-002	-1.9100e-011	1.2960e-001	3.5822e-020	-2.7272e-003	-4.0965e-002	5.6109e-002	-5.8879e-002	5.5319e-002	-4.8282e-002	3.9365e-002	-2.9571e-002	1.9568e-002	-9.8193e-003
3.300000e+002	1.1014e-002	-1.2782e-011	1.1083e-001	-6.6549e-020	4.5946e-002	-7.2761e-002	6.7015e-002	-5.1476e-002	3.3409e-002	-1.5755e-002	-1.2267e-004	1.3587e-002	-2.4384e-002	3.2485e-002
3.400000e+002	5.7645e-003	-8.1853e-012	8.8157e-002	-1.5611e-019	8.4464e-002	-7.9396e-002	4.8130e-002	-1.6837e-002	-8.7070e-003	2.7395e-002	-3.9520e-002	4.5868e-002	-4.7391e-002	4.5067e-002
3.500000e+002	2.9392e-003	-5.0541e-012	6.6290e-002	-2.2254e-019	1.0806e-001	-6.2099e-002	9.9879e-003	2.5963e-002	-4.5943e-002	5.3289e-002	-5.1458e-002	4.3465e-002	-3.1794e-002	1.8414e-002
3.600000e+002	1.4650e-003	-3.0253e-012	4.7621e-002	-2.6470e-019	1.1680e-001	-2.8513e-002	-3.1761e-002	5.7194e-002	-5.9230e-002	4.7700e-002	-2.9654e-002	9.8953e-003	8.4593e-003	-2.3550e-002
3.700000e+002	7.1569e-004	-1.7626e-012	3.2920e-002	-2.8729e-019	1.1357e-001	1.1552e-002	-6.3157e-002	6.4946e-002	-4.3719e-002	1.5604e-002	1.0555e-002	-3.0423e-002	4.2449e-002	-4.6759e-002
3.800000e+002	3.4336e-004	-1.0025e-012	2.2016e-002	-2.9781e-019	1.0233e-001	4.9362e-002	-7.5987e-002	4.8113e-002	-8.3501e-003	-2.4665e-002	4.4550e-002	-5.0966e-002	4.6367e-002	-3.4224e-002
3.900000e+002	1.6204e-004	-5.5807e-013	1.4300e-002	-3.0462e-019	8.6906e-002	7.8991e-002	-6.8723e-002	1.4488e-002	3.0565e-002	-5.2744e-002	5.3636e-002	-3.9887e-002	1.8806e-002	3.4610e-003
4.000000e+002	7.5317e-005	-3.0459e-013	9.0492e-003	-3.1603e-019	7.0314e-002	9.7703e-002	-4.5178e-002	-2.3794e-002	5.7341e-002	-5.6208e-002	3.4209e-002	-5.1564e-003	-2.1004e-002	3.8698e-002
4.100000e+002	3.4517e-005	-1.6325e-013	5.5924e-003	-3.4038e-019	5.4601e-002	1.0545e-001	-1.2100e-002	-5.5044e-002	6.2829e-002	-3.4898e-002	-2.5174e-003	3.2498e-002	-4.7677e-002	4.7565e-002
4.200000e+002	1.5611e-005	-8.6039e-014	3.3820e-003	-3.8706e-019	4.0912e-002	1.0394e-001	2.3233e-002	-7.1377e-002	4.6536e-002	9.3592e-004	-3.8032e-002	5.2523e-002	-4.5703e-002	2.5188e-002
4.300000e+002	6.9724e-006	-4.4635e-014	2.0046e-003	-4.6819e-019	2.9700e-002	9.5759e-002	5.4781e-002	-7.0043e-002	1.5202e-002	3.6403e-002	-5.6142e-002	4.5291e-002	-1.7339e-002	-1.3143e-002
4.400000e+002	3.0775e-006	-2.2813e-014	1.1662e-003	-6.0155e-019	2.0955e-002	8.3583e-002	7.8635e-002	-5.2948e-002	-2.0703e-002	5.8393e-002	-4.9823e-002	1.5573e-002	2.0646e-002	-4.3445e-002
4.500000e+002	1.3431e-006	-1.1497e-014	6.6662e-004	-8.1508e-019	1.4406e-002	6.9737e-002	9.3156e-002	-2.5091e-002	-5.0833e-002	6.0035e-002	-2.2907e-002	-2.1538e-002	4.7623e-002	-4.8152e-002
4.600000e+002	5.7985e-007	-5.7168e-015	3.7479e-004	-1.1544e-018	9.6690e-003	5.5964e-002	9.8580e-002	7.3391e-003	-6.7852e-002	4.2021e-002	1.2996e-002	-4.8877e-002	5.0213e-002	-2.5503e-002
4.700000e+002	2.4774e-007	-2.8064e-015	2.0742e-004	-1.6955e-018	6.3472e-003	4.3398e-002	9.6396e-002	3.8582e-002	-6.8762e-002	1.1109e-002	4.4066e-002	-5.5043e-002	2.8116e-002	1.1112e-002
4.800000e+002	1.0479e-007	-1.3607e-015	1.1309e-004	-2.5669e-018	4.0808e-003	3.2633e-002	8.8698e-002	6.4354e-002	-5.4718e-002	-2.2991e-002	5.9630e-002	-3.8463e-002	-7.2415e-003	4.1863e-002
4.900000e+002	4.3895e-008	-6.5201e-016	6.0775e-005	-3.9885e-018	2.5729e-003	2.3861e-002	7.7660e-002	8.2261e-002	-2.9846e-002	-5.0943e-002	5.5376e-002	-6.7410e-003	-3.9325e-002	5.1344e-002
5.000000e+002	1.8214e-008	-3.0885e-016	3.2214e-005	-6.3413e-018	1.5923e-003	1.7003e-002	6.5187e-002	9.1691e-002	3.6150e-004	-6.6248e-002	3.3780e-002	2.7506e-002	-5.4384e-002	3.5721e-002
5.100000e+002	7.4888e-009	-1.4468e-016	1.6850e-005	-1.0294e-017	9.6830e-004	1.1830e-002	5.2738e-002	9.3400e-002	3.0511e-002	-6.6357e-002	2.2418e-003	5.1970e-002	-4.6923e-002	3.3065e-003
5.200000e+002	3.0516e-009	-6.7048e-017	8.7010e-006	-1.7037e-017	5.7900e-004	8.0488e-003	4.1288e-002	8.8979e-002	5.6349e-002	-5.2475e-002	-2.9914e-002	5.8916e-002	-2.0904e-002	-3.0601e-002
5.300000e+002	1.2327e-009	-3.0747e-017	4.4375e-006	-2.8707e-017	3.4069e-004	5.3622e-003	3.1378e-002	8.0349e-002	7.5256e-002	-2.8493e-002	-5.4370e-002	4.7082e-002	1.3000e-002	-5.1253e-002
5.400000e+002	4.9368e-010	-1.3956e-017	2.2360e-006	-4.9200e-017	1.9738e-004	3.5021e-003	2.3205e-002	6.9374e-002	8.6272e-002	4.5855e-004	-6.5815e-002	2.1093e-002	4.2236e-002	-5.0632e-002
5.500000e+002	1.9607e-010	-6.2717e-018	1.1135e-006	-8.5699e-017	1.1267e-004	2.2443e-003	1.6733e-002	5.7619e-002	8.9788e-002	2.9338e-002	-6.2690e-002	-1.0858e-002	5.7064e-002	-2.9903e-002
5.600000e+002	7.7232e-011	-2.7910e-018	5.4824e-007	-1.5160e-016	6.3390e-005	1.4126e-003	1.1786e-002	4.6238e-002	8.7092e-002	5.4149e-002	-4.6801e-002	-3.9933e-002	5.3439e-002	2.1698e-003
5.700000e+002	3.0177e-011	-1.2302e-018	2.6693e-007	-2.7218e-016	3.5172e-005	8.7389e-004	8.1198e-003	3.5974e-002	7.9908e-002	7.2404e-002	-2.2207e-002	-5.9132e-002	3.3475e-002	3.3458e-002
5.800000e+002	1.1698e-011	-5.3719e-019	1.2856e-007	-4.9569e-016	1.9253e-005	5.3173e-004	5.4784e-003	2.7207e-002	7.0002e-002	8.3161e-002	6.1276e-003	-6.4741e-002	3.8621e-003	5.3228e-002
5.900000e+002	4.4993e-012	-2.3242e-019	6.1258e-008	-9.1528e-016	1.0401e-005	3.1841e-004	3.6238e-003	2.0045e-002	5.8930e-002	8.6752e-002	3.3537e-002	-5.6596e-002	-2.6797e-002	5.5601e-002
6.000000e+002	1.7173e-012	-9.9652e-020	2.8887e-008	-1.7128e-015	5.5479e-006	1.8776e-004	2.3521e-003	1.4414e-002	4.7896e-002	8.4368e-002	5.6459e-002	-3.7408e-002	-5.0661e-002	4.0762e-002
6.100000e+002	6.5048e-013	-4.2348e-020	1.3484e-008	-3.2469e-015	2.9226e-006	1.0908e-004	1.4994e-003	1.0131e-002	3.7716e-002	7.7625e-002	7.2798e-002	-1.1564e-002	-6.2551e-002	1.4006e-002
6.200000e+002	2.4456e-013	-1.7840e-020	6.2308e-009	-6.2331e-015	1.5210e-006	6.2458e-005	9.3935e-004	6.9686e-003	2.8856e-002	6.8202e-002	8.1897e-002	1.6140e-002	-6.0729e-002	-1.6604e-002
6.300000e+002	9.1268e-014	-7.4506e-021	2.8511e-009	-1.2113e-014	7.8220e-007	3.5266e-005	5.7876e-004	4.6965e-003	2.1498e-002	5.7587e-002	8.4249e-002	4.1524e-002	-4.6631e-002	-4.2928e-002
6.400000e+002	3.3813e-014	-3.0854e-021	1.2920e-009	-2.3824e-014	3.9762e-007	1.9643e-005	3.5091e-004	3.1043e-003	1.5625e-002	4.6948e-002	8.1094e-002	6.1646e-002	-2.3900e-002	-5.8901e-002
6.500000e+002	1.2437e-014	-1.2670e-021	5.7995e-010	-4.7405e-014	1.9984e-007	1.0797e-005	2.0947e-004	2.0141e-003	1.1096e-002	3.7083e-002	7.4014e-002	7.5004e-002	2.8500e-003	-6.1671e-002
6.600000e+002	4.5421e-015	-5.1605e-022	2.5790e-010	-9.5408e-014	9.9328e-008	5.8581e-006	1.2318e-004	1.2837e-003	7.7091e-003	2.8459e-002	6.4604e-002	8.1400e-002	2.9169e-002	-5.1660e-002
6.700000e+002	1.6472e-015	-2.0847e-022	1.1363e-010	-1.9418e-013	4.8833e-008	3.1386e-006	7.1383e-005	8.0427e-004	5.2462e-003	2.1267e-002	5.4251e-002	8.1615e-002	5.1569e-002	-3.1815e-002
6.800000e+002	5.9318e-016	-8.3544e-023	4.9614e-011	-3.9953e-013	2.3752e-008	1.6610e-006	4.0785e-005	4.9564e-004	3.5004e-003	1.5504e-002	4.4019e-002	7.7007e-002	6.7909e-002	-6.4506e-003
6.900000e+002	2.1215e-016	-3.3215e-023	2.1469e-011	-8.3092e-013	1.1432e-008	8.6847e-007	2.2983e-005	3.0062e-004	2.2919e-003	1.1043e-002	3.4628e-002	6.9145e-002	7.7411e-002	1.9925e-002
7.000000e+002	7.5356e-017	-1.3102e-023	9.2088e-012	-1.7464e-012	5.4456e-009	4.4876e-007	1.2778e-005	1.7954e-004	1.4738e-003	7.6953e-003	2.6478e-002	5.9522e-002	8.0419e-002	4.3513e-002
7.100000e+002	2.6587e-017	-5.1283e-024	3.9156e-012	-3.7084e-012	2.5678e-009	2.2922e-007	7.0121e-006	1.0563e-004	9.3141e-004	5.2521e-003	1.9722e-002	4.9382e-002	7.8029e-002	6.1744e-002
7.200000e+002	9.3175e-018	-1.9919e-024	1.6507e-012	-7.9551e-012	1.1987e-009	1.1576e-007	3.7990e-006	6.1253e-005	5.7885e-004	3.5144e-003	1.4335e-002	3.9639e-002	7.1710e-002	7.3408e-002
7.300000e+002	3.2438e-018	-7.6787e-025	6.9001e-013	-1.7236e-011	5.5414e-010	5.7814e-008	2.0326e-006	3.5021e-005	3.5398e-004	2.3076e-003	1.0183e-002	3.0880e-002	6.2979e-002	7.8494e-002
7.400000e+002	1.1219e-018	-2.9379e-025	2.8602e-013	-3.7712e-011	2.5370e-010	2.8561e-008	1.0743e-006	1.9749e-005	2.1311e-004	1.4880e-003	7.0781e-003	2.3403e-002	5.3184e-002	7.7858e-002
7.500000e+002	3.8549e-019	-1.1157e-025	1.1758e-013	-8.3314e-011	1.1504e-010	1.3959e-008	5.6105e-007	1.0989e-005	1.2637e-004	9.4293e-004	4.8197e-003	1.7289e-002	4.3379e-002	7.2847e-002
7.600000e+002	1.3160e-019	-4.2062e-026	4.7945e-014	-1.8581e-010	5.1679e-011	6.7508e-009	2.8958e-007	6.0349e-006	7.3841e-005	5.8757e-004	3.2180e-003	1.2470e-002	3.4291e-002	6.4960e-002
7.700000e+002	4.4641e-020	-1.5742e-026	1.9392e-014	-4.1832e-010	2.3001e-011	3.2311e-009	1.4776e-007	3.2722e-006	4.2534e-005	3.6025e-004	2.1087e-003	8.7947e-003	2.6341e-002	5.5594e-002
7.800000e+002	1.5047e-020	-5.8493e-027	7.7810e-015	-9.5048e-010	1.0144e-011	1.5308e-009	7.4548e-008	1.7522e-006	2.4162e-005	2.1744e-004	1.3571e-003	6.0718e-003	1.9706e-002	4.5888e-002
7.900000e+002	5.0398e-021	-2.1580e-027	3.0975e-015	-2.1794e-009	4.4335e-012	7.1802e-010	3.7197e-008	9.2684e-007	1.3540e-005	1.2926e-004	8.5836e-004	4.1078e-003	1.4382e-002	3.6668e-002
8.000000e+002	1.6775e-021	-7.9052e-028	1.2235e-015	-5.0421e-009	1.9205e-012	3.3347e-010	1.8359e-008	4.8443e-007	7.4882e-006	7.5709e-005	5.3392e-004	2.7259e-003	1.0257e-002	2.8449e-002
8.100000e+002	5.5491e-022	-2.8757e-028	4.7953e-016	-1.1769e-008	8.2463e-013	1.5337e-010	8.9648e-009	2.5024e-007	4.0880e-006	4.3713e-005	3.2679e-004	1.7757e-003	7.1563e-003	2.1480e-002
8.200000e+002	1.8243e-022	-1.0388e-028	1.8651e-016	-2.7712e-008	3.5102e-013	6.9864e-011	4.3318e-009	1.2779e-007	2.2037e-006	2.4889e-005	1.9691e-004	1.1363e-003	4.8905e-003	1.5813e-002
8.300000e+002	5.9611e-023	-3.7270e-029	7.1996e-017	-6.5818e-008	1.4814e-013	3.1526e-011	2.0716e-009	6.4521e-008	1.1733e-006	1.3979e-005	1.1687e-004	7.1480e-004	3.2766e-003	1.1369e-002
8.400000e+002	1.9360e-023	-1.3281e-029	2.7584e-017	-1.5766e-007	6.1995e-014	1.4094e-011	9.8063e-010	3.2218e-008	6.1719e-007	7.7478e-006	6.8346e-005	4.4229e-004	2.1542e-003	7.9932e-003
8.500000e+002	6.2500e-024	-4.7004e-030	1.0490e-017	-3.8085e-007	2.5727e-014	6.2428e-012	4.5958e-010	1.5914e-008	3.2083e-007	4.2388e-006	3.9401e-005	2.6933e-004	1.3908e-003	5.5023e-003
8.600000e+002	2.0057e-024	-1.6525e-030	3.9599e-018	-9.2768e-007	1.0588e-014	2.7403e-012	2.1327e-010	7.7766e-009	1.6484e-007	2.2897e-006	2.2401e-005	1.6149e-004	8.8237e-004	3.7123e-003
8.700000e+002	6.3981e-025	-5.7711e-031	1.4840e-018	-2.2783e-006	4.3221e-015	1.1921e-012	9.8010e-011	3.7604e-009	8.3737e-008	1.2216e-006	1.2563e-005	9.5382e-005	5.5048e-004	2.4569e-003
8.800000e+002	2.0290e-025	-2.0022e-031	5.5214e-019	-5.6410e-006	1.7501e-015	5.1403e-013	4.4612e-011	1.7996e-009	4.2062e-008	6.4391e-007	6.9533e-006	5.5522e-005	3.3789e-004	1.5964e-003
8.900000e+002	6.3971e-026	-6.9013e-032	2.0397e-019	-1.4080e-005	7.0299e-016	2.1972e-013	2.0115e-011	8.5251e-010	2.0898e-008	3.3538e-007	3.7988e-006	3.1863e-005	2.0417e-004	1.0190e-003
9.000000e+002	2.0052e-026	-2.3634e-032	7.4817e-020	-3.5423e-005	2.8016e-016	9.3112e-014	8.9857e-012	3.9981e-010	1.0271e-008	1.7265e-007	2.0493e-006	1.8035e-005	1.2149e-004	6.3949e-004
9.100000e+002	6.2491e-027	-8.0414e-033	2.7251e-020	-8.9821e-005	1.1078e-016	3.9123e-014	3.9773e-012	1.8566e-010	4.9945e-009	8.7867e-008	1.0919e-006	1.0071e-005	7.1232e-005	3.9471e-004
9.200000e+002	1.9364e-027	-2.7187e-033	9.8572e-021	-2.2954e-004	4.3462e-017	1.6300e-014	1.7445e-012	8.5378e-011	2.4034e-009	4.4217e-008	5.7471e-007	5.5493e-006	4.1158e-005	2.3971e-004
9.300000e+002	5.9662e-028	-9.1338e-034	3.5410e-021	-5.9112e-004	1.6918e-017	6.7346e-015	7.5827e-013	3.8883e-011	1.1445e-009	2.2002e-008	2.9884e-007	3.0176e-006	2.3437e-005	1.4323e-004
9.400000e+002	1.8279e-028	-3.0495e-034	1.2636e-021	-1.5339e-003	6.5255e-018	2.7583e-015	3.2654e-013	1.7531e-011	5.3920e-010	1.0821e-008	1.5343e-007	1.6182e-006	1.3141e-005	8.4107e-005
9.500000e+002	5.5694e-029	-1.0121e-034	4.4829e-022	-4.0104e-003	2.4724e-018	1.1172e-015	1.3903e-013	7.8099e-012	2.5074e-010	5.2473e-009	7.7557e-008	8.5291e-007	7.2273e-006	4.8320e-005
9.600000e+002	1.6890e-029	-3.3471e-035	1.5926e-022	-1.0564e-002	8.6232e-019	4.4068e-016	5.7834e-014	3.3994e-012	1.1382e-010	2.4799e-009	3.8131e-008	4.3613e-007	3.8441e-006	2.6746e-005
9.700000e+002	5.1451e-030	-1.1271e-035	5.9845e-023	-2.8033e-002	1.1865e-019	1.5193e-016	2.1820e-014	1.3572e-012	4.7584e-011	1.0803e-009	1.7260e-008	2.0481e-007	1.8711e-006	1.3486e-005
9.800000e+002	1.7282e-030	-4.5909e-036	3.2672e-023	-7.4934e-002	-5.0382e-019	-5.7665e-019	3.2168e-015	2.8327e-013	1.1692e-011	2.9439e-010	5.0750e-009	6.3996e-008	6.1553e-007	4.6419e-006
9.900000e+002	1.1371e-030	-4.3091e-036	4.5481e-023	-2.0175e-001	-1.6492e-018	-1.5361e-016	-1.2766e-014	-5.8391e-013	-1.6551e-011	-3.1936e-010	-4.4721e-009	-4.7476e-008	-3.9378e-007	-2.6050e-006
1.000000e+003	-1.0178e-030	4.2424e-036	-4.8161e-023	2.2971e-001	1.9037e-018	1.8874e-016	1.6527e-014	7.9237e-013	2.3472e-011	4.7247e-010	6.8944e-009	7.6218e-008	6.5810e-007	4.5317e-006
