Y (ang)	Ec (eV)	Ev (eV)	E (V/cm)	Ef (eV)	n (cm-3)	p (cm-3)	Nd - Na (cm-3)
0.000000e+000	-6.40000000e+000	-9.80000000e+000	3.74513656e+007	-7.00000000e+000	1.8691e+008	1.0000e-010	0.0000e+000
1.000000e+001	-2.09486344e+000	-6.19486344e+000	1.16525146e+007	0.00000000e+000	1.2321e+021	1.0000e-010	-1.3848e+020
2.000000e+001	-9.22611984e-001	-5.03136198e+000	4.56810036e+006	0.00000000e+000	3.6040e+020	1.0000e-010	-1.8248e+018
3.000000e+001	-4.58801947e-001	-4.57630195e+000	2.05215197e+006	0.00000000e+000	1.2678e+020	1.0000e-010	-1.8272e+018
4.000000e+001	-2.46586751e-001	-4.37283675e+000	1.02894565e+006	0.00000000e+000	5.0458e+019	1.0000e-010	-1.8295e+018
5.000000e+001	-1.36692186e-001	-4.27169219e+000	5.75911054e+005	0.00000000e+000	2.1313e+019	1.0000e-010	-1.8318e+018
6.000000e+001	-7.21010808e-002	-4.21585108e+000	3.61310168e+005	0.00000000e+000	9.1274e+018	1.0000e-010	-1.8341e+018
7.000000e+001	-2.89700640e-002	-4.18147006e+000	2.50714200e+005	0.00000000e+000	3.8119e+018	1.0000e-010	-1.8364e+018
8.000000e+001	3.10135599e-003	-4.15814864e+000	1.84131165e+005	0.00000000e+000	1.5612e+018	1.0000e-010	-1.8387e+018
9.000000e+001	2.85144725e-002	-4.14148553e+000	1.34918323e+005	0.00000000e+000	6.7101e+017	1.0000e-010	-1.8411e+018
1.000000e+002	4.90063048e-002	-4.12974370e+000	9.24990793e+004	0.00000000e+000	3.2077e+017	1.0000e-010	-1.8434e+018
1.100000e+002	6.52562127e-002	-4.12224379e+000	5.28666031e+004	0.00000000e+000	1.7502e+017	1.0000e-010	-1.8457e+018
1.200000e+002	7.75428730e-002	-4.11870713e+000	1.44399538e+004	0.00000000e+000	1.0992e+017	1.0000e-010	-1.8480e+018
1.300000e+002	8.59868684e-002	-4.11901313e+000	-2.34639988e+004	0.00000000e+000	7.9667e+016	1.0000e-010	-1.8503e+018
1.400000e+002	9.06404685e-002	-4.12310953e+000	-6.11839630e+004	0.00000000e+000	6.6678e+016	1.0000e-010	-1.8526e+018
1.500000e+002	9.15220722e-002	-4.13097793e+000	-9.89315573e+004	0.00000000e+000	6.4465e+016	1.0000e-010	-1.8550e+018
1.600000e+002	8.86289165e-002	-4.14262108e+000	-1.36898751e+005	0.00000000e+000	7.2013e+016	1.0000e-010	-1.8573e+018
1.700000e+002	-3.00609587e-002	-4.13006096e+000	3.27455153e+005	0.00000000e+000	3.9142e+018	1.0000e-010	2.7616e+019
1.800000e+002	2.68455666e-003	-4.09731544e+000	2.96516744e+005	0.00000000e+000	1.5815e+018	1.0000e-010	0.0000e+000
1.900000e+002	3.23362310e-002	-4.06766377e+000	2.85043857e+005	0.00000000e+000	5.8648e+017	1.0000e-010	0.0000e+000
2.000000e+002	6.08406167e-002	-4.03915938e+000	2.81002340e+005	0.00000000e+000	2.0660e+017	1.0000e-010	0.0000e+000
2.100000e+002	8.89408507e-002	-4.01105915e+000	2.79610297e+005	0.00000000e+000	7.1159e+016	1.0000e-010	0.0000e+000
2.200000e+002	1.16901880e-001	-3.98309812e+000	2.79133047e+005	0.00000000e+000	2.4396e+016	1.0000e-010	0.0000e+000
2.300000e+002	1.44815185e-001	-3.95518481e+000	2.78970932e+005	0.00000000e+000	8.2871e+015	1.0000e-010	0.0000e+000
2.400000e+002	1.72712278e-001	-3.92728772e+000	2.78915829e+005	0.00000000e+000	2.8168e+015	1.0000e-010	0.0000e+000
2.500000e+002	2.00603861e-001	-3.89939614e+000	2.78897096e+005	0.00000000e+000	9.5762e+014	1.0000e-010	0.0000e+000
2.600000e+002	-3.31506429e-001	-3.73150643e+000	1.42061701e+006	0.00000000e+000	7.8157e+019	1.0000e-010	1.3848e+020
2.700000e+002	-1.89444728e-001	-3.58944473e+000	7.67089842e+005	0.00000000e+000	3.4310e+019	1.0000e-010	0.0000e+000
2.800000e+002	-1.12735744e-001	-3.51273574e+000	4.57400255e+005	0.00000000e+000	1.6259e+019	1.0000e-010	0.0000e+000
2.900000e+002	-6.69957186e-002	-3.46699572e+000	2.97990459e+005	0.00000000e+000	8.3690e+018	1.0000e-010	0.0000e+000
3.000000e+002	-3.71966727e-002	-3.43719667e+000	2.09868011e+005	0.00000000e+000	4.6264e+018	1.0000e-010	0.0000e+000
3.100000e+002	-1.62098716e-002	-3.41620987e+000	1.57616986e+005	0.00000000e+000	2.7432e+018	1.0000e-010	0.0000e+000
3.200000e+002	-4.48173025e-004	-3.40044817e+000	1.24446806e+005	0.00000000e+000	1.7414e+018	1.0000e-010	0.0000e+000
3.300000e+002	1.19965076e-002	-3.38800349e+000	1.02062485e+005	0.00000000e+000	1.1752e+018	1.0000e-010	0.0000e+000
3.400000e+002	2.22027561e-002	-3.37779724e+000	8.61585518e+004	0.00000000e+000	8.3496e+017	1.0000e-010	0.0000e+000
3.500000e+002	3.08186113e-002	-3.36918139e+000	7.43717323e+004	0.00000000e+000	6.1881e+017	1.0000e-010	0.0000e+000
3.600000e+002	3.82557845e-002	-3.36174422e+000	6.53306935e+004	0.00000000e+000	4.7466e+017	1.0000e-010	0.0000e+000
3.700000e+002	4.47888539e-002	-3.35521115e+000	5.81980233e+004	0.00000000e+000	3.7447e+017	1.0000e-010	0.0000e+000
3.800000e+002	5.06086562e-002	-3.34939134e+000	5.24387641e+004	0.00000000e+000	3.0236e+017	1.0000e-010	0.0000e+000
3.900000e+002	5.58525326e-002	-3.34414747e+000	4.76975156e+004	0.00000000e+000	2.4892e+017	1.0000e-010	0.0000e+000
4.000000e+002	6.06222842e-002	-3.33937772e+000	4.37300298e+004	0.00000000e+000	2.0829e+017	1.0000e-010	0.0000e+000
4.100000e+002	6.49952871e-002	-3.33500471e+000	4.03634528e+004	0.00000000e+000	1.7675e+017	1.0000e-010	0.0000e+000
4.200000e+002	6.90316324e-002	-3.33096837e+000	3.74722992e+004	0.00000000e+000	1.5179e+017	1.0000e-010	0.0000e+000
4.300000e+002	7.27788623e-002	-3.32722114e+000	3.49634212e+004	0.00000000e+000	1.3172e+017	1.0000e-010	0.0000e+000
4.400000e+002	7.62752045e-002	-3.32372480e+000	3.27663104e+004	0.00000000e+000	1.1535e+017	1.0000e-010	0.0000e+000
4.500000e+002	7.95518355e-002	-3.32044816e+000	3.08266653e+004	0.00000000e+000	1.0183e+017	1.0000e-010	0.0000e+000
4.600000e+002	8.26345020e-002	-3.31736550e+000	2.91020187e+004	0.00000000e+000	9.0544e+016	1.0000e-010	0.0000e+000
4.700000e+002	8.55447039e-002	-3.31445530e+000	2.75587005e+004	0.00000000e+000	8.1024e+016	1.0000e-010	0.0000e+000
4.800000e+002	8.83005739e-002	-3.31169943e+000	2.61696838e+004	0.00000000e+000	7.2924e+016	1.0000e-010	0.0000e+000
4.900000e+002	9.09175423e-002	-3.30908246e+000	2.49130323e+004	0.00000000e+000	6.5974e+016	1.0000e-010	0.0000e+000
5.000000e+002	9.34088456e-002	-3.30659115e+000	2.37707606e+004	0.00000000e+000	5.9969e+016	1.0000e-010	0.0000e+000
5.100000e+002	9.57859216e-002	-3.30421408e+000	2.27279870e+004	0.00000000e+000	5.4746e+016	1.0000e-010	0.0000e+000
5.200000e+002	9.80587203e-002	-3.30194128e+000	2.17722944e+004	0.00000000e+000	5.0174e+016	1.0000e-010	0.0000e+000
5.300000e+002	1.00235950e-001	-3.29976405e+000	2.08932418e+004	0.00000000e+000	4.6150e+016	1.0000e-010	0.0000e+000
5.400000e+002	1.02325274e-001	-3.29767473e+000	2.00819880e+004	0.00000000e+000	4.2591e+016	1.0000e-010	0.0000e+000
5.500000e+002	1.04333473e-001	-3.29566653e+000	1.93263663e+004	0.00000000e+000	3.9670e+016	1.0000e-010	0.0000e+000
5.600000e+002	1.06266109e-001	-3.29373389e+000	1.86251733e+004	0.00000000e+000	3.6813e+016	1.0000e-010	0.0000e+000
5.700000e+002	1.08128627e-001	-3.29187137e+000	1.79727213e+004	0.00000000e+000	3.4254e+016	1.0000e-010	0.0000e+000
5.800000e+002	1.09925899e-001	-3.29007410e+000	1.73640879e+004	0.00000000e+000	3.1953e+016	1.0000e-010	0.0000e+000
5.900000e+002	1.11662308e-001	-3.28833769e+000	1.67949921e+004	0.00000000e+000	2.9878e+016	1.0000e-010	0.0000e+000
6.000000e+002	1.13341807e-001	-3.28665819e+000	1.62616928e+004	0.00000000e+000	2.7998e+016	1.0000e-010	0.0000e+000
6.100000e+002	1.14967976e-001	-3.28503202e+000	1.57609063e+004	0.00000000e+000	2.6291e+016	1.0000e-010	0.0000e+000
6.200000e+002	1.16544067e-001	-3.28345593e+000	1.52897387e+004	0.00000000e+000	2.4736e+016	1.0000e-010	0.0000e+000
6.300000e+002	1.18073041e-001	-3.28192696e+000	1.48456295e+004	0.00000000e+000	2.3316e+016	1.0000e-010	0.0000e+000
6.400000e+002	1.19557604e-001	-3.28044240e+000	1.44263051e+004	0.00000000e+000	2.2015e+016	1.0000e-010	0.0000e+000
6.500000e+002	1.21000234e-001	-3.27899977e+000	1.40297395e+004	0.00000000e+000	2.0820e+016	1.0000e-010	0.0000e+000
6.600000e+002	1.22403208e-001	-3.27759679e+000	1.36541217e+004	0.00000000e+000	1.9720e+016	1.0000e-010	0.0000e+000
6.700000e+002	1.23768620e-001	-3.27623138e+000	1.32978280e+004	0.00000000e+000	1.8705e+016	1.0000e-010	0.0000e+000
6.800000e+002	1.25098403e-001	-3.27490160e+000	1.29593980e+004	0.00000000e+000	1.7768e+016	1.0000e-010	0.0000e+000
6.900000e+002	1.26394343e-001	-3.27360566e+000	1.26375150e+004	0.00000000e+000	1.6899e+016	1.0000e-010	0.0000e+000
7.000000e+002	1.27658094e-001	-3.27234191e+000	1.23309886e+004	0.00000000e+000	1.6093e+016	1.0000e-010	0.0000e+000
7.100000e+002	1.28891193e-001	-3.27110881e+000	1.20387398e+004	0.00000000e+000	1.5343e+016	1.0000e-010	0.0000e+000
7.200000e+002	1.30095067e-001	-3.26990493e+000	1.17597884e+004	0.00000000e+000	1.4645e+016	1.0000e-010	0.0000e+000
7.300000e+002	1.31271046e-001	-3.26872895e+000	1.14932420e+004	0.00000000e+000	1.3994e+016	1.0000e-010	0.0000e+000
7.400000e+002	1.32420370e-001	-3.26757963e+000	1.12382860e+004	0.00000000e+000	1.3385e+016	1.0000e-010	0.0000e+000
7.500000e+002	1.33544199e-001	-3.26645580e+000	1.09941760e+004	0.00000000e+000	1.2816e+016	1.0000e-010	0.0000e+000
7.600000e+002	1.34643616e-001	-3.26535638e+000	1.07602297e+004	0.00000000e+000	1.2282e+016	1.0000e-010	0.0000e+000
7.700000e+002	1.35719639e-001	-3.26428036e+000	1.05358209e+004	0.00000000e+000	1.1781e+016	1.0000e-010	0.0000e+000
7.800000e+002	1.36773221e-001	-3.26322678e+000	1.03203739e+004	0.00000000e+000	1.1311e+016	1.0000e-010	0.0000e+000
7.900000e+002	1.37805259e-001	-3.26219474e+000	1.01133583e+004	0.00000000e+000	1.0868e+016	1.0000e-010	0.0000e+000
8.000000e+002	1.38816595e-001	-3.26118341e+000	9.91428493e+003	0.00000000e+000	1.0451e+016	1.0000e-010	0.0000e+000
8.100000e+002	1.39808023e-001	-3.26019198e+000	9.72270149e+003	0.00000000e+000	1.0058e+016	1.0000e-010	0.0000e+000
8.200000e+002	1.40780293e-001	-3.25921971e+000	9.53818951e+003	0.00000000e+000	9.6869e+015	1.0000e-010	0.0000e+000
8.300000e+002	1.41734112e-001	-3.25826589e+000	9.36036112e+003	0.00000000e+000	9.3360e+015	1.0000e-010	0.0000e+000
8.400000e+002	1.42670148e-001	-3.25732985e+000	9.18885628e+003	0.00000000e+000	9.0040e+015	1.0000e-010	0.0000e+000
8.500000e+002	1.43589034e-001	-3.25641097e+000	9.02334036e+003	0.00000000e+000	8.6896e+015	1.0000e-010	0.0000e+000
8.600000e+002	1.44491368e-001	-3.25550863e+000	8.86350192e+003	0.00000000e+000	8.3915e+015	1.0000e-010	0.0000e+000
8.700000e+002	1.45377718e-001	-3.25462228e+000	8.70905075e+003	0.00000000e+000	8.1087e+015	1.0000e-010	0.0000e+000
8.800000e+002	1.46248623e-001	-3.25375138e+000	8.55971609e+003	0.00000000e+000	7.8401e+015	1.0000e-010	0.0000e+000
8.900000e+002	1.47104595e-001	-3.25289541e+000	8.41524501e+003	0.00000000e+000	7.5848e+015	1.0000e-010	0.0000e+000
9.000000e+002	1.47946119e-001	-3.25205388e+000	8.27540098e+003	0.00000000e+000	7.3418e+015	1.0000e-010	0.0000e+000
9.100000e+002	1.48773659e-001	-3.25122634e+000	8.13996256e+003	0.00000000e+000	7.1105e+015	1.0000e-010	0.0000e+000
9.200000e+002	1.49587656e-001	-3.25041234e+000	8.00872222e+003	0.00000000e+000	6.8901e+015	1.0000e-010	0.0000e+000
9.300000e+002	1.50388528e-001	-3.24961147e+000	7.88148527e+003	0.00000000e+000	6.6800e+015	1.0000e-010	0.0000e+000
9.400000e+002	1.51176677e-001	-3.24882332e+000	7.75806885e+003	0.00000000e+000	6.4794e+015	1.0000e-010	0.0000e+000
9.500000e+002	1.51952483e-001	-3.24804752e+000	7.63830108e+003	0.00000000e+000	6.2878e+015	1.0000e-010	0.0000e+000
9.600000e+002	1.52716313e-001	-3.24728369e+000	7.52202024e+003	0.00000000e+000	6.1048e+015	1.0000e-010	0.0000e+000
9.700000e+002	1.53468516e-001	-3.24653148e+000	7.40907401e+003	0.00000000e+000	5.9297e+015	1.0000e-010	0.0000e+000
9.800000e+002	1.54209423e-001	-3.24579058e+000	7.29931883e+003	0.00000000e+000	5.7622e+015	1.0000e-010	0.0000e+000
9.900000e+002	1.54939355e-001	-3.24506065e+000	7.19261925e+003	0.00000000e+000	5.6017e+015	1.0000e-010	0.0000e+000
1.000000e+003	1.55658617e-001	-3.24434138e+000	7.08884739e+003	0.00000000e+000	5.4480e+015	1.0000e-010	0.0000e+000
1.010000e+003	1.56367501e-001	-3.24363250e+000	6.98788238e+003	0.00000000e+000	5.3007e+015	1.0000e-010	0.0000e+000
1.020000e+003	1.57066290e-001	-3.24293371e+000	6.88960993e+003	0.00000000e+000	5.1593e+015	1.0000e-010	0.0000e+000
1.030000e+003	1.57755251e-001	-3.24224475e+000	6.79392188e+003	0.00000000e+000	5.0236e+015	1.0000e-010	0.0000e+000
1.040000e+003	1.58434643e-001	-3.24156536e+000	6.70071576e+003	0.00000000e+000	4.8933e+015	1.0000e-010	0.0000e+000
1.050000e+003	1.59104714e-001	-3.24089529e+000	6.60989446e+003	0.00000000e+000	4.7681e+015	1.0000e-010	0.0000e+000
1.060000e+003	1.59765704e-001	-3.24023430e+000	6.52136586e+003	0.00000000e+000	4.6478e+015	1.0000e-010	0.0000e+000
1.070000e+003	1.60417840e-001	-3.23958216e+000	6.43504254e+003	0.00000000e+000	4.5320e+015	1.0000e-010	0.0000e+000
1.080000e+003	1.61061345e-001	-3.23893866e+000	6.35084144e+003	0.00000000e+000	4.4206e+015	1.0000e-010	0.0000e+000
1.090000e+003	1.61696429e-001	-3.23830357e+000	6.26868363e+003	0.00000000e+000	4.3133e+015	1.0000e-010	0.0000e+000
1.100000e+003	1.62323297e-001	-3.23767670e+000	6.18849406e+003	0.00000000e+000	4.2100e+015	1.0000e-010	0.0000e+000
1.110000e+003	1.62942147e-001	-3.23705785e+000	6.11020129e+003	0.00000000e+000	4.1104e+015	1.0000e-010	0.0000e+000
1.120000e+003	1.63553167e-001	-3.23644683e+000	6.03373730e+003	0.00000000e+000	4.0144e+015	1.0000e-010	0.0000e+000
1.130000e+003	1.64156541e-001	-3.23584346e+000	5.95903727e+003	0.00000000e+000	3.9218e+015	1.0000e-010	0.0000e+000
1.140000e+003	1.64752444e-001	-3.23524756e+000	5.88603944e+003	0.00000000e+000	3.8324e+015	1.0000e-010	0.0000e+000
1.150000e+003	1.65341048e-001	-3.23465895e+000	5.81468485e+003	0.00000000e+000	3.7461e+015	1.0000e-010	0.0000e+000
1.160000e+003	1.65922517e-001	-3.23407748e+000	5.74491728e+003	0.00000000e+000	3.6628e+015	1.0000e-010	0.0000e+000
1.170000e+003	1.66497008e-001	-3.23350299e+000	5.67668300e+003	0.00000000e+000	3.5823e+015	1.0000e-010	0.0000e+000
1.180000e+003	1.67064677e-001	-3.23293532e+000	5.60993070e+003	0.00000000e+000	3.5045e+015	1.0000e-010	0.0000e+000
1.190000e+003	1.67625670e-001	-3.23237433e+000	5.54461135e+003	0.00000000e+000	3.4293e+015	1.0000e-010	0.0000e+000
1.200000e+003	1.68180131e-001	-3.23181987e+000	5.48067801e+003	0.00000000e+000	3.3565e+015	1.0000e-010	0.0000e+000
1.210000e+003	1.68728199e-001	-3.23127180e+000	5.41808581e+003	0.00000000e+000	3.2861e+015	1.0000e-010	0.0000e+000
1.220000e+003	1.69270007e-001	-3.23072999e+000	5.35679177e+003	0.00000000e+000	3.2179e+015	1.0000e-010	0.0000e+000
1.230000e+003	1.69805686e-001	-3.23019431e+000	5.29675473e+003	0.00000000e+000	3.1520e+015	1.0000e-010	0.0000e+000
1.240000e+003	1.70335362e-001	-3.22966464e+000	5.23793527e+003	0.00000000e+000	3.0880e+015	1.0000e-010	0.0000e+000
1.250000e+003	1.70859155e-001	-3.22914084e+000	5.18029556e+003	0.00000000e+000	3.0261e+015	1.0000e-010	0.0000e+000
1.260000e+003	1.71377185e-001	-3.22862281e+000	5.12379937e+003	0.00000000e+000	2.9661e+015	1.0000e-010	0.0000e+000
1.270000e+003	1.71889565e-001	-3.22811044e+000	5.06841189e+003	0.00000000e+000	2.9079e+015	1.0000e-010	0.0000e+000
1.280000e+003	1.72396406e-001	-3.22760359e+000	5.01409973e+003	0.00000000e+000	2.8514e+015	1.0000e-010	0.0000e+000
1.290000e+003	1.72897816e-001	-3.22710218e+000	4.96083083e+003	0.00000000e+000	2.7966e+015	1.0000e-010	0.0000e+000
1.300000e+003	1.73393899e-001	-3.22660610e+000	4.90857439e+003	0.00000000e+000	2.7435e+015	1.0000e-010	0.0000e+000
1.310000e+003	1.73884757e-001	-3.22611524e+000	4.85730078e+003	0.00000000e+000	2.6919e+015	1.0000e-010	0.0000e+000
1.320000e+003	1.74370487e-001	-3.22562951e+000	4.80698156e+003	0.00000000e+000	2.6418e+015	1.0000e-010	0.0000e+000
1.330000e+003	1.74851185e-001	-3.22514882e+000	4.75758934e+003	0.00000000e+000	2.5931e+015	1.0000e-010	0.0000e+000
1.340000e+003	1.75326944e-001	-3.22467306e+000	4.70909778e+003	0.00000000e+000	2.5458e+015	1.0000e-010	0.0000e+000
1.350000e+003	1.75797854e-001	-3.22420215e+000	4.66148152e+003	0.00000000e+000	2.4999e+015	1.0000e-010	0.0000e+000
1.360000e+003	1.76264002e-001	-3.22373600e+000	4.61471617e+003	0.00000000e+000	2.4552e+015	1.0000e-010	0.0000e+000
1.370000e+003	1.76725473e-001	-3.22327453e+000	4.56877819e+003	0.00000000e+000	2.4118e+015	1.0000e-010	0.0000e+000
1.380000e+003	1.77182351e-001	-3.22281765e+000	4.52364493e+003	0.00000000e+000	2.3695e+015	1.0000e-010	0.0000e+000
1.390000e+003	1.77634716e-001	-3.22236528e+000	4.47929456e+003	0.00000000e+000	2.3284e+015	1.0000e-010	0.0000e+000
1.400000e+003	1.78082645e-001	-3.22191735e+000	4.43570601e+003	0.00000000e+000	2.2884e+015	1.0000e-010	0.0000e+000
1.410000e+003	1.78526216e-001	-3.22147378e+000	4.39285898e+003	0.00000000e+000	2.2495e+015	1.0000e-010	0.0000e+000
1.420000e+003	1.78965502e-001	-3.22103450e+000	4.35073387e+003	0.00000000e+000	2.2116e+015	1.0000e-010	0.0000e+000
1.430000e+003	1.79400575e-001	-3.22059942e+000	4.30931177e+003	0.00000000e+000	2.1747e+015	1.0000e-010	0.0000e+000
1.440000e+003	1.79831506e-001	-3.22016849e+000	4.26857441e+003	0.00000000e+000	2.1387e+015	1.0000e-010	0.0000e+000
1.450000e+003	1.80258364e-001	-3.21974164e+000	4.22850418e+003	0.00000000e+000	2.1037e+015	1.0000e-010	0.0000e+000
1.460000e+003	1.80681214e-001	-3.21931879e+000	4.18908402e+003	0.00000000e+000	2.0696e+015	1.0000e-010	0.0000e+000
1.470000e+003	1.81100122e-001	-3.21889988e+000	4.15029748e+003	0.00000000e+000	2.0363e+015	1.0000e-010	0.0000e+000
1.480000e+003	1.81515152e-001	-3.21848485e+000	4.11212866e+003	0.00000000e+000	2.0039e+015	1.0000e-010	0.0000e+000
1.490000e+003	1.81926365e-001	-3.21807363e+000	4.07456216e+003	0.00000000e+000	1.9722e+015	1.0000e-010	0.0000e+000
1.500000e+003	1.82333821e-001	-3.21766618e+000	4.03758311e+003	0.00000000e+000	1.9414e+015	1.0000e-010	0.0000e+000
1.510000e+003	1.82737580e-001	-3.21726242e+000	4.00117712e+003	0.00000000e+000	1.9113e+015	1.0000e-010	0.0000e+000
1.520000e+003	1.83137697e-001	-3.21686230e+000	3.96533025e+003	0.00000000e+000	1.8820e+015	1.0000e-010	0.0000e+000
1.530000e+003	1.83534230e-001	-3.21646577e+000	3.93002902e+003	0.00000000e+000	1.8533e+015	1.0000e-010	0.0000e+000
1.540000e+003	1.83927233e-001	-3.21607277e+000	3.89526039e+003	0.00000000e+000	1.8254e+015	1.0000e-010	0.0000e+000
1.550000e+003	1.84316759e-001	-3.21568324e+000	3.86101171e+003	0.00000000e+000	1.7981e+015	1.0000e-010	0.0000e+000
1.560000e+003	1.84702860e-001	-3.21529714e+000	3.82727074e+003	0.00000000e+000	1.7714e+015	1.0000e-010	0.0000e+000
1.570000e+003	1.85085588e-001	-3.21491441e+000	3.79402560e+003	0.00000000e+000	1.7454e+015	1.0000e-010	0.0000e+000
1.580000e+003	1.85464990e-001	-3.21453501e+000	3.76126481e+003	0.00000000e+000	1.7199e+015	1.0000e-010	0.0000e+000
1.590000e+003	1.85841117e-001	-3.21415888e+000	3.72897721e+003	0.00000000e+000	1.6951e+015	1.0000e-010	0.0000e+000
1.600000e+003	1.86214014e-001	-3.21378599e+000	3.69715199e+003	0.00000000e+000	1.6708e+015	1.0000e-010	0.0000e+000
1.610000e+003	1.86583729e-001	-3.21341627e+000	3.66577868e+003	0.00000000e+000	1.6471e+015	1.0000e-010	0.0000e+000
1.620000e+003	1.86950307e-001	-3.21304969e+000	3.63484709e+003	0.00000000e+000	1.6239e+015	1.0000e-010	0.0000e+000
1.630000e+003	1.87313792e-001	-3.21268621e+000	3.60434737e+003	0.00000000e+000	1.6012e+015	1.0000e-010	0.0000e+000
1.640000e+003	1.87674227e-001	-3.21232577e+000	3.57426993e+003	0.00000000e+000	1.5791e+015	1.0000e-010	0.0000e+000
1.650000e+003	1.88031654e-001	-3.21196835e+000	3.54460548e+003	0.00000000e+000	1.5574e+015	1.0000e-010	0.0000e+000
1.660000e+003	1.88386114e-001	-3.21161389e+000	3.51534498e+003	0.00000000e+000	1.5362e+015	1.0000e-010	0.0000e+000
1.670000e+003	1.88737649e-001	-3.21126235e+000	3.48647968e+003	0.00000000e+000	1.5154e+015	1.0000e-010	0.0000e+000
1.680000e+003	1.89086297e-001	-3.21091370e+000	3.45800105e+003	0.00000000e+000	1.4951e+015	1.0000e-010	0.0000e+000
1.690000e+003	1.89432097e-001	-3.21056790e+000	3.42990082e+003	0.00000000e+000	1.4753e+015	1.0000e-010	0.0000e+000
1.700000e+003	1.89775087e-001	-3.21022491e+000	3.40217094e+003	0.00000000e+000	1.4558e+015	1.0000e-010	0.0000e+000
1.710000e+003	1.90115304e-001	-3.20988470e+000	3.37480360e+003	0.00000000e+000	1.4368e+015	1.0000e-010	0.0000e+000
1.720000e+003	1.90452784e-001	-3.20954722e+000	3.34779120e+003	0.00000000e+000	1.4182e+015	1.0000e-010	0.0000e+000
1.730000e+003	1.90787564e-001	-3.20921244e+000	3.32112636e+003	0.00000000e+000	1.3999e+015	1.0000e-010	0.0000e+000
1.740000e+003	1.91119676e-001	-3.20888032e+000	3.29480188e+003	0.00000000e+000	1.3820e+015	1.0000e-010	0.0000e+000
1.750000e+003	1.91449156e-001	-3.20855084e+000	3.26881077e+003	0.00000000e+000	1.3645e+015	1.0000e-010	0.0000e+000
1.760000e+003	1.91776037e-001	-3.20822396e+000	3.24314623e+003	0.00000000e+000	1.3474e+015	1.0000e-010	0.0000e+000
1.770000e+003	1.92100352e-001	-3.20789965e+000	3.21780165e+003	0.00000000e+000	1.3306e+015	1.0000e-010	0.0000e+000
1.780000e+003	1.92422132e-001	-3.20757787e+000	3.19277057e+003	0.00000000e+000	1.3141e+015	1.0000e-010	0.0000e+000
1.790000e+003	1.92741409e-001	-3.20725859e+000	3.16804673e+003	0.00000000e+000	1.2980e+015	1.0000e-010	0.0000e+000
1.800000e+003	1.93058214e-001	-3.20694179e+000	3.14362402e+003	0.00000000e+000	1.2822e+015	1.0000e-010	0.0000e+000
1.810000e+003	1.93372576e-001	-3.20662742e+000	3.11949650e+003	0.00000000e+000	1.2667e+015	1.0000e-010	0.0000e+000
1.820000e+003	1.93684526e-001	-3.20631547e+000	3.09565837e+003	0.00000000e+000	1.2515e+015	1.0000e-010	0.0000e+000
1.830000e+003	1.93994092e-001	-3.20600591e+000	3.07210398e+003	0.00000000e+000	1.2366e+015	1.0000e-010	0.0000e+000
1.840000e+003	1.94301302e-001	-3.20569870e+000	3.04882785e+003	0.00000000e+000	1.2220e+015	1.0000e-010	0.0000e+000
1.850000e+003	1.94606185e-001	-3.20539381e+000	3.02582461e+003	0.00000000e+000	1.2077e+015	1.0000e-010	0.0000e+000
1.860000e+003	1.94908768e-001	-3.20509123e+000	3.00308904e+003	0.00000000e+000	1.1936e+015	1.0000e-010	0.0000e+000
1.870000e+003	1.95209076e-001	-3.20479092e+000	2.98061604e+003	0.00000000e+000	1.1798e+015	1.0000e-010	0.0000e+000
1.880000e+003	1.95507138e-001	-3.20449286e+000	2.95840067e+003	0.00000000e+000	1.1663e+015	1.0000e-010	0.0000e+000
1.890000e+003	1.95802978e-001	-3.20419702e+000	2.93643807e+003	0.00000000e+000	1.1530e+015	1.0000e-010	0.0000e+000
1.900000e+003	1.96096622e-001	-3.20390338e+000	2.91472352e+003	0.00000000e+000	1.1400e+015	1.0000e-010	0.0000e+000
1.910000e+003	1.96388094e-001	-3.20361191e+000	2.89325242e+003	0.00000000e+000	1.1272e+015	1.0000e-010	0.0000e+000
1.920000e+003	1.96677419e-001	-3.20332258e+000	2.87202028e+003	0.00000000e+000	1.1147e+015	1.0000e-010	0.0000e+000
1.930000e+003	1.96964622e-001	-3.20303538e+000	2.85102271e+003	0.00000000e+000	1.1024e+015	1.0000e-010	0.0000e+000
1.940000e+003	1.97249724e-001	-3.20275028e+000	2.83025543e+003	0.00000000e+000	1.0903e+015	1.0000e-010	0.0000e+000
1.950000e+003	1.97532749e-001	-3.20246725e+000	2.80971428e+003	0.00000000e+000	1.0784e+015	1.0000e-010	0.0000e+000
1.960000e+003	1.97813721e-001	-3.20218628e+000	2.78939516e+003	0.00000000e+000	1.0668e+015	1.0000e-010	0.0000e+000
1.970000e+003	1.98092660e-001	-3.20190734e+000	2.76929411e+003	0.00000000e+000	1.0553e+015	1.0000e-010	0.0000e+000
1.980000e+003	1.98369590e-001	-3.20163041e+000	2.74940723e+003	0.00000000e+000	1.0441e+015	1.0000e-010	0.0000e+000
1.990000e+003	1.98644530e-001	-3.20135547e+000	2.72973073e+003	0.00000000e+000	1.0330e+015	1.0000e-010	0.0000e+000
2.000000e+003	1.98917503e-001	-3.20108250e+000	2.71026091e+003	0.00000000e+000	1.0222e+015	1.0000e-010	0.0000e+000
2.010000e+003	1.99188530e-001	-3.20081147e+000	2.69099413e+003	0.00000000e+000	1.0115e+015	1.0000e-010	0.0000e+000
2.020000e+003	1.99457629e-001	-3.20054237e+000	2.67192687e+003	0.00000000e+000	1.0010e+015	1.0000e-010	0.0000e+000
2.030000e+003	1.99724822e-001	-3.20027518e+000	2.65305566e+003	0.00000000e+000	9.9074e+014	1.0000e-010	0.0000e+000
2.040000e+003	1.99990127e-001	-3.20000987e+000	2.63437713e+003	0.00000000e+000	9.8063e+014	1.0000e-010	0.0000e+000
2.050000e+003	2.00253565e-001	-3.19974644e+000	2.61588797e+003	0.00000000e+000	9.7068e+014	1.0000e-010	0.0000e+000
2.060000e+003	2.00515154e-001	-3.19948485e+000	2.59758495e+003	0.00000000e+000	9.6091e+014	1.0000e-010	0.0000e+000
2.070000e+003	2.00774912e-001	-3.19922509e+000	2.57946492e+003	0.00000000e+000	9.5130e+014	1.0000e-010	0.0000e+000
2.080000e+003	2.01032859e-001	-3.19896714e+000	2.56152479e+003	0.00000000e+000	9.4186e+014	1.0000e-010	0.0000e+000
2.090000e+003	2.01289011e-001	-3.19871099e+000	2.54376154e+003	0.00000000e+000	9.3257e+014	1.0000e-010	0.0000e+000
2.100000e+003	2.01543387e-001	-3.19845661e+000	2.52617222e+003	0.00000000e+000	9.2344e+014	1.0000e-010	0.0000e+000
2.110000e+003	2.01796005e-001	-3.19820400e+000	2.50875393e+003	0.00000000e+000	9.1446e+014	1.0000e-010	0.0000e+000
2.120000e+003	2.02046880e-001	-3.19795312e+000	2.49150387e+003	0.00000000e+000	9.0563e+014	1.0000e-010	0.0000e+000
2.130000e+003	2.02296030e-001	-3.19770397e+000	2.47441925e+003	0.00000000e+000	8.9695e+014	1.0000e-010	0.0000e+000
2.140000e+003	2.02543472e-001	-3.19745653e+000	2.45749737e+003	0.00000000e+000	8.8840e+014	1.0000e-010	0.0000e+000
2.150000e+003	2.02789222e-001	-3.19721078e+000	2.44073560e+003	0.00000000e+000	8.8000e+014	1.0000e-010	0.0000e+000
2.160000e+003	2.03033296e-001	-3.19696670e+000	2.42413133e+003	0.00000000e+000	8.7173e+014	1.0000e-010	0.0000e+000
2.170000e+003	2.03275709e-001	-3.19672429e+000	2.40768203e+003	0.00000000e+000	8.6359e+014	1.0000e-010	0.0000e+000
2.180000e+003	2.03516477e-001	-3.19648352e+000	2.39138522e+003	0.00000000e+000	8.5559e+014	1.0000e-010	0.0000e+000
2.190000e+003	2.03755615e-001	-3.19624438e+000	2.37523846e+003	0.00000000e+000	8.4771e+014	1.0000e-010	0.0000e+000
2.200000e+003	2.03993139e-001	-3.19600686e+000	2.35923938e+003	0.00000000e+000	8.3995e+014	1.0000e-010	0.0000e+000
2.210000e+003	2.04229063e-001	-3.19577094e+000	2.34338564e+003	0.00000000e+000	8.3232e+014	1.0000e-010	0.0000e+000
2.220000e+003	2.04463402e-001	-3.19553660e+000	2.32767496e+003	0.00000000e+000	8.2481e+014	1.0000e-010	0.0000e+000
2.230000e+003	2.04696169e-001	-3.19530383e+000	2.31210510e+003	0.00000000e+000	8.1742e+014	1.0000e-010	0.0000e+000
2.240000e+003	2.04927380e-001	-3.19507262e+000	2.29667387e+003	0.00000000e+000	8.1014e+014	1.0000e-010	0.0000e+000
2.250000e+003	2.05157047e-001	-3.19484295e+000	2.28137912e+003	0.00000000e+000	8.0298e+014	1.0000e-010	0.0000e+000
2.260000e+003	2.05385185e-001	-3.19461481e+000	2.26621876e+003	0.00000000e+000	7.9592e+014	1.0000e-010	0.0000e+000
2.270000e+003	2.05611807e-001	-3.19438819e+000	2.25119070e+003	0.00000000e+000	7.8898e+014	1.0000e-010	0.0000e+000
2.280000e+003	2.05836926e-001	-3.19416307e+000	2.23629295e+003	0.00000000e+000	7.8213e+014	1.0000e-010	0.0000e+000
2.290000e+003	2.06060555e-001	-3.19393944e+000	2.22152351e+003	0.00000000e+000	7.7540e+014	1.0000e-010	0.0000e+000
2.300000e+003	2.06282708e-001	-3.19371729e+000	2.20688044e+003	0.00000000e+000	7.6876e+014	1.0000e-010	0.0000e+000
2.310000e+003	2.06503396e-001	-3.19349660e+000	2.19236185e+003	0.00000000e+000	7.6223e+014	1.0000e-010	0.0000e+000
2.320000e+003	2.06722632e-001	-3.19327737e+000	2.17796586e+003	0.00000000e+000	7.5579e+014	1.0000e-010	0.0000e+000
2.330000e+003	2.06940429e-001	-3.19305957e+000	2.16369064e+003	0.00000000e+000	7.4945e+014	1.0000e-010	0.0000e+000
2.340000e+003	2.07156798e-001	-3.19284320e+000	2.14953440e+003	0.00000000e+000	7.4320e+014	1.0000e-010	0.0000e+000
2.350000e+003	2.07371751e-001	-3.19262825e+000	2.13549537e+003	0.00000000e+000	7.3705e+014	1.0000e-010	0.0000e+000
2.360000e+003	2.07585301e-001	-3.19241470e+000	2.12157184e+003	0.00000000e+000	7.3099e+014	1.0000e-010	0.0000e+000
2.370000e+003	2.07797458e-001	-3.19220254e+000	2.10776211e+003	0.00000000e+000	7.2501e+014	1.0000e-010	0.0000e+000
2.380000e+003	2.08008234e-001	-3.19199177e+000	2.09406451e+003	0.00000000e+000	7.1913e+014	1.0000e-010	0.0000e+000
2.390000e+003	2.08217640e-001	-3.19178236e+000	2.08047742e+003	0.00000000e+000	7.1332e+014	1.0000e-010	0.0000e+000
2.400000e+003	2.08425688e-001	-3.19157431e+000	2.06699923e+003	0.00000000e+000	7.0761e+014	1.0000e-010	0.0000e+000
2.410000e+003	2.08632388e-001	-3.19136761e+000	2.05362837e+003	0.00000000e+000	7.0197e+014	1.0000e-010	0.0000e+000
2.420000e+003	2.08837751e-001	-3.19116225e+000	2.04036332e+003	0.00000000e+000	6.9642e+014	1.0000e-010	0.0000e+000
2.430000e+003	2.09041787e-001	-3.19095821e+000	2.02720254e+003	0.00000000e+000	6.9094e+014	1.0000e-010	0.0000e+000
2.440000e+003	2.09244507e-001	-3.19075549e+000	2.01414456e+003	0.00000000e+000	6.8555e+014	1.0000e-010	0.0000e+000
2.450000e+003	2.09445922e-001	-3.19055408e+000	2.00118792e+003	0.00000000e+000	6.8023e+014	1.0000e-010	0.0000e+000
2.460000e+003	2.09646041e-001	-3.19035396e+000	1.98833119e+003	0.00000000e+000	6.7498e+014	1.0000e-010	0.0000e+000
2.470000e+003	2.09844874e-001	-3.19015513e+000	1.97557297e+003	0.00000000e+000	6.6981e+014	1.0000e-010	0.0000e+000
2.480000e+003	2.10042431e-001	-3.18995757e+000	1.96291187e+003	0.00000000e+000	6.6471e+014	1.0000e-010	0.0000e+000
2.490000e+003	2.10238722e-001	-3.18976128e+000	1.95034654e+003	0.00000000e+000	6.5968e+014	1.0000e-010	0.0000e+000
2.500000e+003	2.10433757e-001	-3.18956624e+000	1.93787565e+003	0.00000000e+000	6.5472e+014	1.0000e-010	0.0000e+000
2.510000e+003	2.10627545e-001	-3.18937246e+000	1.92549790e+003	0.00000000e+000	6.4983e+014	1.0000e-010	0.0000e+000
2.520000e+003	2.10820094e-001	-3.18917991e+000	1.91321199e+003	0.00000000e+000	6.4501e+014	1.0000e-010	0.0000e+000
2.530000e+003	2.11011416e-001	-3.18898858e+000	1.90101667e+003	0.00000000e+000	6.4026e+014	1.0000e-010	0.0000e+000
2.540000e+003	2.11201517e-001	-3.18879848e+000	1.88891070e+003	0.00000000e+000	6.3557e+014	1.0000e-010	0.0000e+000
2.550000e+003	2.11390408e-001	-3.18860959e+000	1.87689286e+003	0.00000000e+000	6.3094e+014	1.0000e-010	0.0000e+000
2.560000e+003	2.11578098e-001	-3.18842190e+000	1.86496195e+003	0.00000000e+000	6.2637e+014	1.0000e-010	0.0000e+000
2.570000e+003	2.11764594e-001	-3.18823541e+000	1.85311681e+003	0.00000000e+000	6.2187e+014	1.0000e-010	0.0000e+000
2.580000e+003	2.11949905e-001	-3.18805009e+000	1.84135627e+003	0.00000000e+000	6.1743e+014	1.0000e-010	0.0000e+000
2.590000e+003	2.12134041e-001	-3.18786596e+000	1.82967920e+003	0.00000000e+000	6.1305e+014	1.0000e-010	0.0000e+000
2.600000e+003	2.12317009e-001	-3.18768299e+000	1.81808448e+003	0.00000000e+000	6.0872e+014	1.0000e-010	0.0000e+000
2.610000e+003	2.12498817e-001	-3.18750118e+000	1.80657102e+003	0.00000000e+000	6.0446e+014	1.0000e-010	0.0000e+000
2.620000e+003	2.12679475e-001	-3.18732053e+000	1.79513774e+003	0.00000000e+000	6.0025e+014	1.0000e-010	0.0000e+000
2.630000e+003	2.12858988e-001	-3.18714101e+000	1.78378357e+003	0.00000000e+000	5.9610e+014	1.0000e-010	0.0000e+000
2.640000e+003	2.13037367e-001	-3.18696263e+000	1.77250747e+003	0.00000000e+000	5.9200e+014	1.0000e-010	0.0000e+000
2.650000e+003	2.13214617e-001	-3.18678538e+000	1.76130843e+003	0.00000000e+000	5.8795e+014	1.0000e-010	0.0000e+000
2.660000e+003	2.13390748e-001	-3.18660925e+000	1.75018542e+003	0.00000000e+000	5.8396e+014	1.0000e-010	0.0000e+000
2.670000e+003	2.13565767e-001	-3.18643423e+000	1.73913747e+003	0.00000000e+000	5.8002e+014	1.0000e-010	0.0000e+000
2.680000e+003	2.13739681e-001	-3.18626032e+000	1.72816358e+003	0.00000000e+000	5.7613e+014	1.0000e-010	0.0000e+000
2.690000e+003	2.13912497e-001	-3.18608750e+000	1.71726281e+003	0.00000000e+000	5.7229e+014	1.0000e-010	0.0000e+000
2.700000e+003	2.14084223e-001	-3.18591578e+000	1.70643422e+003	0.00000000e+000	5.6850e+014	1.0000e-010	0.0000e+000
2.710000e+003	2.14254867e-001	-3.18574513e+000	1.69567686e+003	0.00000000e+000	5.6476e+014	1.0000e-010	0.0000e+000
2.720000e+003	2.14424434e-001	-3.18557557e+000	1.68498983e+003	0.00000000e+000	5.6107e+014	1.0000e-010	0.0000e+000
2.730000e+003	2.14592933e-001	-3.18540707e+000	1.67437223e+003	0.00000000e+000	5.5743e+014	1.0000e-010	0.0000e+000
2.740000e+003	2.14760371e-001	-3.18523963e+000	1.66382318e+003	0.00000000e+000	5.5383e+014	1.0000e-010	0.0000e+000
2.750000e+003	2.14926753e-001	-3.18507325e+000	1.65334180e+003	0.00000000e+000	5.5027e+014	1.0000e-010	0.0000e+000
2.760000e+003	2.15092087e-001	-3.18490791e+000	1.64292724e+003	0.00000000e+000	5.4677e+014	1.0000e-010	0.0000e+000
2.770000e+003	2.15256380e-001	-3.18474362e+000	1.63257866e+003	0.00000000e+000	5.4330e+014	1.0000e-010	0.0000e+000
2.780000e+003	2.15419638e-001	-3.18458036e+000	1.62229522e+003	0.00000000e+000	5.3988e+014	1.0000e-010	0.0000e+000
2.790000e+003	2.15581867e-001	-3.18441813e+000	1.61207611e+003	0.00000000e+000	5.3650e+014	1.0000e-010	0.0000e+000
2.800000e+003	2.15743075e-001	-3.18425693e+000	1.60192053e+003	0.00000000e+000	5.3317e+014	1.0000e-010	0.0000e+000
2.810000e+003	2.15903267e-001	-3.18409673e+000	1.59182768e+003	0.00000000e+000	5.2988e+014	1.0000e-010	0.0000e+000
2.820000e+003	2.16062450e-001	-3.18393755e+000	1.58179679e+003	0.00000000e+000	5.2662e+014	1.0000e-010	0.0000e+000
2.830000e+003	2.16220629e-001	-3.18377937e+000	1.57182709e+003	0.00000000e+000	5.2341e+014	1.0000e-010	0.0000e+000
2.840000e+003	2.16377812e-001	-3.18362219e+000	1.56191782e+003	0.00000000e+000	5.2024e+014	1.0000e-010	0.0000e+000
2.850000e+003	2.16534004e-001	-3.18346600e+000	1.55206824e+003	0.00000000e+000	5.1710e+014	1.0000e-010	0.0000e+000
2.860000e+003	2.16689211e-001	-3.18331079e+000	1.54227761e+003	0.00000000e+000	5.1401e+014	1.0000e-010	0.0000e+000
2.870000e+003	2.16843438e-001	-3.18315656e+000	1.53254523e+003	0.00000000e+000	5.1095e+014	1.0000e-010	0.0000e+000
2.880000e+003	2.16996693e-001	-3.18300331e+000	1.52287036e+003	0.00000000e+000	5.0793e+014	1.0000e-010	0.0000e+000
2.890000e+003	2.17148980e-001	-3.18285102e+000	1.51325232e+003	0.00000000e+000	5.0495e+014	1.0000e-010	0.0000e+000
2.900000e+003	2.17300305e-001	-3.18269969e+000	1.50369041e+003	0.00000000e+000	5.0200e+014	1.0000e-010	0.0000e+000
2.910000e+003	2.17450674e-001	-3.18254933e+000	1.49418396e+003	0.00000000e+000	4.9909e+014	1.0000e-010	0.0000e+000
2.920000e+003	2.17600093e-001	-3.18239991e+000	1.48473230e+003	0.00000000e+000	4.9621e+014	1.0000e-010	0.0000e+000
2.930000e+003	2.17748566e-001	-3.18225143e+000	1.47533476e+003	0.00000000e+000	4.9337e+014	1.0000e-010	0.0000e+000
2.940000e+003	2.17896099e-001	-3.18210390e+000	1.46599071e+003	0.00000000e+000	4.9056e+014	1.0000e-010	0.0000e+000
2.950000e+003	2.18042698e-001	-3.18195730e+000	1.45669948e+003	0.00000000e+000	4.8779e+014	1.0000e-010	0.0000e+000
2.960000e+003	2.18188368e-001	-3.18181163e+000	1.44746047e+003	0.00000000e+000	4.8505e+014	1.0000e-010	0.0000e+000
2.970000e+003	2.18333114e-001	-3.18166689e+000	1.43827304e+003	0.00000000e+000	4.8234e+014	1.0000e-010	0.0000e+000
2.980000e+003	2.18476942e-001	-3.18152306e+000	1.42913658e+003	0.00000000e+000	4.7967e+014	1.0000e-010	0.0000e+000
2.990000e+003	2.18619855e-001	-3.18138014e+000	1.42005050e+003	0.00000000e+000	4.7702e+014	1.0000e-010	0.0000e+000
3.000000e+003	2.18761860e-001	-3.18123814e+000	1.41101418e+003	0.00000000e+000	4.7441e+014	1.0000e-010	0.0000e+000
3.010000e+003	2.18902962e-001	-3.18109704e+000	1.40202705e+003	0.00000000e+000	4.7183e+014	1.0000e-010	0.0000e+000
3.020000e+003	2.19043164e-001	-3.18095684e+000	1.39308853e+003	0.00000000e+000	4.6927e+014	1.0000e-010	0.0000e+000
3.030000e+003	2.19182473e-001	-3.18081753e+000	1.38419804e+003	0.00000000e+000	4.6675e+014	1.0000e-010	0.0000e+000
3.040000e+003	2.19320893e-001	-3.18067911e+000	1.37535504e+003	0.00000000e+000	4.6426e+014	1.0000e-010	0.0000e+000
3.050000e+003	2.19458429e-001	-3.18054157e+000	1.36655895e+003	0.00000000e+000	4.6180e+014	1.0000e-010	0.0000e+000
3.060000e+003	2.19595084e-001	-3.18040492e+000	1.35780923e+003	0.00000000e+000	4.5936e+014	1.0000e-010	0.0000e+000
3.070000e+003	2.19730865e-001	-3.18026913e+000	1.34910536e+003	0.00000000e+000	4.5696e+014	1.0000e-010	0.0000e+000
3.080000e+003	2.19865776e-001	-3.18013422e+000	1.34044678e+003	0.00000000e+000	4.5458e+014	1.0000e-010	0.0000e+000
3.090000e+003	2.19999821e-001	-3.18000018e+000	1.33183298e+003	0.00000000e+000	4.5223e+014	1.0000e-010	0.0000e+000
3.100000e+003	2.20133004e-001	-3.17986700e+000	1.32326345e+003	0.00000000e+000	4.4990e+014	1.0000e-010	0.0000e+000
3.110000e+003	2.20265330e-001	-3.17973467e+000	1.31473767e+003	0.00000000e+000	4.4760e+014	1.0000e-010	0.0000e+000
3.120000e+003	2.20396804e-001	-3.17960320e+000	1.30625514e+003	0.00000000e+000	4.4533e+014	1.0000e-010	0.0000e+000
3.130000e+003	2.20527430e-001	-3.17947257e+000	1.29781536e+003	0.00000000e+000	4.4309e+014	1.0000e-010	0.0000e+000
3.140000e+003	2.20657211e-001	-3.17934279e+000	1.28941784e+003	0.00000000e+000	4.4087e+014	1.0000e-010	0.0000e+000
3.150000e+003	2.20786153e-001	-3.17921385e+000	1.28106210e+003	0.00000000e+000	4.3868e+014	1.0000e-010	0.0000e+000
3.160000e+003	2.20914259e-001	-3.17908574e+000	1.27274767e+003	0.00000000e+000	4.3651e+014	1.0000e-010	0.0000e+000
3.170000e+003	2.21041534e-001	-3.17895847e+000	1.26447407e+003	0.00000000e+000	4.3437e+014	1.0000e-010	0.0000e+000
3.180000e+003	2.21167981e-001	-3.17883202e+000	1.25624084e+003	0.00000000e+000	4.3225e+014	1.0000e-010	0.0000e+000
3.190000e+003	2.21293605e-001	-3.17870639e+000	1.24804752e+003	0.00000000e+000	4.3015e+014	1.0000e-010	0.0000e+000
3.200000e+003	2.21418410e-001	-3.17858159e+000	1.23989366e+003	0.00000000e+000	4.2808e+014	1.0000e-010	0.0000e+000
3.210000e+003	2.21542399e-001	-3.17845760e+000	1.23177881e+003	0.00000000e+000	4.2603e+014	1.0000e-010	0.0000e+000
3.220000e+003	2.21665577e-001	-3.17833442e+000	1.22370253e+003	0.00000000e+000	4.2401e+014	1.0000e-010	0.0000e+000
3.230000e+003	2.21787948e-001	-3.17821205e+000	1.21566440e+003	0.00000000e+000	4.2200e+014	1.0000e-010	0.0000e+000
3.240000e+003	2.21909514e-001	-3.17809049e+000	1.20766397e+003	0.00000000e+000	4.2002e+014	1.0000e-010	0.0000e+000
3.250000e+003	2.22030280e-001	-3.17796972e+000	1.19970083e+003	0.00000000e+000	4.1807e+014	1.0000e-010	0.0000e+000
3.260000e+003	2.22150251e-001	-3.17784975e+000	1.19177456e+003	0.00000000e+000	4.1613e+014	1.0000e-010	0.0000e+000
3.270000e+003	2.22269428e-001	-3.17773057e+000	1.18388474e+003	0.00000000e+000	4.1422e+014	1.0000e-010	0.0000e+000
3.280000e+003	2.22387816e-001	-3.17761218e+000	1.17603098e+003	0.00000000e+000	4.1232e+014	1.0000e-010	0.0000e+000
3.290000e+003	2.22505420e-001	-3.17749458e+000	1.16821286e+003	0.00000000e+000	4.1045e+014	1.0000e-010	0.0000e+000
3.300000e+003	2.22622241e-001	-3.17737776e+000	1.16042999e+003	0.00000000e+000	4.0860e+014	1.0000e-010	0.0000e+000
3.310000e+003	2.22738284e-001	-3.17726172e+000	1.15268197e+003	0.00000000e+000	4.0677e+014	1.0000e-010	0.0000e+000
3.320000e+003	2.22853552e-001	-3.17714645e+000	1.14496843e+003	0.00000000e+000	4.0496e+014	1.0000e-010	0.0000e+000
3.330000e+003	2.22968049e-001	-3.17703195e+000	1.13728897e+003	0.00000000e+000	4.0317e+014	1.0000e-010	0.0000e+000
3.340000e+003	2.23081778e-001	-3.17691822e+000	1.12964322e+003	0.00000000e+000	4.0140e+014	1.0000e-010	0.0000e+000
3.350000e+003	2.23194742e-001	-3.17680526e+000	1.12203081e+003	0.00000000e+000	3.9965e+014	1.0000e-010	0.0000e+000
3.360000e+003	2.23306945e-001	-3.17669305e+000	1.11445137e+003	0.00000000e+000	3.9792e+014	1.0000e-010	0.0000e+000
3.370000e+003	2.23418390e-001	-3.17658161e+000	1.10690453e+003	0.00000000e+000	3.9621e+014	1.0000e-010	0.0000e+000
3.380000e+003	2.23529081e-001	-3.17647092e+000	1.09938994e+003	0.00000000e+000	3.9452e+014	1.0000e-010	0.0000e+000
3.390000e+003	2.23639020e-001	-3.17636098e+000	1.09190723e+003	0.00000000e+000	3.9284e+014	1.0000e-010	0.0000e+000
3.400000e+003	2.23748210e-001	-3.17625179e+000	1.08445606e+003	0.00000000e+000	3.9119e+014	1.0000e-010	0.0000e+000
3.410000e+003	2.23856656e-001	-3.17614334e+000	1.07703608e+003	0.00000000e+000	3.8955e+014	1.0000e-010	0.0000e+000
3.420000e+003	2.23964360e-001	-3.17603564e+000	1.06964695e+003	0.00000000e+000	3.8793e+014	1.0000e-010	0.0000e+000
3.430000e+003	2.24071324e-001	-3.17592868e+000	1.06228834e+003	0.00000000e+000	3.8633e+014	1.0000e-010	0.0000e+000
3.440000e+003	2.24177553e-001	-3.17582245e+000	1.05495989e+003	0.00000000e+000	3.8474e+014	1.0000e-010	0.0000e+000
3.450000e+003	2.24283049e-001	-3.17571695e+000	1.04766129e+003	0.00000000e+000	3.8318e+014	1.0000e-010	0.0000e+000
3.460000e+003	2.24387815e-001	-3.17561218e+000	1.04039221e+003	0.00000000e+000	3.8163e+014	1.0000e-010	0.0000e+000
3.470000e+003	2.24491855e-001	-3.17550815e+000	1.03315233e+003	0.00000000e+000	3.8010e+014	1.0000e-010	0.0000e+000
3.480000e+003	2.24595170e-001	-3.17540483e+000	1.02594132e+003	0.00000000e+000	3.7858e+014	1.0000e-010	0.0000e+000
3.490000e+003	2.24697764e-001	-3.17530224e+000	1.01875887e+003	0.00000000e+000	3.7708e+014	1.0000e-010	0.0000e+000
3.500000e+003	2.24799640e-001	-3.17520036e+000	1.01160467e+003	0.00000000e+000	3.7560e+014	1.0000e-010	0.0000e+000
3.510000e+003	2.24900800e-001	-3.17509920e+000	1.00447841e+003	0.00000000e+000	3.7413e+014	1.0000e-010	0.0000e+000
3.520000e+003	2.25001248e-001	-3.17499875e+000	9.97379783e+002	0.00000000e+000	3.7268e+014	1.0000e-010	0.0000e+000
3.530000e+003	2.25100986e-001	-3.17489901e+000	9.90308492e+002	0.00000000e+000	3.7124e+014	1.0000e-010	0.0000e+000
3.540000e+003	2.25200017e-001	-3.17479998e+000	9.83264236e+002	0.00000000e+000	3.6982e+014	1.0000e-010	0.0000e+000
3.550000e+003	2.25298343e-001	-3.17470166e+000	9.76246723e+002	0.00000000e+000	3.6842e+014	1.0000e-010	0.0000e+000
3.560000e+003	2.25395968e-001	-3.17460403e+000	9.69255659e+002	0.00000000e+000	3.6703e+014	1.0000e-010	0.0000e+000
3.570000e+003	2.25492894e-001	-3.17450711e+000	9.62290758e+002	0.00000000e+000	3.6566e+014	1.0000e-010	0.0000e+000
3.580000e+003	2.25589123e-001	-3.17441088e+000	9.55351734e+002	0.00000000e+000	3.6430e+014	1.0000e-010	0.0000e+000
3.590000e+003	2.25684658e-001	-3.17431534e+000	9.48438305e+002	0.00000000e+000	3.6296e+014	1.0000e-010	0.0000e+000
3.600000e+003	2.25779502e-001	-3.17422050e+000	9.41550194e+002	0.00000000e+000	3.6163e+014	1.0000e-010	0.0000e+000
3.610000e+003	2.25873657e-001	-3.17412634e+000	9.34687124e+002	0.00000000e+000	3.6031e+014	1.0000e-010	0.0000e+000
3.620000e+003	2.25967125e-001	-3.17403287e+000	9.27848822e+002	0.00000000e+000	3.5901e+014	1.0000e-010	0.0000e+000
3.630000e+003	2.26059910e-001	-3.17394009e+000	9.21035021e+002	0.00000000e+000	3.5773e+014	1.0000e-010	0.0000e+000
3.640000e+003	2.26152014e-001	-3.17384799e+000	9.14245451e+002	0.00000000e+000	3.5645e+014	1.0000e-010	0.0000e+000
3.650000e+003	2.26243438e-001	-3.17375656e+000	9.07479850e+002	0.00000000e+000	3.5520e+014	1.0000e-010	0.0000e+000
3.660000e+003	2.26334186e-001	-3.17366581e+000	9.00737957e+002	0.00000000e+000	3.5395e+014	1.0000e-010	0.0000e+000
3.670000e+003	2.26424260e-001	-3.17357574e+000	8.94019513e+002	0.00000000e+000	3.5272e+014	1.0000e-010	0.0000e+000
3.680000e+003	2.26513662e-001	-3.17348634e+000	8.87324263e+002	0.00000000e+000	3.5150e+014	1.0000e-010	0.0000e+000
3.690000e+003	2.26602395e-001	-3.17339761e+000	8.80651954e+002	0.00000000e+000	3.5030e+014	1.0000e-010	0.0000e+000
3.700000e+003	2.26690460e-001	-3.17330954e+000	8.74002335e+002	0.00000000e+000	3.4911e+014	1.0000e-010	0.0000e+000
3.710000e+003	2.26777860e-001	-3.17322214e+000	8.67375159e+002	0.00000000e+000	3.4793e+014	1.0000e-010	0.0000e+000
3.720000e+003	2.26864597e-001	-3.17313540e+000	8.60770182e+002	0.00000000e+000	3.4676e+014	1.0000e-010	0.0000e+000
3.730000e+003	2.26950674e-001	-3.17304933e+000	8.54187159e+002	0.00000000e+000	3.4561e+014	1.0000e-010	0.0000e+000
3.740000e+003	2.27036093e-001	-3.17296391e+000	8.47625853e+002	0.00000000e+000	3.4447e+014	1.0000e-010	0.0000e+000
3.750000e+003	2.27120856e-001	-3.17287914e+000	8.41086023e+002	0.00000000e+000	3.4334e+014	1.0000e-010	0.0000e+000
3.760000e+003	2.27204964e-001	-3.17279504e+000	8.34567437e+002	0.00000000e+000	3.4223e+014	1.0000e-010	0.0000e+000
3.770000e+003	2.27288421e-001	-3.17271158e+000	8.28069860e+002	0.00000000e+000	3.4112e+014	1.0000e-010	0.0000e+000
3.780000e+003	2.27371228e-001	-3.17262877e+000	8.21593062e+002	0.00000000e+000	3.4003e+014	1.0000e-010	0.0000e+000
3.790000e+003	2.27453387e-001	-3.17254661e+000	8.15136816e+002	0.00000000e+000	3.3895e+014	1.0000e-010	0.0000e+000
3.800000e+003	2.27534901e-001	-3.17246510e+000	8.08700894e+002	0.00000000e+000	3.3789e+014	1.0000e-010	0.0000e+000
3.810000e+003	2.27615771e-001	-3.17238423e+000	8.02285074e+002	0.00000000e+000	3.3683e+014	1.0000e-010	0.0000e+000
3.820000e+003	2.27696000e-001	-3.17230400e+000	7.95889134e+002	0.00000000e+000	3.3579e+014	1.0000e-010	0.0000e+000
3.830000e+003	2.27775589e-001	-3.17222441e+000	7.89512854e+002	0.00000000e+000	3.3476e+014	1.0000e-010	0.0000e+000
3.840000e+003	2.27854540e-001	-3.17214546e+000	7.83156017e+002	0.00000000e+000	3.3373e+014	1.0000e-010	0.0000e+000
3.850000e+003	2.27932855e-001	-3.17206714e+000	7.76818409e+002	0.00000000e+000	3.3273e+014	1.0000e-010	0.0000e+000
3.860000e+003	2.28010537e-001	-3.17198946e+000	7.70499815e+002	0.00000000e+000	3.3173e+014	1.0000e-010	0.0000e+000
3.870000e+003	2.28087587e-001	-3.17191241e+000	7.64200026e+002	0.00000000e+000	3.3074e+014	1.0000e-010	0.0000e+000
3.880000e+003	2.28164007e-001	-3.17183599e+000	7.57918832e+002	0.00000000e+000	3.2976e+014	1.0000e-010	0.0000e+000
3.890000e+003	2.28239799e-001	-3.17176020e+000	7.51656026e+002	0.00000000e+000	3.2880e+014	1.0000e-010	0.0000e+000
3.900000e+003	2.28314965e-001	-3.17168504e+000	7.45411403e+002	0.00000000e+000	3.2784e+014	1.0000e-010	0.0000e+000
3.910000e+003	2.28389506e-001	-3.17161049e+000	7.39184759e+002	0.00000000e+000	3.2690e+014	1.0000e-010	0.0000e+000
3.920000e+003	2.28463424e-001	-3.17153658e+000	7.32975894e+002	0.00000000e+000	3.2597e+014	1.0000e-010	0.0000e+000
3.930000e+003	2.28536722e-001	-3.17146328e+000	7.26784607e+002	0.00000000e+000	3.2504e+014	1.0000e-010	0.0000e+000
3.940000e+003	2.28609400e-001	-3.17139060e+000	7.20610703e+002	0.00000000e+000	3.2413e+014	1.0000e-010	0.0000e+000
3.950000e+003	2.28681462e-001	-3.17131854e+000	7.14453983e+002	0.00000000e+000	3.2323e+014	1.0000e-010	0.0000e+000
3.960000e+003	2.28752907e-001	-3.17124709e+000	7.08314255e+002	0.00000000e+000	3.2234e+014	1.0000e-010	0.0000e+000
3.970000e+003	2.28823738e-001	-3.17117626e+000	7.02191326e+002	0.00000000e+000	3.2145e+014	1.0000e-010	0.0000e+000
3.980000e+003	2.28893957e-001	-3.17110604e+000	6.96085005e+002	0.00000000e+000	3.2058e+014	1.0000e-010	0.0000e+000
3.990000e+003	2.28963566e-001	-3.17103643e+000	6.89995105e+002	0.00000000e+000	3.1972e+014	1.0000e-010	0.0000e+000
4.000000e+003	2.29032565e-001	-3.17096743e+000	6.83921436e+002	0.00000000e+000	3.1887e+014	1.0000e-010	0.0000e+000
4.010000e+003	2.29100958e-001	-3.17089904e+000	6.77863815e+002	0.00000000e+000	3.1803e+014	1.0000e-010	0.0000e+000
4.020000e+003	2.29168744e-001	-3.17083126e+000	6.71822056e+002	0.00000000e+000	3.1719e+014	1.0000e-010	0.0000e+000
4.030000e+003	2.29235926e-001	-3.17076407e+000	6.65795978e+002	0.00000000e+000	3.1637e+014	1.0000e-010	0.0000e+000
4.040000e+003	2.29302506e-001	-3.17069749e+000	6.59785399e+002	0.00000000e+000	3.1556e+014	1.0000e-010	0.0000e+000
4.050000e+003	2.29368484e-001	-3.17063152e+000	6.53790141e+002	0.00000000e+000	3.1475e+014	1.0000e-010	0.0000e+000
4.060000e+003	2.29433863e-001	-3.17056614e+000	6.47810025e+002	0.00000000e+000	3.1396e+014	1.0000e-010	0.0000e+000
4.070000e+003	2.29498644e-001	-3.17050136e+000	6.41844876e+002	0.00000000e+000	3.1317e+014	1.0000e-010	0.0000e+000
4.080000e+003	2.29562829e-001	-3.17043717e+000	6.35894519e+002	0.00000000e+000	3.1239e+014	1.0000e-010	0.0000e+000
4.090000e+003	2.29626418e-001	-3.17037358e+000	6.29958780e+002	0.00000000e+000	3.1163e+014	1.0000e-010	0.0000e+000
4.100000e+003	2.29689414e-001	-3.17031059e+000	6.24037488e+002	0.00000000e+000	3.1087e+014	1.0000e-010	0.0000e+000
4.110000e+003	2.29751818e-001	-3.17024818e+000	6.18130472e+002	0.00000000e+000	3.1012e+014	1.0000e-010	0.0000e+000
4.120000e+003	2.29813631e-001	-3.17018637e+000	6.12237563e+002	0.00000000e+000	3.0938e+014	1.0000e-010	0.0000e+000
4.130000e+003	2.29874855e-001	-3.17012515e+000	6.06358593e+002	0.00000000e+000	3.0865e+014	1.0000e-010	0.0000e+000
4.140000e+003	2.29935491e-001	-3.17006451e+000	6.00493396e+002	0.00000000e+000	3.0792e+014	1.0000e-010	0.0000e+000
4.150000e+003	2.29995540e-001	-3.17000446e+000	5.94641807e+002	0.00000000e+000	3.0721e+014	1.0000e-010	0.0000e+000
4.160000e+003	2.30055004e-001	-3.16994500e+000	5.88803662e+002	0.00000000e+000	3.0650e+014	1.0000e-010	0.0000e+000
4.170000e+003	2.30113884e-001	-3.16988612e+000	5.82978799e+002	0.00000000e+000	3.0581e+014	1.0000e-010	0.0000e+000
4.180000e+003	2.30172182e-001	-3.16982782e+000	5.77167057e+002	0.00000000e+000	3.0512e+014	1.0000e-010	0.0000e+000
4.190000e+003	2.30229899e-001	-3.16977010e+000	5.71368275e+002	0.00000000e+000	3.0444e+014	1.0000e-010	0.0000e+000
4.200000e+003	2.30287036e-001	-3.16971296e+000	5.65582296e+002	0.00000000e+000	3.0376e+014	1.0000e-010	0.0000e+000
4.210000e+003	2.30343594e-001	-3.16965641e+000	5.59808961e+002	0.00000000e+000	3.0310e+014	1.0000e-010	0.0000e+000
4.220000e+003	2.30399575e-001	-3.16960042e+000	5.54048114e+002	0.00000000e+000	3.0245e+014	1.0000e-010	0.0000e+000
4.230000e+003	2.30454980e-001	-3.16954502e+000	5.48299600e+002	0.00000000e+000	3.0180e+014	1.0000e-010	0.0000e+000
4.240000e+003	2.30509810e-001	-3.16949019e+000	5.42563266e+002	0.00000000e+000	3.0116e+014	1.0000e-010	0.0000e+000
4.250000e+003	2.30564066e-001	-3.16943593e+000	5.36838958e+002	0.00000000e+000	3.0053e+014	1.0000e-010	0.0000e+000
4.260000e+003	2.30617750e-001	-3.16938225e+000	5.31126525e+002	0.00000000e+000	2.9990e+014	1.0000e-010	0.0000e+000
4.270000e+003	2.30670863e-001	-3.16932914e+000	5.25425815e+002	0.00000000e+000	2.9929e+014	1.0000e-010	0.0000e+000
4.280000e+003	2.30723405e-001	-3.16927659e+000	5.19736681e+002	0.00000000e+000	2.9868e+014	1.0000e-010	0.0000e+000
4.290000e+003	2.30775379e-001	-3.16922462e+000	5.14058972e+002	0.00000000e+000	2.9808e+014	1.0000e-010	0.0000e+000
4.300000e+003	2.30826785e-001	-3.16917322e+000	5.08392543e+002	0.00000000e+000	2.9749e+014	1.0000e-010	0.0000e+000
4.310000e+003	2.30877624e-001	-3.16912238e+000	5.02737245e+002	0.00000000e+000	2.9690e+014	1.0000e-010	0.0000e+000
4.320000e+003	2.30927898e-001	-3.16907210e+000	4.97092935e+002	0.00000000e+000	2.9633e+014	1.0000e-010	0.0000e+000
4.330000e+003	2.30977607e-001	-3.16902239e+000	4.91459467e+002	0.00000000e+000	2.9576e+014	1.0000e-010	0.0000e+000
4.340000e+003	2.31026753e-001	-3.16897325e+000	4.85836699e+002	0.00000000e+000	2.9520e+014	1.0000e-010	0.0000e+000
4.350000e+003	2.31075337e-001	-3.16892466e+000	4.80224488e+002	0.00000000e+000	2.9464e+014	1.0000e-010	0.0000e+000
4.360000e+003	2.31123359e-001	-3.16887664e+000	4.74622692e+002	0.00000000e+000	2.9410e+014	1.0000e-010	0.0000e+000
4.370000e+003	2.31170821e-001	-3.16882918e+000	4.69031171e+002	0.00000000e+000	2.9356e+014	1.0000e-010	0.0000e+000
4.380000e+003	2.31217725e-001	-3.16878228e+000	4.63449785e+002	0.00000000e+000	2.9302e+014	1.0000e-010	0.0000e+000
4.390000e+003	2.31264070e-001	-3.16873593e+000	4.57878397e+002	0.00000000e+000	2.9250e+014	1.0000e-010	0.0000e+000
4.400000e+003	2.31309857e-001	-3.16869014e+000	4.52316867e+002	0.00000000e+000	2.9198e+014	1.0000e-010	0.0000e+000
4.410000e+003	2.31355089e-001	-3.16864491e+000	4.46765060e+002	0.00000000e+000	2.9147e+014	1.0000e-010	0.0000e+000
4.420000e+003	2.31399766e-001	-3.16860023e+000	4.41222839e+002	0.00000000e+000	2.9097e+014	1.0000e-010	0.0000e+000
4.430000e+003	2.31443888e-001	-3.16855611e+000	4.35690069e+002	0.00000000e+000	2.9047e+014	1.0000e-010	0.0000e+000
4.440000e+003	2.31487457e-001	-3.16851254e+000	4.30166615e+002	0.00000000e+000	2.8998e+014	1.0000e-010	0.0000e+000
4.450000e+003	2.31530474e-001	-3.16846953e+000	4.24652345e+002	0.00000000e+000	2.8950e+014	1.0000e-010	0.0000e+000
4.460000e+003	2.31572939e-001	-3.16842706e+000	4.19147125e+002	0.00000000e+000	2.8902e+014	1.0000e-010	0.0000e+000
4.470000e+003	2.31614853e-001	-3.16838515e+000	4.13650824e+002	0.00000000e+000	2.8856e+014	1.0000e-010	0.0000e+000
4.480000e+003	2.31656219e-001	-3.16834378e+000	4.08163310e+002	0.00000000e+000	2.8810e+014	1.0000e-010	0.0000e+000
4.490000e+003	2.31697035e-001	-3.16830297e+000	4.02684453e+002	0.00000000e+000	2.8764e+014	1.0000e-010	0.0000e+000
4.500000e+003	2.31737303e-001	-3.16826270e+000	3.97214124e+002	0.00000000e+000	2.8719e+014	1.0000e-010	0.0000e+000
4.510000e+003	2.31777025e-001	-3.16822298e+000	3.91752193e+002	0.00000000e+000	2.8675e+014	1.0000e-010	0.0000e+000
4.520000e+003	2.31816200e-001	-3.16818380e+000	3.86298533e+002	0.00000000e+000	2.8632e+014	1.0000e-010	0.0000e+000
4.530000e+003	2.31854830e-001	-3.16814517e+000	3.80853016e+002	0.00000000e+000	2.8589e+014	1.0000e-010	0.0000e+000
4.540000e+003	2.31892915e-001	-3.16810708e+000	3.75415516e+002	0.00000000e+000	2.8547e+014	1.0000e-010	0.0000e+000
4.550000e+003	2.31930457e-001	-3.16806954e+000	3.69985906e+002	0.00000000e+000	2.8506e+014	1.0000e-010	0.0000e+000
4.560000e+003	2.31967455e-001	-3.16803254e+000	3.64564061e+002	0.00000000e+000	2.8465e+014	1.0000e-010	0.0000e+000
4.570000e+003	2.32003912e-001	-3.16799609e+000	3.59149857e+002	0.00000000e+000	2.8425e+014	1.0000e-010	0.0000e+000
4.580000e+003	2.32039827e-001	-3.16796017e+000	3.53743169e+002	0.00000000e+000	2.8385e+014	1.0000e-010	0.0000e+000
4.590000e+003	2.32075201e-001	-3.16792480e+000	3.48343874e+002	0.00000000e+000	2.8346e+014	1.0000e-010	0.0000e+000
4.600000e+003	2.32110035e-001	-3.16788996e+000	3.42951850e+002	0.00000000e+000	2.8308e+014	1.0000e-010	0.0000e+000
4.610000e+003	2.32144331e-001	-3.16785567e+000	3.37566974e+002	0.00000000e+000	2.8271e+014	1.0000e-010	0.0000e+000
4.620000e+003	2.32178087e-001	-3.16782191e+000	3.32189125e+002	0.00000000e+000	2.8234e+014	1.0000e-010	0.0000e+000
4.630000e+003	2.32211306e-001	-3.16778869e+000	3.26818182e+002	0.00000000e+000	2.8198e+014	1.0000e-010	0.0000e+000
4.640000e+003	2.32243988e-001	-3.16775601e+000	3.21454024e+002	0.00000000e+000	2.8162e+014	1.0000e-010	0.0000e+000
4.650000e+003	2.32276133e-001	-3.16772387e+000	3.16096532e+002	0.00000000e+000	2.8127e+014	1.0000e-010	0.0000e+000
4.660000e+003	2.32307743e-001	-3.16769226e+000	3.10745587e+002	0.00000000e+000	2.8093e+014	1.0000e-010	0.0000e+000
4.670000e+003	2.32338818e-001	-3.16766118e+000	3.05401070e+002	0.00000000e+000	2.8059e+014	1.0000e-010	0.0000e+000
4.680000e+003	2.32369358e-001	-3.16763064e+000	3.00062863e+002	0.00000000e+000	2.8026e+014	1.0000e-010	0.0000e+000
4.690000e+003	2.32399364e-001	-3.16760064e+000	2.94730848e+002	0.00000000e+000	2.7993e+014	1.0000e-010	0.0000e+000
4.700000e+003	2.32428837e-001	-3.16757116e+000	2.89404909e+002	0.00000000e+000	2.7961e+014	1.0000e-010	0.0000e+000
4.710000e+003	2.32457778e-001	-3.16754222e+000	2.84084929e+002	0.00000000e+000	2.7930e+014	1.0000e-010	0.0000e+000
4.720000e+003	2.32486186e-001	-3.16751381e+000	2.78770791e+002	0.00000000e+000	2.7899e+014	1.0000e-010	0.0000e+000
4.730000e+003	2.32514063e-001	-3.16748594e+000	2.73462381e+002	0.00000000e+000	2.7869e+014	1.0000e-010	0.0000e+000
4.740000e+003	2.32541409e-001	-3.16745859e+000	2.68159583e+002	0.00000000e+000	2.7840e+014	1.0000e-010	0.0000e+000
4.750000e+003	2.32568225e-001	-3.16743177e+000	2.62862283e+002	0.00000000e+000	2.7811e+014	1.0000e-010	0.0000e+000
4.760000e+003	2.32594512e-001	-3.16740549e+000	2.57570366e+002	0.00000000e+000	2.7783e+014	1.0000e-010	0.0000e+000
4.770000e+003	2.32620269e-001	-3.16737973e+000	2.52283719e+002	0.00000000e+000	2.7755e+014	1.0000e-010	0.0000e+000
4.780000e+003	2.32645497e-001	-3.16735450e+000	2.47002229e+002	0.00000000e+000	2.7728e+014	1.0000e-010	0.0000e+000
4.790000e+003	2.32670197e-001	-3.16732980e+000	2.41725783e+002	0.00000000e+000	2.7701e+014	1.0000e-010	0.0000e+000
4.800000e+003	2.32694370e-001	-3.16730563e+000	2.36454268e+002	0.00000000e+000	2.7676e+014	1.0000e-010	0.0000e+000
4.810000e+003	2.32718015e-001	-3.16728198e+000	2.31187572e+002	0.00000000e+000	2.7650e+014	1.0000e-010	0.0000e+000
4.820000e+003	2.32741134e-001	-3.16725887e+000	2.25925584e+002	0.00000000e+000	2.7626e+014	1.0000e-010	0.0000e+000
4.830000e+003	2.32763726e-001	-3.16723627e+000	2.20668193e+002	0.00000000e+000	2.7601e+014	1.0000e-010	0.0000e+000
4.840000e+003	2.32785793e-001	-3.16721421e+000	2.15415287e+002	0.00000000e+000	2.7578e+014	1.0000e-010	0.0000e+000
4.850000e+003	2.32807335e-001	-3.16719267e+000	2.10166757e+002	0.00000000e+000	2.7555e+014	1.0000e-010	0.0000e+000
4.860000e+003	2.32828352e-001	-3.16717165e+000	2.04922491e+002	0.00000000e+000	2.7532e+014	1.0000e-010	0.0000e+000
4.870000e+003	2.32848844e-001	-3.16715116e+000	1.99682381e+002	0.00000000e+000	2.7511e+014	1.0000e-010	0.0000e+000
4.880000e+003	2.32868812e-001	-3.16713119e+000	1.94446317e+002	0.00000000e+000	2.7489e+014	1.0000e-010	0.0000e+000
4.890000e+003	2.32888257e-001	-3.16711174e+000	1.89214190e+002	0.00000000e+000	2.7469e+014	1.0000e-010	0.0000e+000
4.900000e+003	2.32907178e-001	-3.16709282e+000	1.83985891e+002	0.00000000e+000	2.7449e+014	1.0000e-010	0.0000e+000
4.910000e+003	2.32925577e-001	-3.16707442e+000	1.78761311e+002	0.00000000e+000	2.7429e+014	1.0000e-010	0.0000e+000
4.920000e+003	2.32943453e-001	-3.16705655e+000	1.73540343e+002	0.00000000e+000	2.7410e+014	1.0000e-010	0.0000e+000
4.930000e+003	2.32960807e-001	-3.16703919e+000	1.68322879e+002	0.00000000e+000	2.7392e+014	1.0000e-010	0.0000e+000
4.940000e+003	2.32977639e-001	-3.16702236e+000	1.63108810e+002	0.00000000e+000	2.7374e+014	1.0000e-010	0.0000e+000
4.950000e+003	2.32993950e-001	-3.16700605e+000	1.57898030e+002	0.00000000e+000	2.7357e+014	1.0000e-010	0.0000e+000
4.960000e+003	2.33009740e-001	-3.16699026e+000	1.52690432e+002	0.00000000e+000	2.7340e+014	1.0000e-010	0.0000e+000
4.970000e+003	2.33025009e-001	-3.16697499e+000	1.47485909e+002	0.00000000e+000	2.7324e+014	1.0000e-010	0.0000e+000
4.980000e+003	2.33039757e-001	-3.16696024e+000	1.42284354e+002	0.00000000e+000	2.7308e+014	1.0000e-010	0.0000e+000
4.990000e+003	2.33053986e-001	-3.16694601e+000	1.37085661e+002	0.00000000e+000	2.7293e+014	1.0000e-010	0.0000e+000
5.000000e+003	2.33067694e-001	-3.16693231e+000	1.31889724e+002	0.00000000e+000	2.7279e+014	1.0000e-010	0.0000e+000
5.010000e+003	2.33080883e-001	-3.16691912e+000	1.26696437e+002	0.00000000e+000	2.7265e+014	1.0000e-010	0.0000e+000
5.020000e+003	2.33093553e-001	-3.16690645e+000	1.21505695e+002	0.00000000e+000	2.7251e+014	1.0000e-010	0.0000e+000
5.030000e+003	2.33105704e-001	-3.16689430e+000	1.16317392e+002	0.00000000e+000	2.7239e+014	1.0000e-010	0.0000e+000
5.040000e+003	2.33117335e-001	-3.16688266e+000	1.11131423e+002	0.00000000e+000	2.7226e+014	1.0000e-010	0.0000e+000
5.050000e+003	2.33128448e-001	-3.16687155e+000	1.05947682e+002	0.00000000e+000	2.7215e+014	1.0000e-010	0.0000e+000
5.060000e+003	2.33139043e-001	-3.16686096e+000	1.00766066e+002	0.00000000e+000	2.7204e+014	1.0000e-010	0.0000e+000
5.070000e+003	2.33149120e-001	-3.16685088e+000	9.55864687e+001	0.00000000e+000	2.7193e+014	1.0000e-010	0.0000e+000
5.080000e+003	2.33158679e-001	-3.16684132e+000	9.04087863e+001	0.00000000e+000	2.7183e+014	1.0000e-010	0.0000e+000
5.090000e+003	2.33167719e-001	-3.16683228e+000	8.52329144e+001	0.00000000e+000	2.7173e+014	1.0000e-010	0.0000e+000
5.100000e+003	2.33176243e-001	-3.16682376e+000	8.00587486e+001	0.00000000e+000	2.7164e+014	1.0000e-010	0.0000e+000
5.110000e+003	2.33184249e-001	-3.16681575e+000	7.48861849e+001	0.00000000e+000	2.7156e+014	1.0000e-010	0.0000e+000
5.120000e+003	2.33191737e-001	-3.16680826e+000	6.97151193e+001	0.00000000e+000	2.7148e+014	1.0000e-010	0.0000e+000
5.130000e+003	2.33198709e-001	-3.16680129e+000	6.45454481e+001	0.00000000e+000	2.7141e+014	1.0000e-010	0.0000e+000
5.140000e+003	2.33205163e-001	-3.16679484e+000	5.93770674e+001	0.00000000e+000	2.7134e+014	1.0000e-010	0.0000e+000
5.150000e+003	2.33211101e-001	-3.16678890e+000	5.42098736e+001	0.00000000e+000	2.7128e+014	1.0000e-010	0.0000e+000
5.160000e+003	2.33216522e-001	-3.16678348e+000	4.90437633e+001	0.00000000e+000	2.7122e+014	1.0000e-010	0.0000e+000
5.170000e+003	2.33221426e-001	-3.16677857e+000	4.38786329e+001	0.00000000e+000	2.7117e+014	1.0000e-010	0.0000e+000
5.180000e+003	2.33225814e-001	-3.16677419e+000	3.87143791e+001	0.00000000e+000	2.7112e+014	1.0000e-010	0.0000e+000
5.190000e+003	2.33229686e-001	-3.16677031e+000	3.35508987e+001	0.00000000e+000	2.7108e+014	1.0000e-010	0.0000e+000
5.200000e+003	2.33233041e-001	-3.16676696e+000	2.83880883e+001	0.00000000e+000	2.7105e+014	1.0000e-010	0.0000e+000
5.210000e+003	2.33235879e-001	-3.16676412e+000	2.32258448e+001	0.00000000e+000	2.7102e+014	1.0000e-010	0.0000e+000
5.220000e+003	2.33238202e-001	-3.16676180e+000	1.80640651e+001	0.00000000e+000	2.7099e+014	1.0000e-010	0.0000e+000
5.230000e+003	2.33240008e-001	-3.16675999e+000	1.29026461e+001	0.00000000e+000	2.7098e+014	1.0000e-010	0.0000e+000
5.240000e+003	2.33241299e-001	-3.16675870e+000	7.74148460e+000	0.00000000e+000	2.7096e+014	1.0000e-010	0.0000e+000
5.250000e+003	2.33242073e-001	-3.16675793e+000	2.58047769e+000	0.00000000e+000	2.7095e+014	1.0000e-010	0.0000e+000
5.260000e+003	2.33242331e-001	-3.16675767e+000	2.58047769e+000	0.00000000e+000	2.7095e+014	1.0000e-010	0.0000e+000
