Y (ang)	el Psi 1	el Psi 2	el Psi 3	el Psi 4	el Psi 5	el Psi 6	el Psi 7	el Psi 8	el Psi 9	el Psi 10	el Psi 11
2.000000e+001	1.3878e-020	-4.2673e-020	6.8340e-020	-9.1935e-020	1.1429e-019	-1.3580e-019	1.5669e-019	-1.7709e-019	1.9712e-019	-2.1768e-019	2.4668e-019
3.000000e+001	9.5389e-020	-2.7593e-019	4.2993e-019	-5.6838e-019	6.9763e-019	-8.2066e-019	9.3909e-019	-1.0539e-018	1.1659e-018	-1.2805e-018	1.4437e-018
4.000000e+001	3.6852e-019	-9.5121e-019	1.4049e-018	-1.7940e-018	2.1459e-018	-2.4729e-018	2.7816e-018	-3.0760e-018	3.3591e-018	-3.6467e-018	4.0676e-018
5.000000e+001	1.6037e-018	-3.7226e-018	5.2295e-018	-6.4638e-018	7.5462e-018	-8.5286e-018	9.4384e-018	-1.0292e-017	1.1102e-017	-1.1920e-017	1.3159e-017
6.000000e+001	7.9069e-018	-1.6744e-017	2.2537e-017	-2.7096e-017	3.0992e-017	-3.4459e-017	3.7619e-017	-4.0544e-017	4.3287e-017	-4.6053e-017	5.0410e-017
7.000000e+001	4.3130e-017	-8.4194e-017	1.0915e-016	-1.2812e-016	1.4396e-016	-1.5782e-016	1.7029e-016	-1.8170e-016	1.9230e-016	-2.0300e-016	2.2059e-016
8.000000e+001	2.5527e-016	-4.6275e-016	5.7997e-016	-6.6619e-016	7.3675e-016	-7.9760e-016	8.5167e-016	-9.0068e-016	9.4581e-016	-9.9151e-016	1.0706e-015
9.000000e+001	1.6145e-015	-2.7323e-015	3.3192e-015	-3.7375e-015	4.0735e-015	-4.3593e-015	4.6106e-015	-4.8363e-015	5.0426e-015	-5.2529e-015	5.6385e-015
1.000000e+002	1.0774e-014	-1.7091e-014	2.0162e-014	-2.2284e-014	2.3958e-014	-2.5364e-014	2.6588e-014	-2.7678e-014	2.8668e-014	-2.9688e-014	3.1693e-014
1.100000e+002	7.5042e-014	-1.1192e-013	1.2840e-013	-1.3943e-013	1.4797e-013	-1.5506e-013	1.6118e-013	-1.6658e-013	1.7146e-013	-1.7657e-013	1.8753e-013
1.200000e+002	5.4042e-013	-7.5943e-013	8.4823e-013	-9.0554e-013	9.4914e-013	-9.8489e-013	1.0155e-012	-1.0423e-012	1.0664e-012	-1.0923e-012	1.1543e-012
1.300000e+002	3.9892e-012	-5.2903e-012	5.7569e-012	-6.0451e-012	6.2601e-012	-6.4344e-012	6.5821e-012	-6.7108e-012	6.8258e-012	-6.9557e-012	7.3157e-012
1.400000e+002	2.9940e-011	-3.7511e-011	3.9788e-011	-4.1109e-011	4.2070e-011	-4.2839e-011	4.3486e-011	-4.4046e-011	4.4546e-011	-4.5164e-011	4.7279e-011
1.500000e+002	2.2673e-010	-2.6850e-010	2.7769e-010	-2.8235e-010	2.8558e-010	-2.8813e-010	2.9026e-010	-2.9210e-010	2.9375e-010	-2.9633e-010	3.0877e-010
1.600000e+002	1.7194e-009	-1.9249e-009	1.9411e-009	-1.9423e-009	1.9418e-009	-1.9411e-009	1.9407e-009	-1.9403e-009	1.9403e-009	-1.9476e-009	2.0199e-009
1.700000e+002	1.2960e-008	-1.3711e-008	1.3479e-008	-1.3272e-008	1.3113e-008	-1.2988e-008	1.2885e-008	-1.2800e-008	1.2727e-008	-1.2710e-008	1.3121e-008
1.800000e+002	9.6340e-008	-9.6236e-008	9.2198e-008	-8.9312e-008	8.7192e-008	-8.5549e-008	8.4218e-008	-8.3104e-008	8.2156e-008	-8.1631e-008	8.3871e-008
1.900000e+002	7.0063e-007	-6.5995e-007	6.1576e-007	-5.8657e-007	5.6567e-007	-5.4967e-007	5.3681e-007	-5.2612e-007	5.1705e-007	-5.1104e-007	5.2252e-007
2.000000e+002	4.9415e-006	-4.3806e-006	3.9769e-006	-3.7232e-006	3.5453e-006	-3.4106e-006	3.3034e-006	-3.2149e-006	3.1400e-006	-3.0867e-006	3.1401e-006
2.100000e+002	3.3477e-005	-2.7856e-005	2.4576e-005	-2.2594e-005	2.1229e-005	-2.0209e-005	1.9405e-005	-1.8745e-005	1.8191e-005	-1.7780e-005	1.7991e-005
2.200000e+002	2.1550e-004	-1.6771e-004	1.4354e-004	-1.2945e-004	1.1992e-004	-1.1289e-004	1.0740e-004	-1.0294e-004	9.9209e-005	-9.6375e-005	9.6971e-005
2.300000e+002	1.3016e-003	-9.4289e-004	7.8112e-004	-6.8991e-004	6.2947e-004	-5.8547e-004	5.5145e-004	-5.2403e-004	5.0131e-004	-4.8378e-004	4.8379e-004
2.400000e+002	7.2642e-003	-4.8671e-003	3.8906e-003	-3.3587e-003	3.0134e-003	-2.7657e-003	2.5764e-003	-2.4253e-003	2.3011e-003	-2.2044e-003	2.1895e-003
2.500000e+002	3.6759e-002	-2.2577e-002	1.7338e-002	-1.4588e-002	1.2842e-002	-1.1610e-002	1.0681e-002	-9.9470e-003	9.3495e-003	-8.8819e-003	8.7537e-003
2.600000e+002	1.6450e-001	-9.1444e-002	6.7034e-002	-5.4730e-002	4.7118e-002	-4.1848e-002	3.7933e-002	-3.4882e-002	3.2424e-002	-3.0498e-002	2.9781e-002
2.700000e+002	1.8303e-001	-6.2394e-002	3.3203e-002	-2.0734e-002	1.3881e-002	-9.5720e-003	6.6267e-003	-4.4965e-003	2.8922e-003	-1.6495e-003	6.4638e-004
2.800000e+002	1.4707e-001	1.0620e-002	-2.9841e-002	3.3756e-002	-3.4162e-002	3.3498e-002	-3.2483e-002	3.1374e-002	-3.0273e-002	2.9324e-002	-2.9340e-002
2.900000e+002	1.0139e-001	7.8611e-002	-7.3542e-002	6.2699e-002	-5.3678e-002	4.6552e-002	-4.0866e-002	3.6243e-002	-3.2419e-002	2.9306e-002	-2.7447e-002
3.000000e+002	6.3788e-002	1.2087e-001	-8.0288e-002	5.3327e-002	-3.6193e-002	2.4678e-002	-1.6546e-002	1.0580e-002	-6.0708e-003	2.5848e-003	2.6957e-004
3.100000e+002	3.7688e-002	1.3575e-001	-5.4774e-002	1.6737e-002	2.5965e-003	-1.3228e-002	1.9347e-002	-2.2930e-002	2.5002e-002	-2.6231e-002	2.7760e-002
3.200000e+002	2.1251e-002	1.3020e-001	-1.1418e-002	-2.7122e-002	4.0055e-002	-4.3546e-002	4.3179e-002	-4.1177e-002	3.8519e-002	-3.5783e-002	3.4039e-002
3.300000e+002	1.1553e-002	1.1296e-001	3.4964e-002	-6.0847e-002	5.9414e-002	-5.1531e-002	4.2710e-002	-3.4513e-002	2.7327e-002	-2.1227e-002	1.6376e-002
3.400000e+002	6.0963e-003	9.1228e-002	7.3832e-002	-7.4889e-002	5.4904e-002	-3.5672e-002	2.0347e-002	-8.7003e-003	-2.4576e-005	6.5650e-003	-1.1985e-002
3.500000e+002	3.1382e-003	6.9761e-002	9.9973e-002	-6.7888e-002	3.0672e-002	-4.8229e-003	-1.1581e-002	2.1569e-002	-2.7363e-002	3.0543e-002	-3.3026e-002
3.600000e+002	1.5815e-003	5.1063e-002	1.1256e-001	-4.4312e-002	-3.4474e-003	2.7875e-002	-3.8492e-002	4.1583e-002	-4.0691e-002	3.7898e-002	-3.5114e-002
3.700000e+002	7.8240e-004	3.6049e-002	1.1355e-001	-1.1357e-002	-3.6568e-002	5.0791e-002	-4.9974e-002	4.3176e-002	-3.4508e-002	2.5860e-002	-1.8190e-002
3.800000e+002	3.8081e-004	2.4681e-002	1.0612e-001	2.3673e-002	-6.0147e-002	5.7358e-002	-4.2876e-002	2.6893e-002	-1.2778e-002	1.3370e-003	8.0548e-003
3.900000e+002	1.8267e-004	1.6456e-002	9.3607e-002	5.4999e-002	-6.9609e-002	4.6963e-002	-2.0959e-002	1.8143e-004	1.4374e-002	-2.3796e-002	3.0383e-002
4.000000e+002	8.6476e-005	1.0720e-002	7.8851e-002	7.9033e-002	-6.4397e-002	2.3804e-002	7.7008e-003	-2.6596e-002	3.5770e-002	-3.8633e-002	3.8665e-002
4.100000e+002	4.0453e-005	6.8405e-003	6.3935e-002	9.4324e-002	-4.7022e-002	-5.3025e-003	3.4052e-002	-4.4279e-002	4.3629e-002	-3.7604e-002	2.9919e-002
4.200000e+002	1.8717e-005	4.2849e-003	5.0186e-002	1.0110e-001	-2.1723e-002	-3.3192e-002	5.0887e-002	-4.7720e-002	3.5861e-002	-2.1895e-002	8.6059e-003
4.300000e+002	8.5734e-006	2.6394e-003	3.8303e-002	1.0065e-001	6.8283e-003	-5.4090e-002	5.4464e-002	-3.6714e-002	1.5928e-002	1.9483e-003	-1.6160e-002
4.400000e+002	3.8905e-006	1.6011e-003	2.8520e-002	9.4784e-002	3.4478e-002	-6.4548e-002	4.4811e-002	-1.5241e-002	-9.1286e-003	2.5102e-002	-3.4728e-002
4.500000e+002	1.7502e-006	9.5772e-004	2.0773e-002	8.5397e-002	5.8147e-002	-6.3619e-002	2.5016e-002	1.0325e-002	-3.1400e-002	3.9790e-002	-4.0553e-002
4.600000e+002	7.8094e-007	5.6549e-004	1.4833e-002	7.4166e-002	7.6013e-002	-5.2460e-002	-5.0323e-005	3.3279e-002	-4.4584e-002	4.1679e-002	-3.2131e-002
4.700000e+002	3.4582e-007	3.2990e-004	1.0402e-002	6.2430e-002	8.7413e-002	-3.3639e-002	-2.5107e-002	4.8308e-002	-4.5522e-002	3.0777e-002	-1.2894e-002
4.800000e+002	1.5204e-007	1.9032e-004	7.1760e-003	5.1141e-002	9.2602e-002	-1.0376e-002	-4.5595e-002	5.2509e-002	-3.4594e-002	1.0861e-002	1.0502e-002
4.900000e+002	6.6393e-008	1.0865e-004	4.8759e-003	4.0899e-002	9.2442e-002	1.4120e-002	-5.8393e-002	4.5639e-002	-1.5109e-002	-1.2092e-002	3.0650e-002
5.000000e+002	2.8807e-008	6.1417e-005	3.2669e-003	3.2013e-002	8.8115e-002	3.7117e-002	-6.2083e-002	2.9724e-002	7.9219e-003	-3.1818e-002	4.1708e-002
5.100000e+002	1.2423e-008	3.4398e-005	2.1605e-003	2.4575e-002	8.0883e-002	5.6627e-002	-5.6841e-002	8.2782e-003	2.9190e-002	-4.3436e-002	4.0900e-002
5.200000e+002	5.3267e-009	1.9098e-005	1.4115e-003	1.8535e-002	7.1920e-002	7.1472e-002	-4.4079e-002	-1.4612e-002	4.4299e-002	-4.4489e-002	2.8930e-002
5.300000e+002	2.2713e-009	1.0516e-005	9.1172e-004	1.3754e-002	6.2219e-002	8.1223e-002	-2.5977e-002	-3.5114e-002	5.0553e-002	-3.5215e-002	9.3870e-003
5.400000e+002	9.6342e-010	5.7447e-006	5.8262e-004	1.0054e-002	5.2541e-002	8.6052e-002	-5.0032e-003	-5.0255e-002	4.7242e-002	-1.8144e-002	-1.2513e-002
5.500000e+002	4.0659e-010	3.1150e-006	3.6857e-004	7.2478e-003	4.3423e-002	8.6549e-002	1.6472e-002	-5.8237e-002	3.5476e-002	2.7600e-003	-3.1400e-002
5.600000e+002	1.7077e-010	1.6771e-006	2.3094e-004	5.1575e-003	3.5196e-002	8.3543e-002	3.6458e-002	-5.8499e-002	1.7713e-002	2.3108e-002	-4.3033e-002
5.700000e+002	7.1390e-011	8.9683e-007	1.4340e-004	3.6257e-003	2.8028e-002	7.7954e-002	5.3498e-002	-5.1564e-002	-2.8769e-003	3.9024e-002	-4.5137e-002
5.800000e+002	2.9712e-011	4.7647e-007	8.8278e-005	2.5199e-003	2.1960e-002	7.0671e-002	6.6704e-002	-3.8760e-002	-2.3034e-002	4.7816e-002	-3.7660e-002
5.900000e+002	1.2313e-011	2.5157e-007	5.3902e-005	1.7326e-003	1.6949e-002	6.2481e-002	7.5727e-002	-2.1888e-002	-3.9933e-002	4.8303e-002	-2.2525e-002
6.000000e+002	5.0818e-012	1.3203e-007	3.2655e-005	1.1792e-003	1.2901e-002	5.4028e-002	8.0650e-002	-2.9088e-003	-5.1528e-002	4.0817e-002	-3.0040e-003
6.100000e+002	2.0890e-012	6.8899e-008	1.9637e-005	7.9489e-004	9.6929e-003	4.5798e-002	8.1882e-002	1.6327e-002	-5.6709e-002	2.6935e-002	1.7077e-002
6.200000e+002	8.5542e-013	3.5756e-008	1.1724e-005	5.3093e-004	7.1944e-003	3.8128e-002	8.0027e-002	3.4258e-002	-5.5288e-002	9.0488e-003	3.4114e-002
6.300000e+002	3.4899e-013	1.8458e-008	6.9519e-006	3.5154e-004	5.2792e-003	3.1223e-002	7.5785e-002	4.9722e-002	-4.7867e-002	-1.0111e-002	4.5335e-002
6.400000e+002	1.4187e-013	9.4796e-009	4.0952e-006	2.3084e-004	3.8322e-003	2.5183e-002	6.9860e-002	6.1984e-002	-3.5615e-002	-2.7924e-002	4.9176e-002
6.500000e+002	5.7469e-014	4.8445e-009	2.3972e-006	1.5038e-004	2.7536e-003	2.0027e-002	6.2902e-002	7.0714e-002	-2.0034e-002	-4.2227e-002	4.5374e-002
6.600000e+002	2.3202e-014	2.4639e-009	1.3947e-006	9.7219e-005	1.9594e-003	1.5719e-002	5.5468e-002	7.5925e-002	-2.7243e-003	-5.1525e-002	3.4849e-002
6.700000e+002	9.3367e-015	1.2474e-009	8.0671e-007	6.2396e-005	1.3816e-003	1.2188e-002	4.8004e-002	7.7892e-002	1.4801e-002	-5.5080e-002	1.9404e-002
6.800000e+002	3.7452e-015	6.2869e-010	4.6398e-007	3.9766e-005	9.6558e-004	9.3411e-003	4.0842e-002	7.7063e-002	3.1256e-002	-5.2871e-002	1.3534e-003
6.900000e+002	1.4977e-015	3.1549e-010	2.6540e-007	2.5174e-005	6.6922e-004	7.0818e-003	3.4210e-002	7.3983e-002	4.5655e-002	-4.5482e-002	-1.6870e-002
7.000000e+002	5.9713e-016	1.5766e-010	1.5101e-007	1.5833e-005	4.6011e-004	5.3141e-003	2.8245e-002	6.9223e-002	5.7351e-002	-3.3934e-002	-3.3050e-002
7.100000e+002	2.3738e-016	7.8465e-011	8.5490e-008	9.8965e-006	3.1392e-004	3.9488e-003	2.3010e-002	6.3332e-002	6.6015e-002	-1.9499e-002	-4.5437e-002
7.200000e+002	9.4099e-017	3.8897e-011	4.8158e-008	6.1486e-006	2.1261e-004	2.9072e-003	1.8512e-002	5.6798e-002	7.1599e-002	-3.5252e-003	-5.2891e-002
7.300000e+002	3.7198e-017	1.9208e-011	2.6998e-008	3.7979e-006	1.4297e-004	2.1215e-003	1.4720e-002	5.0032e-002	7.4277e-002	1.2705e-002	-5.4924e-002
7.400000e+002	1.4665e-017	9.4499e-012	1.5065e-008	2.3327e-006	9.5495e-005	1.5352e-003	1.1577e-002	4.3359e-002	7.4380e-002	2.8086e-002	-5.1652e-002
7.500000e+002	5.7665e-018	4.6323e-012	8.3689e-009	1.4250e-006	6.3365e-005	1.1019e-003	9.0099e-003	3.7018e-002	7.2336e-002	4.1750e-002	-4.3692e-002
7.600000e+002	2.2616e-018	2.2627e-012	4.6286e-009	8.6594e-007	4.1780e-005	7.8484e-004	6.9433e-003	3.1170e-002	6.8615e-002	5.3101e-002	-3.2014e-002
7.700000e+002	8.8479e-019	1.1014e-012	2.5491e-009	5.2353e-007	2.7380e-005	5.5486e-004	5.3008e-003	2.5910e-002	6.3684e-002	6.1804e-002	-1.7790e-002
7.800000e+002	3.4530e-019	5.3435e-013	1.3981e-009	3.1495e-007	1.7837e-005	3.8948e-004	4.0108e-003	2.1281e-002	5.7976e-002	6.7761e-002	-2.2467e-003
7.900000e+002	1.3444e-019	2.5839e-013	7.6368e-010	1.8856e-007	1.1554e-005	2.7152e-004	3.0090e-003	1.7283e-002	5.1870e-002	7.1068e-002	1.3451e-002
8.000000e+002	5.2218e-020	1.2454e-013	4.1552e-010	1.1236e-007	7.4430e-006	1.8803e-004	2.2391e-003	1.3887e-002	4.5679e-002	7.1969e-002	2.8293e-002
8.100000e+002	2.0236e-020	5.9845e-014	2.2522e-010	6.6654e-008	4.7690e-006	1.2939e-004	1.6532e-003	1.1047e-002	3.9647e-002	7.0800e-002	4.1483e-002
8.200000e+002	7.8248e-021	2.8668e-014	1.2162e-010	3.9365e-008	3.0398e-006	8.8486e-005	1.2115e-003	8.7043e-003	3.3953e-002	6.7953e-002	5.2457e-002
8.300000e+002	3.0190e-021	1.3692e-014	6.5439e-011	2.3149e-008	1.9279e-006	6.0154e-005	8.8144e-004	6.7964e-003	2.8715e-002	6.3828e-002	6.0890e-002
8.400000e+002	1.1623e-021	6.5208e-015	3.5085e-011	1.3556e-008	1.2167e-006	4.0657e-005	6.3686e-004	5.2609e-003	2.4002e-002	5.8812e-002	6.6665e-002
8.500000e+002	4.4655e-022	3.0966e-015	1.8745e-011	7.9060e-009	7.6418e-007	2.7326e-005	4.5708e-004	4.0387e-003	1.9842e-002	5.3256e-002	6.9850e-002
8.600000e+002	1.7121e-022	1.4664e-015	9.9817e-012	4.5926e-009	4.7775e-007	1.8267e-005	3.2594e-004	3.0759e-003	1.6232e-002	4.7459e-002	7.0644e-002
8.700000e+002	6.5510e-023	6.9253e-016	5.2976e-012	2.6575e-009	2.9734e-007	1.2147e-005	2.3097e-004	2.3246e-003	1.3146e-002	4.1664e-002	6.9346e-002
8.800000e+002	2.5017e-023	3.2619e-016	2.8025e-012	1.5319e-009	1.8424e-007	8.0358e-006	1.6268e-004	1.7438e-003	1.0543e-002	3.6058e-002	6.6307e-002
8.900000e+002	9.5348e-024	1.5323e-016	1.4779e-012	8.7983e-010	1.1367e-007	5.2895e-006	1.1390e-004	1.2986e-003	8.3747e-003	3.0777e-002	6.1895e-002
9.000000e+002	3.6272e-024	7.1802e-017	7.7695e-013	5.0348e-010	6.9839e-008	3.4646e-006	7.9277e-005	9.5989e-004	6.5882e-003	2.5907e-002	5.6472e-002
9.100000e+002	1.3772e-024	3.3560e-017	4.0722e-013	2.8709e-010	4.2728e-008	2.2580e-006	5.4844e-005	7.0413e-004	5.1302e-003	2.1493e-002	5.0369e-002
9.200000e+002	5.2199e-025	1.5647e-017	2.1279e-013	1.6311e-010	2.6029e-008	1.4639e-006	3.7693e-005	5.1215e-004	3.9496e-003	1.7548e-002	4.3872e-002
9.300000e+002	1.9748e-025	7.2774e-018	1.1084e-013	9.2318e-011	1.5780e-008	9.4336e-007	2.5704e-005	3.6870e-004	2.9989e-003	1.4060e-002	3.7213e-002
9.400000e+002	7.4576e-026	3.3757e-018	5.7535e-014	5.2003e-011	9.5075e-009	6.0292e-007	1.7339e-005	2.6168e-004	2.2352e-003	1.0994e-002	3.0568e-002
9.500000e+002	2.8105e-026	1.5602e-018	2.9701e-014	2.9066e-011	5.6678e-009	3.8001e-007	1.1489e-005	1.8158e-004	1.6197e-003	8.3036e-003	2.4060e-002
9.600000e+002	1.0552e-026	7.1518e-019	1.5134e-014	1.5957e-011	3.3013e-009	2.3270e-007	7.3513e-006	1.2087e-004	1.1181e-003	5.9292e-003	1.7753e-002
9.700000e+002	3.8958e-027	3.1774e-019	7.3878e-015	8.3057e-012	1.8057e-009	1.3258e-007	4.3376e-006	7.3552e-005	6.9940e-004	3.8037e-003	1.1664e-002
9.800000e+002	1.2783e-027	1.2039e-019	2.9990e-015	3.5277e-012	7.9338e-010	5.9864e-008	2.0038e-006	3.4657e-005	3.3534e-004	1.8525e-003	5.7644e-003
9.900000e+002	-9.2264e-030	-6.9163e-022	-1.5351e-017	-1.6695e-014	-3.5347e-012	-2.5380e-010	-8.1426e-009	-1.3568e-007	-1.2697e-006	-6.8041e-006	-2.0572e-005
1.000000e+003	7.6719e-029	7.1771e-021	1.7834e-016	2.0948e-013	4.7065e-011	3.5486e-009	1.1871e-007	2.0522e-006	1.9849e-005	1.0961e-004	3.4097e-004
