Y (ang)	Ec (eV)	Ev (eV)	E (V/cm)	Ef (eV)	n (cm-3)	p (cm-3)	Nd - Na (cm-3)	el eval 1 (eV)	el eval 2 (eV)	el eval 3 (eV)	el eval 4 (eV)	el eval 5 (eV)	el eval 6 (eV)	el eval 7 (eV)	el eval 8 (eV)	el eval 9 (eV)	el eval 10 (eV)	el eval 11 (eV)	el eval 12 (eV)	el eval 13 (eV)
0.000000e+000	6.00000000e-001	-2.80000000e+000	1.75079340e+006	-0.00000000e+000	1.8691e+008	1.0000e-010	0.0000e+000
1.000000e+001	1.33507934e+000	-2.76492066e+000	-9.10945781e+005	0.00000000e+000	6.9762e-005	1.0000e-010	-1.3848e+020
2.000000e+001	1.24398476e+000	-2.85601524e+000	-9.10945781e+005	0.00000000e+000	3.0613e+003	1.0000e-010	0.0000e+000	-6.1094e-002	-2.5720e-002	2.7811e-002	6.4138e-002	8.6025e-002	1.0157e-001	1.1359e-001	1.2337e-001	1.3160e-001	1.3871e-001	1.4496e-001	1.5066e-001	1.5644e-001
3.000000e+001	1.15289018e+000	-2.94710982e+000	-9.10945781e+005	0.00000000e+000	1.7986e+005	1.0000e-010	0.0000e+000
4.000000e+001	1.06179561e+000	-3.03820439e+000	-9.10945781e+005	0.00000000e+000	1.1674e+007	1.0000e-010	0.0000e+000
5.000000e+001	9.70701028e-001	-3.12929897e+000	-9.10945781e+005	0.00000000e+000	6.7158e+008	1.0000e-010	0.0000e+000
6.000000e+001	8.79606450e-001	-3.22039355e+000	-9.10945782e+005	0.00000000e+000	3.3842e+010	1.0000e-010	0.0000e+000
7.000000e+001	7.88511872e-001	-3.31148813e+000	-9.10945811e+005	0.00000000e+000	1.4793e+012	1.0000e-010	0.0000e+000
8.000000e+001	6.97417291e-001	-3.40258271e+000	-9.10946895e+005	0.00000000e+000	5.5460e+013	1.0000e-010	0.0000e+000
9.000000e+001	6.06322601e-001	-3.49367740e+000	-9.10981317e+005	0.00000000e+000	1.7596e+015	1.0000e-010	0.0000e+000
1.000000e+002	5.15224469e-001	-3.58477553e+000	-9.11890817e+005	0.00000000e+000	4.6492e+016	1.0000e-010	0.0000e+000
1.100000e+002	4.24035388e-001	-3.67596461e+000	-9.31514742e+005	0.00000000e+000	1.0031e+018	1.0000e-010	0.0000e+000
1.200000e+002	-2.29116087e-001	-3.62911609e+000	1.40192842e+006	0.00000000e+000	1.7264e+019	1.0000e-010	1.3848e+020
1.300000e+002	-4.89232447e-002	-3.49892324e+000	1.06771131e+006	0.00000000e+000	8.2518e+018	1.0000e-010	-9.4001e+018
1.400000e+002	9.78478863e-002	-3.40215211e+000	8.59080564e+005	0.00000000e+000	1.5416e+018	1.0000e-010	-9.4757e+018
1.500000e+002	2.23755943e-001	-3.32624406e+000	6.74550275e+005	0.00000000e+000	1.6670e+017	1.0000e-010	-9.5513e+018
1.600000e+002	3.31210970e-001	-3.26878903e+000	4.90826531e+005	0.00000000e+000	1.2621e+016	1.0000e-010	-9.6270e+018
1.700000e+002	4.20293623e-001	-3.22970638e+000	3.05179683e+005	0.00000000e+000	7.4365e+014	1.0000e-010	-9.7026e+018
1.800000e+002	4.90811592e-001	-3.20918841e+000	1.17383567e+005	0.00000000e+000	3.6689e+013	1.0000e-010	-9.7782e+018
1.900000e+002	5.42549948e-001	-3.20745005e+000	-7.25870679e+004	0.00000000e+000	1.6098e+012	1.0000e-010	-9.8538e+018
2.000000e+002	5.75291241e-001	-3.22470876e+000	-2.64745321e+005	0.00000000e+000	1.5294e+011	1.0000e-010	-9.9295e+018
2.100000e+002	5.88816709e-001	-3.26118329e+000	-4.59103809e+005	0.00000000e+000	2.2348e+012	1.0000e-010	-1.0005e+019
2.200000e+002	5.82906329e-001	-3.31709367e+000	-6.55676245e+005	0.00000000e+000	5.9315e+013	1.0000e-010	-1.0081e+019
2.300000e+002	5.57338704e-001	-3.39266130e+000	-8.54503585e+005	0.00000000e+000	1.5667e+015	1.0000e-010	-1.0156e+019
2.400000e+002	5.11888346e-001	-3.48811165e+000	-1.05630647e+006	0.00000000e+000	3.9385e+016	1.0000e-010	-1.0232e+019
2.500000e+002	4.46257699e-001	-3.60374230e+000	-1.27715246e+006	0.00000000e+000	8.9923e+017	1.0000e-010	-1.0308e+019
2.600000e+002	-2.01457548e-001	-3.60145755e+000	8.57396003e+005	0.00000000e+000	1.7673e+019	1.0000e-010	1.2810e+020
2.700000e+002	-1.15717947e-001	-3.51571795e+000	5.04807575e+005	0.00000000e+000	1.8509e+019	1.0000e-010	0.0000e+000
2.800000e+002	-6.52371898e-002	-3.46523719e+000	3.05698311e+005	0.00000000e+000	1.0452e+019	1.0000e-010	0.0000e+000
2.900000e+002	-3.46673587e-002	-3.43466736e+000	2.08938566e+005	0.00000000e+000	5.0786e+018	1.0000e-010	0.0000e+000
3.000000e+002	-1.37735021e-002	-3.41377350e+000	1.56670649e+005	0.00000000e+000	2.7429e+018	1.0000e-010	0.0000e+000
3.100000e+002	1.89356280e-003	-3.39810644e+000	1.23737716e+005	0.00000000e+000	1.7280e+018	1.0000e-010	0.0000e+000
3.200000e+002	1.42673344e-002	-3.38573267e+000	1.01175725e+005	0.00000000e+000	1.1838e+018	1.0000e-010	0.0000e+000
3.300000e+002	2.43849069e-002	-3.37561509e+000	8.50693886e+004	0.00000000e+000	8.4501e+017	1.0000e-010	0.0000e+000
3.400000e+002	3.28918458e-002	-3.36710815e+000	7.32088189e+004	0.00000000e+000	6.2224e+017	1.0000e-010	0.0000e+000
3.500000e+002	4.02127277e-002	-3.35978727e+000	6.42000103e+004	0.00000000e+000	4.7262e+017	1.0000e-010	0.0000e+000
3.600000e+002	4.66327287e-002	-3.35336727e+000	5.71375017e+004	0.00000000e+000	3.7050e+017	1.0000e-010	0.0000e+000
3.700000e+002	5.23464789e-002	-3.34765352e+000	5.14526408e+004	0.00000000e+000	2.9823e+017	1.0000e-010	0.0000e+000
3.800000e+002	5.74917430e-002	-3.34250826e+000	4.67900517e+004	0.00000000e+000	2.4460e+017	1.0000e-010	0.0000e+000
3.900000e+002	6.21707481e-002	-3.33782925e+000	4.29039533e+004	0.00000000e+000	2.0387e+017	1.0000e-010	0.0000e+000
4.000000e+002	6.64611435e-002	-3.33353886e+000	3.96108472e+004	0.00000000e+000	1.7276e+017	1.0000e-010	0.0000e+000
4.100000e+002	7.04222282e-002	-3.32957777e+000	3.67804911e+004	0.00000000e+000	1.4849e+017	1.0000e-010	0.0000e+000
4.200000e+002	7.41002773e-002	-3.32589972e+000	3.43250038e+004	0.00000000e+000	1.2882e+017	1.0000e-010	0.0000e+000
4.300000e+002	7.75327777e-002	-3.32246722e+000	3.21789811e+004	0.00000000e+000	1.1259e+017	1.0000e-010	0.0000e+000
4.400000e+002	8.07506758e-002	-3.31924932e+000	3.02867273e+004	0.00000000e+000	9.9276e+016	1.0000e-010	0.0000e+000
4.500000e+002	8.37793485e-002	-3.31622065e+000	2.86022168e+004	0.00000000e+000	8.8378e+016	1.0000e-010	0.0000e+000
4.600000e+002	8.66395702e-002	-3.31336043e+000	2.70919675e+004	0.00000000e+000	7.9237e+016	1.0000e-010	0.0000e+000
4.700000e+002	8.93487670e-002	-3.31065123e+000	2.57324816e+004	0.00000000e+000	7.1328e+016	1.0000e-010	0.0000e+000
4.800000e+002	9.19220151e-002	-3.30807798e+000	2.45043255e+004	0.00000000e+000	6.4439e+016	1.0000e-010	0.0000e+000
4.900000e+002	9.43724477e-002	-3.30562755e+000	2.33888619e+004	0.00000000e+000	5.8527e+016	1.0000e-010	0.0000e+000
5.000000e+002	9.67113339e-002	-3.30328867e+000	2.23692999e+004	0.00000000e+000	5.3496e+016	1.0000e-010	0.0000e+000
5.100000e+002	9.89482639e-002	-3.30105174e+000	2.14327974e+004	0.00000000e+000	4.9139e+016	1.0000e-010	0.0000e+000
5.200000e+002	1.01091544e-001	-3.29890846e+000	2.05704479e+004	0.00000000e+000	4.5249e+016	1.0000e-010	0.0000e+000
5.300000e+002	1.03148588e-001	-3.29685141e+000	1.97752227e+004	0.00000000e+000	4.1727e+016	1.0000e-010	0.0000e+000
5.400000e+002	1.05126111e-001	-3.29487389e+000	1.90400624e+004	0.00000000e+000	3.8576e+016	1.0000e-010	0.0000e+000
5.500000e+002	1.07030117e-001	-3.29296988e+000	1.83576331e+004	0.00000000e+000	3.5810e+016	1.0000e-010	0.0000e+000
5.600000e+002	1.08865880e-001	-3.29113412e+000	1.77213551e+004	0.00000000e+000	3.3388e+016	1.0000e-010	0.0000e+000
5.700000e+002	1.10638016e-001	-3.28936198e+000	1.71263160e+004	0.00000000e+000	3.1225e+016	1.0000e-010	0.0000e+000
5.800000e+002	1.12350647e-001	-3.28764935e+000	1.65691753e+004	0.00000000e+000	2.9237e+016	1.0000e-010	0.0000e+000
5.900000e+002	1.14007565e-001	-3.28599244e+000	1.60472791e+004	0.00000000e+000	2.7387e+016	1.0000e-010	0.0000e+000
6.000000e+002	1.15612293e-001	-3.28438771e+000	1.55578038e+004	0.00000000e+000	2.5686e+016	1.0000e-010	0.0000e+000
6.100000e+002	1.17168073e-001	-3.28283193e+000	1.50975348e+004	0.00000000e+000	2.4154e+016	1.0000e-010	0.0000e+000
6.200000e+002	1.18677827e-001	-3.28132217e+000	1.46632604e+004	0.00000000e+000	2.2790e+016	1.0000e-010	0.0000e+000
6.300000e+002	1.20144153e-001	-3.27985585e+000	1.42523202e+004	0.00000000e+000	2.1566e+016	1.0000e-010	0.0000e+000
6.400000e+002	1.21569385e-001	-3.27843062e+000	1.38628594e+004	0.00000000e+000	2.0439e+016	1.0000e-010	0.0000e+000
6.500000e+002	1.22955671e-001	-3.27704433e+000	1.34936517e+004	0.00000000e+000	1.9376e+016	1.0000e-010	0.0000e+000
6.600000e+002	1.24305036e-001	-3.27569496e+000	1.31436769e+004	0.00000000e+000	1.8367e+016	1.0000e-010	0.0000e+000
6.700000e+002	1.25619403e-001	-3.27438060e+000	1.28117529e+004	0.00000000e+000	1.7420e+016	1.0000e-010	0.0000e+000
6.800000e+002	1.26900579e-001	-3.27309942e+000	1.24964203e+004	0.00000000e+000	1.6549e+016	1.0000e-010	0.0000e+000
6.900000e+002	1.28150221e-001	-3.27184978e+000	1.21960860e+004	0.00000000e+000	1.5762e+016	1.0000e-010	0.0000e+000
7.000000e+002	1.29369829e-001	-3.27063017e+000	1.19092849e+004	0.00000000e+000	1.5052e+016	1.0000e-010	0.0000e+000
7.100000e+002	1.30560758e-001	-3.26943924e+000	1.16348889e+004	0.00000000e+000	1.4401e+016	1.0000e-010	0.0000e+000
7.200000e+002	1.31724247e-001	-3.26827575e+000	1.13721602e+004	0.00000000e+000	1.3789e+016	1.0000e-010	0.0000e+000
7.300000e+002	1.32861463e-001	-3.26713854e+000	1.11206471e+004	0.00000000e+000	1.3201e+016	1.0000e-010	0.0000e+000
7.400000e+002	1.33973527e-001	-3.26602647e+000	1.08799976e+004	0.00000000e+000	1.2630e+016	1.0000e-010	0.0000e+000
7.500000e+002	1.35061527e-001	-3.26493847e+000	1.06497852e+004	0.00000000e+000	1.2083e+016	1.0000e-010	0.0000e+000
7.600000e+002	1.36126506e-001	-3.26387349e+000	1.04294154e+004	0.00000000e+000	1.1566e+016	1.0000e-010	0.0000e+000
7.700000e+002	1.37169447e-001	-3.26283055e+000	1.02181364e+004	0.00000000e+000	1.1089e+016	1.0000e-010	0.0000e+000
7.800000e+002	1.38191261e-001	-3.26180874e+000	1.00151227e+004	0.00000000e+000	1.0655e+016	1.0000e-010	0.0000e+000
7.900000e+002	1.39192773e-001	-3.26080723e+000	9.81959039e+003	0.00000000e+000	1.0263e+016	1.0000e-010	0.0000e+000
8.000000e+002	1.40174732e-001	-3.25982527e+000	9.63089674e+003	0.00000000e+000	9.9040e+015	1.0000e-010	0.0000e+000
8.100000e+002	1.41137822e-001	-3.25886218e+000	9.44859323e+003	0.00000000e+000	9.5687e+015	1.0000e-010	0.0000e+000
8.200000e+002	1.42082681e-001	-3.25791732e+000	9.27242490e+003	0.00000000e+000	9.2467e+015	1.0000e-010	0.0000e+000
8.300000e+002	1.43009924e-001	-3.25699008e+000	9.10228596e+003	0.00000000e+000	8.9303e+015	1.0000e-010	0.0000e+000
8.400000e+002	1.43920152e-001	-3.25607985e+000	8.93815165e+003	0.00000000e+000	8.6151e+015	1.0000e-010	0.0000e+000
8.500000e+002	1.44813968e-001	-3.25518603e+000	8.78000757e+003	0.00000000e+000	8.3007e+015	1.0000e-010	0.0000e+000
8.600000e+002	1.45691968e-001	-3.25430803e+000	8.62779261e+003	0.00000000e+000	7.9895e+015	1.0000e-010	0.0000e+000
8.700000e+002	1.46554748e-001	-3.25344525e+000	8.48136442e+003	0.00000000e+000	7.6858e+015	1.0000e-010	0.0000e+000
8.800000e+002	1.47402884e-001	-3.25259712e+000	8.34048877e+003	0.00000000e+000	7.3944e+015	1.0000e-010	0.0000e+000
8.900000e+002	1.48236933e-001	-3.25176307e+000	8.20484881e+003	0.00000000e+000	7.1196e+015	1.0000e-010	0.0000e+000
9.000000e+002	1.49057418e-001	-3.25094258e+000	8.07406751e+003	0.00000000e+000	6.8646e+015	1.0000e-010	0.0000e+000
9.100000e+002	1.49864824e-001	-3.25013518e+000	7.94773613e+003	0.00000000e+000	6.6311e+015	1.0000e-010	0.0000e+000
9.200000e+002	1.50659598e-001	-3.24934040e+000	7.82544263e+003	0.00000000e+000	6.4192e+015	1.0000e-010	0.0000e+000
9.300000e+002	1.51442142e-001	-3.24855786e+000	7.70679591e+003	0.00000000e+000	6.2278e+015	1.0000e-010	0.0000e+000
9.400000e+002	1.52212822e-001	-3.24778718e+000	7.59144151e+003	0.00000000e+000	6.0550e+015	1.0000e-010	0.0000e+000
9.500000e+002	1.52971966e-001	-3.24702803e+000	7.47907776e+003	0.00000000e+000	5.8981e+015	1.0000e-010	0.0000e+000
9.600000e+002	1.53719874e-001	-3.24628013e+000	7.36945602e+003	0.00000000e+000	5.7542e+015	1.0000e-010	0.0000e+000
9.700000e+002	1.54456819e-001	-3.24554318e+000	7.26238253e+003	0.00000000e+000	5.6205e+015	1.0000e-010	0.0000e+000
9.800000e+002	1.55183058e-001	-3.24481694e+000	7.15771707e+003	0.00000000e+000	5.4941e+015	1.0000e-010	0.0000e+000
9.900000e+002	1.55898829e-001	-3.24410117e+000	7.05537096e+003	0.00000000e+000	5.3723e+015	1.0000e-010	0.0000e+000
1.000000e+003	1.56604367e-001	-3.24339563e+000	6.95545073e+003	0.00000000e+000	5.2450e+015	1.0000e-010	0.0000e+000	-6.1094e-002	-2.5720e-002	2.7811e-002	6.4138e-002	8.6025e-002	1.0157e-001	1.1359e-001	1.2337e-001	1.3160e-001	1.3871e-001	1.4496e-001	1.5066e-001	1.5644e-001
1.010000e+003	1.57299912e-001	-3.24270009e+000	6.85806237e+003	0.00000000e+000	5.1126e+015	1.0000e-010	0.0000e+000
1.020000e+003	1.57985718e-001	-3.24201428e+000	6.76322357e+003	0.00000000e+000	4.9788e+015	1.0000e-010	0.0000e+000
1.030000e+003	1.58662040e-001	-3.24133796e+000	6.67083371e+003	0.00000000e+000	4.8502e+015	1.0000e-010	0.0000e+000
1.040000e+003	1.59329124e-001	-3.24067088e+000	6.58079737e+003	0.00000000e+000	4.7267e+015	1.0000e-010	0.0000e+000
1.050000e+003	1.59987203e-001	-3.24001280e+000	6.49302405e+003	0.00000000e+000	4.6079e+015	1.0000e-010	0.0000e+000
1.060000e+003	1.60636506e-001	-3.23936349e+000	6.40742780e+003	0.00000000e+000	4.4936e+015	1.0000e-010	0.0000e+000
1.070000e+003	1.61277248e-001	-3.23872275e+000	6.32392698e+003	0.00000000e+000	4.3836e+015	1.0000e-010	0.0000e+000
1.080000e+003	1.61909641e-001	-3.23809036e+000	6.24244398e+003	0.00000000e+000	4.2777e+015	1.0000e-010	0.0000e+000
1.090000e+003	1.62533886e-001	-3.23746611e+000	6.16290497e+003	0.00000000e+000	4.1756e+015	1.0000e-010	0.0000e+000
1.100000e+003	1.63150176e-001	-3.23684982e+000	6.08523969e+003	0.00000000e+000	4.0773e+015	1.0000e-010	0.0000e+000
1.110000e+003	1.63758700e-001	-3.23624130e+000	6.00938120e+003	0.00000000e+000	3.9824e+015	1.0000e-010	0.0000e+000
1.120000e+003	1.64359638e-001	-3.23564036e+000	5.93526574e+003	0.00000000e+000	3.8909e+015	1.0000e-010	0.0000e+000
1.130000e+003	1.64953165e-001	-3.23504684e+000	5.86283248e+003	0.00000000e+000	3.8026e+015	1.0000e-010	0.0000e+000
1.140000e+003	1.65539448e-001	-3.23446055e+000	5.79202340e+003	0.00000000e+000	3.7173e+015	1.0000e-010	0.0000e+000
1.150000e+003	1.66118650e-001	-3.23388135e+000	5.72278313e+003	0.00000000e+000	3.6350e+015	1.0000e-010	0.0000e+000
1.160000e+003	1.66690929e-001	-3.23330907e+000	5.65505878e+003	0.00000000e+000	3.5554e+015	1.0000e-010	0.0000e+000
1.170000e+003	1.67256435e-001	-3.23274357e+000	5.58879979e+003	0.00000000e+000	3.4785e+015	1.0000e-010	0.0000e+000
1.180000e+003	1.67815315e-001	-3.23218469e+000	5.52395785e+003	0.00000000e+000	3.4041e+015	1.0000e-010	0.0000e+000
1.190000e+003	1.68367710e-001	-3.23163229e+000	5.46048673e+003	0.00000000e+000	3.3321e+015	1.0000e-010	0.0000e+000
1.200000e+003	1.68913759e-001	-3.23108624e+000	5.39834219e+003	0.00000000e+000	3.2625e+015	1.0000e-010	0.0000e+000
1.210000e+003	1.69453593e-001	-3.23054641e+000	5.33748188e+003	0.00000000e+000	3.1950e+015	1.0000e-010	0.0000e+000
1.220000e+003	1.69987341e-001	-3.23001266e+000	5.27786523e+003	0.00000000e+000	3.1298e+015	1.0000e-010	0.0000e+000
1.230000e+003	1.70515128e-001	-3.22948487e+000	5.21945336e+003	0.00000000e+000	3.0665e+015	1.0000e-010	0.0000e+000
1.240000e+003	1.71037073e-001	-3.22896293e+000	5.16220898e+003	0.00000000e+000	3.0052e+015	1.0000e-010	0.0000e+000
1.250000e+003	1.71553294e-001	-3.22844671e+000	5.10609634e+003	0.00000000e+000	2.9458e+015	1.0000e-010	0.0000e+000
1.260000e+003	1.72063904e-001	-3.22793610e+000	5.05108112e+003	0.00000000e+000	2.8882e+015	1.0000e-010	0.0000e+000
1.270000e+003	1.72569012e-001	-3.22743099e+000	4.99713039e+003	0.00000000e+000	2.8323e+015	1.0000e-010	0.0000e+000
1.280000e+003	1.73068725e-001	-3.22693128e+000	4.94421249e+003	0.00000000e+000	2.7781e+015	1.0000e-010	0.0000e+000
1.290000e+003	1.73563146e-001	-3.22643685e+000	4.89229703e+003	0.00000000e+000	2.7255e+015	1.0000e-010	0.0000e+000
1.300000e+003	1.74052376e-001	-3.22594762e+000	4.84135480e+003	0.00000000e+000	2.6744e+015	1.0000e-010	0.0000e+000
1.310000e+003	1.74536511e-001	-3.22546349e+000	4.79135770e+003	0.00000000e+000	2.6248e+015	1.0000e-010	0.0000e+000
1.320000e+003	1.75015647e-001	-3.22498435e+000	4.74227870e+003	0.00000000e+000	2.5766e+015	1.0000e-010	0.0000e+000
1.330000e+003	1.75489875e-001	-3.22451013e+000	4.69409179e+003	0.00000000e+000	2.5297e+015	1.0000e-010	0.0000e+000
1.340000e+003	1.75959284e-001	-3.22404072e+000	4.64677195e+003	0.00000000e+000	2.4842e+015	1.0000e-010	0.0000e+000
1.350000e+003	1.76423961e-001	-3.22357604e+000	4.60029506e+003	0.00000000e+000	2.4400e+015	1.0000e-010	0.0000e+000
1.360000e+003	1.76883991e-001	-3.22311601e+000	4.55463790e+003	0.00000000e+000	2.3969e+015	1.0000e-010	0.0000e+000
1.370000e+003	1.77339455e-001	-3.22266055e+000	4.50977809e+003	0.00000000e+000	2.3551e+015	1.0000e-010	0.0000e+000
1.380000e+003	1.77790432e-001	-3.22220957e+000	4.46569405e+003	0.00000000e+000	2.3143e+015	1.0000e-010	0.0000e+000
1.390000e+003	1.78237002e-001	-3.22176300e+000	4.42236499e+003	0.00000000e+000	2.2747e+015	1.0000e-010	0.0000e+000
1.400000e+003	1.78679238e-001	-3.22132076e+000	4.37977083e+003	0.00000000e+000	2.2361e+015	1.0000e-010	0.0000e+000
1.410000e+003	1.79117215e-001	-3.22088278e+000	4.33789220e+003	0.00000000e+000	2.1986e+015	1.0000e-010	0.0000e+000
1.420000e+003	1.79551005e-001	-3.22044900e+000	4.29671043e+003	0.00000000e+000	2.1620e+015	1.0000e-010	0.0000e+000
1.430000e+003	1.79980676e-001	-3.22001932e+000	4.25620746e+003	0.00000000e+000	2.1263e+015	1.0000e-010	0.0000e+000
1.440000e+003	1.80406296e-001	-3.21959370e+000	4.21636586e+003	0.00000000e+000	2.0916e+015	1.0000e-010	0.0000e+000
1.450000e+003	1.80827933e-001	-3.21917207e+000	4.17716880e+003	0.00000000e+000	2.0578e+015	1.0000e-010	0.0000e+000
1.460000e+003	1.81245650e-001	-3.21875435e+000	4.13859999e+003	0.00000000e+000	2.0248e+015	1.0000e-010	0.0000e+000
1.470000e+003	1.81659510e-001	-3.21834049e+000	4.10064370e+003	0.00000000e+000	1.9926e+015	1.0000e-010	0.0000e+000
1.480000e+003	1.82069574e-001	-3.21793043e+000	4.06328473e+003	0.00000000e+000	1.9613e+015	1.0000e-010	0.0000e+000
1.490000e+003	1.82475903e-001	-3.21752410e+000	4.02650836e+003	0.00000000e+000	1.9307e+015	1.0000e-010	0.0000e+000
1.500000e+003	1.82878554e-001	-3.21712145e+000	3.99030035e+003	0.00000000e+000	1.9009e+015	1.0000e-010	0.0000e+000
1.510000e+003	1.83277584e-001	-3.21672242e+000	3.95464693e+003	0.00000000e+000	1.8718e+015	1.0000e-010	0.0000e+000
1.520000e+003	1.83673048e-001	-3.21632695e+000	3.91953475e+003	0.00000000e+000	1.8433e+015	1.0000e-010	0.0000e+000
1.530000e+003	1.84065002e-001	-3.21593500e+000	3.88495092e+003	0.00000000e+000	1.8156e+015	1.0000e-010	0.0000e+000
1.540000e+003	1.84453497e-001	-3.21554650e+000	3.85088291e+003	0.00000000e+000	1.7885e+015	1.0000e-010	0.0000e+000
1.550000e+003	1.84838585e-001	-3.21516141e+000	3.81731861e+003	0.00000000e+000	1.7621e+015	1.0000e-010	0.0000e+000
1.560000e+003	1.85220317e-001	-3.21477968e+000	3.78424629e+003	0.00000000e+000	1.7363e+015	1.0000e-010	0.0000e+000
1.570000e+003	1.85598742e-001	-3.21440126e+000	3.75165455e+003	0.00000000e+000	1.7110e+015	1.0000e-010	0.0000e+000
1.580000e+003	1.85973907e-001	-3.21402609e+000	3.71953237e+003	0.00000000e+000	1.6864e+015	1.0000e-010	0.0000e+000
1.590000e+003	1.86345860e-001	-3.21365414e+000	3.68786905e+003	0.00000000e+000	1.6623e+015	1.0000e-010	0.0000e+000
1.600000e+003	1.86714647e-001	-3.21328535e+000	3.65665422e+003	0.00000000e+000	1.6387e+015	1.0000e-010	0.0000e+000
1.610000e+003	1.87080313e-001	-3.21291969e+000	3.62587779e+003	0.00000000e+000	1.6157e+015	1.0000e-010	0.0000e+000
1.620000e+003	1.87442900e-001	-3.21255710e+000	3.59553001e+003	0.00000000e+000	1.5932e+015	1.0000e-010	0.0000e+000
1.630000e+003	1.87802453e-001	-3.21219755e+000	3.56560139e+003	0.00000000e+000	1.5712e+015	1.0000e-010	0.0000e+000
1.640000e+003	1.88159014e-001	-3.21184099e+000	3.53608272e+003	0.00000000e+000	1.5497e+015	1.0000e-010	0.0000e+000
1.650000e+003	1.88512622e-001	-3.21148738e+000	3.50696506e+003	0.00000000e+000	1.5286e+015	1.0000e-010	0.0000e+000
1.660000e+003	1.88863318e-001	-3.21113668e+000	3.47823973e+003	0.00000000e+000	1.5080e+015	1.0000e-010	0.0000e+000
1.670000e+003	1.89211142e-001	-3.21078886e+000	3.44989830e+003	0.00000000e+000	1.4879e+015	1.0000e-010	0.0000e+000
1.680000e+003	1.89556132e-001	-3.21044387e+000	3.42193256e+003	0.00000000e+000	1.4682e+015	1.0000e-010	0.0000e+000
1.690000e+003	1.89898325e-001	-3.21010167e+000	3.39433456e+003	0.00000000e+000	1.4489e+015	1.0000e-010	0.0000e+000
1.700000e+003	1.90237759e-001	-3.20976224e+000	3.36709655e+003	0.00000000e+000	1.4300e+015	1.0000e-010	0.0000e+000
1.710000e+003	1.90574469e-001	-3.20942553e+000	3.34021100e+003	0.00000000e+000	1.4115e+015	1.0000e-010	0.0000e+000
1.720000e+003	1.90908490e-001	-3.20909151e+000	3.31367059e+003	0.00000000e+000	1.3933e+015	1.0000e-010	0.0000e+000
1.730000e+003	1.91239857e-001	-3.20876014e+000	3.28746821e+003	0.00000000e+000	1.3756e+015	1.0000e-010	0.0000e+000
1.740000e+003	1.91568604e-001	-3.20843140e+000	3.26159691e+003	0.00000000e+000	1.3582e+015	1.0000e-010	0.0000e+000
1.750000e+003	1.91894763e-001	-3.20810524e+000	3.23604997e+003	0.00000000e+000	1.3412e+015	1.0000e-010	0.0000e+000
1.760000e+003	1.92218368e-001	-3.20778163e+000	3.21082082e+003	0.00000000e+000	1.3245e+015	1.0000e-010	0.0000e+000
1.770000e+003	1.92539450e-001	-3.20746055e+000	3.18590308e+003	0.00000000e+000	1.3082e+015	1.0000e-010	0.0000e+000
1.780000e+003	1.92858041e-001	-3.20714196e+000	3.16129053e+003	0.00000000e+000	1.2921e+015	1.0000e-010	0.0000e+000
1.790000e+003	1.93174170e-001	-3.20682583e+000	3.13697712e+003	0.00000000e+000	1.2764e+015	1.0000e-010	0.0000e+000
1.800000e+003	1.93487867e-001	-3.20651213e+000	3.11295696e+003	0.00000000e+000	1.2610e+015	1.0000e-010	0.0000e+000
1.810000e+003	1.93799163e-001	-3.20620084e+000	3.08922430e+003	0.00000000e+000	1.2459e+015	1.0000e-010	0.0000e+000
1.820000e+003	1.94108086e-001	-3.20589191e+000	3.06577355e+003	0.00000000e+000	1.2311e+015	1.0000e-010	0.0000e+000
1.830000e+003	1.94414663e-001	-3.20558534e+000	3.04259926e+003	0.00000000e+000	1.2166e+015	1.0000e-010	0.0000e+000
1.840000e+003	1.94718923e-001	-3.20528108e+000	3.01969611e+003	0.00000000e+000	1.2024e+015	1.0000e-010	0.0000e+000
1.850000e+003	1.95020892e-001	-3.20497911e+000	2.99705893e+003	0.00000000e+000	1.1884e+015	1.0000e-010	0.0000e+000
1.860000e+003	1.95320598e-001	-3.20467940e+000	2.97468268e+003	0.00000000e+000	1.1747e+015	1.0000e-010	0.0000e+000
1.870000e+003	1.95618067e-001	-3.20438193e+000	2.95256242e+003	0.00000000e+000	1.1613e+015	1.0000e-010	0.0000e+000
1.880000e+003	1.95913323e-001	-3.20408668e+000	2.93069336e+003	0.00000000e+000	1.1481e+015	1.0000e-010	0.0000e+000
1.890000e+003	1.96206392e-001	-3.20379361e+000	2.90907082e+003	0.00000000e+000	1.1352e+015	1.0000e-010	0.0000e+000
1.900000e+003	1.96497299e-001	-3.20350270e+000	2.88769023e+003	0.00000000e+000	1.1225e+015	1.0000e-010	0.0000e+000
1.910000e+003	1.96786068e-001	-3.20321393e+000	2.86654714e+003	0.00000000e+000	1.1100e+015	1.0000e-010	0.0000e+000
1.920000e+003	1.97072723e-001	-3.20292728e+000	2.84563718e+003	0.00000000e+000	1.0978e+015	1.0000e-010	0.0000e+000
1.930000e+003	1.97357287e-001	-3.20264271e+000	2.82495614e+003	0.00000000e+000	1.0857e+015	1.0000e-010	0.0000e+000
1.940000e+003	1.97639782e-001	-3.20236022e+000	2.80449985e+003	0.00000000e+000	1.0739e+015	1.0000e-010	0.0000e+000
1.950000e+003	1.97920232e-001	-3.20207977e+000	2.78426428e+003	0.00000000e+000	1.0623e+015	1.0000e-010	0.0000e+000
1.960000e+003	1.98198659e-001	-3.20180134e+000	2.76424547e+003	0.00000000e+000	1.0510e+015	1.0000e-010	0.0000e+000
1.970000e+003	1.98475083e-001	-3.20152492e+000	2.74443958e+003	0.00000000e+000	1.0398e+015	1.0000e-010	0.0000e+000
1.980000e+003	1.98749527e-001	-3.20125047e+000	2.72484284e+003	0.00000000e+000	1.0288e+015	1.0000e-010	0.0000e+000
1.990000e+003	1.99022012e-001	-3.20097799e+000	2.70545156e+003	0.00000000e+000	1.0180e+015	1.0000e-010	0.0000e+000
2.000000e+003	1.99292557e-001	-3.20070744e+000	2.68626216e+003	0.00000000e+000	1.0074e+015	1.0000e-010	0.0000e+000
2.010000e+003	1.99561183e-001	-3.20043882e+000	2.66727112e+003	0.00000000e+000	9.9701e+014	1.0000e-010	0.0000e+000
2.020000e+003	1.99827910e-001	-3.20017209e+000	2.64847502e+003	0.00000000e+000	9.8678e+014	1.0000e-010	0.0000e+000
2.030000e+003	2.00092757e-001	-3.19990724e+000	2.62987049e+003	0.00000000e+000	9.7672e+014	1.0000e-010	0.0000e+000
2.040000e+003	2.00355745e-001	-3.19964426e+000	2.61145426e+003	0.00000000e+000	9.6684e+014	1.0000e-010	0.0000e+000
2.050000e+003	2.00616890e-001	-3.19938311e+000	2.59322313e+003	0.00000000e+000	9.5712e+014	1.0000e-010	0.0000e+000
2.060000e+003	2.00876212e-001	-3.19912379e+000	2.57517397e+003	0.00000000e+000	9.4757e+014	1.0000e-010	0.0000e+000
2.070000e+003	2.01133730e-001	-3.19886627e+000	2.55730370e+003	0.00000000e+000	9.3817e+014	1.0000e-010	0.0000e+000
2.080000e+003	2.01389460e-001	-3.19861054e+000	2.53960933e+003	0.00000000e+000	9.2894e+014	1.0000e-010	0.0000e+000
2.090000e+003	2.01643421e-001	-3.19835658e+000	2.52208794e+003	0.00000000e+000	9.1986e+014	1.0000e-010	0.0000e+000
2.100000e+003	2.01895630e-001	-3.19810437e+000	2.50473665e+003	0.00000000e+000	9.1093e+014	1.0000e-010	0.0000e+000
2.110000e+003	2.02146103e-001	-3.19785390e+000	2.48755267e+003	0.00000000e+000	9.0214e+014	1.0000e-010	0.0000e+000
2.120000e+003	2.02394859e-001	-3.19760514e+000	2.47053323e+003	0.00000000e+000	8.9351e+014	1.0000e-010	0.0000e+000
2.130000e+003	2.02641912e-001	-3.19735809e+000	2.45367568e+003	0.00000000e+000	8.8501e+014	1.0000e-010	0.0000e+000
2.140000e+003	2.02887280e-001	-3.19711272e+000	2.43697736e+003	0.00000000e+000	8.7665e+014	1.0000e-010	0.0000e+000
2.150000e+003	2.03130977e-001	-3.19686902e+000	2.42043571e+003	0.00000000e+000	8.6842e+014	1.0000e-010	0.0000e+000
2.160000e+003	2.03373021e-001	-3.19662698e+000	2.40404821e+003	0.00000000e+000	8.6033e+014	1.0000e-010	0.0000e+000
2.170000e+003	2.03613426e-001	-3.19638657e+000	2.38781240e+003	0.00000000e+000	8.5237e+014	1.0000e-010	0.0000e+000
2.180000e+003	2.03852207e-001	-3.19614779e+000	2.37172586e+003	0.00000000e+000	8.4453e+014	1.0000e-010	0.0000e+000
2.190000e+003	2.04089380e-001	-3.19591062e+000	2.35578623e+003	0.00000000e+000	8.3682e+014	1.0000e-010	0.0000e+000
2.200000e+003	2.04324958e-001	-3.19567504e+000	2.33999119e+003	0.00000000e+000	8.2923e+014	1.0000e-010	0.0000e+000
2.210000e+003	2.04558957e-001	-3.19544104e+000	2.32433847e+003	0.00000000e+000	8.2176e+014	1.0000e-010	0.0000e+000
2.220000e+003	2.04791391e-001	-3.19520861e+000	2.30882585e+003	0.00000000e+000	8.1440e+014	1.0000e-010	0.0000e+000
2.230000e+003	2.05022274e-001	-3.19497773e+000	2.29345116e+003	0.00000000e+000	8.0716e+014	1.0000e-010	0.0000e+000
2.240000e+003	2.05251619e-001	-3.19474838e+000	2.27821227e+003	0.00000000e+000	8.0003e+014	1.0000e-010	0.0000e+000
2.250000e+003	2.05479440e-001	-3.19452056e+000	2.26310707e+003	0.00000000e+000	7.9301e+014	1.0000e-010	0.0000e+000
2.260000e+003	2.05705751e-001	-3.19429425e+000	2.24813353e+003	0.00000000e+000	7.8610e+014	1.0000e-010	0.0000e+000
2.270000e+003	2.05930564e-001	-3.19406944e+000	2.23328964e+003	0.00000000e+000	7.7929e+014	1.0000e-010	0.0000e+000
2.280000e+003	2.06153893e-001	-3.19384611e+000	2.21857343e+003	0.00000000e+000	7.7259e+014	1.0000e-010	0.0000e+000
2.290000e+003	2.06375750e-001	-3.19362425e+000	2.20398297e+003	0.00000000e+000	7.6599e+014	1.0000e-010	0.0000e+000
2.300000e+003	2.06596149e-001	-3.19340385e+000	2.18951637e+003	0.00000000e+000	7.5949e+014	1.0000e-010	0.0000e+000
2.310000e+003	2.06815100e-001	-3.19318490e+000	2.17517178e+003	0.00000000e+000	7.5308e+014	1.0000e-010	0.0000e+000
2.320000e+003	2.07032618e-001	-3.19296738e+000	2.16094737e+003	0.00000000e+000	7.4677e+014	1.0000e-010	0.0000e+000
2.330000e+003	2.07248712e-001	-3.19275129e+000	2.14684138e+003	0.00000000e+000	7.4055e+014	1.0000e-010	0.0000e+000
2.340000e+003	2.07463396e-001	-3.19253660e+000	2.13285203e+003	0.00000000e+000	7.3443e+014	1.0000e-010	0.0000e+000
2.350000e+003	2.07676682e-001	-3.19232332e+000	2.11897763e+003	0.00000000e+000	7.2840e+014	1.0000e-010	0.0000e+000
2.360000e+003	2.07888579e-001	-3.19211142e+000	2.10521649e+003	0.00000000e+000	7.2245e+014	1.0000e-010	0.0000e+000
2.370000e+003	2.08099101e-001	-3.19190090e+000	2.09156695e+003	0.00000000e+000	7.1659e+014	1.0000e-010	0.0000e+000
2.380000e+003	2.08308258e-001	-3.19169174e+000	2.07802740e+003	0.00000000e+000	7.1082e+014	1.0000e-010	0.0000e+000
2.390000e+003	2.08516060e-001	-3.19148394e+000	2.06459624e+003	0.00000000e+000	7.0513e+014	1.0000e-010	0.0000e+000
2.400000e+003	2.08722520e-001	-3.19127748e+000	2.05127193e+003	0.00000000e+000	6.9952e+014	1.0000e-010	0.0000e+000
2.410000e+003	2.08927647e-001	-3.19107235e+000	2.03805292e+003	0.00000000e+000	6.9399e+014	1.0000e-010	0.0000e+000
2.420000e+003	2.09131453e-001	-3.19086855e+000	2.02493771e+003	0.00000000e+000	6.8854e+014	1.0000e-010	0.0000e+000
2.430000e+003	2.09333946e-001	-3.19066605e+000	2.01192483e+003	0.00000000e+000	6.8317e+014	1.0000e-010	0.0000e+000
2.440000e+003	2.09535139e-001	-3.19046486e+000	1.99901283e+003	0.00000000e+000	6.7787e+014	1.0000e-010	0.0000e+000
2.450000e+003	2.09735040e-001	-3.19026496e+000	1.98620028e+003	0.00000000e+000	6.7265e+014	1.0000e-010	0.0000e+000
2.460000e+003	2.09933660e-001	-3.19006634e+000	1.97348580e+003	0.00000000e+000	6.6750e+014	1.0000e-010	0.0000e+000
2.470000e+003	2.10131009e-001	-3.18986899e+000	1.96086801e+003	0.00000000e+000	6.6243e+014	1.0000e-010	0.0000e+000
2.480000e+003	2.10327096e-001	-3.18967290e+000	1.94834556e+003	0.00000000e+000	6.5742e+014	1.0000e-010	0.0000e+000
2.490000e+003	2.10521930e-001	-3.18947807e+000	1.93591713e+003	0.00000000e+000	6.5248e+014	1.0000e-010	0.0000e+000
2.500000e+003	2.10715522e-001	-3.18928448e+000	1.92358143e+003	0.00000000e+000	6.4762e+014	1.0000e-010	0.0000e+000
2.510000e+003	2.10907880e-001	-3.18909212e+000	1.91133717e+003	0.00000000e+000	6.4282e+014	1.0000e-010	0.0000e+000
2.520000e+003	2.11099014e-001	-3.18890099e+000	1.89918310e+003	0.00000000e+000	6.3808e+014	1.0000e-010	0.0000e+000
2.530000e+003	2.11288932e-001	-3.18871107e+000	1.88711800e+003	0.00000000e+000	6.3341e+014	1.0000e-010	0.0000e+000
2.540000e+003	2.11477644e-001	-3.18852236e+000	1.87514064e+003	0.00000000e+000	6.2880e+014	1.0000e-010	0.0000e+000
2.550000e+003	2.11665158e-001	-3.18833484e+000	1.86324985e+003	0.00000000e+000	6.2426e+014	1.0000e-010	0.0000e+000
2.560000e+003	2.11851483e-001	-3.18814852e+000	1.85144445e+003	0.00000000e+000	6.1978e+014	1.0000e-010	0.0000e+000
2.570000e+003	2.12036627e-001	-3.18796337e+000	1.83972330e+003	0.00000000e+000	6.1535e+014	1.0000e-010	0.0000e+000
2.580000e+003	2.12220600e-001	-3.18777940e+000	1.82808526e+003	0.00000000e+000	6.1099e+014	1.0000e-010	0.0000e+000
2.590000e+003	2.12403408e-001	-3.18759659e+000	1.81652923e+003	0.00000000e+000	6.0668e+014	1.0000e-010	0.0000e+000
2.600000e+003	2.12585061e-001	-3.18741494e+000	1.80505411e+003	0.00000000e+000	6.0244e+014	1.0000e-010	0.0000e+000
2.610000e+003	2.12765566e-001	-3.18723443e+000	1.79365884e+003	0.00000000e+000	5.9824e+014	1.0000e-010	0.0000e+000
2.620000e+003	2.12944932e-001	-3.18705507e+000	1.78234235e+003	0.00000000e+000	5.9411e+014	1.0000e-010	0.0000e+000
2.630000e+003	2.13123167e-001	-3.18687683e+000	1.77110362e+003	0.00000000e+000	5.9003e+014	1.0000e-010	0.0000e+000
2.640000e+003	2.13300277e-001	-3.18669972e+000	1.75994162e+003	0.00000000e+000	5.8600e+014	1.0000e-010	0.0000e+000
2.650000e+003	2.13476271e-001	-3.18652373e+000	1.74885535e+003	0.00000000e+000	5.8202e+014	1.0000e-010	0.0000e+000
2.660000e+003	2.13651157e-001	-3.18634884e+000	1.73784383e+003	0.00000000e+000	5.7810e+014	1.0000e-010	0.0000e+000
2.670000e+003	2.13824941e-001	-3.18617506e+000	1.72690608e+003	0.00000000e+000	5.7423e+014	1.0000e-010	0.0000e+000
2.680000e+003	2.13997632e-001	-3.18600237e+000	1.71604115e+003	0.00000000e+000	5.7040e+014	1.0000e-010	0.0000e+000
2.690000e+003	2.14169236e-001	-3.18583076e+000	1.70524810e+003	0.00000000e+000	5.6663e+014	1.0000e-010	0.0000e+000
2.700000e+003	2.14339761e-001	-3.18566024e+000	1.69452601e+003	0.00000000e+000	5.6290e+014	1.0000e-010	0.0000e+000
2.710000e+003	2.14509213e-001	-3.18549079e+000	1.68387397e+003	0.00000000e+000	5.5923e+014	1.0000e-010	0.0000e+000
2.720000e+003	2.14677601e-001	-3.18532240e+000	1.67329109e+003	0.00000000e+000	5.5560e+014	1.0000e-010	0.0000e+000
2.730000e+003	2.14844930e-001	-3.18515507e+000	1.66277648e+003	0.00000000e+000	5.5201e+014	1.0000e-010	0.0000e+000
2.740000e+003	2.15011207e-001	-3.18498879e+000	1.65232929e+003	0.00000000e+000	5.4847e+014	1.0000e-010	0.0000e+000
2.750000e+003	2.15176440e-001	-3.18482356e+000	1.64194866e+003	0.00000000e+000	5.4498e+014	1.0000e-010	0.0000e+000
2.760000e+003	2.15340635e-001	-3.18465936e+000	1.63163374e+003	0.00000000e+000	5.4153e+014	1.0000e-010	0.0000e+000
2.770000e+003	2.15503798e-001	-3.18449620e+000	1.62138373e+003	0.00000000e+000	5.3812e+014	1.0000e-010	0.0000e+000
2.780000e+003	2.15665937e-001	-3.18433406e+000	1.61119780e+003	0.00000000e+000	5.3476e+014	1.0000e-010	0.0000e+000
2.790000e+003	2.15827057e-001	-3.18417294e+000	1.60107516e+003	0.00000000e+000	5.3143e+014	1.0000e-010	0.0000e+000
2.800000e+003	2.15987164e-001	-3.18401284e+000	1.59101501e+003	0.00000000e+000	5.2815e+014	1.0000e-010	0.0000e+000
2.810000e+003	2.16146266e-001	-3.18385373e+000	1.58101659e+003	0.00000000e+000	5.2491e+014	1.0000e-010	0.0000e+000
2.820000e+003	2.16304367e-001	-3.18369563e+000	1.57107913e+003	0.00000000e+000	5.2171e+014	1.0000e-010	0.0000e+000
2.830000e+003	2.16461475e-001	-3.18353852e+000	1.56120188e+003	0.00000000e+000	5.1855e+014	1.0000e-010	0.0000e+000
2.840000e+003	2.16617595e-001	-3.18338240e+000	1.55138409e+003	0.00000000e+000	5.1543e+014	1.0000e-010	0.0000e+000
2.850000e+003	2.16772734e-001	-3.18322727e+000	1.54162505e+003	0.00000000e+000	5.1234e+014	1.0000e-010	0.0000e+000
2.860000e+003	2.16926896e-001	-3.18307310e+000	1.53192403e+003	0.00000000e+000	5.0930e+014	1.0000e-010	0.0000e+000
2.870000e+003	2.17080089e-001	-3.18291991e+000	1.52228032e+003	0.00000000e+000	5.0629e+014	1.0000e-010	0.0000e+000
2.880000e+003	2.17232317e-001	-3.18276768e+000	1.51269324e+003	0.00000000e+000	5.0332e+014	1.0000e-010	0.0000e+000
2.890000e+003	2.17383586e-001	-3.18261641e+000	1.50316208e+003	0.00000000e+000	5.0038e+014	1.0000e-010	0.0000e+000
2.900000e+003	2.17533902e-001	-3.18246610e+000	1.49368619e+003	0.00000000e+000	4.9748e+014	1.0000e-010	0.0000e+000
2.910000e+003	2.17683271e-001	-3.18231673e+000	1.48426489e+003	0.00000000e+000	4.9461e+014	1.0000e-010	0.0000e+000
2.920000e+003	2.17831697e-001	-3.18216830e+000	1.47489752e+003	0.00000000e+000	4.9178e+014	1.0000e-010	0.0000e+000
2.930000e+003	2.17979187e-001	-3.18202081e+000	1.46558345e+003	0.00000000e+000	4.8898e+014	1.0000e-010	0.0000e+000
2.940000e+003	2.18125745e-001	-3.18187425e+000	1.45632203e+003	0.00000000e+000	4.8622e+014	1.0000e-010	0.0000e+000
2.950000e+003	2.18271378e-001	-3.18172862e+000	1.44711263e+003	0.00000000e+000	4.8349e+014	1.0000e-010	0.0000e+000
2.960000e+003	2.18416089e-001	-3.18158391e+000	1.43795464e+003	0.00000000e+000	4.8079e+014	1.0000e-010	0.0000e+000
2.970000e+003	2.18559884e-001	-3.18144012e+000	1.42884745e+003	0.00000000e+000	4.7812e+014	1.0000e-010	0.0000e+000
2.980000e+003	2.18702769e-001	-3.18129723e+000	1.41979046e+003	0.00000000e+000	4.7549e+014	1.0000e-010	0.0000e+000
2.990000e+003	2.18844748e-001	-3.18115525e+000	1.41078307e+003	0.00000000e+000	4.7288e+014	1.0000e-010	0.0000e+000
3.000000e+003	2.18985827e-001	-3.18101417e+000	1.40182470e+003	0.00000000e+000	4.7031e+014	1.0000e-010	0.0000e+000
3.010000e+003	2.19126009e-001	-3.18087399e+000	1.39291477e+003	0.00000000e+000	4.6777e+014	1.0000e-010	0.0000e+000
3.020000e+003	2.19265300e-001	-3.18073470e+000	1.38405273e+003	0.00000000e+000	4.6525e+014	1.0000e-010	0.0000e+000
3.030000e+003	2.19403706e-001	-3.18059629e+000	1.37523800e+003	0.00000000e+000	4.6277e+014	1.0000e-010	0.0000e+000
3.040000e+003	2.19541230e-001	-3.18045877e+000	1.36647004e+003	0.00000000e+000	4.6031e+014	1.0000e-010	0.0000e+000
3.050000e+003	2.19677877e-001	-3.18032212e+000	1.35774831e+003	0.00000000e+000	4.5789e+014	1.0000e-010	0.0000e+000
3.060000e+003	2.19813651e-001	-3.18018635e+000	1.34907225e+003	0.00000000e+000	4.5549e+014	1.0000e-010	0.0000e+000
3.070000e+003	2.19948559e-001	-3.18005144e+000	1.34044136e+003	0.00000000e+000	4.5312e+014	1.0000e-010	0.0000e+000
3.080000e+003	2.20082603e-001	-3.17991740e+000	1.33185510e+003	0.00000000e+000	4.5077e+014	1.0000e-010	0.0000e+000
3.090000e+003	2.20215788e-001	-3.17978421e+000	1.32331297e+003	0.00000000e+000	4.4846e+014	1.0000e-010	0.0000e+000
3.100000e+003	2.20348120e-001	-3.17965188e+000	1.31481445e+003	0.00000000e+000	4.4617e+014	1.0000e-010	0.0000e+000
3.110000e+003	2.20479601e-001	-3.17952040e+000	1.30635904e+003	0.00000000e+000	4.4390e+014	1.0000e-010	0.0000e+000
3.120000e+003	2.20610237e-001	-3.17938976e+000	1.29794625e+003	0.00000000e+000	4.4167e+014	1.0000e-010	0.0000e+000
3.130000e+003	2.20740032e-001	-3.17925997e+000	1.28957559e+003	0.00000000e+000	4.3946e+014	1.0000e-010	0.0000e+000
3.140000e+003	2.20868989e-001	-3.17913101e+000	1.28124658e+003	0.00000000e+000	4.3727e+014	1.0000e-010	0.0000e+000
3.150000e+003	2.20997114e-001	-3.17900289e+000	1.27295876e+003	0.00000000e+000	4.3511e+014	1.0000e-010	0.0000e+000
3.160000e+003	2.21124410e-001	-3.17887559e+000	1.26471164e+003	0.00000000e+000	4.3297e+014	1.0000e-010	0.0000e+000
3.170000e+003	2.21250881e-001	-3.17874912e+000	1.25650476e+003	0.00000000e+000	4.3086e+014	1.0000e-010	0.0000e+000
3.180000e+003	2.21376531e-001	-3.17862347e+000	1.24833768e+003	0.00000000e+000	4.2877e+014	1.0000e-010	0.0000e+000
3.190000e+003	2.21501365e-001	-3.17849863e+000	1.24020994e+003	0.00000000e+000	4.2670e+014	1.0000e-010	0.0000e+000
3.200000e+003	2.21625386e-001	-3.17837461e+000	1.23212110e+003	0.00000000e+000	4.2466e+014	1.0000e-010	0.0000e+000
3.210000e+003	2.21748598e-001	-3.17825140e+000	1.22407072e+003	0.00000000e+000	4.2264e+014	1.0000e-010	0.0000e+000
3.220000e+003	2.21871005e-001	-3.17812899e+000	1.21605837e+003	0.00000000e+000	4.2064e+014	1.0000e-010	0.0000e+000
3.230000e+003	2.21992611e-001	-3.17800739e+000	1.20808362e+003	0.00000000e+000	4.1867e+014	1.0000e-010	0.0000e+000
3.240000e+003	2.22113419e-001	-3.17788658e+000	1.20014605e+003	0.00000000e+000	4.1672e+014	1.0000e-010	0.0000e+000
3.250000e+003	2.22233434e-001	-3.17776657e+000	1.19224524e+003	0.00000000e+000	4.1479e+014	1.0000e-010	0.0000e+000
3.260000e+003	2.22352659e-001	-3.17764734e+000	1.18438079e+003	0.00000000e+000	4.1288e+014	1.0000e-010	0.0000e+000
3.270000e+003	2.22471097e-001	-3.17752890e+000	1.17655228e+003	0.00000000e+000	4.1099e+014	1.0000e-010	0.0000e+000
3.280000e+003	2.22588752e-001	-3.17741125e+000	1.16875932e+003	0.00000000e+000	4.0913e+014	1.0000e-010	0.0000e+000
3.290000e+003	2.22705628e-001	-3.17729437e+000	1.16100151e+003	0.00000000e+000	4.0728e+014	1.0000e-010	0.0000e+000
3.300000e+003	2.22821728e-001	-3.17717827e+000	1.15327847e+003	0.00000000e+000	4.0546e+014	1.0000e-010	0.0000e+000
3.310000e+003	2.22937056e-001	-3.17706294e+000	1.14558980e+003	0.00000000e+000	4.0365e+014	1.0000e-010	0.0000e+000
3.320000e+003	2.23051615e-001	-3.17694839e+000	1.13793512e+003	0.00000000e+000	4.0187e+014	1.0000e-010	0.0000e+000
3.330000e+003	2.23165408e-001	-3.17683459e+000	1.13031407e+003	0.00000000e+000	4.0010e+014	1.0000e-010	0.0000e+000
3.340000e+003	2.23278440e-001	-3.17672156e+000	1.12272626e+003	0.00000000e+000	3.9836e+014	1.0000e-010	0.0000e+000
3.350000e+003	2.23390712e-001	-3.17660929e+000	1.11517134e+003	0.00000000e+000	3.9663e+014	1.0000e-010	0.0000e+000
3.360000e+003	2.23502229e-001	-3.17649777e+000	1.10764894e+003	0.00000000e+000	3.9492e+014	1.0000e-010	0.0000e+000
3.370000e+003	2.23612994e-001	-3.17638701e+000	1.10015869e+003	0.00000000e+000	3.9323e+014	1.0000e-010	0.0000e+000
3.380000e+003	2.23723010e-001	-3.17627699e+000	1.09270026e+003	0.00000000e+000	3.9156e+014	1.0000e-010	0.0000e+000
3.390000e+003	2.23832280e-001	-3.17616772e+000	1.08527328e+003	0.00000000e+000	3.8991e+014	1.0000e-010	0.0000e+000
3.400000e+003	2.23940808e-001	-3.17605919e+000	1.07787742e+003	0.00000000e+000	3.8828e+014	1.0000e-010	0.0000e+000
3.410000e+003	2.24048595e-001	-3.17595140e+000	1.07051233e+003	0.00000000e+000	3.8666e+014	1.0000e-010	0.0000e+000
3.420000e+003	2.24155646e-001	-3.17584435e+000	1.06317767e+003	0.00000000e+000	3.8507e+014	1.0000e-010	0.0000e+000
3.430000e+003	2.24261964e-001	-3.17573804e+000	1.05587312e+003	0.00000000e+000	3.8349e+014	1.0000e-010	0.0000e+000
3.440000e+003	2.24367552e-001	-3.17563245e+000	1.04859834e+003	0.00000000e+000	3.8192e+014	1.0000e-010	0.0000e+000
3.450000e+003	2.24472411e-001	-3.17552759e+000	1.04135300e+003	0.00000000e+000	3.8038e+014	1.0000e-010	0.0000e+000
3.460000e+003	2.24576547e-001	-3.17542345e+000	1.03413680e+003	0.00000000e+000	3.7885e+014	1.0000e-010	0.0000e+000
3.470000e+003	2.24679960e-001	-3.17532004e+000	1.02694940e+003	0.00000000e+000	3.7734e+014	1.0000e-010	0.0000e+000
3.480000e+003	2.24782655e-001	-3.17521734e+000	1.01979050e+003	0.00000000e+000	3.7584e+014	1.0000e-010	0.0000e+000
3.490000e+003	2.24884634e-001	-3.17511537e+000	1.01265978e+003	0.00000000e+000	3.7436e+014	1.0000e-010	0.0000e+000
3.500000e+003	2.24985900e-001	-3.17501410e+000	1.00555694e+003	0.00000000e+000	3.7290e+014	1.0000e-010	0.0000e+000
3.510000e+003	2.25086456e-001	-3.17491354e+000	9.98481672e+002	0.00000000e+000	3.7145e+014	1.0000e-010	0.0000e+000
3.520000e+003	2.25186304e-001	-3.17481370e+000	9.91433680e+002	0.00000000e+000	3.7002e+014	1.0000e-010	0.0000e+000
3.530000e+003	2.25285448e-001	-3.17471455e+000	9.84412664e+002	0.00000000e+000	3.6860e+014	1.0000e-010	0.0000e+000
3.540000e+003	2.25383889e-001	-3.17461611e+000	9.77418334e+002	0.00000000e+000	3.6720e+014	1.0000e-010	0.0000e+000
3.550000e+003	2.25481631e-001	-3.17451837e+000	9.70450397e+002	0.00000000e+000	3.6581e+014	1.0000e-010	0.0000e+000
3.560000e+003	2.25578676e-001	-3.17442132e+000	9.63508568e+002	0.00000000e+000	3.6444e+014	1.0000e-010	0.0000e+000
3.570000e+003	2.25675027e-001	-3.17432497e+000	9.56592564e+002	0.00000000e+000	3.6309e+014	1.0000e-010	0.0000e+000
3.580000e+003	2.25770686e-001	-3.17422931e+000	9.49702103e+002	0.00000000e+000	3.6175e+014	1.0000e-010	0.0000e+000
3.590000e+003	2.25865656e-001	-3.17413434e+000	9.42836909e+002	0.00000000e+000	3.6042e+014	1.0000e-010	0.0000e+000
3.600000e+003	2.25959940e-001	-3.17404006e+000	9.35996707e+002	0.00000000e+000	3.5911e+014	1.0000e-010	0.0000e+000
3.610000e+003	2.26053539e-001	-3.17394646e+000	9.29181225e+002	0.00000000e+000	3.5781e+014	1.0000e-010	0.0000e+000
3.620000e+003	2.26146458e-001	-3.17385354e+000	9.22390196e+002	0.00000000e+000	3.5653e+014	1.0000e-010	0.0000e+000
3.630000e+003	2.26238697e-001	-3.17376130e+000	9.15623354e+002	0.00000000e+000	3.5526e+014	1.0000e-010	0.0000e+000
3.640000e+003	2.26330259e-001	-3.17366974e+000	9.08880437e+002	0.00000000e+000	3.5400e+014	1.0000e-010	0.0000e+000
3.650000e+003	2.26421147e-001	-3.17357885e+000	9.02161184e+002	0.00000000e+000	3.5276e+014	1.0000e-010	0.0000e+000
3.660000e+003	2.26511363e-001	-3.17348864e+000	8.95465338e+002	0.00000000e+000	3.5153e+014	1.0000e-010	0.0000e+000
3.670000e+003	2.26600910e-001	-3.17339909e+000	8.88792646e+002	0.00000000e+000	3.5031e+014	1.0000e-010	0.0000e+000
3.680000e+003	2.26689789e-001	-3.17331021e+000	8.82142854e+002	0.00000000e+000	3.4911e+014	1.0000e-010	0.0000e+000
3.690000e+003	2.26778003e-001	-3.17322200e+000	8.75515716e+002	0.00000000e+000	3.4792e+014	1.0000e-010	0.0000e+000
3.700000e+003	2.26865555e-001	-3.17313445e+000	8.68910982e+002	0.00000000e+000	3.4675e+014	1.0000e-010	0.0000e+000
3.710000e+003	2.26952446e-001	-3.17304755e+000	8.62328411e+002	0.00000000e+000	3.4558e+014	1.0000e-010	0.0000e+000
3.720000e+003	2.27038679e-001	-3.17296132e+000	8.55767761e+002	0.00000000e+000	3.4443e+014	1.0000e-010	0.0000e+000
3.730000e+003	2.27124255e-001	-3.17287574e+000	8.49228791e+002	0.00000000e+000	3.4329e+014	1.0000e-010	0.0000e+000
3.740000e+003	2.27209178e-001	-3.17279082e+000	8.42711267e+002	0.00000000e+000	3.4217e+014	1.0000e-010	0.0000e+000
3.750000e+003	2.27293449e-001	-3.17270655e+000	8.36214954e+002	0.00000000e+000	3.4105e+014	1.0000e-010	0.0000e+000
3.760000e+003	2.27377071e-001	-3.17262293e+000	8.29739620e+002	0.00000000e+000	3.3995e+014	1.0000e-010	0.0000e+000
3.770000e+003	2.27460045e-001	-3.17253996e+000	8.23285036e+002	0.00000000e+000	3.3886e+014	1.0000e-010	0.0000e+000
3.780000e+003	2.27542373e-001	-3.17245763e+000	8.16850974e+002	0.00000000e+000	3.3779e+014	1.0000e-010	0.0000e+000
3.790000e+003	2.27624058e-001	-3.17237594e+000	8.10437210e+002	0.00000000e+000	3.3672e+014	1.0000e-010	0.0000e+000
3.800000e+003	2.27705102e-001	-3.17229490e+000	8.04043522e+002	0.00000000e+000	3.3567e+014	1.0000e-010	0.0000e+000
3.810000e+003	2.27785507e-001	-3.17221449e+000	7.97669688e+002	0.00000000e+000	3.3462e+014	1.0000e-010	0.0000e+000
3.820000e+003	2.27865274e-001	-3.17213473e+000	7.91315490e+002	0.00000000e+000	3.3359e+014	1.0000e-010	0.0000e+000
3.830000e+003	2.27944405e-001	-3.17205559e+000	7.84980712e+002	0.00000000e+000	3.3257e+014	1.0000e-010	0.0000e+000
3.840000e+003	2.28022903e-001	-3.17197710e+000	7.78665141e+002	0.00000000e+000	3.3157e+014	1.0000e-010	0.0000e+000
3.850000e+003	2.28100770e-001	-3.17189923e+000	7.72368563e+002	0.00000000e+000	3.3057e+014	1.0000e-010	0.0000e+000
3.860000e+003	2.28178007e-001	-3.17182199e+000	7.66090769e+002	0.00000000e+000	3.2958e+014	1.0000e-010	0.0000e+000
3.870000e+003	2.28254616e-001	-3.17174538e+000	7.59831551e+002	0.00000000e+000	3.2861e+014	1.0000e-010	0.0000e+000
3.880000e+003	2.28330599e-001	-3.17166940e+000	7.53590703e+002	0.00000000e+000	3.2764e+014	1.0000e-010	0.0000e+000
3.890000e+003	2.28405958e-001	-3.17159404e+000	7.47368021e+002	0.00000000e+000	3.2669e+014	1.0000e-010	0.0000e+000
3.900000e+003	2.28480695e-001	-3.17151931e+000	7.41163302e+002	0.00000000e+000	3.2575e+014	1.0000e-010	0.0000e+000
3.910000e+003	2.28554811e-001	-3.17144519e+000	7.34976346e+002	0.00000000e+000	3.2481e+014	1.0000e-010	0.0000e+000
3.920000e+003	2.28628309e-001	-3.17137169e+000	7.28806955e+002	0.00000000e+000	3.2389e+014	1.0000e-010	0.0000e+000
3.930000e+003	2.28701189e-001	-3.17129881e+000	7.22654932e+002	0.00000000e+000	3.2298e+014	1.0000e-010	0.0000e+000
3.940000e+003	2.28773455e-001	-3.17122655e+000	7.16520082e+002	0.00000000e+000	3.2208e+014	1.0000e-010	0.0000e+000
3.950000e+003	2.28845107e-001	-3.17115489e+000	7.10402212e+002	0.00000000e+000	3.2119e+014	1.0000e-010	0.0000e+000
3.960000e+003	2.28916147e-001	-3.17108385e+000	7.04301131e+002	0.00000000e+000	3.2030e+014	1.0000e-010	0.0000e+000
3.970000e+003	2.28986577e-001	-3.17101342e+000	6.98216648e+002	0.00000000e+000	3.1943e+014	1.0000e-010	0.0000e+000
3.980000e+003	2.29056399e-001	-3.17094360e+000	6.92148577e+002	0.00000000e+000	3.1857e+014	1.0000e-010	0.0000e+000
3.990000e+003	2.29125614e-001	-3.17087439e+000	6.86096730e+002	0.00000000e+000	3.1772e+014	1.0000e-010	0.0000e+000
4.000000e+003	2.29194223e-001	-3.17080578e+000	6.80060923e+002	0.00000000e+000	3.1688e+014	1.0000e-010	0.0000e+000
4.010000e+003	2.29262229e-001	-3.17073777e+000	6.74040973e+002	0.00000000e+000	3.1605e+014	1.0000e-010	0.0000e+000
4.020000e+003	2.29329634e-001	-3.17067037e+000	6.68036698e+002	0.00000000e+000	3.1522e+014	1.0000e-010	0.0000e+000
4.030000e+003	2.29396437e-001	-3.17060356e+000	6.62047919e+002	0.00000000e+000	3.1441e+014	1.0000e-010	0.0000e+000
4.040000e+003	2.29462642e-001	-3.17053736e+000	6.56074457e+002	0.00000000e+000	3.1360e+014	1.0000e-010	0.0000e+000
4.050000e+003	2.29528249e-001	-3.17047175e+000	6.50116135e+002	0.00000000e+000	3.1281e+014	1.0000e-010	0.0000e+000
4.060000e+003	2.29593261e-001	-3.17040674e+000	6.44172778e+002	0.00000000e+000	3.1202e+014	1.0000e-010	0.0000e+000
4.070000e+003	2.29657678e-001	-3.17034232e+000	6.38244212e+002	0.00000000e+000	3.1125e+014	1.0000e-010	0.0000e+000
4.080000e+003	2.29721503e-001	-3.17027850e+000	6.32330265e+002	0.00000000e+000	3.1048e+014	1.0000e-010	0.0000e+000
4.090000e+003	2.29784736e-001	-3.17021526e+000	6.26430766e+002	0.00000000e+000	3.0972e+014	1.0000e-010	0.0000e+000
4.100000e+003	2.29847379e-001	-3.17015262e+000	6.20545544e+002	0.00000000e+000	3.0897e+014	1.0000e-010	0.0000e+000
4.110000e+003	2.29909433e-001	-3.17009057e+000	6.14674432e+002	0.00000000e+000	3.0823e+014	1.0000e-010	0.0000e+000
4.120000e+003	2.29970901e-001	-3.17002910e+000	6.08817264e+002	0.00000000e+000	3.0750e+014	1.0000e-010	0.0000e+000
4.130000e+003	2.30031783e-001	-3.16996822e+000	6.02973872e+002	0.00000000e+000	3.0678e+014	1.0000e-010	0.0000e+000
4.140000e+003	2.30092080e-001	-3.16990792e+000	5.97144095e+002	0.00000000e+000	3.0606e+014	1.0000e-010	0.0000e+000
4.150000e+003	2.30151794e-001	-3.16984821e+000	5.91327767e+002	0.00000000e+000	3.0536e+014	1.0000e-010	0.0000e+000
4.160000e+003	2.30210927e-001	-3.16978907e+000	5.85524728e+002	0.00000000e+000	3.0466e+014	1.0000e-010	0.0000e+000
4.170000e+003	2.30269480e-001	-3.16973052e+000	5.79734818e+002	0.00000000e+000	3.0397e+014	1.0000e-010	0.0000e+000
4.180000e+003	2.30327453e-001	-3.16967255e+000	5.73957877e+002	0.00000000e+000	3.0329e+014	1.0000e-010	0.0000e+000
4.190000e+003	2.30384849e-001	-3.16961515e+000	5.68193748e+002	0.00000000e+000	3.0262e+014	1.0000e-010	0.0000e+000
4.200000e+003	2.30441668e-001	-3.16955833e+000	5.62442274e+002	0.00000000e+000	3.0195e+014	1.0000e-010	0.0000e+000
4.210000e+003	2.30497912e-001	-3.16950209e+000	5.56703299e+002	0.00000000e+000	3.0129e+014	1.0000e-010	0.0000e+000
4.220000e+003	2.30553583e-001	-3.16944642e+000	5.50976669e+002	0.00000000e+000	3.0065e+014	1.0000e-010	0.0000e+000
4.230000e+003	2.30608680e-001	-3.16939132e+000	5.45262231e+002	0.00000000e+000	3.0001e+014	1.0000e-010	0.0000e+000
4.240000e+003	2.30663207e-001	-3.16933679e+000	5.39559834e+002	0.00000000e+000	2.9937e+014	1.0000e-010	0.0000e+000
4.250000e+003	2.30717163e-001	-3.16928284e+000	5.33869325e+002	0.00000000e+000	2.9875e+014	1.0000e-010	0.0000e+000
4.260000e+003	2.30770550e-001	-3.16922945e+000	5.28190556e+002	0.00000000e+000	2.9813e+014	1.0000e-010	0.0000e+000
4.270000e+003	2.30823369e-001	-3.16917663e+000	5.22523377e+002	0.00000000e+000	2.9753e+014	1.0000e-010	0.0000e+000
4.280000e+003	2.30875621e-001	-3.16912438e+000	5.16867642e+002	0.00000000e+000	2.9692e+014	1.0000e-010	0.0000e+000
4.290000e+003	2.30927308e-001	-3.16907269e+000	5.11223203e+002	0.00000000e+000	2.9633e+014	1.0000e-010	0.0000e+000
4.300000e+003	2.30978430e-001	-3.16902157e+000	5.05589914e+002	0.00000000e+000	2.9575e+014	1.0000e-010	0.0000e+000
4.310000e+003	2.31028989e-001	-3.16897101e+000	4.99967632e+002	0.00000000e+000	2.9517e+014	1.0000e-010	0.0000e+000
4.320000e+003	2.31078986e-001	-3.16892101e+000	4.94356213e+002	0.00000000e+000	2.9460e+014	1.0000e-010	0.0000e+000
4.330000e+003	2.31128421e-001	-3.16887158e+000	4.88755514e+002	0.00000000e+000	2.9404e+014	1.0000e-010	0.0000e+000
4.340000e+003	2.31177297e-001	-3.16882270e+000	4.83165394e+002	0.00000000e+000	2.9348e+014	1.0000e-010	0.0000e+000
4.350000e+003	2.31225614e-001	-3.16877439e+000	4.77585711e+002	0.00000000e+000	2.9293e+014	1.0000e-010	0.0000e+000
4.360000e+003	2.31273372e-001	-3.16872663e+000	4.72016327e+002	0.00000000e+000	2.9239e+014	1.0000e-010	0.0000e+000
4.370000e+003	2.31320574e-001	-3.16867943e+000	4.66457103e+002	0.00000000e+000	2.9186e+014	1.0000e-010	0.0000e+000
4.380000e+003	2.31367219e-001	-3.16863278e+000	4.60907900e+002	0.00000000e+000	2.9133e+014	1.0000e-010	0.0000e+000
4.390000e+003	2.31413310e-001	-3.16858669e+000	4.55368581e+002	0.00000000e+000	2.9081e+014	1.0000e-010	0.0000e+000
4.400000e+003	2.31458847e-001	-3.16854115e+000	4.49839012e+002	0.00000000e+000	2.9030e+014	1.0000e-010	0.0000e+000
4.410000e+003	2.31503831e-001	-3.16849617e+000	4.44319056e+002	0.00000000e+000	2.8980e+014	1.0000e-010	0.0000e+000
4.420000e+003	2.31548263e-001	-3.16845174e+000	4.38808579e+002	0.00000000e+000	2.8930e+014	1.0000e-010	0.0000e+000
4.430000e+003	2.31592144e-001	-3.16840786e+000	4.33307447e+002	0.00000000e+000	2.8881e+014	1.0000e-010	0.0000e+000
4.440000e+003	2.31635475e-001	-3.16836453e+000	4.27815528e+002	0.00000000e+000	2.8832e+014	1.0000e-010	0.0000e+000
4.450000e+003	2.31678256e-001	-3.16832174e+000	4.22332690e+002	0.00000000e+000	2.8785e+014	1.0000e-010	0.0000e+000
4.460000e+003	2.31720489e-001	-3.16827951e+000	4.16858802e+002	0.00000000e+000	2.8738e+014	1.0000e-010	0.0000e+000
4.470000e+003	2.31762175e-001	-3.16823782e+000	4.11393733e+002	0.00000000e+000	2.8691e+014	1.0000e-010	0.0000e+000
4.480000e+003	2.31803315e-001	-3.16819669e+000	4.05937354e+002	0.00000000e+000	2.8646e+014	1.0000e-010	0.0000e+000
4.490000e+003	2.31843908e-001	-3.16815609e+000	4.00489536e+002	0.00000000e+000	2.8601e+014	1.0000e-010	0.0000e+000
4.500000e+003	2.31883957e-001	-3.16811604e+000	3.95050151e+002	0.00000000e+000	2.8557e+014	1.0000e-010	0.0000e+000
4.510000e+003	2.31923462e-001	-3.16807654e+000	3.89619072e+002	0.00000000e+000	2.8513e+014	1.0000e-010	0.0000e+000
4.520000e+003	2.31962424e-001	-3.16803758e+000	3.84196172e+002	0.00000000e+000	2.8470e+014	1.0000e-010	0.0000e+000
4.530000e+003	2.32000844e-001	-3.16799916e+000	3.78781325e+002	0.00000000e+000	2.8428e+014	1.0000e-010	0.0000e+000
4.540000e+003	2.32038722e-001	-3.16796128e+000	3.73374406e+002	0.00000000e+000	2.8386e+014	1.0000e-010	0.0000e+000
4.550000e+003	2.32076059e-001	-3.16792394e+000	3.67975291e+002	0.00000000e+000	2.8345e+014	1.0000e-010	0.0000e+000
4.560000e+003	2.32112857e-001	-3.16788714e+000	3.62583855e+002	0.00000000e+000	2.8305e+014	1.0000e-010	0.0000e+000
4.570000e+003	2.32149115e-001	-3.16785088e+000	3.57199976e+002	0.00000000e+000	2.8265e+014	1.0000e-010	0.0000e+000
4.580000e+003	2.32184835e-001	-3.16781516e+000	3.51823530e+002	0.00000000e+000	2.8226e+014	1.0000e-010	0.0000e+000
4.590000e+003	2.32220018e-001	-3.16777998e+000	3.46454396e+002	0.00000000e+000	2.8188e+014	1.0000e-010	0.0000e+000
4.600000e+003	2.32254663e-001	-3.16774534e+000	3.41092453e+002	0.00000000e+000	2.8150e+014	1.0000e-010	0.0000e+000
4.610000e+003	2.32288772e-001	-3.16771123e+000	3.35737580e+002	0.00000000e+000	2.8113e+014	1.0000e-010	0.0000e+000
4.620000e+003	2.32322346e-001	-3.16767765e+000	3.30389657e+002	0.00000000e+000	2.8076e+014	1.0000e-010	0.0000e+000
4.630000e+003	2.32355385e-001	-3.16764461e+000	3.25048564e+002	0.00000000e+000	2.8041e+014	1.0000e-010	0.0000e+000
4.640000e+003	2.32387890e-001	-3.16761211e+000	3.19714182e+002	0.00000000e+000	2.8005e+014	1.0000e-010	0.0000e+000
4.650000e+003	2.32419861e-001	-3.16758014e+000	3.14386393e+002	0.00000000e+000	2.7971e+014	1.0000e-010	0.0000e+000
4.660000e+003	2.32451300e-001	-3.16754870e+000	3.09065080e+002	0.00000000e+000	2.7937e+014	1.0000e-010	0.0000e+000
4.670000e+003	2.32482206e-001	-3.16751779e+000	3.03750124e+002	0.00000000e+000	2.7903e+014	1.0000e-010	0.0000e+000
4.680000e+003	2.32512582e-001	-3.16748742e+000	2.98441410e+002	0.00000000e+000	2.7871e+014	1.0000e-010	0.0000e+000
4.690000e+003	2.32542426e-001	-3.16745757e+000	2.93138820e+002	0.00000000e+000	2.7838e+014	1.0000e-010	0.0000e+000
4.700000e+003	2.32571740e-001	-3.16742826e+000	2.87842240e+002	0.00000000e+000	2.7807e+014	1.0000e-010	0.0000e+000
4.710000e+003	2.32600524e-001	-3.16739948e+000	2.82551554e+002	0.00000000e+000	2.7776e+014	1.0000e-010	0.0000e+000
4.720000e+003	2.32628779e-001	-3.16737122e+000	2.77266647e+002	0.00000000e+000	2.7746e+014	1.0000e-010	0.0000e+000
4.730000e+003	2.32656506e-001	-3.16734349e+000	2.71987406e+002	0.00000000e+000	2.7716e+014	1.0000e-010	0.0000e+000
4.740000e+003	2.32683704e-001	-3.16731630e+000	2.66713715e+002	0.00000000e+000	2.7687e+014	1.0000e-010	0.0000e+000
4.750000e+003	2.32710376e-001	-3.16728962e+000	2.61445463e+002	0.00000000e+000	2.7658e+014	1.0000e-010	0.0000e+000
4.760000e+003	2.32736520e-001	-3.16726348e+000	2.56182536e+002	0.00000000e+000	2.7630e+014	1.0000e-010	0.0000e+000
4.770000e+003	2.32762138e-001	-3.16723786e+000	2.50924822e+002	0.00000000e+000	2.7603e+014	1.0000e-010	0.0000e+000
4.780000e+003	2.32787231e-001	-3.16721277e+000	2.45672208e+002	0.00000000e+000	2.7576e+014	1.0000e-010	0.0000e+000
4.790000e+003	2.32811798e-001	-3.16718820e+000	2.40424584e+002	0.00000000e+000	2.7550e+014	1.0000e-010	0.0000e+000
4.800000e+003	2.32835841e-001	-3.16716416e+000	2.35181837e+002	0.00000000e+000	2.7524e+014	1.0000e-010	0.0000e+000
4.810000e+003	2.32859359e-001	-3.16714064e+000	2.29943858e+002	0.00000000e+000	2.7499e+014	1.0000e-010	0.0000e+000
4.820000e+003	2.32882353e-001	-3.16711765e+000	2.24710536e+002	0.00000000e+000	2.7475e+014	1.0000e-010	0.0000e+000
4.830000e+003	2.32904824e-001	-3.16709518e+000	2.19481761e+002	0.00000000e+000	2.7451e+014	1.0000e-010	0.0000e+000
4.840000e+003	2.32926772e-001	-3.16707323e+000	2.14257423e+002	0.00000000e+000	2.7428e+014	1.0000e-010	0.0000e+000
4.850000e+003	2.32948198e-001	-3.16705180e+000	2.09037413e+002	0.00000000e+000	2.7405e+014	1.0000e-010	0.0000e+000
4.860000e+003	2.32969102e-001	-3.16703090e+000	2.03821623e+002	0.00000000e+000	2.7383e+014	1.0000e-010	0.0000e+000
4.870000e+003	2.32989484e-001	-3.16701052e+000	1.98609943e+002	0.00000000e+000	2.7361e+014	1.0000e-010	0.0000e+000
4.880000e+003	2.33009345e-001	-3.16699065e+000	1.93402265e+002	0.00000000e+000	2.7340e+014	1.0000e-010	0.0000e+000
4.890000e+003	2.33028685e-001	-3.16697131e+000	1.88198482e+002	0.00000000e+000	2.7320e+014	1.0000e-010	0.0000e+000
4.900000e+003	2.33047505e-001	-3.16695249e+000	1.82998485e+002	0.00000000e+000	2.7300e+014	1.0000e-010	0.0000e+000
4.910000e+003	2.33065805e-001	-3.16693419e+000	1.77802169e+002	0.00000000e+000	2.7281e+014	1.0000e-010	0.0000e+000
4.920000e+003	2.33083585e-001	-3.16691641e+000	1.72609425e+002	0.00000000e+000	2.7262e+014	1.0000e-010	0.0000e+000
4.930000e+003	2.33100846e-001	-3.16689915e+000	1.67420147e+002	0.00000000e+000	2.7244e+014	1.0000e-010	0.0000e+000
4.940000e+003	2.33117588e-001	-3.16688241e+000	1.62234228e+002	0.00000000e+000	2.7226e+014	1.0000e-010	0.0000e+000
4.950000e+003	2.33133812e-001	-3.16686619e+000	1.57051563e+002	0.00000000e+000	2.7209e+014	1.0000e-010	0.0000e+000
4.960000e+003	2.33149517e-001	-3.16685048e+000	1.51872045e+002	0.00000000e+000	2.7192e+014	1.0000e-010	0.0000e+000
4.970000e+003	2.33164704e-001	-3.16683530e+000	1.46695569e+002	0.00000000e+000	2.7176e+014	1.0000e-010	0.0000e+000
4.980000e+003	2.33179374e-001	-3.16682063e+000	1.41522030e+002	0.00000000e+000	2.7161e+014	1.0000e-010	0.0000e+000
4.990000e+003	2.33193526e-001	-3.16680647e+000	1.36351322e+002	0.00000000e+000	2.7146e+014	1.0000e-010	0.0000e+000
5.000000e+003	2.33207161e-001	-3.16679284e+000	1.31183341e+002	0.00000000e+000	2.7132e+014	1.0000e-010	0.0000e+000
5.010000e+003	2.33220279e-001	-3.16677972e+000	1.26017982e+002	0.00000000e+000	2.7118e+014	1.0000e-010	0.0000e+000
5.020000e+003	2.33232881e-001	-3.16676712e+000	1.20855139e+002	0.00000000e+000	2.7105e+014	1.0000e-010	0.0000e+000
5.030000e+003	2.33244967e-001	-3.16675503e+000	1.15694710e+002	0.00000000e+000	2.7092e+014	1.0000e-010	0.0000e+000
5.040000e+003	2.33256536e-001	-3.16674346e+000	1.10536590e+002	0.00000000e+000	2.7080e+014	1.0000e-010	0.0000e+000
5.050000e+003	2.33267590e-001	-3.16673241e+000	1.05380674e+002	0.00000000e+000	2.7068e+014	1.0000e-010	0.0000e+000
5.060000e+003	2.33278128e-001	-3.16672187e+000	1.00226860e+002	0.00000000e+000	2.7057e+014	1.0000e-010	0.0000e+000
5.070000e+003	2.33288150e-001	-3.16671185e+000	9.50750439e+001	0.00000000e+000	2.7047e+014	1.0000e-010	0.0000e+000
5.080000e+003	2.33297658e-001	-3.16670234e+000	8.99251219e+001	0.00000000e+000	2.7037e+014	1.0000e-010	0.0000e+000
5.090000e+003	2.33306650e-001	-3.16669335e+000	8.47769910e+001	0.00000000e+000	2.7028e+014	1.0000e-010	0.0000e+000
5.100000e+003	2.33315128e-001	-3.16668487e+000	7.96305480e+001	0.00000000e+000	2.7019e+014	1.0000e-010	0.0000e+000
5.110000e+003	2.33323091e-001	-3.16667691e+000	7.44856900e+001	0.00000000e+000	2.7010e+014	1.0000e-010	0.0000e+000
5.120000e+003	2.33330540e-001	-3.16666946e+000	6.93423141e+001	0.00000000e+000	2.7003e+014	1.0000e-010	0.0000e+000
5.130000e+003	2.33337474e-001	-3.16666253e+000	6.42003177e+001	0.00000000e+000	2.6995e+014	1.0000e-010	0.0000e+000
5.140000e+003	2.33343894e-001	-3.16665611e+000	5.90595980e+001	0.00000000e+000	2.6989e+014	1.0000e-010	0.0000e+000
5.150000e+003	2.33349800e-001	-3.16665020e+000	5.39200526e+001	0.00000000e+000	2.6982e+014	1.0000e-010	0.0000e+000
5.160000e+003	2.33355192e-001	-3.16664481e+000	4.87815791e+001	0.00000000e+000	2.6977e+014	1.0000e-010	0.0000e+000
5.170000e+003	2.33360070e-001	-3.16663993e+000	4.36440751e+001	0.00000000e+000	2.6972e+014	1.0000e-010	0.0000e+000
5.180000e+003	2.33364435e-001	-3.16663557e+000	3.85074384e+001	0.00000000e+000	2.6967e+014	1.0000e-010	0.0000e+000
5.190000e+003	2.33368285e-001	-3.16663171e+000	3.33715667e+001	0.00000000e+000	2.6963e+014	1.0000e-010	0.0000e+000
5.200000e+003	2.33371622e-001	-3.16662838e+000	2.82363579e+001	0.00000000e+000	2.6960e+014	1.0000e-010	0.0000e+000
5.210000e+003	2.33374446e-001	-3.16662555e+000	2.31017100e+001	0.00000000e+000	2.6957e+014	1.0000e-010	0.0000e+000
5.220000e+003	2.33376756e-001	-3.16662324e+000	1.79675209e+001	0.00000000e+000	2.6954e+014	1.0000e-010	0.0000e+000
5.230000e+003	2.33378553e-001	-3.16662145e+000	1.28336887e+001	0.00000000e+000	2.6952e+014	1.0000e-010	0.0000e+000
5.240000e+003	2.33379836e-001	-3.16662016e+000	7.70011128e+000	0.00000000e+000	2.6951e+014	1.0000e-010	0.0000e+000
5.250000e+003	2.33380606e-001	-3.16661939e+000	2.56668677e+000	0.00000000e+000	2.6950e+014	1.0000e-010	0.0000e+000
5.260000e+003	2.33380863e-001	-3.16661914e+000	2.56668677e+000	0.00000000e+000	2.6950e+014	1.0000e-010	0.0000e+000
