Y (ang)	Ec (eV)	Ev (eV)	E (V/cm)	Ef (eV)	n (cm-3)	p (cm-3)	Nd - Na (cm-3)
0.000000e+000	-6.40000000e+000	-9.80000000e+000	3.74240781e+007	-7.00000000e+000	1.8691e+008	1.0000e-010	0.0000e+000
1.000000e+001	-2.09759219e+000	-6.19759219e+000	1.15773941e+007	0.00000000e+000	1.2345e+021	1.0000e-010	-1.3848e+020
2.000000e+001	-9.17452772e-001	-5.04545277e+000	4.47655453e+006	0.00000000e+000	3.5738e+020	1.0000e-010	-5.8477e+018
3.000000e+001	-4.47397319e-001	-4.60339732e+000	1.97246118e+006	0.00000000e+000	1.2210e+020	1.0000e-010	-5.8714e+018
4.000000e+001	-2.27751201e-001	-4.41175120e+000	9.77754416e+005	0.00000000e+000	4.4897e+019	1.0000e-010	-5.8951e+018
5.000000e+001	-1.07575760e-001	-4.31957576e+000	5.62900270e+005	0.00000000e+000	1.5250e+019	1.0000e-010	-5.9188e+018
6.000000e+001	-1.40885733e-001	-4.24088573e+000	5.85369777e+005	0.00000000e+000	2.2260e+019	1.0000e-010	2.3533e+019
7.000000e+001	-8.23487550e-002	-4.18234876e+000	3.75153003e+005	0.00000000e+000	1.0746e+019	1.0000e-010	0.0000e+000
8.000000e+001	-4.48334547e-002	-4.14483345e+000	2.68154595e+005	0.00000000e+000	5.4696e+018	1.0000e-010	0.0000e+000
9.000000e+001	-1.80179953e-002	-4.11801800e+000	2.11809811e+005	0.00000000e+000	2.8803e+018	1.0000e-010	0.0000e+000
1.000000e+002	3.16298587e-003	-4.09683701e+000	1.81328210e+005	0.00000000e+000	1.5582e+018	1.0000e-010	0.0000e+000
1.100000e+002	2.12958069e-002	-4.07870419e+000	1.64480379e+005	0.00000000e+000	8.6124e+017	1.0000e-010	0.0000e+000
1.200000e+002	3.77438448e-002	-4.06225616e+000	1.55022306e+005	0.00000000e+000	4.8348e+017	1.0000e-010	0.0000e+000
1.300000e+002	5.32460754e-002	-4.04675392e+000	1.49657593e+005	0.00000000e+000	2.7424e+017	1.0000e-010	0.0000e+000
1.400000e+002	6.82118347e-002	-4.03178817e+000	1.46594912e+005	0.00000000e+000	1.5656e+017	1.0000e-010	0.0000e+000
1.500000e+002	8.28713259e-002	-4.01712867e+000	1.44839583e+005	0.00000000e+000	8.9730e+016	1.0000e-010	0.0000e+000
1.600000e+002	9.73552842e-002	-4.00264472e+000	1.43831202e+005	0.00000000e+000	5.1547e+016	1.0000e-010	0.0000e+000
1.700000e+002	1.11738404e-001	-3.98826160e+000	1.43248444e+005	0.00000000e+000	2.9790e+016	1.0000e-010	0.0000e+000
1.800000e+002	1.26063249e-001	-3.97393675e+000	1.42913600e+005	0.00000000e+000	1.7117e+016	1.0000e-010	0.0000e+000
1.900000e+002	1.40354609e-001	-3.95964539e+000	1.42720955e+005	0.00000000e+000	9.8477e+015	1.0000e-010	0.0000e+000
2.000000e+002	1.54626704e-001	-3.94537330e+000	1.42610038e+005	0.00000000e+000	5.6699e+015	1.0000e-010	0.0000e+000
2.100000e+002	1.68887708e-001	-3.93111229e+000	1.42546150e+005	0.00000000e+000	3.2659e+015	1.0000e-010	0.0000e+000
2.200000e+002	1.83142323e-001	-3.91685768e+000	1.42509341e+005	0.00000000e+000	1.8816e+015	1.0000e-010	0.0000e+000
2.300000e+002	1.97393257e-001	-3.90260674e+000	1.42488130e+005	0.00000000e+000	1.0842e+015	1.0000e-010	0.0000e+000
2.400000e+002	2.11642070e-001	-3.88835793e+000	1.42475907e+005	0.00000000e+000	6.2483e+014	1.0000e-010	0.0000e+000
2.500000e+002	2.25889661e-001	-3.87411034e+000	1.42468863e+005	0.00000000e+000	3.6009e+014	1.0000e-010	0.0000e+000
2.600000e+002	-3.19863453e-001	-3.71986345e+000	1.36469420e+006	0.00000000e+000	7.4119e+019	1.0000e-010	1.3848e+020
2.700000e+002	-1.83394033e-001	-3.58339403e+000	7.41238444e+005	0.00000000e+000	3.2732e+019	1.0000e-010	0.0000e+000
2.800000e+002	-1.09270189e-001	-3.50927019e+000	4.44510816e+005	0.00000000e+000	1.5578e+019	1.0000e-010	0.0000e+000
2.900000e+002	-6.48191070e-002	-3.46481911e+000	2.91069493e+005	0.00000000e+000	8.0557e+018	1.0000e-010	0.0000e+000
3.000000e+002	-3.57121577e-002	-3.43571216e+000	2.05884874e+005	0.00000000e+000	4.4722e+018	1.0000e-010	0.0000e+000
3.100000e+002	-1.51236703e-002	-3.41512367e+000	1.55159464e+005	0.00000000e+000	2.6631e+018	1.0000e-010	0.0000e+000
3.200000e+002	3.92276065e-004	-3.39960772e+000	1.22829442e+005	0.00000000e+000	1.6973e+018	1.0000e-010	0.0000e+000
3.300000e+002	1.26752203e-002	-3.38732478e+000	1.00937245e+005	0.00000000e+000	1.1493e+018	1.0000e-010	0.0000e+000
3.400000e+002	2.27689448e-002	-3.37723106e+000	8.53388889e+004	0.00000000e+000	8.1892e+017	1.0000e-010	0.0000e+000
3.500000e+002	3.13028336e-002	-3.36869717e+000	7.37518569e+004	0.00000000e+000	6.0832e+017	1.0000e-010	0.0000e+000
3.600000e+002	3.86780193e-002	-3.36132198e+000	6.48473384e+004	0.00000000e+000	4.6749e+017	1.0000e-010	0.0000e+000
3.700000e+002	4.51627532e-002	-3.35483725e+000	5.78115105e+004	0.00000000e+000	3.6938e+017	1.0000e-010	0.0000e+000
3.800000e+002	5.09439042e-002	-3.34905610e+000	5.21231543e+004	0.00000000e+000	2.9864e+017	1.0000e-010	0.0000e+000
3.900000e+002	5.61562197e-002	-3.34384378e+000	4.74352300e+004	0.00000000e+000	2.4612e+017	1.0000e-010	0.0000e+000
4.000000e+002	6.08997427e-002	-3.33910026e+000	4.35087791e+004	0.00000000e+000	2.0614e+017	1.0000e-010	0.0000e+000
4.100000e+002	6.52506206e-002	-3.33474938e+000	4.01744102e+004	0.00000000e+000	1.7505e+017	1.0000e-010	0.0000e+000
4.200000e+002	6.92680616e-002	-3.33073194e+000	3.73089738e+004	0.00000000e+000	1.5044e+017	1.0000e-010	0.0000e+000
4.300000e+002	7.29989590e-002	-3.32700104e+000	3.48209405e+004	0.00000000e+000	1.3062e+017	1.0000e-010	0.0000e+000
4.400000e+002	7.64810530e-002	-3.32351895e+000	3.26409495e+004	0.00000000e+000	1.1445e+017	1.0000e-010	0.0000e+000
4.500000e+002	7.97451480e-002	-3.32025485e+000	3.07155300e+004	0.00000000e+000	1.0108e+017	1.0000e-010	0.0000e+000
4.600000e+002	8.28167010e-002	-3.31718330e+000	2.90028282e+004	0.00000000e+000	8.9917e+016	1.0000e-010	0.0000e+000
4.700000e+002	8.57169838e-002	-3.31428302e+000	2.74696335e+004	0.00000000e+000	8.0493e+016	1.0000e-010	0.0000e+000
4.800000e+002	8.84639471e-002	-3.31153605e+000	2.60892694e+004	0.00000000e+000	7.2469e+016	1.0000e-010	0.0000e+000
4.900000e+002	9.10728741e-002	-3.30892713e+000	2.48400696e+004	0.00000000e+000	6.5583e+016	1.0000e-010	0.0000e+000
5.000000e+002	9.35568810e-002	-3.30644312e+000	2.37042601e+004	0.00000000e+000	5.9630e+016	1.0000e-010	0.0000e+000
5.100000e+002	9.59273070e-002	-3.30407269e+000	2.26671260e+004	0.00000000e+000	5.4450e+016	1.0000e-010	0.0000e+000
5.200000e+002	9.81940196e-002	-3.30180598e+000	2.17163836e+004	0.00000000e+000	4.9914e+016	1.0000e-010	0.0000e+000
5.300000e+002	1.00365658e-001	-3.29963434e+000	2.08416992e+004	0.00000000e+000	4.5921e+016	1.0000e-010	0.0000e+000
5.400000e+002	1.02449828e-001	-3.29755017e+000	2.00343190e+004	0.00000000e+000	4.2388e+016	1.0000e-010	0.0000e+000
5.500000e+002	1.04453260e-001	-3.29554674e+000	1.92821904e+004	0.00000000e+000	3.9487e+016	1.0000e-010	0.0000e+000
5.600000e+002	1.06381479e-001	-3.29361852e+000	1.85841197e+004	0.00000000e+000	3.6649e+016	1.0000e-010	0.0000e+000
5.700000e+002	1.08239891e-001	-3.29176011e+000	1.79344696e+004	0.00000000e+000	3.4107e+016	1.0000e-010	0.0000e+000
5.800000e+002	1.10033338e-001	-3.28996666e+000	1.73283604e+004	0.00000000e+000	3.1821e+016	1.0000e-010	0.0000e+000
5.900000e+002	1.11766174e-001	-3.28823383e+000	1.67615465e+004	0.00000000e+000	2.9758e+016	1.0000e-010	0.0000e+000
6.000000e+002	1.13442328e-001	-3.28655767e+000	1.62303168e+004	0.00000000e+000	2.7890e+016	1.0000e-010	0.0000e+000
6.100000e+002	1.15065360e-001	-3.28493464e+000	1.57314133e+004	0.00000000e+000	2.6193e+016	1.0000e-010	0.0000e+000
6.200000e+002	1.16638501e-001	-3.28336150e+000	1.52619637e+004	0.00000000e+000	2.4646e+016	1.0000e-010	0.0000e+000
6.300000e+002	1.18164698e-001	-3.28183530e+000	1.48194263e+004	0.00000000e+000	2.3233e+016	1.0000e-010	0.0000e+000
6.400000e+002	1.19646640e-001	-3.28035336e+000	1.44015436e+004	0.00000000e+000	2.1939e+016	1.0000e-010	0.0000e+000
6.500000e+002	1.21086795e-001	-3.27891321e+000	1.40063035e+004	0.00000000e+000	2.0750e+016	1.0000e-010	0.0000e+000
6.600000e+002	1.22487425e-001	-3.27751257e+000	1.36319074e+004	0.00000000e+000	1.9656e+016	1.0000e-010	0.0000e+000
6.700000e+002	1.23850616e-001	-3.27614938e+000	1.32767420e+004	0.00000000e+000	1.8646e+016	1.0000e-010	0.0000e+000
6.800000e+002	1.25178290e-001	-3.27482171e+000	1.29393562e+004	0.00000000e+000	1.7713e+016	1.0000e-010	0.0000e+000
6.900000e+002	1.26472226e-001	-3.27352777e+000	1.26184415e+004	0.00000000e+000	1.6848e+016	1.0000e-010	0.0000e+000
7.000000e+002	1.27734070e-001	-3.27226593e+000	1.23128146e+004	0.00000000e+000	1.6045e+016	1.0000e-010	0.0000e+000
7.100000e+002	1.28965351e-001	-3.27103465e+000	1.20214029e+004	0.00000000e+000	1.5299e+016	1.0000e-010	0.0000e+000
7.200000e+002	1.30167492e-001	-3.26983251e+000	1.17432319e+004	0.00000000e+000	1.4604e+016	1.0000e-010	0.0000e+000
7.300000e+002	1.31341815e-001	-3.26865819e+000	1.14774141e+004	0.00000000e+000	1.3955e+016	1.0000e-010	0.0000e+000
7.400000e+002	1.32489556e-001	-3.26751044e+000	1.12231396e+004	0.00000000e+000	1.3349e+016	1.0000e-010	0.0000e+000
7.500000e+002	1.33611870e-001	-3.26638813e+000	1.09796677e+004	0.00000000e+000	1.2782e+016	1.0000e-010	0.0000e+000
7.600000e+002	1.34709837e-001	-3.26529016e+000	1.07463199e+004	0.00000000e+000	1.2251e+016	1.0000e-010	0.0000e+000
7.700000e+002	1.35784469e-001	-3.26421553e+000	1.05224732e+004	0.00000000e+000	1.1752e+016	1.0000e-010	0.0000e+000
7.800000e+002	1.36836716e-001	-3.26316328e+000	1.03075547e+004	0.00000000e+000	1.1283e+016	1.0000e-010	0.0000e+000
7.900000e+002	1.37867472e-001	-3.26213253e+000	1.01010367e+004	0.00000000e+000	1.0842e+016	1.0000e-010	0.0000e+000
8.000000e+002	1.38877575e-001	-3.26112242e+000	9.90243233e+003	0.00000000e+000	1.0427e+016	1.0000e-010	0.0000e+000
8.100000e+002	1.39867819e-001	-3.26013218e+000	9.71129150e+003	0.00000000e+000	1.0035e+016	1.0000e-010	0.0000e+000
8.200000e+002	1.40838948e-001	-3.25916105e+000	9.52719769e+003	0.00000000e+000	9.6650e+015	1.0000e-010	0.0000e+000
8.300000e+002	1.41791668e-001	-3.25820833e+000	9.34976476e+003	0.00000000e+000	9.3153e+015	1.0000e-010	0.0000e+000
8.400000e+002	1.42726644e-001	-3.25727336e+000	9.17863431e+003	0.00000000e+000	8.9844e+015	1.0000e-010	0.0000e+000
8.500000e+002	1.43644508e-001	-3.25635549e+000	9.01347317e+003	0.00000000e+000	8.6710e+015	1.0000e-010	0.0000e+000
8.600000e+002	1.44545855e-001	-3.25545415e+000	8.85397126e+003	0.00000000e+000	8.3739e+015	1.0000e-010	0.0000e+000
8.700000e+002	1.45431252e-001	-3.25456875e+000	8.69983960e+003	0.00000000e+000	8.0919e+015	1.0000e-010	0.0000e+000
8.800000e+002	1.46301236e-001	-3.25369876e+000	8.55080855e+003	0.00000000e+000	7.8242e+015	1.0000e-010	0.0000e+000
8.900000e+002	1.47156317e-001	-3.25284368e+000	8.40662622e+003	0.00000000e+000	7.5696e+015	1.0000e-010	0.0000e+000
9.000000e+002	1.47996979e-001	-3.25200302e+000	8.26705704e+003	0.00000000e+000	7.3274e+015	1.0000e-010	0.0000e+000
9.100000e+002	1.48823685e-001	-3.25117631e+000	8.13188045e+003	0.00000000e+000	7.0968e+015	1.0000e-010	0.0000e+000
9.200000e+002	1.49636873e-001	-3.25036313e+000	8.00088974e+003	0.00000000e+000	6.8770e+015	1.0000e-010	0.0000e+000
9.300000e+002	1.50436962e-001	-3.24956304e+000	7.87389094e+003	0.00000000e+000	6.6675e+015	1.0000e-010	0.0000e+000
9.400000e+002	1.51224351e-001	-3.24877565e+000	7.75070191e+003	0.00000000e+000	6.4674e+015	1.0000e-010	0.0000e+000
9.500000e+002	1.51999421e-001	-3.24800058e+000	7.63115140e+003	0.00000000e+000	6.2764e+015	1.0000e-010	0.0000e+000
9.600000e+002	1.52762537e-001	-3.24723746e+000	7.51507828e+003	0.00000000e+000	6.0939e+015	1.0000e-010	0.0000e+000
9.700000e+002	1.53514044e-001	-3.24648596e+000	7.40233079e+003	0.00000000e+000	5.9193e+015	1.0000e-010	0.0000e+000
9.800000e+002	1.54254277e-001	-3.24574572e+000	7.29276588e+003	0.00000000e+000	5.7522e+015	1.0000e-010	0.0000e+000
9.900000e+002	1.54983554e-001	-3.24501645e+000	7.18624856e+003	0.00000000e+000	5.5922e+015	1.0000e-010	0.0000e+000
1.000000e+003	1.55702179e-001	-3.24429782e+000	7.08265141e+003	0.00000000e+000	5.4389e+015	1.0000e-010	0.0000e+000
1.010000e+003	1.56410444e-001	-3.24358956e+000	6.98185398e+003	0.00000000e+000	5.2919e+015	1.0000e-010	0.0000e+000
1.020000e+003	1.57108629e-001	-3.24289137e+000	6.88374235e+003	0.00000000e+000	5.1509e+015	1.0000e-010	0.0000e+000
1.030000e+003	1.57797004e-001	-3.24220300e+000	6.78820871e+003	0.00000000e+000	5.0155e+015	1.0000e-010	0.0000e+000
1.040000e+003	1.58475825e-001	-3.24152418e+000	6.69515095e+003	0.00000000e+000	4.8855e+015	1.0000e-010	0.0000e+000
1.050000e+003	1.59145340e-001	-3.24085466e+000	6.60447226e+003	0.00000000e+000	4.7606e+015	1.0000e-010	0.0000e+000
1.060000e+003	1.59805787e-001	-3.24019421e+000	6.51608082e+003	0.00000000e+000	4.6406e+015	1.0000e-010	0.0000e+000
1.070000e+003	1.60457395e-001	-3.23954261e+000	6.42988947e+003	0.00000000e+000	4.5251e+015	1.0000e-010	0.0000e+000
1.080000e+003	1.61100384e-001	-3.23889962e+000	6.34581543e+003	0.00000000e+000	4.4139e+015	1.0000e-010	0.0000e+000
1.090000e+003	1.61734965e-001	-3.23826503e+000	6.26378000e+003	0.00000000e+000	4.3069e+015	1.0000e-010	0.0000e+000
1.100000e+003	1.62361343e-001	-3.23763866e+000	6.18370836e+003	0.00000000e+000	4.2038e+015	1.0000e-010	0.0000e+000
1.110000e+003	1.62979714e-001	-3.23702029e+000	6.10552928e+003	0.00000000e+000	4.1044e+015	1.0000e-010	0.0000e+000
1.120000e+003	1.63590267e-001	-3.23640973e+000	6.02917494e+003	0.00000000e+000	4.0086e+015	1.0000e-010	0.0000e+000
1.130000e+003	1.64193185e-001	-3.23580682e+000	5.95458072e+003	0.00000000e+000	3.9162e+015	1.0000e-010	0.0000e+000
1.140000e+003	1.64788643e-001	-3.23521136e+000	5.88168503e+003	0.00000000e+000	3.8270e+015	1.0000e-010	0.0000e+000
1.150000e+003	1.65376811e-001	-3.23462319e+000	5.81042909e+003	0.00000000e+000	3.7409e+015	1.0000e-010	0.0000e+000
1.160000e+003	1.65957854e-001	-3.23404215e+000	5.74075681e+003	0.00000000e+000	3.6578e+015	1.0000e-010	0.0000e+000
1.170000e+003	1.66531930e-001	-3.23346807e+000	5.67261464e+003	0.00000000e+000	3.5775e+015	1.0000e-010	0.0000e+000
1.180000e+003	1.67099191e-001	-3.23290081e+000	5.60595141e+003	0.00000000e+000	3.4998e+015	1.0000e-010	0.0000e+000
1.190000e+003	1.67659786e-001	-3.23234021e+000	5.54071820e+003	0.00000000e+000	3.4248e+015	1.0000e-010	0.0000e+000
1.200000e+003	1.68213858e-001	-3.23178614e+000	5.47686821e+003	0.00000000e+000	3.3521e+015	1.0000e-010	0.0000e+000
1.210000e+003	1.68761545e-001	-3.23123845e+000	5.41435670e+003	0.00000000e+000	3.2819e+015	1.0000e-010	0.0000e+000
1.220000e+003	1.69302981e-001	-3.23069702e+000	5.35314079e+003	0.00000000e+000	3.2138e+015	1.0000e-010	0.0000e+000
1.230000e+003	1.69838295e-001	-3.23016171e+000	5.29317943e+003	0.00000000e+000	3.1480e+015	1.0000e-010	0.0000e+000
1.240000e+003	1.70367613e-001	-3.22963239e+000	5.23443330e+003	0.00000000e+000	3.0842e+015	1.0000e-010	0.0000e+000
1.250000e+003	1.70891056e-001	-3.22910894e+000	5.17686468e+003	0.00000000e+000	3.0224e+015	1.0000e-010	0.0000e+000
1.260000e+003	1.71408743e-001	-3.22859126e+000	5.12043740e+003	0.00000000e+000	2.9624e+015	1.0000e-010	0.0000e+000
1.270000e+003	1.71920786e-001	-3.22807921e+000	5.06511678e+003	0.00000000e+000	2.9043e+015	1.0000e-010	0.0000e+000
1.280000e+003	1.72427298e-001	-3.22757270e+000	5.01086948e+003	0.00000000e+000	2.8480e+015	1.0000e-010	0.0000e+000
1.290000e+003	1.72928385e-001	-3.22707162e+000	4.95766353e+003	0.00000000e+000	2.7933e+015	1.0000e-010	0.0000e+000
1.300000e+003	1.73424151e-001	-3.22657585e+000	4.90546820e+003	0.00000000e+000	2.7403e+015	1.0000e-010	0.0000e+000
1.310000e+003	1.73914698e-001	-3.22608530e+000	4.85425395e+003	0.00000000e+000	2.6888e+015	1.0000e-010	0.0000e+000
1.320000e+003	1.74400124e-001	-3.22559988e+000	4.80399238e+003	0.00000000e+000	2.6387e+015	1.0000e-010	0.0000e+000
1.330000e+003	1.74880523e-001	-3.22511948e+000	4.75465618e+003	0.00000000e+000	2.5902e+015	1.0000e-010	0.0000e+000
1.340000e+003	1.75355988e-001	-3.22464401e+000	4.70621907e+003	0.00000000e+000	2.5430e+015	1.0000e-010	0.0000e+000
1.350000e+003	1.75826610e-001	-3.22417339e+000	4.65865575e+003	0.00000000e+000	2.4971e+015	1.0000e-010	0.0000e+000
1.360000e+003	1.76292476e-001	-3.22370752e+000	4.61194187e+003	0.00000000e+000	2.4525e+015	1.0000e-010	0.0000e+000
1.370000e+003	1.76753670e-001	-3.22324633e+000	4.56605397e+003	0.00000000e+000	2.4091e+015	1.0000e-010	0.0000e+000
1.380000e+003	1.77210275e-001	-3.22278972e+000	4.52096944e+003	0.00000000e+000	2.3669e+015	1.0000e-010	0.0000e+000
1.390000e+003	1.77662372e-001	-3.22233763e+000	4.47666649e+003	0.00000000e+000	2.3259e+015	1.0000e-010	0.0000e+000
1.400000e+003	1.78110039e-001	-3.22188996e+000	4.43312410e+003	0.00000000e+000	2.2860e+015	1.0000e-010	0.0000e+000
1.410000e+003	1.78553351e-001	-3.22144665e+000	4.39032202e+003	0.00000000e+000	2.2471e+015	1.0000e-010	0.0000e+000
1.420000e+003	1.78992384e-001	-3.22100762e+000	4.34824069e+003	0.00000000e+000	2.2093e+015	1.0000e-010	0.0000e+000
1.430000e+003	1.79427208e-001	-3.22057279e+000	4.30686124e+003	0.00000000e+000	2.1724e+015	1.0000e-010	0.0000e+000
1.440000e+003	1.79857894e-001	-3.22014211e+000	4.26616545e+003	0.00000000e+000	2.1365e+015	1.0000e-010	0.0000e+000
1.450000e+003	1.80284510e-001	-3.21971549e+000	4.22613572e+003	0.00000000e+000	2.1016e+015	1.0000e-010	0.0000e+000
1.460000e+003	1.80707124e-001	-3.21929288e+000	4.18675505e+003	0.00000000e+000	2.0675e+015	1.0000e-010	0.0000e+000
1.470000e+003	1.81125799e-001	-3.21887420e+000	4.14800702e+003	0.00000000e+000	2.0343e+015	1.0000e-010	0.0000e+000
1.480000e+003	1.81540600e-001	-3.21845940e+000	4.10987575e+003	0.00000000e+000	2.0019e+015	1.0000e-010	0.0000e+000
1.490000e+003	1.81951588e-001	-3.21804841e+000	4.07234588e+003	0.00000000e+000	1.9703e+015	1.0000e-010	0.0000e+000
1.500000e+003	1.82358822e-001	-3.21764118e+000	4.03540258e+003	0.00000000e+000	1.9395e+015	1.0000e-010	0.0000e+000
1.510000e+003	1.82762363e-001	-3.21723764e+000	3.99903147e+003	0.00000000e+000	1.9095e+015	1.0000e-010	0.0000e+000
1.520000e+003	1.83162266e-001	-3.21683773e+000	3.96321865e+003	0.00000000e+000	1.8802e+015	1.0000e-010	0.0000e+000
1.530000e+003	1.83558588e-001	-3.21644141e+000	3.92795067e+003	0.00000000e+000	1.8516e+015	1.0000e-010	0.0000e+000
1.540000e+003	1.83951383e-001	-3.21604862e+000	3.89321450e+003	0.00000000e+000	1.8237e+015	1.0000e-010	0.0000e+000
1.550000e+003	1.84340704e-001	-3.21565930e+000	3.85899753e+003	0.00000000e+000	1.7964e+015	1.0000e-010	0.0000e+000
1.560000e+003	1.84726604e-001	-3.21527340e+000	3.82528753e+003	0.00000000e+000	1.7698e+015	1.0000e-010	0.0000e+000
1.570000e+003	1.85109133e-001	-3.21489087e+000	3.79207266e+003	0.00000000e+000	1.7438e+015	1.0000e-010	0.0000e+000
1.580000e+003	1.85488340e-001	-3.21451166e+000	3.75934144e+003	0.00000000e+000	1.7184e+015	1.0000e-010	0.0000e+000
1.590000e+003	1.85864274e-001	-3.21413573e+000	3.72708275e+003	0.00000000e+000	1.6936e+015	1.0000e-010	0.0000e+000
1.600000e+003	1.86236982e-001	-3.21376302e+000	3.69528580e+003	0.00000000e+000	1.6693e+015	1.0000e-010	0.0000e+000
1.610000e+003	1.86606511e-001	-3.21339349e+000	3.66394012e+003	0.00000000e+000	1.6457e+015	1.0000e-010	0.0000e+000
1.620000e+003	1.86972905e-001	-3.21302710e+000	3.63303556e+003	0.00000000e+000	1.6225e+015	1.0000e-010	0.0000e+000
1.630000e+003	1.87336208e-001	-3.21266379e+000	3.60256227e+003	0.00000000e+000	1.5999e+015	1.0000e-010	0.0000e+000
1.640000e+003	1.87696465e-001	-3.21230354e+000	3.57251069e+003	0.00000000e+000	1.5777e+015	1.0000e-010	0.0000e+000
1.650000e+003	1.88053716e-001	-3.21194628e+000	3.54287155e+003	0.00000000e+000	1.5561e+015	1.0000e-010	0.0000e+000
1.660000e+003	1.88408003e-001	-3.21159200e+000	3.51363582e+003	0.00000000e+000	1.5349e+015	1.0000e-010	0.0000e+000
1.670000e+003	1.88759366e-001	-3.21124063e+000	3.48479475e+003	0.00000000e+000	1.5142e+015	1.0000e-010	0.0000e+000
1.680000e+003	1.89107846e-001	-3.21089215e+000	3.45633985e+003	0.00000000e+000	1.4939e+015	1.0000e-010	0.0000e+000
1.690000e+003	1.89453480e-001	-3.21054652e+000	3.42826285e+003	0.00000000e+000	1.4740e+015	1.0000e-010	0.0000e+000
1.700000e+003	1.89796306e-001	-3.21020369e+000	3.40055572e+003	0.00000000e+000	1.4546e+015	1.0000e-010	0.0000e+000
1.710000e+003	1.90136362e-001	-3.20986364e+000	3.37321067e+003	0.00000000e+000	1.4356e+015	1.0000e-010	0.0000e+000
1.720000e+003	1.90473683e-001	-3.20952632e+000	3.34622010e+003	0.00000000e+000	1.4170e+015	1.0000e-010	0.0000e+000
1.730000e+003	1.90808305e-001	-3.20919170e+000	3.31957664e+003	0.00000000e+000	1.3988e+015	1.0000e-010	0.0000e+000
1.740000e+003	1.91140263e-001	-3.20885974e+000	3.29327311e+003	0.00000000e+000	1.3809e+015	1.0000e-010	0.0000e+000
1.750000e+003	1.91469590e-001	-3.20853041e+000	3.26730254e+003	0.00000000e+000	1.3635e+015	1.0000e-010	0.0000e+000
1.760000e+003	1.91796320e-001	-3.20820368e+000	3.24165813e+003	0.00000000e+000	1.3463e+015	1.0000e-010	0.0000e+000
1.770000e+003	1.92120486e-001	-3.20787951e+000	3.21633327e+003	0.00000000e+000	1.3296e+015	1.0000e-010	0.0000e+000
1.780000e+003	1.92442119e-001	-3.20755788e+000	3.19132154e+003	0.00000000e+000	1.3131e+015	1.0000e-010	0.0000e+000
1.790000e+003	1.92761251e-001	-3.20723875e+000	3.16661667e+003	0.00000000e+000	1.2970e+015	1.0000e-010	0.0000e+000
1.800000e+003	1.93077913e-001	-3.20692209e+000	3.14221257e+003	0.00000000e+000	1.2812e+015	1.0000e-010	0.0000e+000
1.810000e+003	1.93392134e-001	-3.20660787e+000	3.11810329e+003	0.00000000e+000	1.2657e+015	1.0000e-010	0.0000e+000
1.820000e+003	1.93703945e-001	-3.20629606e+000	3.09428306e+003	0.00000000e+000	1.2506e+015	1.0000e-010	0.0000e+000
1.830000e+003	1.94013373e-001	-3.20598663e+000	3.07074623e+003	0.00000000e+000	1.2357e+015	1.0000e-010	0.0000e+000
1.840000e+003	1.94320448e-001	-3.20567955e+000	3.04748733e+003	0.00000000e+000	1.2211e+015	1.0000e-010	0.0000e+000
1.850000e+003	1.94625196e-001	-3.20537480e+000	3.02450100e+003	0.00000000e+000	1.2068e+015	1.0000e-010	0.0000e+000
1.860000e+003	1.94927646e-001	-3.20507235e+000	3.00178203e+003	0.00000000e+000	1.1927e+015	1.0000e-010	0.0000e+000
1.870000e+003	1.95227825e-001	-3.20477218e+000	2.97932533e+003	0.00000000e+000	1.1790e+015	1.0000e-010	0.0000e+000
1.880000e+003	1.95525757e-001	-3.20447424e+000	2.95712594e+003	0.00000000e+000	1.1655e+015	1.0000e-010	0.0000e+000
1.890000e+003	1.95821470e-001	-3.20417853e+000	2.93517904e+003	0.00000000e+000	1.1522e+015	1.0000e-010	0.0000e+000
1.900000e+003	1.96114988e-001	-3.20388501e+000	2.91347992e+003	0.00000000e+000	1.1392e+015	1.0000e-010	0.0000e+000
1.910000e+003	1.96406336e-001	-3.20359366e+000	2.89202396e+003	0.00000000e+000	1.1264e+015	1.0000e-010	0.0000e+000
1.920000e+003	1.96695538e-001	-3.20330446e+000	2.87080670e+003	0.00000000e+000	1.1139e+015	1.0000e-010	0.0000e+000
1.930000e+003	1.96982619e-001	-3.20301738e+000	2.84982374e+003	0.00000000e+000	1.1016e+015	1.0000e-010	0.0000e+000
1.940000e+003	1.97267601e-001	-3.20273240e+000	2.82907082e+003	0.00000000e+000	1.0895e+015	1.0000e-010	0.0000e+000
1.950000e+003	1.97550508e-001	-3.20244949e+000	2.80854377e+003	0.00000000e+000	1.0777e+015	1.0000e-010	0.0000e+000
1.960000e+003	1.97831363e-001	-3.20216864e+000	2.78823852e+003	0.00000000e+000	1.0660e+015	1.0000e-010	0.0000e+000
1.970000e+003	1.98110186e-001	-3.20188981e+000	2.76815109e+003	0.00000000e+000	1.0546e+015	1.0000e-010	0.0000e+000
1.980000e+003	1.98387001e-001	-3.20161300e+000	2.74827760e+003	0.00000000e+000	1.0434e+015	1.0000e-010	0.0000e+000
1.990000e+003	1.98661829e-001	-3.20133817e+000	2.72861426e+003	0.00000000e+000	1.0323e+015	1.0000e-010	0.0000e+000
2.000000e+003	1.98934691e-001	-3.20106531e+000	2.70915738e+003	0.00000000e+000	1.0215e+015	1.0000e-010	0.0000e+000
2.010000e+003	1.99205606e-001	-3.20079439e+000	2.68990333e+003	0.00000000e+000	1.0108e+015	1.0000e-010	0.0000e+000
2.020000e+003	1.99474597e-001	-3.20052540e+000	2.67084858e+003	0.00000000e+000	1.0004e+015	1.0000e-010	0.0000e+000
2.030000e+003	1.99741682e-001	-3.20025832e+000	2.65198967e+003	0.00000000e+000	9.9010e+014	1.0000e-010	0.0000e+000
2.040000e+003	2.00006881e-001	-3.19999312e+000	2.63332324e+003	0.00000000e+000	9.7999e+014	1.0000e-010	0.0000e+000
2.050000e+003	2.00270213e-001	-3.19972979e+000	2.61484598e+003	0.00000000e+000	9.7006e+014	1.0000e-010	0.0000e+000
2.060000e+003	2.00531698e-001	-3.19946830e+000	2.59655467e+003	0.00000000e+000	9.6030e+014	1.0000e-010	0.0000e+000
2.070000e+003	2.00791353e-001	-3.19920865e+000	2.57844616e+003	0.00000000e+000	9.5070e+014	1.0000e-010	0.0000e+000
2.080000e+003	2.01049198e-001	-3.19895080e+000	2.56051736e+003	0.00000000e+000	9.4126e+014	1.0000e-010	0.0000e+000
2.090000e+003	2.01305249e-001	-3.19869475e+000	2.54276527e+003	0.00000000e+000	9.3199e+014	1.0000e-010	0.0000e+000
2.100000e+003	2.01559526e-001	-3.19844047e+000	2.52518692e+003	0.00000000e+000	9.2287e+014	1.0000e-010	0.0000e+000
2.110000e+003	2.01812045e-001	-3.19818796e+000	2.50777944e+003	0.00000000e+000	9.1390e+014	1.0000e-010	0.0000e+000
2.120000e+003	2.02062822e-001	-3.19793718e+000	2.49054001e+003	0.00000000e+000	9.0507e+014	1.0000e-010	0.0000e+000
2.130000e+003	2.02311876e-001	-3.19768812e+000	2.47346586e+003	0.00000000e+000	8.9640e+014	1.0000e-010	0.0000e+000
2.140000e+003	2.02559223e-001	-3.19744078e+000	2.45655429e+003	0.00000000e+000	8.8786e+014	1.0000e-010	0.0000e+000
2.150000e+003	2.02804879e-001	-3.19719512e+000	2.43980267e+003	0.00000000e+000	8.7946e+014	1.0000e-010	0.0000e+000
2.160000e+003	2.03048859e-001	-3.19695114e+000	2.42320839e+003	0.00000000e+000	8.7120e+014	1.0000e-010	0.0000e+000
2.170000e+003	2.03291180e-001	-3.19670882e+000	2.40676893e+003	0.00000000e+000	8.6307e+014	1.0000e-010	0.0000e+000
2.180000e+003	2.03531857e-001	-3.19646814e+000	2.39048181e+003	0.00000000e+000	8.5508e+014	1.0000e-010	0.0000e+000
2.190000e+003	2.03770905e-001	-3.19622910e+000	2.37434460e+003	0.00000000e+000	8.4721e+014	1.0000e-010	0.0000e+000
2.200000e+003	2.04008339e-001	-3.19599166e+000	2.35835492e+003	0.00000000e+000	8.3946e+014	1.0000e-010	0.0000e+000
2.210000e+003	2.04244175e-001	-3.19575583e+000	2.34251045e+003	0.00000000e+000	8.3184e+014	1.0000e-010	0.0000e+000
2.220000e+003	2.04478426e-001	-3.19552157e+000	2.32680889e+003	0.00000000e+000	8.2433e+014	1.0000e-010	0.0000e+000
2.230000e+003	2.04711107e-001	-3.19528889e+000	2.31124803e+003	0.00000000e+000	8.1695e+014	1.0000e-010	0.0000e+000
2.240000e+003	2.04942231e-001	-3.19505777e+000	2.29582566e+003	0.00000000e+000	8.0968e+014	1.0000e-010	0.0000e+000
2.250000e+003	2.05171814e-001	-3.19482819e+000	2.28053965e+003	0.00000000e+000	8.0252e+014	1.0000e-010	0.0000e+000
2.260000e+003	2.05399868e-001	-3.19460013e+000	2.26538789e+003	0.00000000e+000	7.9547e+014	1.0000e-010	0.0000e+000
2.270000e+003	2.05626407e-001	-3.19437359e+000	2.25036832e+003	0.00000000e+000	7.8853e+014	1.0000e-010	0.0000e+000
2.280000e+003	2.05851444e-001	-3.19414856e+000	2.23547893e+003	0.00000000e+000	7.8170e+014	1.0000e-010	0.0000e+000
2.290000e+003	2.06074991e-001	-3.19392501e+000	2.22071774e+003	0.00000000e+000	7.7497e+014	1.0000e-010	0.0000e+000
2.300000e+003	2.06297063e-001	-3.19370294e+000	2.20608280e+003	0.00000000e+000	7.6834e+014	1.0000e-010	0.0000e+000
2.310000e+003	2.06517671e-001	-3.19348233e+000	2.19157222e+003	0.00000000e+000	7.6181e+014	1.0000e-010	0.0000e+000
2.320000e+003	2.06736829e-001	-3.19326317e+000	2.17718413e+003	0.00000000e+000	7.5538e+014	1.0000e-010	0.0000e+000
2.330000e+003	2.06954547e-001	-3.19304545e+000	2.16291671e+003	0.00000000e+000	7.4904e+014	1.0000e-010	0.0000e+000
2.340000e+003	2.07170839e-001	-3.19282916e+000	2.14876815e+003	0.00000000e+000	7.4280e+014	1.0000e-010	0.0000e+000
2.350000e+003	2.07385716e-001	-3.19261428e+000	2.13473671e+003	0.00000000e+000	7.3665e+014	1.0000e-010	0.0000e+000
2.360000e+003	2.07599189e-001	-3.19240081e+000	2.12082066e+003	0.00000000e+000	7.3060e+014	1.0000e-010	0.0000e+000
2.370000e+003	2.07811271e-001	-3.19218873e+000	2.10701830e+003	0.00000000e+000	7.2463e+014	1.0000e-010	0.0000e+000
2.380000e+003	2.08021973e-001	-3.19197803e+000	2.09332798e+003	0.00000000e+000	7.1874e+014	1.0000e-010	0.0000e+000
2.390000e+003	2.08231306e-001	-3.19176869e+000	2.07974807e+003	0.00000000e+000	7.1295e+014	1.0000e-010	0.0000e+000
2.400000e+003	2.08439281e-001	-3.19156072e+000	2.06627696e+003	0.00000000e+000	7.0724e+014	1.0000e-010	0.0000e+000
2.410000e+003	2.08645908e-001	-3.19135409e+000	2.05291310e+003	0.00000000e+000	7.0160e+014	1.0000e-010	0.0000e+000
2.420000e+003	2.08851200e-001	-3.19114880e+000	2.03965494e+003	0.00000000e+000	6.9606e+014	1.0000e-010	0.0000e+000
2.430000e+003	2.09055165e-001	-3.19094483e+000	2.02650097e+003	0.00000000e+000	6.9059e+014	1.0000e-010	0.0000e+000
2.440000e+003	2.09257815e-001	-3.19074218e+000	2.01344972e+003	0.00000000e+000	6.8519e+014	1.0000e-010	0.0000e+000
2.450000e+003	2.09459160e-001	-3.19054084e+000	2.00049971e+003	0.00000000e+000	6.7988e+014	1.0000e-010	0.0000e+000
2.460000e+003	2.09659210e-001	-3.19034079e+000	1.98764953e+003	0.00000000e+000	6.7464e+014	1.0000e-010	0.0000e+000
2.470000e+003	2.09857975e-001	-3.19014202e+000	1.97489777e+003	0.00000000e+000	6.6947e+014	1.0000e-010	0.0000e+000
2.480000e+003	2.10055465e-001	-3.18994453e+000	1.96224305e+003	0.00000000e+000	6.6437e+014	1.0000e-010	0.0000e+000
2.490000e+003	2.10251689e-001	-3.18974831e+000	1.94968402e+003	0.00000000e+000	6.5935e+014	1.0000e-010	0.0000e+000
2.500000e+003	2.10446658e-001	-3.18955334e+000	1.93721936e+003	0.00000000e+000	6.5440e+014	1.0000e-010	0.0000e+000
2.510000e+003	2.10640380e-001	-3.18935962e+000	1.92484774e+003	0.00000000e+000	6.4951e+014	1.0000e-010	0.0000e+000
2.520000e+003	2.10832864e-001	-3.18916714e+000	1.91256790e+003	0.00000000e+000	6.4469e+014	1.0000e-010	0.0000e+000
2.530000e+003	2.11024121e-001	-3.18897588e+000	1.90037858e+003	0.00000000e+000	6.3994e+014	1.0000e-010	0.0000e+000
2.540000e+003	2.11214159e-001	-3.18878584e+000	1.88827852e+003	0.00000000e+000	6.3525e+014	1.0000e-010	0.0000e+000
2.550000e+003	2.11402987e-001	-3.18859701e+000	1.87626653e+003	0.00000000e+000	6.3063e+014	1.0000e-010	0.0000e+000
2.560000e+003	2.11590614e-001	-3.18840939e+000	1.86434140e+003	0.00000000e+000	6.2607e+014	1.0000e-010	0.0000e+000
2.570000e+003	2.11777048e-001	-3.18822295e+000	1.85250196e+003	0.00000000e+000	6.2157e+014	1.0000e-010	0.0000e+000
2.580000e+003	2.11962298e-001	-3.18803770e+000	1.84074706e+003	0.00000000e+000	6.1713e+014	1.0000e-010	0.0000e+000
2.590000e+003	2.12146373e-001	-3.18785363e+000	1.82907556e+003	0.00000000e+000	6.1276e+014	1.0000e-010	0.0000e+000
2.600000e+003	2.12329280e-001	-3.18767072e+000	1.81748634e+003	0.00000000e+000	6.0844e+014	1.0000e-010	0.0000e+000
2.610000e+003	2.12511029e-001	-3.18748897e+000	1.80597832e+003	0.00000000e+000	6.0417e+014	1.0000e-010	0.0000e+000
2.620000e+003	2.12691627e-001	-3.18730837e+000	1.79455041e+003	0.00000000e+000	5.9997e+014	1.0000e-010	0.0000e+000
2.630000e+003	2.12871082e-001	-3.18712892e+000	1.78320155e+003	0.00000000e+000	5.9582e+014	1.0000e-010	0.0000e+000
2.640000e+003	2.13049402e-001	-3.18695060e+000	1.77193070e+003	0.00000000e+000	5.9172e+014	1.0000e-010	0.0000e+000
2.650000e+003	2.13226595e-001	-3.18677341e+000	1.76073684e+003	0.00000000e+000	5.8768e+014	1.0000e-010	0.0000e+000
2.660000e+003	2.13402669e-001	-3.18659733e+000	1.74961897e+003	0.00000000e+000	5.8369e+014	1.0000e-010	0.0000e+000
2.670000e+003	2.13577631e-001	-3.18642237e+000	1.73857608e+003	0.00000000e+000	5.7975e+014	1.0000e-010	0.0000e+000
2.680000e+003	2.13751488e-001	-3.18624851e+000	1.72760721e+003	0.00000000e+000	5.7587e+014	1.0000e-010	0.0000e+000
2.690000e+003	2.13924249e-001	-3.18607575e+000	1.71671139e+003	0.00000000e+000	5.7203e+014	1.0000e-010	0.0000e+000
2.700000e+003	2.14095920e-001	-3.18590408e+000	1.70588769e+003	0.00000000e+000	5.6825e+014	1.0000e-010	0.0000e+000
2.710000e+003	2.14266509e-001	-3.18573349e+000	1.69513518e+003	0.00000000e+000	5.6451e+014	1.0000e-010	0.0000e+000
2.720000e+003	2.14436022e-001	-3.18556398e+000	1.68445294e+003	0.00000000e+000	5.6082e+014	1.0000e-010	0.0000e+000
2.730000e+003	2.14604468e-001	-3.18539553e+000	1.67384007e+003	0.00000000e+000	5.5718e+014	1.0000e-010	0.0000e+000
2.740000e+003	2.14771852e-001	-3.18522815e+000	1.66329571e+003	0.00000000e+000	5.5358e+014	1.0000e-010	0.0000e+000
2.750000e+003	2.14938181e-001	-3.18506182e+000	1.65281896e+003	0.00000000e+000	5.5003e+014	1.0000e-010	0.0000e+000
2.760000e+003	2.15103463e-001	-3.18489654e+000	1.64240898e+003	0.00000000e+000	5.4653e+014	1.0000e-010	0.0000e+000
2.770000e+003	2.15267704e-001	-3.18473230e+000	1.63206493e+003	0.00000000e+000	5.4306e+014	1.0000e-010	0.0000e+000
2.780000e+003	2.15430910e-001	-3.18456909e+000	1.62178598e+003	0.00000000e+000	5.3965e+014	1.0000e-010	0.0000e+000
2.790000e+003	2.15593089e-001	-3.18440691e+000	1.61157130e+003	0.00000000e+000	5.3627e+014	1.0000e-010	0.0000e+000
2.800000e+003	2.15754246e-001	-3.18424575e+000	1.60142011e+003	0.00000000e+000	5.3294e+014	1.0000e-010	0.0000e+000
2.810000e+003	2.15914388e-001	-3.18408561e+000	1.59133161e+003	0.00000000e+000	5.2965e+014	1.0000e-010	0.0000e+000
2.820000e+003	2.16073521e-001	-3.18392648e+000	1.58130501e+003	0.00000000e+000	5.2640e+014	1.0000e-010	0.0000e+000
2.830000e+003	2.16231652e-001	-3.18376835e+000	1.57133956e+003	0.00000000e+000	5.2319e+014	1.0000e-010	0.0000e+000
2.840000e+003	2.16388786e-001	-3.18361121e+000	1.56143449e+003	0.00000000e+000	5.2002e+014	1.0000e-010	0.0000e+000
2.850000e+003	2.16544929e-001	-3.18345507e+000	1.55158907e+003	0.00000000e+000	5.1689e+014	1.0000e-010	0.0000e+000
2.860000e+003	2.16700088e-001	-3.18329991e+000	1.54180257e+003	0.00000000e+000	5.1379e+014	1.0000e-010	0.0000e+000
2.870000e+003	2.16854268e-001	-3.18314573e+000	1.53207425e+003	0.00000000e+000	5.1074e+014	1.0000e-010	0.0000e+000
2.880000e+003	2.17007476e-001	-3.18299252e+000	1.52240342e+003	0.00000000e+000	5.0772e+014	1.0000e-010	0.0000e+000
2.890000e+003	2.17159716e-001	-3.18284028e+000	1.51278938e+003	0.00000000e+000	5.0474e+014	1.0000e-010	0.0000e+000
2.900000e+003	2.17310995e-001	-3.18268900e+000	1.50323142e+003	0.00000000e+000	5.0179e+014	1.0000e-010	0.0000e+000
2.910000e+003	2.17461318e-001	-3.18253868e+000	1.49372889e+003	0.00000000e+000	4.9888e+014	1.0000e-010	0.0000e+000
2.920000e+003	2.17610691e-001	-3.18238931e+000	1.48428110e+003	0.00000000e+000	4.9601e+014	1.0000e-010	0.0000e+000
2.930000e+003	2.17759119e-001	-3.18224088e+000	1.47488740e+003	0.00000000e+000	4.9317e+014	1.0000e-010	0.0000e+000
2.940000e+003	2.17906608e-001	-3.18209339e+000	1.46554714e+003	0.00000000e+000	4.9037e+014	1.0000e-010	0.0000e+000
2.950000e+003	2.18053163e-001	-3.18194684e+000	1.45625968e+003	0.00000000e+000	4.8759e+014	1.0000e-010	0.0000e+000
2.960000e+003	2.18198789e-001	-3.18180121e+000	1.44702438e+003	0.00000000e+000	4.8485e+014	1.0000e-010	0.0000e+000
2.970000e+003	2.18343491e-001	-3.18165651e+000	1.43784064e+003	0.00000000e+000	4.8215e+014	1.0000e-010	0.0000e+000
2.980000e+003	2.18487275e-001	-3.18151272e+000	1.42870784e+003	0.00000000e+000	4.7947e+014	1.0000e-010	0.0000e+000
2.990000e+003	2.18630146e-001	-3.18136985e+000	1.41962536e+003	0.00000000e+000	4.7683e+014	1.0000e-010	0.0000e+000
3.000000e+003	2.18772108e-001	-3.18122789e+000	1.41059263e+003	0.00000000e+000	4.7422e+014	1.0000e-010	0.0000e+000
3.010000e+003	2.18913168e-001	-3.18108683e+000	1.40160905e+003	0.00000000e+000	4.7164e+014	1.0000e-010	0.0000e+000
3.020000e+003	2.19053329e-001	-3.18094667e+000	1.39267404e+003	0.00000000e+000	4.6909e+014	1.0000e-010	0.0000e+000
3.030000e+003	2.19192596e-001	-3.18080740e+000	1.38378704e+003	0.00000000e+000	4.6657e+014	1.0000e-010	0.0000e+000
3.040000e+003	2.19330975e-001	-3.18066903e+000	1.37494747e+003	0.00000000e+000	4.6408e+014	1.0000e-010	0.0000e+000
3.050000e+003	2.19468470e-001	-3.18053153e+000	1.36615480e+003	0.00000000e+000	4.6162e+014	1.0000e-010	0.0000e+000
3.060000e+003	2.19605085e-001	-3.18039492e+000	1.35740847e+003	0.00000000e+000	4.5918e+014	1.0000e-010	0.0000e+000
3.070000e+003	2.19740826e-001	-3.18025917e+000	1.34870795e+003	0.00000000e+000	4.5678e+014	1.0000e-010	0.0000e+000
3.080000e+003	2.19875697e-001	-3.18012430e+000	1.34005269e+003	0.00000000e+000	4.5440e+014	1.0000e-010	0.0000e+000
3.090000e+003	2.20009702e-001	-3.17999030e+000	1.33144219e+003	0.00000000e+000	4.5205e+014	1.0000e-010	0.0000e+000
3.100000e+003	2.20142846e-001	-3.17985715e+000	1.32287592e+003	0.00000000e+000	4.4973e+014	1.0000e-010	0.0000e+000
3.110000e+003	2.20275134e-001	-3.17972487e+000	1.31435337e+003	0.00000000e+000	4.4744e+014	1.0000e-010	0.0000e+000
3.120000e+003	2.20406569e-001	-3.17959343e+000	1.30587404e+003	0.00000000e+000	4.4517e+014	1.0000e-010	0.0000e+000
3.130000e+003	2.20537156e-001	-3.17946284e+000	1.29743743e+003	0.00000000e+000	4.4292e+014	1.0000e-010	0.0000e+000
3.140000e+003	2.20666900e-001	-3.17933310e+000	1.28904306e+003	0.00000000e+000	4.4071e+014	1.0000e-010	0.0000e+000
3.150000e+003	2.20795805e-001	-3.17920420e+000	1.28069045e+003	0.00000000e+000	4.3851e+014	1.0000e-010	0.0000e+000
3.160000e+003	2.20923874e-001	-3.17907613e+000	1.27237910e+003	0.00000000e+000	4.3635e+014	1.0000e-010	0.0000e+000
3.170000e+003	2.21051111e-001	-3.17894889e+000	1.26410857e+003	0.00000000e+000	4.3420e+014	1.0000e-010	0.0000e+000
3.180000e+003	2.21177522e-001	-3.17882248e+000	1.25587837e+003	0.00000000e+000	4.3209e+014	1.0000e-010	0.0000e+000
3.190000e+003	2.21303110e-001	-3.17869689e+000	1.24768807e+003	0.00000000e+000	4.2999e+014	1.0000e-010	0.0000e+000
3.200000e+003	2.21427879e-001	-3.17857212e+000	1.23953719e+003	0.00000000e+000	4.2792e+014	1.0000e-010	0.0000e+000
3.210000e+003	2.21551833e-001	-3.17844817e+000	1.23142530e+003	0.00000000e+000	4.2588e+014	1.0000e-010	0.0000e+000
3.220000e+003	2.21674975e-001	-3.17832502e+000	1.22335196e+003	0.00000000e+000	4.2385e+014	1.0000e-010	0.0000e+000
3.230000e+003	2.21797310e-001	-3.17820269e+000	1.21531674e+003	0.00000000e+000	4.2185e+014	1.0000e-010	0.0000e+000
3.240000e+003	2.21918842e-001	-3.17808116e+000	1.20731920e+003	0.00000000e+000	4.1987e+014	1.0000e-010	0.0000e+000
3.250000e+003	2.22039574e-001	-3.17796043e+000	1.19935892e+003	0.00000000e+000	4.1792e+014	1.0000e-010	0.0000e+000
3.260000e+003	2.22159510e-001	-3.17784049e+000	1.19143549e+003	0.00000000e+000	4.1598e+014	1.0000e-010	0.0000e+000
3.270000e+003	2.22278653e-001	-3.17772135e+000	1.18354849e+003	0.00000000e+000	4.1407e+014	1.0000e-010	0.0000e+000
3.280000e+003	2.22397008e-001	-3.17760299e+000	1.17569751e+003	0.00000000e+000	4.1218e+014	1.0000e-010	0.0000e+000
3.290000e+003	2.22514578e-001	-3.17748542e+000	1.16788216e+003	0.00000000e+000	4.1031e+014	1.0000e-010	0.0000e+000
3.300000e+003	2.22631366e-001	-3.17736863e+000	1.16010204e+003	0.00000000e+000	4.0846e+014	1.0000e-010	0.0000e+000
3.310000e+003	2.22747376e-001	-3.17725262e+000	1.15235675e+003	0.00000000e+000	4.0663e+014	1.0000e-010	0.0000e+000
3.320000e+003	2.22862612e-001	-3.17713739e+000	1.14464591e+003	0.00000000e+000	4.0482e+014	1.0000e-010	0.0000e+000
3.330000e+003	2.22977077e-001	-3.17702292e+000	1.13696913e+003	0.00000000e+000	4.0303e+014	1.0000e-010	0.0000e+000
3.340000e+003	2.23090774e-001	-3.17690923e+000	1.12932605e+003	0.00000000e+000	4.0126e+014	1.0000e-010	0.0000e+000
3.350000e+003	2.23203706e-001	-3.17679629e+000	1.12171627e+003	0.00000000e+000	3.9951e+014	1.0000e-010	0.0000e+000
3.360000e+003	2.23315878e-001	-3.17668412e+000	1.11413945e+003	0.00000000e+000	3.9778e+014	1.0000e-010	0.0000e+000
3.370000e+003	2.23427292e-001	-3.17657271e+000	1.10659521e+003	0.00000000e+000	3.9607e+014	1.0000e-010	0.0000e+000
3.380000e+003	2.23537951e-001	-3.17646205e+000	1.09908319e+003	0.00000000e+000	3.9438e+014	1.0000e-010	0.0000e+000
3.390000e+003	2.23647860e-001	-3.17635214e+000	1.09160304e+003	0.00000000e+000	3.9271e+014	1.0000e-010	0.0000e+000
3.400000e+003	2.23757020e-001	-3.17624298e+000	1.08415441e+003	0.00000000e+000	3.9105e+014	1.0000e-010	0.0000e+000
3.410000e+003	2.23865435e-001	-3.17613456e+000	1.07673695e+003	0.00000000e+000	3.8942e+014	1.0000e-010	0.0000e+000
3.420000e+003	2.23973109e-001	-3.17602689e+000	1.06935033e+003	0.00000000e+000	3.8780e+014	1.0000e-010	0.0000e+000
3.430000e+003	2.24080044e-001	-3.17591996e+000	1.06199419e+003	0.00000000e+000	3.8620e+014	1.0000e-010	0.0000e+000
3.440000e+003	2.24186244e-001	-3.17581376e+000	1.05466821e+003	0.00000000e+000	3.8462e+014	1.0000e-010	0.0000e+000
3.450000e+003	2.24291710e-001	-3.17570829e+000	1.04737206e+003	0.00000000e+000	3.8305e+014	1.0000e-010	0.0000e+000
3.460000e+003	2.24396448e-001	-3.17560355e+000	1.04010540e+003	0.00000000e+000	3.8150e+014	1.0000e-010	0.0000e+000
3.470000e+003	2.24500458e-001	-3.17549954e+000	1.03286793e+003	0.00000000e+000	3.7997e+014	1.0000e-010	0.0000e+000
3.480000e+003	2.24603745e-001	-3.17539626e+000	1.02565931e+003	0.00000000e+000	3.7845e+014	1.0000e-010	0.0000e+000
3.490000e+003	2.24706311e-001	-3.17529369e+000	1.01847923e+003	0.00000000e+000	3.7696e+014	1.0000e-010	0.0000e+000
3.500000e+003	2.24808159e-001	-3.17519184e+000	1.01132739e+003	0.00000000e+000	3.7547e+014	1.0000e-010	0.0000e+000
3.510000e+003	2.24909292e-001	-3.17509071e+000	1.00420347e+003	0.00000000e+000	3.7401e+014	1.0000e-010	0.0000e+000
3.520000e+003	2.25009712e-001	-3.17499029e+000	9.97107167e+002	0.00000000e+000	3.7256e+014	1.0000e-010	0.0000e+000
3.530000e+003	2.25109423e-001	-3.17489058e+000	9.90038183e+002	0.00000000e+000	3.7112e+014	1.0000e-010	0.0000e+000
3.540000e+003	2.25208426e-001	-3.17479157e+000	9.82996219e+002	0.00000000e+000	3.6970e+014	1.0000e-010	0.0000e+000
3.550000e+003	2.25306726e-001	-3.17469327e+000	9.75980980e+002	0.00000000e+000	3.6830e+014	1.0000e-010	0.0000e+000
3.560000e+003	2.25404324e-001	-3.17459568e+000	9.68992176e+002	0.00000000e+000	3.6691e+014	1.0000e-010	0.0000e+000
3.570000e+003	2.25501223e-001	-3.17449878e+000	9.62029518e+002	0.00000000e+000	3.6554e+014	1.0000e-010	0.0000e+000
3.580000e+003	2.25597426e-001	-3.17440257e+000	9.55092723e+002	0.00000000e+000	3.6418e+014	1.0000e-010	0.0000e+000
3.590000e+003	2.25692936e-001	-3.17430706e+000	9.48181507e+002	0.00000000e+000	3.6284e+014	1.0000e-010	0.0000e+000
3.600000e+003	2.25787754e-001	-3.17421225e+000	9.41295594e+002	0.00000000e+000	3.6151e+014	1.0000e-010	0.0000e+000
3.610000e+003	2.25881883e-001	-3.17411812e+000	9.34434708e+002	0.00000000e+000	3.6020e+014	1.0000e-010	0.0000e+000
3.620000e+003	2.25975327e-001	-3.17402467e+000	9.27598576e+002	0.00000000e+000	3.5890e+014	1.0000e-010	0.0000e+000
3.630000e+003	2.26068087e-001	-3.17393191e+000	9.20786928e+002	0.00000000e+000	3.5761e+014	1.0000e-010	0.0000e+000
3.640000e+003	2.26160165e-001	-3.17383983e+000	9.13999500e+002	0.00000000e+000	3.5634e+014	1.0000e-010	0.0000e+000
3.650000e+003	2.26251565e-001	-3.17374843e+000	9.07236025e+002	0.00000000e+000	3.5508e+014	1.0000e-010	0.0000e+000
3.660000e+003	2.26342289e-001	-3.17365771e+000	9.00496245e+002	0.00000000e+000	3.5384e+014	1.0000e-010	0.0000e+000
3.670000e+003	2.26432338e-001	-3.17356766e+000	8.93779900e+002	0.00000000e+000	3.5261e+014	1.0000e-010	0.0000e+000
3.680000e+003	2.26521716e-001	-3.17347828e+000	8.87086735e+002	0.00000000e+000	3.5139e+014	1.0000e-010	0.0000e+000
3.690000e+003	2.26610425e-001	-3.17338957e+000	8.80416498e+002	0.00000000e+000	3.5019e+014	1.0000e-010	0.0000e+000
3.700000e+003	2.26698467e-001	-3.17330153e+000	8.73768939e+002	0.00000000e+000	3.4900e+014	1.0000e-010	0.0000e+000
3.710000e+003	2.26785844e-001	-3.17321416e+000	8.67143810e+002	0.00000000e+000	3.4782e+014	1.0000e-010	0.0000e+000
3.720000e+003	2.26872558e-001	-3.17312744e+000	8.60540866e+002	0.00000000e+000	3.4666e+014	1.0000e-010	0.0000e+000
3.730000e+003	2.26958612e-001	-3.17304139e+000	8.53959864e+002	0.00000000e+000	3.4550e+014	1.0000e-010	0.0000e+000
3.740000e+003	2.27044008e-001	-3.17295599e+000	8.47400566e+002	0.00000000e+000	3.4436e+014	1.0000e-010	0.0000e+000
3.750000e+003	2.27128748e-001	-3.17287125e+000	8.40862733e+002	0.00000000e+000	3.4324e+014	1.0000e-010	0.0000e+000
3.760000e+003	2.27212834e-001	-3.17278717e+000	8.34346131e+002	0.00000000e+000	3.4212e+014	1.0000e-010	0.0000e+000
3.770000e+003	2.27296269e-001	-3.17270373e+000	8.27850526e+002	0.00000000e+000	3.4102e+014	1.0000e-010	0.0000e+000
3.780000e+003	2.27379054e-001	-3.17262095e+000	8.21375689e+002	0.00000000e+000	3.3993e+014	1.0000e-010	0.0000e+000
3.790000e+003	2.27461192e-001	-3.17253881e+000	8.14921391e+002	0.00000000e+000	3.3885e+014	1.0000e-010	0.0000e+000
3.800000e+003	2.27542684e-001	-3.17245732e+000	8.08487406e+002	0.00000000e+000	3.3779e+014	1.0000e-010	0.0000e+000
3.810000e+003	2.27623533e-001	-3.17237647e+000	8.02073512e+002	0.00000000e+000	3.3673e+014	1.0000e-010	0.0000e+000
3.820000e+003	2.27703740e-001	-3.17229626e+000	7.95679486e+002	0.00000000e+000	3.3569e+014	1.0000e-010	0.0000e+000
3.830000e+003	2.27783308e-001	-3.17221669e+000	7.89305110e+002	0.00000000e+000	3.3466e+014	1.0000e-010	0.0000e+000
3.840000e+003	2.27862238e-001	-3.17213776e+000	7.82950166e+002	0.00000000e+000	3.3364e+014	1.0000e-010	0.0000e+000
3.850000e+003	2.27940533e-001	-3.17205947e+000	7.76614440e+002	0.00000000e+000	3.3263e+014	1.0000e-010	0.0000e+000
3.860000e+003	2.28018195e-001	-3.17198181e+000	7.70297718e+002	0.00000000e+000	3.3163e+014	1.0000e-010	0.0000e+000
3.870000e+003	2.28095225e-001	-3.17190478e+000	7.63999790e+002	0.00000000e+000	3.3064e+014	1.0000e-010	0.0000e+000
3.880000e+003	2.28171625e-001	-3.17182838e+000	7.57720446e+002	0.00000000e+000	3.2967e+014	1.0000e-010	0.0000e+000
3.890000e+003	2.28247397e-001	-3.17175260e+000	7.51459480e+002	0.00000000e+000	3.2870e+014	1.0000e-010	0.0000e+000
3.900000e+003	2.28322543e-001	-3.17167746e+000	7.45216687e+002	0.00000000e+000	3.2775e+014	1.0000e-010	0.0000e+000
3.910000e+003	2.28397064e-001	-3.17160294e+000	7.38991863e+002	0.00000000e+000	3.2680e+014	1.0000e-010	0.0000e+000
3.920000e+003	2.28470963e-001	-3.17152904e+000	7.32784809e+002	0.00000000e+000	3.2587e+014	1.0000e-010	0.0000e+000
3.930000e+003	2.28544242e-001	-3.17145576e+000	7.26595323e+002	0.00000000e+000	3.2495e+014	1.0000e-010	0.0000e+000
3.940000e+003	2.28616901e-001	-3.17138310e+000	7.20423209e+002	0.00000000e+000	3.2404e+014	1.0000e-010	0.0000e+000
3.950000e+003	2.28688944e-001	-3.17131106e+000	7.14268271e+002	0.00000000e+000	3.2314e+014	1.0000e-010	0.0000e+000
3.960000e+003	2.28760371e-001	-3.17123963e+000	7.08130316e+002	0.00000000e+000	3.2224e+014	1.0000e-010	0.0000e+000
3.970000e+003	2.28831184e-001	-3.17116882e+000	7.02009150e+002	0.00000000e+000	3.2136e+014	1.0000e-010	0.0000e+000
3.980000e+003	2.28901385e-001	-3.17109862e+000	6.95904583e+002	0.00000000e+000	3.2049e+014	1.0000e-010	0.0000e+000
3.990000e+003	2.28970975e-001	-3.17102903e+000	6.89816428e+002	0.00000000e+000	3.1963e+014	1.0000e-010	0.0000e+000
4.000000e+003	2.29039957e-001	-3.17096004e+000	6.83744495e+002	0.00000000e+000	3.1878e+014	1.0000e-010	0.0000e+000
4.010000e+003	2.29108331e-001	-3.17089167e+000	6.77688601e+002	0.00000000e+000	3.1794e+014	1.0000e-010	0.0000e+000
4.020000e+003	2.29176100e-001	-3.17082390e+000	6.71648561e+002	0.00000000e+000	3.1710e+014	1.0000e-010	0.0000e+000
4.030000e+003	2.29243265e-001	-3.17075674e+000	6.65624193e+002	0.00000000e+000	3.1628e+014	1.0000e-010	0.0000e+000
4.040000e+003	2.29309827e-001	-3.17069017e+000	6.59615317e+002	0.00000000e+000	3.1547e+014	1.0000e-010	0.0000e+000
4.050000e+003	2.29375789e-001	-3.17062421e+000	6.53621752e+002	0.00000000e+000	3.1466e+014	1.0000e-010	0.0000e+000
4.060000e+003	2.29441151e-001	-3.17055885e+000	6.47643323e+002	0.00000000e+000	3.1387e+014	1.0000e-010	0.0000e+000
4.070000e+003	2.29505915e-001	-3.17049408e+000	6.41679851e+002	0.00000000e+000	3.1308e+014	1.0000e-010	0.0000e+000
4.080000e+003	2.29570083e-001	-3.17042992e+000	6.35731163e+002	0.00000000e+000	3.1231e+014	1.0000e-010	0.0000e+000
4.090000e+003	2.29633656e-001	-3.17036634e+000	6.29797086e+002	0.00000000e+000	3.1154e+014	1.0000e-010	0.0000e+000
4.100000e+003	2.29696636e-001	-3.17030336e+000	6.23877448e+002	0.00000000e+000	3.1078e+014	1.0000e-010	0.0000e+000
4.110000e+003	2.29759024e-001	-3.17024098e+000	6.17972078e+002	0.00000000e+000	3.1003e+014	1.0000e-010	0.0000e+000
4.120000e+003	2.29820821e-001	-3.17017918e+000	6.12080807e+002	0.00000000e+000	3.0929e+014	1.0000e-010	0.0000e+000
4.130000e+003	2.29882029e-001	-3.17011797e+000	6.06203469e+002	0.00000000e+000	3.0856e+014	1.0000e-010	0.0000e+000
4.140000e+003	2.29942649e-001	-3.17005735e+000	6.00339896e+002	0.00000000e+000	3.0784e+014	1.0000e-010	0.0000e+000
4.150000e+003	2.30002683e-001	-3.16999732e+000	5.94489923e+002	0.00000000e+000	3.0712e+014	1.0000e-010	0.0000e+000
4.160000e+003	2.30062132e-001	-3.16993787e+000	5.88653388e+002	0.00000000e+000	3.0642e+014	1.0000e-010	0.0000e+000
4.170000e+003	2.30120998e-001	-3.16987900e+000	5.82830128e+002	0.00000000e+000	3.0572e+014	1.0000e-010	0.0000e+000
4.180000e+003	2.30179281e-001	-3.16982072e+000	5.77019981e+002	0.00000000e+000	3.0503e+014	1.0000e-010	0.0000e+000
4.190000e+003	2.30236983e-001	-3.16976302e+000	5.71222788e+002	0.00000000e+000	3.0435e+014	1.0000e-010	0.0000e+000
4.200000e+003	2.30294105e-001	-3.16970589e+000	5.65438390e+002	0.00000000e+000	3.0368e+014	1.0000e-010	0.0000e+000
4.210000e+003	2.30350649e-001	-3.16964935e+000	5.59666631e+002	0.00000000e+000	3.0302e+014	1.0000e-010	0.0000e+000
4.220000e+003	2.30406616e-001	-3.16959338e+000	5.53907353e+002	0.00000000e+000	3.0236e+014	1.0000e-010	0.0000e+000
4.230000e+003	2.30462006e-001	-3.16953799e+000	5.48160401e+002	0.00000000e+000	3.0172e+014	1.0000e-010	0.0000e+000
4.240000e+003	2.30516822e-001	-3.16948318e+000	5.42425623e+002	0.00000000e+000	3.0108e+014	1.0000e-010	0.0000e+000
4.250000e+003	2.30571065e-001	-3.16942894e+000	5.36702864e+002	0.00000000e+000	3.0045e+014	1.0000e-010	0.0000e+000
4.260000e+003	2.30624735e-001	-3.16937526e+000	5.30991974e+002	0.00000000e+000	2.9982e+014	1.0000e-010	0.0000e+000
4.270000e+003	2.30677834e-001	-3.16932217e+000	5.25292802e+002	0.00000000e+000	2.9921e+014	1.0000e-010	0.0000e+000
4.280000e+003	2.30730364e-001	-3.16926964e+000	5.19605199e+002	0.00000000e+000	2.9860e+014	1.0000e-010	0.0000e+000
4.290000e+003	2.30782324e-001	-3.16921768e+000	5.13929015e+002	0.00000000e+000	2.9800e+014	1.0000e-010	0.0000e+000
4.300000e+003	2.30833717e-001	-3.16916628e+000	5.08264105e+002	0.00000000e+000	2.9741e+014	1.0000e-010	0.0000e+000
4.310000e+003	2.30884544e-001	-3.16911546e+000	5.02610321e+002	0.00000000e+000	2.9682e+014	1.0000e-010	0.0000e+000
4.320000e+003	2.30934805e-001	-3.16906520e+000	4.96967518e+002	0.00000000e+000	2.9625e+014	1.0000e-010	0.0000e+000
4.330000e+003	2.30984501e-001	-3.16901550e+000	4.91335553e+002	0.00000000e+000	2.9568e+014	1.0000e-010	0.0000e+000
4.340000e+003	2.31033635e-001	-3.16896637e+000	4.85714281e+002	0.00000000e+000	2.9512e+014	1.0000e-010	0.0000e+000
4.350000e+003	2.31082206e-001	-3.16891779e+000	4.80103561e+002	0.00000000e+000	2.9456e+014	1.0000e-010	0.0000e+000
4.360000e+003	2.31130217e-001	-3.16886978e+000	4.74503251e+002	0.00000000e+000	2.9402e+014	1.0000e-010	0.0000e+000
4.370000e+003	2.31177667e-001	-3.16882233e+000	4.68913210e+002	0.00000000e+000	2.9348e+014	1.0000e-010	0.0000e+000
4.380000e+003	2.31224558e-001	-3.16877544e+000	4.63333300e+002	0.00000000e+000	2.9295e+014	1.0000e-010	0.0000e+000
4.390000e+003	2.31270892e-001	-3.16872911e+000	4.57763382e+002	0.00000000e+000	2.9242e+014	1.0000e-010	0.0000e+000
4.400000e+003	2.31316668e-001	-3.16868333e+000	4.52203317e+002	0.00000000e+000	2.9190e+014	1.0000e-010	0.0000e+000
4.410000e+003	2.31361888e-001	-3.16863811e+000	4.46652970e+002	0.00000000e+000	2.9139e+014	1.0000e-010	0.0000e+000
4.420000e+003	2.31406554e-001	-3.16859345e+000	4.41112204e+002	0.00000000e+000	2.9089e+014	1.0000e-010	0.0000e+000
4.430000e+003	2.31450665e-001	-3.16854934e+000	4.35580884e+002	0.00000000e+000	2.9040e+014	1.0000e-010	0.0000e+000
4.440000e+003	2.31494223e-001	-3.16850578e+000	4.30058875e+002	0.00000000e+000	2.8991e+014	1.0000e-010	0.0000e+000
4.450000e+003	2.31537229e-001	-3.16846277e+000	4.24546046e+002	0.00000000e+000	2.8942e+014	1.0000e-010	0.0000e+000
4.460000e+003	2.31579683e-001	-3.16842032e+000	4.19042262e+002	0.00000000e+000	2.8895e+014	1.0000e-010	0.0000e+000
4.470000e+003	2.31621588e-001	-3.16837841e+000	4.13547392e+002	0.00000000e+000	2.8848e+014	1.0000e-010	0.0000e+000
4.480000e+003	2.31662942e-001	-3.16833706e+000	4.08061305e+002	0.00000000e+000	2.8802e+014	1.0000e-010	0.0000e+000
4.490000e+003	2.31703748e-001	-3.16829625e+000	4.02583871e+002	0.00000000e+000	2.8757e+014	1.0000e-010	0.0000e+000
4.500000e+003	2.31744007e-001	-3.16825599e+000	3.97114960e+002	0.00000000e+000	2.8712e+014	1.0000e-010	0.0000e+000
4.510000e+003	2.31783718e-001	-3.16821628e+000	3.91654444e+002	0.00000000e+000	2.8668e+014	1.0000e-010	0.0000e+000
4.520000e+003	2.31822884e-001	-3.16817712e+000	3.86202194e+002	0.00000000e+000	2.8624e+014	1.0000e-010	0.0000e+000
4.530000e+003	2.31861504e-001	-3.16813850e+000	3.80758082e+002	0.00000000e+000	2.8582e+014	1.0000e-010	0.0000e+000
4.540000e+003	2.31899580e-001	-3.16810042e+000	3.75321984e+002	0.00000000e+000	2.8540e+014	1.0000e-010	0.0000e+000
4.550000e+003	2.31937112e-001	-3.16806289e+000	3.69893771e+002	0.00000000e+000	2.8498e+014	1.0000e-010	0.0000e+000
4.560000e+003	2.31974101e-001	-3.16802590e+000	3.64473320e+002	0.00000000e+000	2.8457e+014	1.0000e-010	0.0000e+000
4.570000e+003	2.32010549e-001	-3.16798945e+000	3.59060506e+002	0.00000000e+000	2.8417e+014	1.0000e-010	0.0000e+000
4.580000e+003	2.32046455e-001	-3.16795355e+000	3.53655204e+002	0.00000000e+000	2.8378e+014	1.0000e-010	0.0000e+000
4.590000e+003	2.32081820e-001	-3.16791818e+000	3.48257291e+002	0.00000000e+000	2.8339e+014	1.0000e-010	0.0000e+000
4.600000e+003	2.32116646e-001	-3.16788335e+000	3.42866646e+002	0.00000000e+000	2.8301e+014	1.0000e-010	0.0000e+000
4.610000e+003	2.32150933e-001	-3.16784907e+000	3.37483145e+002	0.00000000e+000	2.8263e+014	1.0000e-010	0.0000e+000
4.620000e+003	2.32184681e-001	-3.16781532e+000	3.32106667e+002	0.00000000e+000	2.8227e+014	1.0000e-010	0.0000e+000
4.630000e+003	2.32217892e-001	-3.16778211e+000	3.26737092e+002	0.00000000e+000	2.8190e+014	1.0000e-010	0.0000e+000
4.640000e+003	2.32250565e-001	-3.16774943e+000	3.21374299e+002	0.00000000e+000	2.8155e+014	1.0000e-010	0.0000e+000
4.650000e+003	2.32282703e-001	-3.16771730e+000	3.16018168e+002	0.00000000e+000	2.8120e+014	1.0000e-010	0.0000e+000
4.660000e+003	2.32314305e-001	-3.16768570e+000	3.10668581e+002	0.00000000e+000	2.8085e+014	1.0000e-010	0.0000e+000
4.670000e+003	2.32345371e-001	-3.16765463e+000	3.05325419e+002	0.00000000e+000	2.8052e+014	1.0000e-010	0.0000e+000
4.680000e+003	2.32375904e-001	-3.16762410e+000	2.99988563e+002	0.00000000e+000	2.8019e+014	1.0000e-010	0.0000e+000
4.690000e+003	2.32405903e-001	-3.16759410e+000	2.94657897e+002	0.00000000e+000	2.7986e+014	1.0000e-010	0.0000e+000
4.700000e+003	2.32435369e-001	-3.16756463e+000	2.89333303e+002	0.00000000e+000	2.7954e+014	1.0000e-010	0.0000e+000
4.710000e+003	2.32464302e-001	-3.16753570e+000	2.84014666e+002	0.00000000e+000	2.7923e+014	1.0000e-010	0.0000e+000
4.720000e+003	2.32492703e-001	-3.16750730e+000	2.78701868e+002	0.00000000e+000	2.7892e+014	1.0000e-010	0.0000e+000
4.730000e+003	2.32520574e-001	-3.16747943e+000	2.73394794e+002	0.00000000e+000	2.7862e+014	1.0000e-010	0.0000e+000
4.740000e+003	2.32547913e-001	-3.16745209e+000	2.68093330e+002	0.00000000e+000	2.7833e+014	1.0000e-010	0.0000e+000
4.750000e+003	2.32574722e-001	-3.16742528e+000	2.62797361e+002	0.00000000e+000	2.7804e+014	1.0000e-010	0.0000e+000
4.760000e+003	2.32601002e-001	-3.16739900e+000	2.57506773e+002	0.00000000e+000	2.7776e+014	1.0000e-010	0.0000e+000
4.770000e+003	2.32626753e-001	-3.16737325e+000	2.52221452e+002	0.00000000e+000	2.7748e+014	1.0000e-010	0.0000e+000
4.780000e+003	2.32651975e-001	-3.16734802e+000	2.46941285e+002	0.00000000e+000	2.7721e+014	1.0000e-010	0.0000e+000
4.790000e+003	2.32676669e-001	-3.16732333e+000	2.41666159e+002	0.00000000e+000	2.7694e+014	1.0000e-010	0.0000e+000
4.800000e+003	2.32700836e-001	-3.16729916e+000	2.36395963e+002	0.00000000e+000	2.7669e+014	1.0000e-010	0.0000e+000
4.810000e+003	2.32724475e-001	-3.16727552e+000	2.31130583e+002	0.00000000e+000	2.7643e+014	1.0000e-010	0.0000e+000
4.820000e+003	2.32747588e-001	-3.16725241e+000	2.25869909e+002	0.00000000e+000	2.7619e+014	1.0000e-010	0.0000e+000
4.830000e+003	2.32770175e-001	-3.16722982e+000	2.20613829e+002	0.00000000e+000	2.7595e+014	1.0000e-010	0.0000e+000
4.840000e+003	2.32792237e-001	-3.16720776e+000	2.15362232e+002	0.00000000e+000	2.7571e+014	1.0000e-010	0.0000e+000
4.850000e+003	2.32813773e-001	-3.16718623e+000	2.10115008e+002	0.00000000e+000	2.7548e+014	1.0000e-010	0.0000e+000
4.860000e+003	2.32834785e-001	-3.16716522e+000	2.04872048e+002	0.00000000e+000	2.7526e+014	1.0000e-010	0.0000e+000
4.870000e+003	2.32855272e-001	-3.16714473e+000	1.99633241e+002	0.00000000e+000	2.7504e+014	1.0000e-010	0.0000e+000
4.880000e+003	2.32875235e-001	-3.16712476e+000	1.94398477e+002	0.00000000e+000	2.7483e+014	1.0000e-010	0.0000e+000
4.890000e+003	2.32894675e-001	-3.16710533e+000	1.89167649e+002	0.00000000e+000	2.7462e+014	1.0000e-010	0.0000e+000
4.900000e+003	2.32913592e-001	-3.16708641e+000	1.83940647e+002	0.00000000e+000	2.7442e+014	1.0000e-010	0.0000e+000
4.910000e+003	2.32931986e-001	-3.16706801e+000	1.78717362e+002	0.00000000e+000	2.7422e+014	1.0000e-010	0.0000e+000
4.920000e+003	2.32949857e-001	-3.16705014e+000	1.73497688e+002	0.00000000e+000	2.7403e+014	1.0000e-010	0.0000e+000
4.930000e+003	2.32967207e-001	-3.16703279e+000	1.68281515e+002	0.00000000e+000	2.7385e+014	1.0000e-010	0.0000e+000
4.940000e+003	2.32984035e-001	-3.16701596e+000	1.63068736e+002	0.00000000e+000	2.7367e+014	1.0000e-010	0.0000e+000
4.950000e+003	2.33000342e-001	-3.16699966e+000	1.57859245e+002	0.00000000e+000	2.7350e+014	1.0000e-010	0.0000e+000
4.960000e+003	2.33016128e-001	-3.16698387e+000	1.52652933e+002	0.00000000e+000	2.7333e+014	1.0000e-010	0.0000e+000
4.970000e+003	2.33031393e-001	-3.16696861e+000	1.47449695e+002	0.00000000e+000	2.7317e+014	1.0000e-010	0.0000e+000
4.980000e+003	2.33046138e-001	-3.16695386e+000	1.42249424e+002	0.00000000e+000	2.7302e+014	1.0000e-010	0.0000e+000
4.990000e+003	2.33060363e-001	-3.16693964e+000	1.37052013e+002	0.00000000e+000	2.7286e+014	1.0000e-010	0.0000e+000
5.000000e+003	2.33074069e-001	-3.16692593e+000	1.31857357e+002	0.00000000e+000	2.7272e+014	1.0000e-010	0.0000e+000
5.010000e+003	2.33087254e-001	-3.16691275e+000	1.26665350e+002	0.00000000e+000	2.7258e+014	1.0000e-010	0.0000e+000
5.020000e+003	2.33099921e-001	-3.16690008e+000	1.21475886e+002	0.00000000e+000	2.7245e+014	1.0000e-010	0.0000e+000
5.030000e+003	2.33112068e-001	-3.16688793e+000	1.16288860e+002	0.00000000e+000	2.7232e+014	1.0000e-010	0.0000e+000
5.040000e+003	2.33123697e-001	-3.16687630e+000	1.11104167e+002	0.00000000e+000	2.7220e+014	1.0000e-010	0.0000e+000
5.050000e+003	2.33134808e-001	-3.16686519e+000	1.05921702e+002	0.00000000e+000	2.7208e+014	1.0000e-010	0.0000e+000
5.060000e+003	2.33145400e-001	-3.16685460e+000	1.00741359e+002	0.00000000e+000	2.7197e+014	1.0000e-010	0.0000e+000
5.070000e+003	2.33155474e-001	-3.16684453e+000	9.55630350e+001	0.00000000e+000	2.7186e+014	1.0000e-010	0.0000e+000
5.080000e+003	2.33165030e-001	-3.16683497e+000	9.03866246e+001	0.00000000e+000	2.7176e+014	1.0000e-010	0.0000e+000
5.090000e+003	2.33174069e-001	-3.16682593e+000	8.52120238e+001	0.00000000e+000	2.7167e+014	1.0000e-010	0.0000e+000
5.100000e+003	2.33182590e-001	-3.16681741e+000	8.00391283e+001	0.00000000e+000	2.7158e+014	1.0000e-010	0.0000e+000
5.110000e+003	2.33190594e-001	-3.16680941e+000	7.48678341e+001	0.00000000e+000	2.7149e+014	1.0000e-010	0.0000e+000
5.120000e+003	2.33198081e-001	-3.16680192e+000	6.96980373e+001	0.00000000e+000	2.7142e+014	1.0000e-010	0.0000e+000
5.130000e+003	2.33205051e-001	-3.16679495e+000	6.45296341e+001	0.00000000e+000	2.7134e+014	1.0000e-010	0.0000e+000
5.140000e+003	2.33211504e-001	-3.16678850e+000	5.93625208e+001	0.00000000e+000	2.7127e+014	1.0000e-010	0.0000e+000
5.150000e+003	2.33217440e-001	-3.16678256e+000	5.41965940e+001	0.00000000e+000	2.7121e+014	1.0000e-010	0.0000e+000
5.160000e+003	2.33222860e-001	-3.16677714e+000	4.90317499e+001	0.00000000e+000	2.7116e+014	1.0000e-010	0.0000e+000
5.170000e+003	2.33227763e-001	-3.16677224e+000	4.38678854e+001	0.00000000e+000	2.7110e+014	1.0000e-010	0.0000e+000
5.180000e+003	2.33232150e-001	-3.16676785e+000	3.87048971e+001	0.00000000e+000	2.7106e+014	1.0000e-010	0.0000e+000
5.190000e+003	2.33236020e-001	-3.16676398e+000	3.35426817e+001	0.00000000e+000	2.7102e+014	1.0000e-010	0.0000e+000
5.200000e+003	2.33239374e-001	-3.16676063e+000	2.83811360e+001	0.00000000e+000	2.7098e+014	1.0000e-010	0.0000e+000
5.210000e+003	2.33242212e-001	-3.16675779e+000	2.32201569e+001	0.00000000e+000	2.7095e+014	1.0000e-010	0.0000e+000
5.220000e+003	2.33244534e-001	-3.16675547e+000	1.80596414e+001	0.00000000e+000	2.7093e+014	1.0000e-010	0.0000e+000
5.230000e+003	2.33246340e-001	-3.16675366e+000	1.28994864e+001	0.00000000e+000	2.7091e+014	1.0000e-010	0.0000e+000
5.240000e+003	2.33247630e-001	-3.16675237e+000	7.73958887e+000	0.00000000e+000	2.7090e+014	1.0000e-010	0.0000e+000
5.250000e+003	2.33248404e-001	-3.16675160e+000	2.57984579e+000	0.00000000e+000	2.7089e+014	1.0000e-010	0.0000e+000
5.260000e+003	2.33248662e-001	-3.16675134e+000	2.57984579e+000	0.00000000e+000	2.7088e+014	1.0000e-010	0.0000e+000
