Y (ang)	Ec (eV)	Ev (eV)	E (V/cm)	Ef (eV)	n (cm-3)	p (cm-3)	Nd - Na (cm-3)	el eval 1 (eV)	el eval 2 (eV)	el eval 3 (eV)	el eval 4 (eV)	el eval 5 (eV)	el eval 6 (eV)	el eval 7 (eV)	el eval 8 (eV)	el eval 9 (eV)	el eval 10 (eV)	el eval 11 (eV)	el eval 12 (eV)
0.000000e+000	6.00000000e-001	-2.80000000e+000	2.25107403e+006	-0.00000000e+000	1.8691e+008	1.0000e-010	0.0000e+000
1.000000e+001	1.38510740e+000	-2.71489260e+000	-3.97144057e+005	0.00000000e+000	1.1901e-005	1.0000e-010	-1.3848e+020
2.000000e+001	1.36779300e+000	-2.76020700e+000	-5.12091647e+005	0.00000000e+000	2.3620e-005	1.0000e-010	-5.8477e+018	-1.1958e-001	6.6476e-003	5.2866e-002	7.8443e-002	9.5866e-002	1.0902e-001	1.1955e-001	1.2833e-001	1.3584e-001	1.4241e-001	1.4827e-001	1.5388e-001
3.000000e+001	1.33898383e+000	-2.81701617e+000	-6.27753290e+005	0.00000000e+000	7.1985e-005	1.0000e-010	-5.8714e+018
4.000000e+001	1.29860850e+000	-2.88539150e+000	-7.44131309e+005	0.00000000e+000	3.4318e-004	1.0000e-010	-5.8951e+018
5.000000e+001	1.24659537e+000	-2.96540463e+000	-8.61228038e+005	0.00000000e+000	2.5663e-003	1.0000e-010	-5.9188e+018
6.000000e+001	1.07087257e+000	-3.02912743e+000	-3.97144057e+005	0.00000000e+000	2.2978e+000	1.0000e-010	2.3533e+019
7.000000e+001	1.03115816e+000	-3.06884184e+000	-3.97144057e+005	0.00000000e+000	1.0678e+001	1.0000e-010	0.0000e+000
8.000000e+001	9.91443757e-001	-3.10855624e+000	-3.97144057e+005	0.00000000e+000	4.9621e+001	1.0000e-010	0.0000e+000
9.000000e+001	9.51729352e-001	-3.14827065e+000	-3.97144057e+005	0.00000000e+000	2.3059e+002	1.0000e-010	0.0000e+000
1.000000e+002	9.12014946e-001	-3.18798505e+000	-3.97144057e+005	0.00000000e+000	1.0715e+003	1.0000e-010	0.0000e+000
1.100000e+002	8.72300540e-001	-3.22769946e+000	-3.97144057e+005	0.00000000e+000	4.9795e+003	1.0000e-010	0.0000e+000
1.200000e+002	8.32586134e-001	-3.26741387e+000	-3.97144057e+005	0.00000000e+000	2.3140e+004	1.0000e-010	0.0000e+000
1.300000e+002	7.92871729e-001	-3.30712827e+000	-3.97144057e+005	0.00000000e+000	1.0755e+005	1.0000e-010	0.0000e+000
1.400000e+002	7.53157323e-001	-3.34684268e+000	-3.97144057e+005	0.00000000e+000	5.0052e+005	1.0000e-010	0.0000e+000
1.500000e+002	7.13442917e-001	-3.38655708e+000	-3.97144057e+005	0.00000000e+000	2.3510e+006	1.0000e-010	0.0000e+000
1.600000e+002	6.73728512e-001	-3.42627149e+000	-3.97144057e+005	0.00000000e+000	1.1749e+007	1.0000e-010	0.0000e+000
1.700000e+002	6.34014106e-001	-3.46598589e+000	-3.97144057e+005	0.00000000e+000	8.0292e+007	1.0000e-010	0.0000e+000
1.800000e+002	5.94299700e-001	-3.50570030e+000	-3.97144057e+005	0.00000000e+000	1.1323e+009	1.0000e-010	0.0000e+000
1.900000e+002	5.54585295e-001	-3.54541471e+000	-3.97144058e+005	0.00000000e+000	2.6438e+010	1.0000e-010	0.0000e+000
2.000000e+002	5.14870889e-001	-3.58512911e+000	-3.97144071e+005	0.00000000e+000	6.7769e+011	1.0000e-010	0.0000e+000
2.100000e+002	4.75156482e-001	-3.62484352e+000	-3.97144398e+005	0.00000000e+000	1.6726e+013	1.0000e-010	0.0000e+000
2.200000e+002	4.35442042e-001	-3.66455796e+000	-3.97151949e+005	0.00000000e+000	3.8602e+014	1.0000e-010	0.0000e+000
2.300000e+002	3.95726847e-001	-3.70427315e+000	-3.97313216e+005	0.00000000e+000	8.2437e+015	1.0000e-010	0.0000e+000
2.400000e+002	3.55995525e-001	-3.74400447e+000	-4.00476381e+005	0.00000000e+000	1.6170e+017	1.0000e-010	0.0000e+000
2.500000e+002	3.15947887e-001	-3.78405211e+000	-4.57049027e+005	0.00000000e+000	2.8919e+018	1.0000e-010	0.0000e+000
2.600000e+002	-2.89757015e-001	-3.68975702e+000	1.30140920e+006	0.00000000e+000	4.6795e+019	1.0000e-010	1.3848e+020
2.700000e+002	-1.59616095e-001	-3.55961610e+000	6.61626740e+005	0.00000000e+000	3.3589e+019	1.0000e-010	0.0000e+000
2.800000e+002	-9.34534211e-002	-3.49345342e+000	3.89476190e+005	0.00000000e+000	1.4288e+019	1.0000e-010	0.0000e+000
2.900000e+002	-5.45058021e-002	-3.45450580e+000	2.65453336e+005	0.00000000e+000	6.5113e+018	1.0000e-010	0.0000e+000
3.000000e+002	-2.79604685e-002	-3.42796047e+000	1.93159284e+005	0.00000000e+000	3.7956e+018	1.0000e-010	0.0000e+000
3.100000e+002	-8.64454012e-003	-3.40864454e+000	1.46683226e+005	0.00000000e+000	2.4401e+018	1.0000e-010	0.0000e+000
3.200000e+002	6.02378245e-003	-3.39397622e+000	1.16179868e+005	0.00000000e+000	1.6016e+018	1.0000e-010	0.0000e+000
3.300000e+002	1.76417693e-002	-3.38235823e+000	9.55426202e+004	0.00000000e+000	1.0836e+018	1.0000e-010	0.0000e+000
3.400000e+002	2.71960313e-002	-3.37280397e+000	8.09424785e+004	0.00000000e+000	7.6661e+017	1.0000e-010	0.0000e+000
3.500000e+002	3.52902792e-002	-3.36470972e+000	7.01242025e+004	0.00000000e+000	5.6805e+017	1.0000e-010	0.0000e+000
3.600000e+002	4.23026994e-002	-3.35769730e+000	6.17993676e+004	0.00000000e+000	4.3713e+017	1.0000e-010	0.0000e+000
3.700000e+002	4.84826362e-002	-3.35151736e+000	5.52181816e+004	0.00000000e+000	3.4558e+017	1.0000e-010	0.0000e+000
3.800000e+002	5.40044543e-002	-3.34599555e+000	4.98986481e+004	0.00000000e+000	2.7934e+017	1.0000e-010	0.0000e+000
3.900000e+002	5.89943191e-002	-3.34100568e+000	4.55063349e+004	0.00000000e+000	2.3065e+017	1.0000e-010	0.0000e+000
4.000000e+002	6.35449526e-002	-3.33645505e+000	4.18153358e+004	0.00000000e+000	1.9383e+017	1.0000e-010	0.0000e+000
4.100000e+002	6.77264862e-002	-3.33227351e+000	3.86756004e+004	0.00000000e+000	1.6488e+017	1.0000e-010	0.0000e+000
4.200000e+002	7.15940463e-002	-3.32840595e+000	3.59769014e+004	0.00000000e+000	1.4172e+017	1.0000e-010	0.0000e+000
4.300000e+002	7.51917364e-002	-3.32480826e+000	3.36303174e+004	0.00000000e+000	1.2323e+017	1.0000e-010	0.0000e+000
4.400000e+002	7.85547681e-002	-3.32144523e+000	3.15673990e+004	0.00000000e+000	1.0834e+017	1.0000e-010	0.0000e+000
4.500000e+002	8.17115080e-002	-3.31828849e+000	2.97399939e+004	0.00000000e+000	9.5970e+016	1.0000e-010	0.0000e+000
4.600000e+002	8.46855074e-002	-3.31531449e+000	2.81130054e+004	0.00000000e+000	8.5446e+016	1.0000e-010	0.0000e+000
4.700000e+002	8.74968080e-002	-3.31250319e+000	2.66564153e+004	0.00000000e+000	7.6498e+016	1.0000e-010	0.0000e+000
4.800000e+002	9.01624495e-002	-3.30983755e+000	2.53431400e+004	0.00000000e+000	6.8972e+016	1.0000e-010	0.0000e+000
4.900000e+002	9.26967635e-002	-3.30730324e+000	2.41511197e+004	0.00000000e+000	6.2605e+016	1.0000e-010	0.0000e+000
5.000000e+002	9.51118755e-002	-3.30488812e+000	2.30643927e+004	0.00000000e+000	5.7076e+016	1.0000e-010	0.0000e+000
5.100000e+002	9.74183147e-002	-3.30258169e+000	2.20711215e+004	0.00000000e+000	5.2168e+016	1.0000e-010	0.0000e+000
5.200000e+002	9.96254269e-002	-3.30037457e+000	2.11607445e+004	0.00000000e+000	4.7815e+016	1.0000e-010	0.0000e+000
5.300000e+002	1.01741501e-001	-3.29825850e+000	2.03228480e+004	0.00000000e+000	4.4009e+016	1.0000e-010	0.0000e+000
5.400000e+002	1.03773786e-001	-3.29622621e+000	1.95479597e+004	0.00000000e+000	4.0700e+016	1.0000e-010	0.0000e+000
5.500000e+002	1.05728582e-001	-3.29427142e+000	1.88286343e+004	0.00000000e+000	3.7782e+016	1.0000e-010	0.0000e+000
5.600000e+002	1.07611446e-001	-3.29238855e+000	1.81594883e+004	0.00000000e+000	3.5146e+016	1.0000e-010	0.0000e+000
5.700000e+002	1.09427394e-001	-3.29057261e+000	1.75362512e+004	0.00000000e+000	3.2735e+016	1.0000e-010	0.0000e+000
5.800000e+002	1.11181019e-001	-3.28881898e+000	1.69547844e+004	0.00000000e+000	3.0542e+016	1.0000e-010	0.0000e+000
5.900000e+002	1.12876498e-001	-3.28712350e+000	1.64107927e+004	0.00000000e+000	2.8574e+016	1.0000e-010	0.0000e+000
6.000000e+002	1.14517577e-001	-3.28548242e+000	1.59001901e+004	0.00000000e+000	2.6820e+016	1.0000e-010	0.0000e+000
6.100000e+002	1.16107596e-001	-3.28389240e+000	1.54195855e+004	0.00000000e+000	2.5245e+016	1.0000e-010	0.0000e+000
6.200000e+002	1.17649555e-001	-3.28235045e+000	1.49664340e+004	0.00000000e+000	2.3803e+016	1.0000e-010	0.0000e+000
6.300000e+002	1.19146198e-001	-3.28085380e+000	1.45387882e+004	0.00000000e+000	2.2463e+016	1.0000e-010	0.0000e+000
6.400000e+002	1.20600077e-001	-3.27939992e+000	1.41349017e+004	0.00000000e+000	2.1215e+016	1.0000e-010	0.0000e+000
6.500000e+002	1.22013567e-001	-3.27798643e+000	1.37529680e+004	0.00000000e+000	2.0063e+016	1.0000e-010	0.0000e+000
6.600000e+002	1.23388864e-001	-3.27661114e+000	1.33911069e+004	0.00000000e+000	1.9008e+016	1.0000e-010	0.0000e+000
6.700000e+002	1.24727975e-001	-3.27527203e+000	1.30475180e+004	0.00000000e+000	1.8049e+016	1.0000e-010	0.0000e+000
6.800000e+002	1.26032726e-001	-3.27396727e+000	1.27206461e+004	0.00000000e+000	1.7171e+016	1.0000e-010	0.0000e+000
6.900000e+002	1.27304791e-001	-3.27269521e+000	1.24092443e+004	0.00000000e+000	1.6358e+016	1.0000e-010	0.0000e+000
7.000000e+002	1.28545715e-001	-3.27145428e+000	1.21123206e+004	0.00000000e+000	1.5598e+016	1.0000e-010	0.0000e+000
7.100000e+002	1.29756948e-001	-3.27024305e+000	1.18290261e+004	0.00000000e+000	1.4882e+016	1.0000e-010	0.0000e+000
7.200000e+002	1.30939850e-001	-3.26906015e+000	1.15585548e+004	0.00000000e+000	1.4208e+016	1.0000e-010	0.0000e+000
7.300000e+002	1.32095706e-001	-3.26790429e+000	1.13000981e+004	0.00000000e+000	1.3577e+016	1.0000e-010	0.0000e+000
7.400000e+002	1.33225715e-001	-3.26677428e+000	1.10528506e+004	0.00000000e+000	1.2989e+016	1.0000e-010	0.0000e+000
7.500000e+002	1.34331000e-001	-3.26566900e+000	1.08160416e+004	0.00000000e+000	1.2440e+016	1.0000e-010	0.0000e+000
7.600000e+002	1.35412605e-001	-3.26458740e+000	1.05889621e+004	0.00000000e+000	1.1929e+016	1.0000e-010	0.0000e+000
7.700000e+002	1.36471501e-001	-3.26352850e+000	1.03709760e+004	0.00000000e+000	1.1452e+016	1.0000e-010	0.0000e+000
7.800000e+002	1.37508598e-001	-3.26249140e+000	1.01615105e+004	0.00000000e+000	1.1004e+016	1.0000e-010	0.0000e+000
7.900000e+002	1.38524749e-001	-3.26147525e+000	9.96004291e+003	0.00000000e+000	1.0584e+016	1.0000e-010	0.0000e+000
8.000000e+002	1.39520754e-001	-3.26047925e+000	9.76609244e+003	0.00000000e+000	1.0189e+016	1.0000e-010	0.0000e+000
8.100000e+002	1.40497363e-001	-3.25950264e+000	9.57922138e+003	0.00000000e+000	9.8171e+015	1.0000e-010	0.0000e+000
8.200000e+002	1.41455285e-001	-3.25854471e+000	9.39904311e+003	0.00000000e+000	9.4655e+015	1.0000e-010	0.0000e+000
8.300000e+002	1.42395189e-001	-3.25760481e+000	9.22523004e+003	0.00000000e+000	9.1312e+015	1.0000e-010	0.0000e+000
8.400000e+002	1.43317712e-001	-3.25668229e+000	9.05751471e+003	0.00000000e+000	8.8110e+015	1.0000e-010	0.0000e+000
8.500000e+002	1.44223464e-001	-3.25577654e+000	8.89568077e+003	0.00000000e+000	8.5021e+015	1.0000e-010	0.0000e+000
8.600000e+002	1.45113032e-001	-3.25488697e+000	8.73954470e+003	0.00000000e+000	8.2028e+015	1.0000e-010	0.0000e+000
8.700000e+002	1.45986987e-001	-3.25401301e+000	8.58893288e+003	0.00000000e+000	7.9126e+015	1.0000e-010	0.0000e+000
8.800000e+002	1.46845880e-001	-3.25315412e+000	8.44365947e+003	0.00000000e+000	7.6321e+015	1.0000e-010	0.0000e+000
8.900000e+002	1.47690246e-001	-3.25230975e+000	8.30351015e+003	0.00000000e+000	7.3629e+015	1.0000e-010	0.0000e+000
9.000000e+002	1.48520597e-001	-3.25147940e+000	8.16823464e+003	0.00000000e+000	7.1068e+015	1.0000e-010	0.0000e+000
9.100000e+002	1.49337420e-001	-3.25066258e+000	8.03754838e+003	0.00000000e+000	6.8656e+015	1.0000e-010	0.0000e+000
9.200000e+002	1.50141175e-001	-3.24985882e+000	7.91114185e+003	0.00000000e+000	6.6407e+015	1.0000e-010	0.0000e+000
9.300000e+002	1.50932289e-001	-3.24906771e+000	7.78869473e+003	0.00000000e+000	6.4326e+015	1.0000e-010	0.0000e+000
9.400000e+002	1.51711159e-001	-3.24828884e+000	7.66988971e+003	0.00000000e+000	6.2412e+015	1.0000e-010	0.0000e+000
9.500000e+002	1.52478148e-001	-3.24752185e+000	7.55443265e+003	0.00000000e+000	6.0652e+015	1.0000e-010	0.0000e+000
9.600000e+002	1.53233591e-001	-3.24676641e+000	7.44206047e+003	0.00000000e+000	5.9031e+015	1.0000e-010	0.0000e+000
9.700000e+002	1.53977797e-001	-3.24602220e+000	7.33255191e+003	0.00000000e+000	5.7526e+015	1.0000e-010	0.0000e+000
9.800000e+002	1.54711052e-001	-3.24528895e+000	7.22573537e+003	0.00000000e+000	5.6112e+015	1.0000e-010	0.0000e+000
9.900000e+002	1.55433626e-001	-3.24456637e+000	7.12149559e+003	0.00000000e+000	5.4758e+015	1.0000e-010	0.0000e+000
1.000000e+003	1.56145775e-001	-3.24385422e+000	7.01984187e+003	0.00000000e+000	5.3401e+015	1.0000e-010	0.0000e+000	-1.1958e-001	6.6476e-003	5.2866e-002	7.8443e-002	9.5866e-002	1.0902e-001	1.1955e-001	1.2833e-001	1.3584e-001	1.4241e-001	1.4827e-001	1.5388e-001
1.010000e+003	1.56847759e-001	-3.24315224e+000	6.92073519e+003	0.00000000e+000	5.2041e+015	1.0000e-010	0.0000e+000
1.020000e+003	1.57539833e-001	-3.24246017e+000	6.82424647e+003	0.00000000e+000	5.0666e+015	1.0000e-010	0.0000e+000
1.030000e+003	1.58222258e-001	-3.24177774e+000	6.73027147e+003	0.00000000e+000	4.9346e+015	1.0000e-010	0.0000e+000
1.040000e+003	1.58895285e-001	-3.24110472e+000	6.63871143e+003	0.00000000e+000	4.8078e+015	1.0000e-010	0.0000e+000
1.050000e+003	1.59559156e-001	-3.24044084e+000	6.54947269e+003	0.00000000e+000	4.6859e+015	1.0000e-010	0.0000e+000
1.060000e+003	1.60214103e-001	-3.23978590e+000	6.46246637e+003	0.00000000e+000	4.5687e+015	1.0000e-010	0.0000e+000
1.070000e+003	1.60860350e-001	-3.23913965e+000	6.37760807e+003	0.00000000e+000	4.4559e+015	1.0000e-010	0.0000e+000
1.080000e+003	1.61498111e-001	-3.23850189e+000	6.29481759e+003	0.00000000e+000	4.3473e+015	1.0000e-010	0.0000e+000
1.090000e+003	1.62127592e-001	-3.23787241e+000	6.21401866e+003	0.00000000e+000	4.2427e+015	1.0000e-010	0.0000e+000
1.100000e+003	1.62748994e-001	-3.23725101e+000	6.13513874e+003	0.00000000e+000	4.1419e+015	1.0000e-010	0.0000e+000
1.110000e+003	1.63362508e-001	-3.23663749e+000	6.05810874e+003	0.00000000e+000	4.0448e+015	1.0000e-010	0.0000e+000
1.120000e+003	1.63968319e-001	-3.23603168e+000	5.98286286e+003	0.00000000e+000	3.9511e+015	1.0000e-010	0.0000e+000
1.130000e+003	1.64566605e-001	-3.23543339e+000	5.90933838e+003	0.00000000e+000	3.8607e+015	1.0000e-010	0.0000e+000
1.140000e+003	1.65157539e-001	-3.23484246e+000	5.83747549e+003	0.00000000e+000	3.7734e+015	1.0000e-010	0.0000e+000
1.150000e+003	1.65741287e-001	-3.23425871e+000	5.76721711e+003	0.00000000e+000	3.6892e+015	1.0000e-010	0.0000e+000
1.160000e+003	1.66318008e-001	-3.23368199e+000	5.69850873e+003	0.00000000e+000	3.6078e+015	1.0000e-010	0.0000e+000
1.170000e+003	1.66887859e-001	-3.23311214e+000	5.63129832e+003	0.00000000e+000	3.5291e+015	1.0000e-010	0.0000e+000
1.180000e+003	1.67450989e-001	-3.23254901e+000	5.56553610e+003	0.00000000e+000	3.4531e+015	1.0000e-010	0.0000e+000
1.190000e+003	1.68007543e-001	-3.23199246e+000	5.50117452e+003	0.00000000e+000	3.3795e+015	1.0000e-010	0.0000e+000
1.200000e+003	1.68557660e-001	-3.23144234e+000	5.43816805e+003	0.00000000e+000	3.3084e+015	1.0000e-010	0.0000e+000
1.210000e+003	1.69101477e-001	-3.23089852e+000	5.37647313e+003	0.00000000e+000	3.2395e+015	1.0000e-010	0.0000e+000
1.220000e+003	1.69639124e-001	-3.23036088e+000	5.31604803e+003	0.00000000e+000	3.1728e+015	1.0000e-010	0.0000e+000
1.230000e+003	1.70170729e-001	-3.22982927e+000	5.25685279e+003	0.00000000e+000	3.1082e+015	1.0000e-010	0.0000e+000
1.240000e+003	1.70696414e-001	-3.22930359e+000	5.19884910e+003	0.00000000e+000	3.0456e+015	1.0000e-010	0.0000e+000
1.250000e+003	1.71216299e-001	-3.22878370e+000	5.14200021e+003	0.00000000e+000	2.9850e+015	1.0000e-010	0.0000e+000
1.260000e+003	1.71730499e-001	-3.22826950e+000	5.08627089e+003	0.00000000e+000	2.9262e+015	1.0000e-010	0.0000e+000
1.270000e+003	1.72239126e-001	-3.22776087e+000	5.03162730e+003	0.00000000e+000	2.8692e+015	1.0000e-010	0.0000e+000
1.280000e+003	1.72742289e-001	-3.22725771e+000	4.97803696e+003	0.00000000e+000	2.8139e+015	1.0000e-010	0.0000e+000
1.290000e+003	1.73240093e-001	-3.22675991e+000	4.92546869e+003	0.00000000e+000	2.7602e+015	1.0000e-010	0.0000e+000
1.300000e+003	1.73732640e-001	-3.22626736e+000	4.87389249e+003	0.00000000e+000	2.7081e+015	1.0000e-010	0.0000e+000
1.310000e+003	1.74220029e-001	-3.22577997e+000	4.82327956e+003	0.00000000e+000	2.6575e+015	1.0000e-010	0.0000e+000
1.320000e+003	1.74702357e-001	-3.22529764e+000	4.77360217e+003	0.00000000e+000	2.6084e+015	1.0000e-010	0.0000e+000
1.330000e+003	1.75179717e-001	-3.22482028e+000	4.72483367e+003	0.00000000e+000	2.5607e+015	1.0000e-010	0.0000e+000
1.340000e+003	1.75652200e-001	-3.22434780e+000	4.67694838e+003	0.00000000e+000	2.5143e+015	1.0000e-010	0.0000e+000
1.350000e+003	1.76119895e-001	-3.22388010e+000	4.62992161e+003	0.00000000e+000	2.4692e+015	1.0000e-010	0.0000e+000
1.360000e+003	1.76582887e-001	-3.22341711e+000	4.58372956e+003	0.00000000e+000	2.4254e+015	1.0000e-010	0.0000e+000
1.370000e+003	1.77041260e-001	-3.22295874e+000	4.53834931e+003	0.00000000e+000	2.3828e+015	1.0000e-010	0.0000e+000
1.380000e+003	1.77495095e-001	-3.22250490e+000	4.49375877e+003	0.00000000e+000	2.3413e+015	1.0000e-010	0.0000e+000
1.390000e+003	1.77944471e-001	-3.22205553e+000	4.44993662e+003	0.00000000e+000	2.3010e+015	1.0000e-010	0.0000e+000
1.400000e+003	1.78389465e-001	-3.22161054e+000	4.40686234e+003	0.00000000e+000	2.2617e+015	1.0000e-010	0.0000e+000
1.410000e+003	1.78830151e-001	-3.22116985e+000	4.36451610e+003	0.00000000e+000	2.2235e+015	1.0000e-010	0.0000e+000
1.420000e+003	1.79266603e-001	-3.22073340e+000	4.32287878e+003	0.00000000e+000	2.1862e+015	1.0000e-010	0.0000e+000
1.430000e+003	1.79698891e-001	-3.22030111e+000	4.28193192e+003	0.00000000e+000	2.1500e+015	1.0000e-010	0.0000e+000
1.440000e+003	1.80127084e-001	-3.21987292e+000	4.24165768e+003	0.00000000e+000	2.1147e+015	1.0000e-010	0.0000e+000
1.450000e+003	1.80551250e-001	-3.21944875e+000	4.20203885e+003	0.00000000e+000	2.0802e+015	1.0000e-010	0.0000e+000
1.460000e+003	1.80971453e-001	-3.21902855e+000	4.16305879e+003	0.00000000e+000	2.0467e+015	1.0000e-010	0.0000e+000
1.470000e+003	1.81387759e-001	-3.21861224e+000	4.12470141e+003	0.00000000e+000	2.0140e+015	1.0000e-010	0.0000e+000
1.480000e+003	1.81800229e-001	-3.21819977e+000	4.08695117e+003	0.00000000e+000	1.9821e+015	1.0000e-010	0.0000e+000
1.490000e+003	1.82208925e-001	-3.21779108e+000	4.04979304e+003	0.00000000e+000	1.9510e+015	1.0000e-010	0.0000e+000
1.500000e+003	1.82613904e-001	-3.21738610e+000	4.01321246e+003	0.00000000e+000	1.9207e+015	1.0000e-010	0.0000e+000
1.510000e+003	1.83015225e-001	-3.21698477e+000	3.97719537e+003	0.00000000e+000	1.8911e+015	1.0000e-010	0.0000e+000
1.520000e+003	1.83412945e-001	-3.21658706e+000	3.94172814e+003	0.00000000e+000	1.8622e+015	1.0000e-010	0.0000e+000
1.530000e+003	1.83807117e-001	-3.21619288e+000	3.90679759e+003	0.00000000e+000	1.8341e+015	1.0000e-010	0.0000e+000
1.540000e+003	1.84197797e-001	-3.21580220e+000	3.87239094e+003	0.00000000e+000	1.8066e+015	1.0000e-010	0.0000e+000
1.550000e+003	1.84585036e-001	-3.21541496e+000	3.83849584e+003	0.00000000e+000	1.7797e+015	1.0000e-010	0.0000e+000
1.560000e+003	1.84968886e-001	-3.21503111e+000	3.80510029e+003	0.00000000e+000	1.7535e+015	1.0000e-010	0.0000e+000
1.570000e+003	1.85349396e-001	-3.21465060e+000	3.77219268e+003	0.00000000e+000	1.7278e+015	1.0000e-010	0.0000e+000
1.580000e+003	1.85726615e-001	-3.21427338e+000	3.73976176e+003	0.00000000e+000	1.7028e+015	1.0000e-010	0.0000e+000
1.590000e+003	1.86100591e-001	-3.21389941e+000	3.70779661e+003	0.00000000e+000	1.6784e+015	1.0000e-010	0.0000e+000
1.600000e+003	1.86471371e-001	-3.21352863e+000	3.67628664e+003	0.00000000e+000	1.6544e+015	1.0000e-010	0.0000e+000
1.610000e+003	1.86839000e-001	-3.21316100e+000	3.64522159e+003	0.00000000e+000	1.6311e+015	1.0000e-010	0.0000e+000
1.620000e+003	1.87203522e-001	-3.21279648e+000	3.61459149e+003	0.00000000e+000	1.6082e+015	1.0000e-010	0.0000e+000
1.630000e+003	1.87564981e-001	-3.21243502e+000	3.58438668e+003	0.00000000e+000	1.5859e+015	1.0000e-010	0.0000e+000
1.640000e+003	1.87923420e-001	-3.21207658e+000	3.55459778e+003	0.00000000e+000	1.5641e+015	1.0000e-010	0.0000e+000
1.650000e+003	1.88278879e-001	-3.21172112e+000	3.52521566e+003	0.00000000e+000	1.5427e+015	1.0000e-010	0.0000e+000
1.660000e+003	1.88631401e-001	-3.21136860e+000	3.49623148e+003	0.00000000e+000	1.5218e+015	1.0000e-010	0.0000e+000
1.670000e+003	1.88981024e-001	-3.21101898e+000	3.46763664e+003	0.00000000e+000	1.5014e+015	1.0000e-010	0.0000e+000
1.680000e+003	1.89327788e-001	-3.21067221e+000	3.43942280e+003	0.00000000e+000	1.4814e+015	1.0000e-010	0.0000e+000
1.690000e+003	1.89671730e-001	-3.21032827e+000	3.41158183e+003	0.00000000e+000	1.4618e+015	1.0000e-010	0.0000e+000
1.700000e+003	1.90012888e-001	-3.20998711e+000	3.38410586e+003	0.00000000e+000	1.4426e+015	1.0000e-010	0.0000e+000
1.710000e+003	1.90351299e-001	-3.20964870e+000	3.35698722e+003	0.00000000e+000	1.4239e+015	1.0000e-010	0.0000e+000
1.720000e+003	1.90686998e-001	-3.20931300e+000	3.33021844e+003	0.00000000e+000	1.4055e+015	1.0000e-010	0.0000e+000
1.730000e+003	1.91020019e-001	-3.20897998e+000	3.30379229e+003	0.00000000e+000	1.3875e+015	1.0000e-010	0.0000e+000
1.740000e+003	1.91350399e-001	-3.20864960e+000	3.27770170e+003	0.00000000e+000	1.3699e+015	1.0000e-010	0.0000e+000
1.750000e+003	1.91678169e-001	-3.20832183e+000	3.25193982e+003	0.00000000e+000	1.3526e+015	1.0000e-010	0.0000e+000
1.760000e+003	1.92003363e-001	-3.20799664e+000	3.22649997e+003	0.00000000e+000	1.3357e+015	1.0000e-010	0.0000e+000
1.770000e+003	1.92326013e-001	-3.20767399e+000	3.20137565e+003	0.00000000e+000	1.3192e+015	1.0000e-010	0.0000e+000
1.780000e+003	1.92646150e-001	-3.20735385e+000	3.17656054e+003	0.00000000e+000	1.3029e+015	1.0000e-010	0.0000e+000
1.790000e+003	1.92963806e-001	-3.20703619e+000	3.15204848e+003	0.00000000e+000	1.2870e+015	1.0000e-010	0.0000e+000
1.800000e+003	1.93279011e-001	-3.20672099e+000	3.12783348e+003	0.00000000e+000	1.2714e+015	1.0000e-010	0.0000e+000
1.810000e+003	1.93591795e-001	-3.20640821e+000	3.10390969e+003	0.00000000e+000	1.2561e+015	1.0000e-010	0.0000e+000
1.820000e+003	1.93902186e-001	-3.20609781e+000	3.08027141e+003	0.00000000e+000	1.2411e+015	1.0000e-010	0.0000e+000
1.830000e+003	1.94210213e-001	-3.20578979e+000	3.05691312e+003	0.00000000e+000	1.2264e+015	1.0000e-010	0.0000e+000
1.840000e+003	1.94515904e-001	-3.20548410e+000	3.03382941e+003	0.00000000e+000	1.2120e+015	1.0000e-010	0.0000e+000
1.850000e+003	1.94819287e-001	-3.20518071e+000	3.01101501e+003	0.00000000e+000	1.1979e+015	1.0000e-010	0.0000e+000
1.860000e+003	1.95120389e-001	-3.20487961e+000	2.98846479e+003	0.00000000e+000	1.1840e+015	1.0000e-010	0.0000e+000
1.870000e+003	1.95419235e-001	-3.20458076e+000	2.96617374e+003	0.00000000e+000	1.1704e+015	1.0000e-010	0.0000e+000
1.880000e+003	1.95715852e-001	-3.20428415e+000	2.94413700e+003	0.00000000e+000	1.1570e+015	1.0000e-010	0.0000e+000
1.890000e+003	1.96010266e-001	-3.20398973e+000	2.92234979e+003	0.00000000e+000	1.1439e+015	1.0000e-010	0.0000e+000
1.900000e+003	1.96302501e-001	-3.20369750e+000	2.90080749e+003	0.00000000e+000	1.1311e+015	1.0000e-010	0.0000e+000
1.910000e+003	1.96592582e-001	-3.20340742e+000	2.87950556e+003	0.00000000e+000	1.1184e+015	1.0000e-010	0.0000e+000
1.920000e+003	1.96880532e-001	-3.20311947e+000	2.85843958e+003	0.00000000e+000	1.1061e+015	1.0000e-010	0.0000e+000
1.930000e+003	1.97166376e-001	-3.20283362e+000	2.83760524e+003	0.00000000e+000	1.0939e+015	1.0000e-010	0.0000e+000
1.940000e+003	1.97450137e-001	-3.20254986e+000	2.81699834e+003	0.00000000e+000	1.0820e+015	1.0000e-010	0.0000e+000
1.950000e+003	1.97731837e-001	-3.20226816e+000	2.79661476e+003	0.00000000e+000	1.0702e+015	1.0000e-010	0.0000e+000
1.960000e+003	1.98011498e-001	-3.20198850e+000	2.77645050e+003	0.00000000e+000	1.0587e+015	1.0000e-010	0.0000e+000
1.970000e+003	1.98289143e-001	-3.20171086e+000	2.75650164e+003	0.00000000e+000	1.0474e+015	1.0000e-010	0.0000e+000
1.980000e+003	1.98564793e-001	-3.20143521e+000	2.73676436e+003	0.00000000e+000	1.0363e+015	1.0000e-010	0.0000e+000
1.990000e+003	1.98838470e-001	-3.20116153e+000	2.71723492e+003	0.00000000e+000	1.0254e+015	1.0000e-010	0.0000e+000
2.000000e+003	1.99110193e-001	-3.20088981e+000	2.69790968e+003	0.00000000e+000	1.0147e+015	1.0000e-010	0.0000e+000
2.010000e+003	1.99379984e-001	-3.20062002e+000	2.67878506e+003	0.00000000e+000	1.0041e+015	1.0000e-010	0.0000e+000
2.020000e+003	1.99647863e-001	-3.20035214e+000	2.65985760e+003	0.00000000e+000	9.9377e+014	1.0000e-010	0.0000e+000
2.030000e+003	1.99913849e-001	-3.20008615e+000	2.64112387e+003	0.00000000e+000	9.8360e+014	1.0000e-010	0.0000e+000
2.040000e+003	2.00177961e-001	-3.19982204e+000	2.62258056e+003	0.00000000e+000	9.7360e+014	1.0000e-010	0.0000e+000
2.050000e+003	2.00440219e-001	-3.19955978e+000	2.60422441e+003	0.00000000e+000	9.6377e+014	1.0000e-010	0.0000e+000
2.060000e+003	2.00700641e-001	-3.19929936e+000	2.58605225e+003	0.00000000e+000	9.5411e+014	1.0000e-010	0.0000e+000
2.070000e+003	2.00959247e-001	-3.19904075e+000	2.56806096e+003	0.00000000e+000	9.4462e+014	1.0000e-010	0.0000e+000
2.080000e+003	2.01216053e-001	-3.19878395e+000	2.55024751e+003	0.00000000e+000	9.3528e+014	1.0000e-010	0.0000e+000
2.090000e+003	2.01471077e-001	-3.19852892e+000	2.53260892e+003	0.00000000e+000	9.2610e+014	1.0000e-010	0.0000e+000
2.100000e+003	2.01724338e-001	-3.19827566e+000	2.51514228e+003	0.00000000e+000	9.1707e+014	1.0000e-010	0.0000e+000
2.110000e+003	2.01975853e-001	-3.19802415e+000	2.49784475e+003	0.00000000e+000	9.0819e+014	1.0000e-010	0.0000e+000
2.120000e+003	2.02225637e-001	-3.19777436e+000	2.48071355e+003	0.00000000e+000	8.9946e+014	1.0000e-010	0.0000e+000
2.130000e+003	2.02473708e-001	-3.19752629e+000	2.46374595e+003	0.00000000e+000	8.9087e+014	1.0000e-010	0.0000e+000
2.140000e+003	2.02720083e-001	-3.19727992e+000	2.44693929e+003	0.00000000e+000	8.8242e+014	1.0000e-010	0.0000e+000
2.150000e+003	2.02964777e-001	-3.19703522e+000	2.43029095e+003	0.00000000e+000	8.7410e+014	1.0000e-010	0.0000e+000
2.160000e+003	2.03207806e-001	-3.19679219e+000	2.41379839e+003	0.00000000e+000	8.6592e+014	1.0000e-010	0.0000e+000
2.170000e+003	2.03449186e-001	-3.19655081e+000	2.39745910e+003	0.00000000e+000	8.5788e+014	1.0000e-010	0.0000e+000
2.180000e+003	2.03688932e-001	-3.19631107e+000	2.38127064e+003	0.00000000e+000	8.4996e+014	1.0000e-010	0.0000e+000
2.190000e+003	2.03927059e-001	-3.19607294e+000	2.36523061e+003	0.00000000e+000	8.4216e+014	1.0000e-010	0.0000e+000
2.200000e+003	2.04163582e-001	-3.19583642e+000	2.34933667e+003	0.00000000e+000	8.3449e+014	1.0000e-010	0.0000e+000
2.210000e+003	2.04398516e-001	-3.19560148e+000	2.33358650e+003	0.00000000e+000	8.2694e+014	1.0000e-010	0.0000e+000
2.220000e+003	2.04631874e-001	-3.19536813e+000	2.31797787e+003	0.00000000e+000	8.1951e+014	1.0000e-010	0.0000e+000
2.230000e+003	2.04863672e-001	-3.19513633e+000	2.30250857e+003	0.00000000e+000	8.1220e+014	1.0000e-010	0.0000e+000
2.240000e+003	2.05093923e-001	-3.19490608e+000	2.28717643e+003	0.00000000e+000	8.0499e+014	1.0000e-010	0.0000e+000
2.250000e+003	2.05322641e-001	-3.19467736e+000	2.27197934e+003	0.00000000e+000	7.9790e+014	1.0000e-010	0.0000e+000
2.260000e+003	2.05549838e-001	-3.19445016e+000	2.25691522e+003	0.00000000e+000	7.9092e+014	1.0000e-010	0.0000e+000
2.270000e+003	2.05775530e-001	-3.19422447e+000	2.24198205e+003	0.00000000e+000	7.8405e+014	1.0000e-010	0.0000e+000
2.280000e+003	2.05999728e-001	-3.19400027e+000	2.22717781e+003	0.00000000e+000	7.7728e+014	1.0000e-010	0.0000e+000
2.290000e+003	2.06222446e-001	-3.19377755e+000	2.21250058e+003	0.00000000e+000	7.7061e+014	1.0000e-010	0.0000e+000
2.300000e+003	2.06443696e-001	-3.19355630e+000	2.19794841e+003	0.00000000e+000	7.6404e+014	1.0000e-010	0.0000e+000
2.310000e+003	2.06663491e-001	-3.19333651e+000	2.18351945e+003	0.00000000e+000	7.5757e+014	1.0000e-010	0.0000e+000
2.320000e+003	2.06881843e-001	-3.19311816e+000	2.16921184e+003	0.00000000e+000	7.5120e+014	1.0000e-010	0.0000e+000
2.330000e+003	2.07098764e-001	-3.19290124e+000	2.15502379e+003	0.00000000e+000	7.4492e+014	1.0000e-010	0.0000e+000
2.340000e+003	2.07314266e-001	-3.19268573e+000	2.14095351e+003	0.00000000e+000	7.3874e+014	1.0000e-010	0.0000e+000
2.350000e+003	2.07528362e-001	-3.19247164e+000	2.12699928e+003	0.00000000e+000	7.3265e+014	1.0000e-010	0.0000e+000
2.360000e+003	2.07741062e-001	-3.19225894e+000	2.11315939e+003	0.00000000e+000	7.2664e+014	1.0000e-010	0.0000e+000
2.370000e+003	2.07952378e-001	-3.19204762e+000	2.09943216e+003	0.00000000e+000	7.2073e+014	1.0000e-010	0.0000e+000
2.380000e+003	2.08162321e-001	-3.19183768e+000	2.08581596e+003	0.00000000e+000	7.1490e+014	1.0000e-010	0.0000e+000
2.390000e+003	2.08370902e-001	-3.19162910e+000	2.07230918e+003	0.00000000e+000	7.0915e+014	1.0000e-010	0.0000e+000
2.400000e+003	2.08578133e-001	-3.19142187e+000	2.05891024e+003	0.00000000e+000	7.0349e+014	1.0000e-010	0.0000e+000
2.410000e+003	2.08784024e-001	-3.19121598e+000	2.04561758e+003	0.00000000e+000	6.9791e+014	1.0000e-010	0.0000e+000
2.420000e+003	2.08988586e-001	-3.19101141e+000	2.03242970e+003	0.00000000e+000	6.9241e+014	1.0000e-010	0.0000e+000
2.430000e+003	2.09191829e-001	-3.19080817e+000	2.01934508e+003	0.00000000e+000	6.8699e+014	1.0000e-010	0.0000e+000
2.440000e+003	2.09393764e-001	-3.19060624e+000	2.00636228e+003	0.00000000e+000	6.8164e+014	1.0000e-010	0.0000e+000
2.450000e+003	2.09594400e-001	-3.19040560e+000	1.99347984e+003	0.00000000e+000	6.7637e+014	1.0000e-010	0.0000e+000
2.460000e+003	2.09793748e-001	-3.19020625e+000	1.98069636e+003	0.00000000e+000	6.7117e+014	1.0000e-010	0.0000e+000
2.470000e+003	2.09991817e-001	-3.19000818e+000	1.96801045e+003	0.00000000e+000	6.6605e+014	1.0000e-010	0.0000e+000
2.480000e+003	2.10188618e-001	-3.18981138e+000	1.95542074e+003	0.00000000e+000	6.6100e+014	1.0000e-010	0.0000e+000
2.490000e+003	2.10384161e-001	-3.18961584e+000	1.94292591e+003	0.00000000e+000	6.5602e+014	1.0000e-010	0.0000e+000
2.500000e+003	2.10578453e-001	-3.18942155e+000	1.93052462e+003	0.00000000e+000	6.5111e+014	1.0000e-010	0.0000e+000
2.510000e+003	2.10771506e-001	-3.18922849e+000	1.91821560e+003	0.00000000e+000	6.4626e+014	1.0000e-010	0.0000e+000
2.520000e+003	2.10963327e-001	-3.18903667e+000	1.90599758e+003	0.00000000e+000	6.4149e+014	1.0000e-010	0.0000e+000
2.530000e+003	2.11153927e-001	-3.18884607e+000	1.89386930e+003	0.00000000e+000	6.3677e+014	1.0000e-010	0.0000e+000
2.540000e+003	2.11343314e-001	-3.18865669e+000	1.88182955e+003	0.00000000e+000	6.3212e+014	1.0000e-010	0.0000e+000
2.550000e+003	2.11531497e-001	-3.18846850e+000	1.86987712e+003	0.00000000e+000	6.2754e+014	1.0000e-010	0.0000e+000
2.560000e+003	2.11718485e-001	-3.18828152e+000	1.85801083e+003	0.00000000e+000	6.2302e+014	1.0000e-010	0.0000e+000
2.570000e+003	2.11904286e-001	-3.18809571e+000	1.84622952e+003	0.00000000e+000	6.1856e+014	1.0000e-010	0.0000e+000
2.580000e+003	2.12088909e-001	-3.18791109e+000	1.83453204e+003	0.00000000e+000	6.1415e+014	1.0000e-010	0.0000e+000
2.590000e+003	2.12272362e-001	-3.18772764e+000	1.82291728e+003	0.00000000e+000	6.0981e+014	1.0000e-010	0.0000e+000
2.600000e+003	2.12454654e-001	-3.18754535e+000	1.81138414e+003	0.00000000e+000	6.0553e+014	1.0000e-010	0.0000e+000
2.610000e+003	2.12635792e-001	-3.18736421e+000	1.79993152e+003	0.00000000e+000	6.0130e+014	1.0000e-010	0.0000e+000
2.620000e+003	2.12815785e-001	-3.18718421e+000	1.78855836e+003	0.00000000e+000	5.9713e+014	1.0000e-010	0.0000e+000
2.630000e+003	2.12994641e-001	-3.18700536e+000	1.77726361e+003	0.00000000e+000	5.9301e+014	1.0000e-010	0.0000e+000
2.640000e+003	2.13172367e-001	-3.18682763e+000	1.76604625e+003	0.00000000e+000	5.8895e+014	1.0000e-010	0.0000e+000
2.650000e+003	2.13348972e-001	-3.18665103e+000	1.75490525e+003	0.00000000e+000	5.8494e+014	1.0000e-010	0.0000e+000
2.660000e+003	2.13524462e-001	-3.18647554e+000	1.74383963e+003	0.00000000e+000	5.8098e+014	1.0000e-010	0.0000e+000
2.670000e+003	2.13698846e-001	-3.18630115e+000	1.73284840e+003	0.00000000e+000	5.7707e+014	1.0000e-010	0.0000e+000
2.680000e+003	2.13872131e-001	-3.18612787e+000	1.72193060e+003	0.00000000e+000	5.7322e+014	1.0000e-010	0.0000e+000
2.690000e+003	2.14044324e-001	-3.18595568e+000	1.71108527e+003	0.00000000e+000	5.6941e+014	1.0000e-010	0.0000e+000
2.700000e+003	2.14215433e-001	-3.18578457e+000	1.70031149e+003	0.00000000e+000	5.6565e+014	1.0000e-010	0.0000e+000
2.710000e+003	2.14385464e-001	-3.18561454e+000	1.68960834e+003	0.00000000e+000	5.6195e+014	1.0000e-010	0.0000e+000
2.720000e+003	2.14554425e-001	-3.18544558e+000	1.67897492e+003	0.00000000e+000	5.5829e+014	1.0000e-010	0.0000e+000
2.730000e+003	2.14722322e-001	-3.18527768e+000	1.66841033e+003	0.00000000e+000	5.5467e+014	1.0000e-010	0.0000e+000
2.740000e+003	2.14889163e-001	-3.18511084e+000	1.65791370e+003	0.00000000e+000	5.5110e+014	1.0000e-010	0.0000e+000
2.750000e+003	2.15054955e-001	-3.18494505e+000	1.64748417e+003	0.00000000e+000	5.4758e+014	1.0000e-010	0.0000e+000
2.760000e+003	2.15219703e-001	-3.18478030e+000	1.63712089e+003	0.00000000e+000	5.4410e+014	1.0000e-010	0.0000e+000
2.770000e+003	2.15383415e-001	-3.18461658e+000	1.62682304e+003	0.00000000e+000	5.4067e+014	1.0000e-010	0.0000e+000
2.780000e+003	2.15546097e-001	-3.18445390e+000	1.61658978e+003	0.00000000e+000	5.3727e+014	1.0000e-010	0.0000e+000
2.790000e+003	2.15707756e-001	-3.18429224e+000	1.60642032e+003	0.00000000e+000	5.3393e+014	1.0000e-010	0.0000e+000
2.800000e+003	2.15868399e-001	-3.18413160e+000	1.59631385e+003	0.00000000e+000	5.3062e+014	1.0000e-010	0.0000e+000
2.810000e+003	2.16028030e-001	-3.18397197e+000	1.58626959e+003	0.00000000e+000	5.2735e+014	1.0000e-010	0.0000e+000
2.820000e+003	2.16186657e-001	-3.18381334e+000	1.57628678e+003	0.00000000e+000	5.2413e+014	1.0000e-010	0.0000e+000
2.830000e+003	2.16344286e-001	-3.18365571e+000	1.56636465e+003	0.00000000e+000	5.2094e+014	1.0000e-010	0.0000e+000
2.840000e+003	2.16500922e-001	-3.18349908e+000	1.55650246e+003	0.00000000e+000	5.1779e+014	1.0000e-010	0.0000e+000
2.850000e+003	2.16656572e-001	-3.18334343e+000	1.54669946e+003	0.00000000e+000	5.1468e+014	1.0000e-010	0.0000e+000
2.860000e+003	2.16811242e-001	-3.18318876e+000	1.53695495e+003	0.00000000e+000	5.1161e+014	1.0000e-010	0.0000e+000
2.870000e+003	2.16964938e-001	-3.18303506e+000	1.52726819e+003	0.00000000e+000	5.0858e+014	1.0000e-010	0.0000e+000
2.880000e+003	2.17117664e-001	-3.18288234e+000	1.51763849e+003	0.00000000e+000	5.0559e+014	1.0000e-010	0.0000e+000
2.890000e+003	2.17269428e-001	-3.18273057e+000	1.50806516e+003	0.00000000e+000	5.0263e+014	1.0000e-010	0.0000e+000
2.900000e+003	2.17420235e-001	-3.18257977e+000	1.49854751e+003	0.00000000e+000	4.9970e+014	1.0000e-010	0.0000e+000
2.910000e+003	2.17570090e-001	-3.18242991e+000	1.48908487e+003	0.00000000e+000	4.9681e+014	1.0000e-010	0.0000e+000
2.920000e+003	2.17718998e-001	-3.18228100e+000	1.47967658e+003	0.00000000e+000	4.9396e+014	1.0000e-010	0.0000e+000
2.930000e+003	2.17866966e-001	-3.18213303e+000	1.47032198e+003	0.00000000e+000	4.9114e+014	1.0000e-010	0.0000e+000
2.940000e+003	2.18013998e-001	-3.18198600e+000	1.46102044e+003	0.00000000e+000	4.8836e+014	1.0000e-010	0.0000e+000
2.950000e+003	2.18160100e-001	-3.18183990e+000	1.45177132e+003	0.00000000e+000	4.8560e+014	1.0000e-010	0.0000e+000
2.960000e+003	2.18305277e-001	-3.18169472e+000	1.44257399e+003	0.00000000e+000	4.8288e+014	1.0000e-010	0.0000e+000
2.970000e+003	2.18449535e-001	-3.18155047e+000	1.43342784e+003	0.00000000e+000	4.8020e+014	1.0000e-010	0.0000e+000
2.980000e+003	2.18592877e-001	-3.18140712e+000	1.42433227e+003	0.00000000e+000	4.7754e+014	1.0000e-010	0.0000e+000
2.990000e+003	2.18735311e-001	-3.18126469e+000	1.41528667e+003	0.00000000e+000	4.7492e+014	1.0000e-010	0.0000e+000
3.000000e+003	2.18876839e-001	-3.18112316e+000	1.40629045e+003	0.00000000e+000	4.7232e+014	1.0000e-010	0.0000e+000
3.010000e+003	2.19017468e-001	-3.18098253e+000	1.39734304e+003	0.00000000e+000	4.6976e+014	1.0000e-010	0.0000e+000
3.020000e+003	2.19157203e-001	-3.18084280e+000	1.38844386e+003	0.00000000e+000	4.6723e+014	1.0000e-010	0.0000e+000
3.030000e+003	2.19296047e-001	-3.18070395e+000	1.37959235e+003	0.00000000e+000	4.6473e+014	1.0000e-010	0.0000e+000
3.040000e+003	2.19434006e-001	-3.18056599e+000	1.37078795e+003	0.00000000e+000	4.6225e+014	1.0000e-010	0.0000e+000
3.050000e+003	2.19571085e-001	-3.18042892e+000	1.36203011e+003	0.00000000e+000	4.5981e+014	1.0000e-010	0.0000e+000
3.060000e+003	2.19707288e-001	-3.18029271e+000	1.35331829e+003	0.00000000e+000	4.5739e+014	1.0000e-010	0.0000e+000
3.070000e+003	2.19842620e-001	-3.18015738e+000	1.34465196e+003	0.00000000e+000	4.5500e+014	1.0000e-010	0.0000e+000
3.080000e+003	2.19977085e-001	-3.18002291e+000	1.33603058e+003	0.00000000e+000	4.5264e+014	1.0000e-010	0.0000e+000
3.090000e+003	2.20110688e-001	-3.17988931e+000	1.32745365e+003	0.00000000e+000	4.5031e+014	1.0000e-010	0.0000e+000
3.100000e+003	2.20243433e-001	-3.17975657e+000	1.31892064e+003	0.00000000e+000	4.4800e+014	1.0000e-010	0.0000e+000
3.110000e+003	2.20375325e-001	-3.17962467e+000	1.31043106e+003	0.00000000e+000	4.4572e+014	1.0000e-010	0.0000e+000
3.120000e+003	2.20506369e-001	-3.17949363e+000	1.30198440e+003	0.00000000e+000	4.4347e+014	1.0000e-010	0.0000e+000
3.130000e+003	2.20636567e-001	-3.17936343e+000	1.29358017e+003	0.00000000e+000	4.4124e+014	1.0000e-010	0.0000e+000
3.140000e+003	2.20765925e-001	-3.17923407e+000	1.28521790e+003	0.00000000e+000	4.3904e+014	1.0000e-010	0.0000e+000
3.150000e+003	2.20894447e-001	-3.17910555e+000	1.27689709e+003	0.00000000e+000	4.3686e+014	1.0000e-010	0.0000e+000
3.160000e+003	2.21022137e-001	-3.17897786e+000	1.26861728e+003	0.00000000e+000	4.3471e+014	1.0000e-010	0.0000e+000
3.170000e+003	2.21148998e-001	-3.17885100e+000	1.26037800e+003	0.00000000e+000	4.3258e+014	1.0000e-010	0.0000e+000
3.180000e+003	2.21275036e-001	-3.17872496e+000	1.25217879e+003	0.00000000e+000	4.3048e+014	1.0000e-010	0.0000e+000
3.190000e+003	2.21400254e-001	-3.17859975e+000	1.24401920e+003	0.00000000e+000	4.2840e+014	1.0000e-010	0.0000e+000
3.200000e+003	2.21524656e-001	-3.17847534e+000	1.23589878e+003	0.00000000e+000	4.2634e+014	1.0000e-010	0.0000e+000
3.210000e+003	2.21648246e-001	-3.17835175e+000	1.22781709e+003	0.00000000e+000	4.2431e+014	1.0000e-010	0.0000e+000
3.220000e+003	2.21771027e-001	-3.17822897e+000	1.21977369e+003	0.00000000e+000	4.2230e+014	1.0000e-010	0.0000e+000
3.230000e+003	2.21893005e-001	-3.17810700e+000	1.21176815e+003	0.00000000e+000	4.2031e+014	1.0000e-010	0.0000e+000
3.240000e+003	2.22014182e-001	-3.17798582e+000	1.20380005e+003	0.00000000e+000	4.1834e+014	1.0000e-010	0.0000e+000
3.250000e+003	2.22134562e-001	-3.17786544e+000	1.19586897e+003	0.00000000e+000	4.1640e+014	1.0000e-010	0.0000e+000
3.260000e+003	2.22254149e-001	-3.17774585e+000	1.18797449e+003	0.00000000e+000	4.1448e+014	1.0000e-010	0.0000e+000
3.270000e+003	2.22372946e-001	-3.17762705e+000	1.18011621e+003	0.00000000e+000	4.1258e+014	1.0000e-010	0.0000e+000
3.280000e+003	2.22490958e-001	-3.17750904e+000	1.17229371e+003	0.00000000e+000	4.1070e+014	1.0000e-010	0.0000e+000
3.290000e+003	2.22608187e-001	-3.17739181e+000	1.16450661e+003	0.00000000e+000	4.0884e+014	1.0000e-010	0.0000e+000
3.300000e+003	2.22724638e-001	-3.17727536e+000	1.15675450e+003	0.00000000e+000	4.0700e+014	1.0000e-010	0.0000e+000
3.310000e+003	2.22840313e-001	-3.17715969e+000	1.14903701e+003	0.00000000e+000	4.0519e+014	1.0000e-010	0.0000e+000
3.320000e+003	2.22955217e-001	-3.17704478e+000	1.14135374e+003	0.00000000e+000	4.0339e+014	1.0000e-010	0.0000e+000
3.330000e+003	2.23069352e-001	-3.17693065e+000	1.13370431e+003	0.00000000e+000	4.0161e+014	1.0000e-010	0.0000e+000
3.340000e+003	2.23182723e-001	-3.17681728e+000	1.12608836e+003	0.00000000e+000	3.9985e+014	1.0000e-010	0.0000e+000
3.350000e+003	2.23295331e-001	-3.17670467e+000	1.11850551e+003	0.00000000e+000	3.9812e+014	1.0000e-010	0.0000e+000
3.360000e+003	2.23407182e-001	-3.17659282e+000	1.11095540e+003	0.00000000e+000	3.9640e+014	1.0000e-010	0.0000e+000
3.370000e+003	2.23518278e-001	-3.17648172e+000	1.10343767e+003	0.00000000e+000	3.9470e+014	1.0000e-010	0.0000e+000
3.380000e+003	2.23628621e-001	-3.17637138e+000	1.09595195e+003	0.00000000e+000	3.9302e+014	1.0000e-010	0.0000e+000
3.390000e+003	2.23738217e-001	-3.17626178e+000	1.08849790e+003	0.00000000e+000	3.9135e+014	1.0000e-010	0.0000e+000
3.400000e+003	2.23847066e-001	-3.17615293e+000	1.08107517e+003	0.00000000e+000	3.8971e+014	1.0000e-010	0.0000e+000
3.410000e+003	2.23955174e-001	-3.17604483e+000	1.07368342e+003	0.00000000e+000	3.8808e+014	1.0000e-010	0.0000e+000
3.420000e+003	2.24062542e-001	-3.17593746e+000	1.06632230e+003	0.00000000e+000	3.8648e+014	1.0000e-010	0.0000e+000
3.430000e+003	2.24169174e-001	-3.17583083e+000	1.05899148e+003	0.00000000e+000	3.8488e+014	1.0000e-010	0.0000e+000
3.440000e+003	2.24275074e-001	-3.17572493e+000	1.05169063e+003	0.00000000e+000	3.8331e+014	1.0000e-010	0.0000e+000
3.450000e+003	2.24380243e-001	-3.17561976e+000	1.04441942e+003	0.00000000e+000	3.8175e+014	1.0000e-010	0.0000e+000
3.460000e+003	2.24484685e-001	-3.17551532e+000	1.03717752e+003	0.00000000e+000	3.8022e+014	1.0000e-010	0.0000e+000
3.470000e+003	2.24588402e-001	-3.17541160e+000	1.02996463e+003	0.00000000e+000	3.7869e+014	1.0000e-010	0.0000e+000
3.480000e+003	2.24691399e-001	-3.17530860e+000	1.02278041e+003	0.00000000e+000	3.7719e+014	1.0000e-010	0.0000e+000
3.490000e+003	2.24793677e-001	-3.17520632e+000	1.01562456e+003	0.00000000e+000	3.7570e+014	1.0000e-010	0.0000e+000
3.500000e+003	2.24895239e-001	-3.17510476e+000	1.00849676e+003	0.00000000e+000	3.7422e+014	1.0000e-010	0.0000e+000
3.510000e+003	2.24996089e-001	-3.17500391e+000	1.00139672e+003	0.00000000e+000	3.7277e+014	1.0000e-010	0.0000e+000
3.520000e+003	2.25096229e-001	-3.17490377e+000	9.94324129e+002	0.00000000e+000	3.7133e+014	1.0000e-010	0.0000e+000
3.530000e+003	2.25195661e-001	-3.17480434e+000	9.87278686e+002	0.00000000e+000	3.6990e+014	1.0000e-010	0.0000e+000
3.540000e+003	2.25294389e-001	-3.17470561e+000	9.80260099e+002	0.00000000e+000	3.6849e+014	1.0000e-010	0.0000e+000
3.550000e+003	2.25392415e-001	-3.17460759e+000	9.73268075e+002	0.00000000e+000	3.6710e+014	1.0000e-010	0.0000e+000
3.560000e+003	2.25489742e-001	-3.17451026e+000	9.66302324e+002	0.00000000e+000	3.6572e+014	1.0000e-010	0.0000e+000
3.570000e+003	2.25586372e-001	-3.17441363e+000	9.59362562e+002	0.00000000e+000	3.6435e+014	1.0000e-010	0.0000e+000
3.580000e+003	2.25682308e-001	-3.17431769e+000	9.52448505e+002	0.00000000e+000	3.6300e+014	1.0000e-010	0.0000e+000
3.590000e+003	2.25777553e-001	-3.17422245e+000	9.45559874e+002	0.00000000e+000	3.6167e+014	1.0000e-010	0.0000e+000
3.600000e+003	2.25872109e-001	-3.17412789e+000	9.38696393e+002	0.00000000e+000	3.6035e+014	1.0000e-010	0.0000e+000
3.610000e+003	2.25965979e-001	-3.17403402e+000	9.31857789e+002	0.00000000e+000	3.5904e+014	1.0000e-010	0.0000e+000
3.620000e+003	2.26059164e-001	-3.17394084e+000	9.25043790e+002	0.00000000e+000	3.5775e+014	1.0000e-010	0.0000e+000
3.630000e+003	2.26151669e-001	-3.17384833e+000	9.18254130e+002	0.00000000e+000	3.5647e+014	1.0000e-010	0.0000e+000
3.640000e+003	2.26243494e-001	-3.17375651e+000	9.11488544e+002	0.00000000e+000	3.5521e+014	1.0000e-010	0.0000e+000
3.650000e+003	2.26334643e-001	-3.17366536e+000	9.04746770e+002	0.00000000e+000	3.5396e+014	1.0000e-010	0.0000e+000
3.660000e+003	2.26425118e-001	-3.17357488e+000	8.98028549e+002	0.00000000e+000	3.5272e+014	1.0000e-010	0.0000e+000
3.670000e+003	2.26514921e-001	-3.17348508e+000	8.91333624e+002	0.00000000e+000	3.5150e+014	1.0000e-010	0.0000e+000
3.680000e+003	2.26604054e-001	-3.17339595e+000	8.84661743e+002	0.00000000e+000	3.5029e+014	1.0000e-010	0.0000e+000
3.690000e+003	2.26692520e-001	-3.17330748e+000	8.78012655e+002	0.00000000e+000	3.4909e+014	1.0000e-010	0.0000e+000
3.700000e+003	2.26780321e-001	-3.17321968e+000	8.71386110e+002	0.00000000e+000	3.4791e+014	1.0000e-010	0.0000e+000
3.710000e+003	2.26867460e-001	-3.17313254e+000	8.64781864e+002	0.00000000e+000	3.4674e+014	1.0000e-010	0.0000e+000
3.720000e+003	2.26953938e-001	-3.17304606e+000	8.58199673e+002	0.00000000e+000	3.4558e+014	1.0000e-010	0.0000e+000
3.730000e+003	2.27039758e-001	-3.17296024e+000	8.51639296e+002	0.00000000e+000	3.4443e+014	1.0000e-010	0.0000e+000
3.740000e+003	2.27124922e-001	-3.17287508e+000	8.45100495e+002	0.00000000e+000	3.4330e+014	1.0000e-010	0.0000e+000
3.750000e+003	2.27209432e-001	-3.17279057e+000	8.38583035e+002	0.00000000e+000	3.4218e+014	1.0000e-010	0.0000e+000
3.760000e+003	2.27293290e-001	-3.17270671e+000	8.32086682e+002	0.00000000e+000	3.4107e+014	1.0000e-010	0.0000e+000
3.770000e+003	2.27376499e-001	-3.17262350e+000	8.25611205e+002	0.00000000e+000	3.3998e+014	1.0000e-010	0.0000e+000
3.780000e+003	2.27459060e-001	-3.17254094e+000	8.19156375e+002	0.00000000e+000	3.3889e+014	1.0000e-010	0.0000e+000
3.790000e+003	2.27540976e-001	-3.17245902e+000	8.12721965e+002	0.00000000e+000	3.3782e+014	1.0000e-010	0.0000e+000
3.800000e+003	2.27622248e-001	-3.17237775e+000	8.06307752e+002	0.00000000e+000	3.3676e+014	1.0000e-010	0.0000e+000
3.810000e+003	2.27702879e-001	-3.17229712e+000	7.99913514e+002	0.00000000e+000	3.3571e+014	1.0000e-010	0.0000e+000
3.820000e+003	2.27782870e-001	-3.17221713e+000	7.93539030e+002	0.00000000e+000	3.3467e+014	1.0000e-010	0.0000e+000
3.830000e+003	2.27862224e-001	-3.17213778e+000	7.87184082e+002	0.00000000e+000	3.3365e+014	1.0000e-010	0.0000e+000
3.840000e+003	2.27940943e-001	-3.17205906e+000	7.80848456e+002	0.00000000e+000	3.3263e+014	1.0000e-010	0.0000e+000
3.850000e+003	2.28019027e-001	-3.17198097e+000	7.74531938e+002	0.00000000e+000	3.3163e+014	1.0000e-010	0.0000e+000
3.860000e+003	2.28096481e-001	-3.17190352e+000	7.68234315e+002	0.00000000e+000	3.3064e+014	1.0000e-010	0.0000e+000
3.870000e+003	2.28173304e-001	-3.17182670e+000	7.61955379e+002	0.00000000e+000	3.2966e+014	1.0000e-010	0.0000e+000
3.880000e+003	2.28249500e-001	-3.17175050e+000	7.55694923e+002	0.00000000e+000	3.2869e+014	1.0000e-010	0.0000e+000
3.890000e+003	2.28325069e-001	-3.17167493e+000	7.49452740e+002	0.00000000e+000	3.2773e+014	1.0000e-010	0.0000e+000
3.900000e+003	2.28400014e-001	-3.17159999e+000	7.43228627e+002	0.00000000e+000	3.2678e+014	1.0000e-010	0.0000e+000
3.910000e+003	2.28474337e-001	-3.17152566e+000	7.37022382e+002	0.00000000e+000	3.2584e+014	1.0000e-010	0.0000e+000
3.920000e+003	2.28548039e-001	-3.17145196e+000	7.30833805e+002	0.00000000e+000	3.2491e+014	1.0000e-010	0.0000e+000
3.930000e+003	2.28621123e-001	-3.17137888e+000	7.24662699e+002	0.00000000e+000	3.2400e+014	1.0000e-010	0.0000e+000
3.940000e+003	2.28693589e-001	-3.17130641e+000	7.18508867e+002	0.00000000e+000	3.2309e+014	1.0000e-010	0.0000e+000
3.950000e+003	2.28765440e-001	-3.17123456e+000	7.12372115e+002	0.00000000e+000	3.2219e+014	1.0000e-010	0.0000e+000
3.960000e+003	2.28836677e-001	-3.17116332e+000	7.06252250e+002	0.00000000e+000	3.2130e+014	1.0000e-010	0.0000e+000
3.970000e+003	2.28907302e-001	-3.17109270e+000	7.00149080e+002	0.00000000e+000	3.2043e+014	1.0000e-010	0.0000e+000
3.980000e+003	2.28977317e-001	-3.17102268e+000	6.94062418e+002	0.00000000e+000	3.1956e+014	1.0000e-010	0.0000e+000
3.990000e+003	2.29046724e-001	-3.17095328e+000	6.87992075e+002	0.00000000e+000	3.1870e+014	1.0000e-010	0.0000e+000
4.000000e+003	2.29115523e-001	-3.17088448e+000	6.81937865e+002	0.00000000e+000	3.1786e+014	1.0000e-010	0.0000e+000
4.010000e+003	2.29183717e-001	-3.17081628e+000	6.75899605e+002	0.00000000e+000	3.1702e+014	1.0000e-010	0.0000e+000
4.020000e+003	2.29251306e-001	-3.17074869e+000	6.69877111e+002	0.00000000e+000	3.1619e+014	1.0000e-010	0.0000e+000
4.030000e+003	2.29318294e-001	-3.17068171e+000	6.63870202e+002	0.00000000e+000	3.1537e+014	1.0000e-010	0.0000e+000
4.040000e+003	2.29384681e-001	-3.17061532e+000	6.57878699e+002	0.00000000e+000	3.1457e+014	1.0000e-010	0.0000e+000
4.050000e+003	2.29450469e-001	-3.17054953e+000	6.51902423e+002	0.00000000e+000	3.1377e+014	1.0000e-010	0.0000e+000
4.060000e+003	2.29515659e-001	-3.17048434e+000	6.45941199e+002	0.00000000e+000	3.1298e+014	1.0000e-010	0.0000e+000
4.070000e+003	2.29580253e-001	-3.17041975e+000	6.39994851e+002	0.00000000e+000	3.1219e+014	1.0000e-010	0.0000e+000
4.080000e+003	2.29644253e-001	-3.17035575e+000	6.34063206e+002	0.00000000e+000	3.1142e+014	1.0000e-010	0.0000e+000
4.090000e+003	2.29707659e-001	-3.17029234e+000	6.28146091e+002	0.00000000e+000	3.1066e+014	1.0000e-010	0.0000e+000
4.100000e+003	2.29770474e-001	-3.17022953e+000	6.22243336e+002	0.00000000e+000	3.0991e+014	1.0000e-010	0.0000e+000
4.110000e+003	2.29832698e-001	-3.17016730e+000	6.16354771e+002	0.00000000e+000	3.0916e+014	1.0000e-010	0.0000e+000
4.120000e+003	2.29894334e-001	-3.17010567e+000	6.10480229e+002	0.00000000e+000	3.0842e+014	1.0000e-010	0.0000e+000
4.130000e+003	2.29955382e-001	-3.17004462e+000	6.04619543e+002	0.00000000e+000	3.0770e+014	1.0000e-010	0.0000e+000
4.140000e+003	2.30015844e-001	-3.16998416e+000	5.98772548e+002	0.00000000e+000	3.0698e+014	1.0000e-010	0.0000e+000
4.150000e+003	2.30075721e-001	-3.16992428e+000	5.92939080e+002	0.00000000e+000	3.0627e+014	1.0000e-010	0.0000e+000
4.160000e+003	2.30135015e-001	-3.16986499e+000	5.87118976e+002	0.00000000e+000	3.0557e+014	1.0000e-010	0.0000e+000
4.170000e+003	2.30193727e-001	-3.16980627e+000	5.81312075e+002	0.00000000e+000	3.0487e+014	1.0000e-010	0.0000e+000
4.180000e+003	2.30251858e-001	-3.16974814e+000	5.75518217e+002	0.00000000e+000	3.0419e+014	1.0000e-010	0.0000e+000
4.190000e+003	2.30309410e-001	-3.16969059e+000	5.69737243e+002	0.00000000e+000	3.0351e+014	1.0000e-010	0.0000e+000
4.200000e+003	2.30366383e-001	-3.16963362e+000	5.63968995e+002	0.00000000e+000	3.0284e+014	1.0000e-010	0.0000e+000
4.210000e+003	2.30422780e-001	-3.16957722e+000	5.58213317e+002	0.00000000e+000	3.0218e+014	1.0000e-010	0.0000e+000
4.220000e+003	2.30478602e-001	-3.16952140e+000	5.52470054e+002	0.00000000e+000	3.0153e+014	1.0000e-010	0.0000e+000
4.230000e+003	2.30533849e-001	-3.16946615e+000	5.46739051e+002	0.00000000e+000	3.0089e+014	1.0000e-010	0.0000e+000
4.240000e+003	2.30588523e-001	-3.16941148e+000	5.41020156e+002	0.00000000e+000	3.0025e+014	1.0000e-010	0.0000e+000
4.250000e+003	2.30642625e-001	-3.16935738e+000	5.35313216e+002	0.00000000e+000	2.9962e+014	1.0000e-010	0.0000e+000
4.260000e+003	2.30696156e-001	-3.16930384e+000	5.29618082e+002	0.00000000e+000	2.9900e+014	1.0000e-010	0.0000e+000
4.270000e+003	2.30749118e-001	-3.16925088e+000	5.23934603e+002	0.00000000e+000	2.9839e+014	1.0000e-010	0.0000e+000
4.280000e+003	2.30801511e-001	-3.16919849e+000	5.18262631e+002	0.00000000e+000	2.9779e+014	1.0000e-010	0.0000e+000
4.290000e+003	2.30853337e-001	-3.16914666e+000	5.12602018e+002	0.00000000e+000	2.9719e+014	1.0000e-010	0.0000e+000
4.300000e+003	2.30904598e-001	-3.16909540e+000	5.06952618e+002	0.00000000e+000	2.9660e+014	1.0000e-010	0.0000e+000
4.310000e+003	2.30955293e-001	-3.16904471e+000	5.01314286e+002	0.00000000e+000	2.9602e+014	1.0000e-010	0.0000e+000
4.320000e+003	2.31005424e-001	-3.16899458e+000	4.95686877e+002	0.00000000e+000	2.9545e+014	1.0000e-010	0.0000e+000
4.330000e+003	2.31054993e-001	-3.16894501e+000	4.90070247e+002	0.00000000e+000	2.9488e+014	1.0000e-010	0.0000e+000
4.340000e+003	2.31104000e-001	-3.16889600e+000	4.84464255e+002	0.00000000e+000	2.9432e+014	1.0000e-010	0.0000e+000
4.350000e+003	2.31152447e-001	-3.16884755e+000	4.78868758e+002	0.00000000e+000	2.9377e+014	1.0000e-010	0.0000e+000
4.360000e+003	2.31200333e-001	-3.16879967e+000	4.73283617e+002	0.00000000e+000	2.9323e+014	1.0000e-010	0.0000e+000
4.370000e+003	2.31247662e-001	-3.16875234e+000	4.67708691e+002	0.00000000e+000	2.9269e+014	1.0000e-010	0.0000e+000
4.380000e+003	2.31294433e-001	-3.16870557e+000	4.62143843e+002	0.00000000e+000	2.9216e+014	1.0000e-010	0.0000e+000
4.390000e+003	2.31340647e-001	-3.16865935e+000	4.56588933e+002	0.00000000e+000	2.9164e+014	1.0000e-010	0.0000e+000
4.400000e+003	2.31386306e-001	-3.16861369e+000	4.51043825e+002	0.00000000e+000	2.9113e+014	1.0000e-010	0.0000e+000
4.410000e+003	2.31431410e-001	-3.16856859e+000	4.45508384e+002	0.00000000e+000	2.9062e+014	1.0000e-010	0.0000e+000
4.420000e+003	2.31475961e-001	-3.16852404e+000	4.39982474e+002	0.00000000e+000	2.9012e+014	1.0000e-010	0.0000e+000
4.430000e+003	2.31519959e-001	-3.16848004e+000	4.34465961e+002	0.00000000e+000	2.8963e+014	1.0000e-010	0.0000e+000
4.440000e+003	2.31563406e-001	-3.16843659e+000	4.28958710e+002	0.00000000e+000	2.8914e+014	1.0000e-010	0.0000e+000
4.450000e+003	2.31606302e-001	-3.16839370e+000	4.23460590e+002	0.00000000e+000	2.8866e+014	1.0000e-010	0.0000e+000
4.460000e+003	2.31648648e-001	-3.16835135e+000	4.17971469e+002	0.00000000e+000	2.8819e+014	1.0000e-010	0.0000e+000
4.470000e+003	2.31690445e-001	-3.16830955e+000	4.12491216e+002	0.00000000e+000	2.8772e+014	1.0000e-010	0.0000e+000
4.480000e+003	2.31731694e-001	-3.16826831e+000	4.07019700e+002	0.00000000e+000	2.8726e+014	1.0000e-010	0.0000e+000
4.490000e+003	2.31772396e-001	-3.16822760e+000	4.01556791e+002	0.00000000e+000	2.8681e+014	1.0000e-010	0.0000e+000
4.500000e+003	2.31812552e-001	-3.16818745e+000	3.96102361e+002	0.00000000e+000	2.8637e+014	1.0000e-010	0.0000e+000
4.510000e+003	2.31852162e-001	-3.16814784e+000	3.90656282e+002	0.00000000e+000	2.8593e+014	1.0000e-010	0.0000e+000
4.520000e+003	2.31891228e-001	-3.16810877e+000	3.85218427e+002	0.00000000e+000	2.8550e+014	1.0000e-010	0.0000e+000
4.530000e+003	2.31929750e-001	-3.16807025e+000	3.79788669e+002	0.00000000e+000	2.8507e+014	1.0000e-010	0.0000e+000
4.540000e+003	2.31967728e-001	-3.16803227e+000	3.74366881e+002	0.00000000e+000	2.8465e+014	1.0000e-010	0.0000e+000
4.550000e+003	2.32005165e-001	-3.16799483e+000	3.68952939e+002	0.00000000e+000	2.8424e+014	1.0000e-010	0.0000e+000
4.560000e+003	2.32042060e-001	-3.16795794e+000	3.63546719e+002	0.00000000e+000	2.8384e+014	1.0000e-010	0.0000e+000
4.570000e+003	2.32078415e-001	-3.16792158e+000	3.58148095e+002	0.00000000e+000	2.8344e+014	1.0000e-010	0.0000e+000
4.580000e+003	2.32114230e-001	-3.16788577e+000	3.52756946e+002	0.00000000e+000	2.8304e+014	1.0000e-010	0.0000e+000
4.590000e+003	2.32149506e-001	-3.16785049e+000	3.47373147e+002	0.00000000e+000	2.8266e+014	1.0000e-010	0.0000e+000
4.600000e+003	2.32184243e-001	-3.16781576e+000	3.41996579e+002	0.00000000e+000	2.8228e+014	1.0000e-010	0.0000e+000
4.610000e+003	2.32218443e-001	-3.16778156e+000	3.36627118e+002	0.00000000e+000	2.8191e+014	1.0000e-010	0.0000e+000
4.620000e+003	2.32252105e-001	-3.16774789e+000	3.31264644e+002	0.00000000e+000	2.8154e+014	1.0000e-010	0.0000e+000
4.630000e+003	2.32285232e-001	-3.16771477e+000	3.25909038e+002	0.00000000e+000	2.8118e+014	1.0000e-010	0.0000e+000
4.640000e+003	2.32317823e-001	-3.16768218e+000	3.20560178e+002	0.00000000e+000	2.8082e+014	1.0000e-010	0.0000e+000
4.650000e+003	2.32349879e-001	-3.16765012e+000	3.15217947e+002	0.00000000e+000	2.8048e+014	1.0000e-010	0.0000e+000
4.660000e+003	2.32381400e-001	-3.16761860e+000	3.09882227e+002	0.00000000e+000	2.8013e+014	1.0000e-010	0.0000e+000
4.670000e+003	2.32412389e-001	-3.16758761e+000	3.04552898e+002	0.00000000e+000	2.7980e+014	1.0000e-010	0.0000e+000
4.680000e+003	2.32442844e-001	-3.16755716e+000	2.99229843e+002	0.00000000e+000	2.7947e+014	1.0000e-010	0.0000e+000
4.690000e+003	2.32472767e-001	-3.16752723e+000	2.93912947e+002	0.00000000e+000	2.7915e+014	1.0000e-010	0.0000e+000
4.700000e+003	2.32502158e-001	-3.16749784e+000	2.88602091e+002	0.00000000e+000	2.7883e+014	1.0000e-010	0.0000e+000
4.710000e+003	2.32531018e-001	-3.16746898e+000	2.83297162e+002	0.00000000e+000	2.7852e+014	1.0000e-010	0.0000e+000
4.720000e+003	2.32559348e-001	-3.16744065e+000	2.77998042e+002	0.00000000e+000	2.7821e+014	1.0000e-010	0.0000e+000
4.730000e+003	2.32587148e-001	-3.16741285e+000	2.72704618e+002	0.00000000e+000	2.7791e+014	1.0000e-010	0.0000e+000
4.740000e+003	2.32614418e-001	-3.16738558e+000	2.67416775e+002	0.00000000e+000	2.7762e+014	1.0000e-010	0.0000e+000
4.750000e+003	2.32641160e-001	-3.16735884e+000	2.62134398e+002	0.00000000e+000	2.7733e+014	1.0000e-010	0.0000e+000
4.760000e+003	2.32667373e-001	-3.16733263e+000	2.56857376e+002	0.00000000e+000	2.7705e+014	1.0000e-010	0.0000e+000
4.770000e+003	2.32693059e-001	-3.16730694e+000	2.51585593e+002	0.00000000e+000	2.7678e+014	1.0000e-010	0.0000e+000
4.780000e+003	2.32718218e-001	-3.16728178e+000	2.46318939e+002	0.00000000e+000	2.7651e+014	1.0000e-010	0.0000e+000
4.790000e+003	2.32742850e-001	-3.16725715e+000	2.41057300e+002	0.00000000e+000	2.7624e+014	1.0000e-010	0.0000e+000
4.800000e+003	2.32766955e-001	-3.16723304e+000	2.35800565e+002	0.00000000e+000	2.7599e+014	1.0000e-010	0.0000e+000
4.810000e+003	2.32790535e-001	-3.16720946e+000	2.30548623e+002	0.00000000e+000	2.7574e+014	1.0000e-010	0.0000e+000
4.820000e+003	2.32813590e-001	-3.16718641e+000	2.25301363e+002	0.00000000e+000	2.7549e+014	1.0000e-010	0.0000e+000
4.830000e+003	2.32836120e-001	-3.16716388e+000	2.20058673e+002	0.00000000e+000	2.7525e+014	1.0000e-010	0.0000e+000
4.840000e+003	2.32858126e-001	-3.16714187e+000	2.14820444e+002	0.00000000e+000	2.7502e+014	1.0000e-010	0.0000e+000
4.850000e+003	2.32879608e-001	-3.16712039e+000	2.09586566e+002	0.00000000e+000	2.7479e+014	1.0000e-010	0.0000e+000
4.860000e+003	2.32900567e-001	-3.16709943e+000	2.04356930e+002	0.00000000e+000	2.7456e+014	1.0000e-010	0.0000e+000
4.870000e+003	2.32921003e-001	-3.16707900e+000	1.99131426e+002	0.00000000e+000	2.7435e+014	1.0000e-010	0.0000e+000
4.880000e+003	2.32940916e-001	-3.16705908e+000	1.93909946e+002	0.00000000e+000	2.7414e+014	1.0000e-010	0.0000e+000
4.890000e+003	2.32960307e-001	-3.16703969e+000	1.88692380e+002	0.00000000e+000	2.7393e+014	1.0000e-010	0.0000e+000
4.900000e+003	2.32979176e-001	-3.16702082e+000	1.83478622e+002	0.00000000e+000	2.7373e+014	1.0000e-010	0.0000e+000
4.910000e+003	2.32997524e-001	-3.16700248e+000	1.78268562e+002	0.00000000e+000	2.7354e+014	1.0000e-010	0.0000e+000
4.920000e+003	2.33015351e-001	-3.16698465e+000	1.73062094e+002	0.00000000e+000	2.7335e+014	1.0000e-010	0.0000e+000
4.930000e+003	2.33032657e-001	-3.16696734e+000	1.67859110e+002	0.00000000e+000	2.7317e+014	1.0000e-010	0.0000e+000
4.940000e+003	2.33049443e-001	-3.16695056e+000	1.62659504e+002	0.00000000e+000	2.7299e+014	1.0000e-010	0.0000e+000
4.950000e+003	2.33065709e-001	-3.16693429e+000	1.57463168e+002	0.00000000e+000	2.7282e+014	1.0000e-010	0.0000e+000
4.960000e+003	2.33081455e-001	-3.16691854e+000	1.52269996e+002	0.00000000e+000	2.7265e+014	1.0000e-010	0.0000e+000
4.970000e+003	2.33096682e-001	-3.16690332e+000	1.47079882e+002	0.00000000e+000	2.7249e+014	1.0000e-010	0.0000e+000
4.980000e+003	2.33111390e-001	-3.16688861e+000	1.41892720e+002	0.00000000e+000	2.7233e+014	1.0000e-010	0.0000e+000
4.990000e+003	2.33125579e-001	-3.16687442e+000	1.36708404e+002	0.00000000e+000	2.7219e+014	1.0000e-010	0.0000e+000
5.000000e+003	2.33139250e-001	-3.16686075e+000	1.31526829e+002	0.00000000e+000	2.7204e+014	1.0000e-010	0.0000e+000
5.010000e+003	2.33152403e-001	-3.16684760e+000	1.26347890e+002	0.00000000e+000	2.7190e+014	1.0000e-010	0.0000e+000
5.020000e+003	2.33165038e-001	-3.16683496e+000	1.21171481e+002	0.00000000e+000	2.7177e+014	1.0000e-010	0.0000e+000
5.030000e+003	2.33177155e-001	-3.16682285e+000	1.15997498e+002	0.00000000e+000	2.7164e+014	1.0000e-010	0.0000e+000
5.040000e+003	2.33188755e-001	-3.16681125e+000	1.10825836e+002	0.00000000e+000	2.7152e+014	1.0000e-010	0.0000e+000
5.050000e+003	2.33199837e-001	-3.16680016e+000	1.05656390e+002	0.00000000e+000	2.7140e+014	1.0000e-010	0.0000e+000
5.060000e+003	2.33210403e-001	-3.16678960e+000	1.00489057e+002	0.00000000e+000	2.7129e+014	1.0000e-010	0.0000e+000
5.070000e+003	2.33220452e-001	-3.16677955e+000	9.53237317e+001	0.00000000e+000	2.7119e+014	1.0000e-010	0.0000e+000
5.080000e+003	2.33229984e-001	-3.16677002e+000	9.01603109e+001	0.00000000e+000	2.7109e+014	1.0000e-010	0.0000e+000
5.090000e+003	2.33239000e-001	-3.16676100e+000	8.49986905e+001	0.00000000e+000	2.7099e+014	1.0000e-010	0.0000e+000
5.100000e+003	2.33247500e-001	-3.16675250e+000	7.98387670e+001	0.00000000e+000	2.7090e+014	1.0000e-010	0.0000e+000
5.110000e+003	2.33255484e-001	-3.16674452e+000	7.46804367e+001	0.00000000e+000	2.7082e+014	1.0000e-010	0.0000e+000
5.120000e+003	2.33262952e-001	-3.16673705e+000	6.95235964e+001	0.00000000e+000	2.7074e+014	1.0000e-010	0.0000e+000
5.130000e+003	2.33269904e-001	-3.16673010e+000	6.43681427e+001	0.00000000e+000	2.7067e+014	1.0000e-010	0.0000e+000
5.140000e+003	2.33276341e-001	-3.16672366e+000	5.92139724e+001	0.00000000e+000	2.7060e+014	1.0000e-010	0.0000e+000
5.150000e+003	2.33282263e-001	-3.16671774e+000	5.40609826e+001	0.00000000e+000	2.7054e+014	1.0000e-010	0.0000e+000
5.160000e+003	2.33287669e-001	-3.16671233e+000	4.89090703e+001	0.00000000e+000	2.7048e+014	1.0000e-010	0.0000e+000
5.170000e+003	2.33292560e-001	-3.16670744e+000	4.37581326e+001	0.00000000e+000	2.7043e+014	1.0000e-010	0.0000e+000
5.180000e+003	2.33296935e-001	-3.16670306e+000	3.86080666e+001	0.00000000e+000	2.7039e+014	1.0000e-010	0.0000e+000
5.190000e+003	2.33300796e-001	-3.16669920e+000	3.34587697e+001	0.00000000e+000	2.7035e+014	1.0000e-010	0.0000e+000
5.200000e+003	2.33304142e-001	-3.16669586e+000	2.83101393e+001	0.00000000e+000	2.7031e+014	1.0000e-010	0.0000e+000
5.210000e+003	2.33306973e-001	-3.16669303e+000	2.31620726e+001	0.00000000e+000	2.7028e+014	1.0000e-010	0.0000e+000
5.220000e+003	2.33309289e-001	-3.16669071e+000	1.80144671e+001	0.00000000e+000	2.7026e+014	1.0000e-010	0.0000e+000
5.230000e+003	2.33311091e-001	-3.16668891e+000	1.28672203e+001	0.00000000e+000	2.7024e+014	1.0000e-010	0.0000e+000
5.240000e+003	2.33312377e-001	-3.16668762e+000	7.72022972e+000	0.00000000e+000	2.7023e+014	1.0000e-010	0.0000e+000
5.250000e+003	2.33313149e-001	-3.16668685e+000	2.57339283e+000	0.00000000e+000	2.7022e+014	1.0000e-010	0.0000e+000
5.260000e+003	2.33313407e-001	-3.16668659e+000	2.57339283e+000	0.00000000e+000	2.7021e+014	1.0000e-010	0.0000e+000
