Y (ang)	Ec (eV)	Ev (eV)	E (V/cm)	Ef (eV)	n (cm-3)	p (cm-3)	Nd - Na (cm-3)
0.000000e+000	-6.40000000e+000	-9.80000000e+000	3.74656833e+007	-7.00000000e+000	1.8691e+008	1.0000e-010	0.0000e+000
1.000000e+001	-2.09343167e+000	-6.19343167e+000	1.16919178e+007	0.00000000e+000	1.2308e+021	1.0000e-010	-1.3848e+020
2.000000e+001	-9.24239892e-001	-5.02423989e+000	4.62301593e+006	0.00000000e+000	3.6135e+020	1.0000e-010	0.0000e+000
3.000000e+001	-4.61938300e-001	-4.56193830e+000	2.11763350e+006	0.00000000e+000	1.2807e+020	1.0000e-010	0.0000e+000
4.000000e+001	-2.50174949e-001	-4.35017495e+000	1.10934127e+006	0.00000000e+000	5.1542e+019	1.0000e-010	0.0000e+000
5.000000e+001	-1.39240823e-001	-4.23924082e+000	6.81192326e+005	0.00000000e+000	2.1886e+019	1.0000e-010	0.0000e+000
6.000000e+001	-7.11215899e-002	-4.17112159e+000	5.05534364e+005	0.00000000e+000	8.9794e+018	1.0000e-010	0.0000e+000
7.000000e+001	-2.05681536e-002	-4.12056815e+000	4.45250804e+005	0.00000000e+000	3.0816e+018	1.0000e-010	0.0000e+000
8.000000e+001	2.39569269e-002	-4.07604307e+000	4.29872025e+005	0.00000000e+000	7.8614e+017	1.0000e-010	0.0000e+000
9.000000e+001	6.69441293e-002	-4.03305587e+000	4.26659261e+005	0.00000000e+000	1.6423e+017	1.0000e-010	0.0000e+000
1.000000e+002	1.09610055e-001	-3.99038994e+000	4.26026495e+005	0.00000000e+000	3.2346e+016	1.0000e-010	0.0000e+000
1.100000e+002	1.52212705e-001	-3.94778730e+000	4.25904722e+005	0.00000000e+000	6.2249e+015	1.0000e-010	0.0000e+000
1.200000e+002	1.94803177e-001	-3.90519682e+000	4.25881276e+005	0.00000000e+000	1.1985e+015	1.0000e-010	0.0000e+000
1.300000e+002	-3.22608695e-001	-3.72260870e+000	1.62263835e+006	0.00000000e+000	7.5065e+019	1.0000e-010	1.3848e+020
1.400000e+002	-1.17267938e-001	-3.57111409e+000	1.10498106e+006	0.00000000e+000	1.7168e+019	1.0000e-010	-1.0126e+019
1.500000e+002	3.63070915e-002	-3.47138522e+000	9.02148453e+005	0.00000000e+000	5.0908e+017	1.0000e-010	-1.0214e+019
1.600000e+002	1.69598860e-001	-3.39193960e+000	7.06503772e+005	0.00000000e+000	3.1773e+015	1.0000e-010	-1.0302e+019
1.700000e+002	2.83326160e-001	-3.33205846e+000	5.08436440e+005	0.00000000e+000	3.9041e+013	1.0000e-010	-1.0389e+019
1.800000e+002	3.77246727e-001	-3.29198404e+000	3.07871941e+005	0.00000000e+000	1.0321e+012	1.0000e-010	-1.0477e+019
1.900000e+002	4.51110844e-001	-3.27196608e+000	1.04794208e+005	0.00000000e+000	5.9273e+010	1.0000e-010	-1.0565e+019
2.000000e+002	5.04667188e-001	-3.27225589e+000	-1.00812258e+005	0.00000000e+000	7.4671e+009	1.0000e-010	-1.0653e+019
2.100000e+002	5.37662886e-001	-3.29310635e+000	-3.08963068e+005	0.00000000e+000	2.0838e+009	1.0000e-010	-1.0740e+019
2.200000e+002	5.49843502e-001	-3.33477188e+000	-5.19673960e+005	0.00000000e+000	1.3008e+009	1.0000e-010	-1.0828e+019
2.300000e+002	5.40953029e-001	-3.39750851e+000	-7.32960802e+005	0.00000000e+000	1.8347e+009	1.0000e-010	-1.0916e+019
2.400000e+002	5.10733872e-001	-3.48157382e+000	-9.48839594e+005	0.00000000e+000	5.9052e+009	1.0000e-010	-1.1003e+019
2.500000e+002	4.58926835e-001	-3.58722701e+000	-1.16732647e+006	0.00000000e+000	4.3808e+010	1.0000e-010	-1.1091e+019
2.600000e+002	-1.74728888e-001	-3.57472889e+000	7.04587466e+005	0.00000000e+000	3.0517e+019	1.0000e-010	1.2730e+020
2.700000e+002	-1.04270142e-001	-3.50427014e+000	4.26122337e+005	0.00000000e+000	1.4619e+019	1.0000e-010	0.0000e+000
2.800000e+002	-6.16579081e-002	-3.46165791e+000	2.81143758e+005	0.00000000e+000	7.6114e+018	1.0000e-010	0.0000e+000
2.900000e+002	-3.35435323e-002	-3.43354353e+000	2.00141938e+005	0.00000000e+000	4.2526e+018	1.0000e-010	0.0000e+000
3.000000e+002	-1.35293385e-002	-3.41352934e+000	1.51597862e+005	0.00000000e+000	2.5486e+018	1.0000e-010	0.0000e+000
3.100000e+002	1.63044769e-003	-3.39836955e+000	1.20474736e+005	0.00000000e+000	1.6340e+018	1.0000e-010	0.0000e+000
3.200000e+002	1.36779213e-002	-3.38632208e+000	9.92927547e+004	0.00000000e+000	1.1121e+018	1.0000e-010	0.0000e+000
3.300000e+002	2.36071968e-002	-3.37639280e+000	8.41372477e+004	0.00000000e+000	7.9567e+017	1.0000e-010	0.0000e+000
3.400000e+002	3.20209216e-002	-3.36797908e+000	7.28408029e+004	0.00000000e+000	5.9307e+017	1.0000e-010	0.0000e+000
3.500000e+002	3.93050019e-002	-3.36069500e+000	6.41354638e+004	0.00000000e+000	4.5703e+017	1.0000e-010	0.0000e+000
3.600000e+002	4.57185483e-002	-3.35428145e+000	5.72412953e+004	0.00000000e+000	3.6194e+017	1.0000e-010	0.0000e+000
3.700000e+002	5.14426778e-002	-3.34855732e+000	5.16568850e+004	0.00000000e+000	2.9318e+017	1.0000e-010	0.0000e+000
3.800000e+002	5.66083663e-002	-3.34339163e+000	4.70472841e+004	0.00000000e+000	2.4200e+017	1.0000e-010	0.0000e+000
3.900000e+002	6.13130947e-002	-3.33868691e+000	4.31812044e+004	0.00000000e+000	2.0297e+017	1.0000e-010	0.0000e+000
4.000000e+002	6.56312151e-002	-3.33436878e+000	3.98942881e+004	0.00000000e+000	1.7256e+017	1.0000e-010	0.0000e+000
4.100000e+002	6.96206439e-002	-3.33037936e+000	3.70667887e+004	0.00000000e+000	1.4844e+017	1.0000e-010	0.0000e+000
4.200000e+002	7.33273228e-002	-3.32667268e+000	3.46095387e+004	0.00000000e+000	1.2901e+017	1.0000e-010	0.0000e+000
4.300000e+002	7.67882767e-002	-3.32321172e+000	3.24548549e+004	0.00000000e+000	1.1312e+017	1.0000e-010	0.0000e+000
4.400000e+002	8.00337622e-002	-3.31996624e+000	3.05504834e+004	0.00000000e+000	9.9980e+016	1.0000e-010	0.0000e+000
4.500000e+002	8.30888105e-002	-3.31691119e+000	2.88554689e+004	0.00000000e+000	8.8989e+016	1.0000e-010	0.0000e+000
4.600000e+002	8.59743574e-002	-3.31402564e+000	2.73372761e+004	0.00000000e+000	7.9705e+016	1.0000e-010	0.0000e+000
4.700000e+002	8.87080850e-002	-3.31129191e+000	2.59697427e+004	0.00000000e+000	7.1796e+016	1.0000e-010	0.0000e+000
4.800000e+002	9.13050593e-002	-3.30869494e+000	2.47316001e+004	0.00000000e+000	6.5003e+016	1.0000e-010	0.0000e+000
4.900000e+002	9.37782193e-002	-3.30622178e+000	2.36053851e+004	0.00000000e+000	5.9126e+016	1.0000e-010	0.0000e+000
5.000000e+002	9.61387578e-002	-3.30386124e+000	2.25766289e+004	0.00000000e+000	5.4010e+016	1.0000e-010	0.0000e+000
5.100000e+002	9.83964207e-002	-3.30160358e+000	2.16332441e+004	0.00000000e+000	4.9528e+016	1.0000e-010	0.0000e+000
5.200000e+002	1.00559745e-001	-3.29944025e+000	2.07650558e+004	0.00000000e+000	4.5580e+016	1.0000e-010	0.0000e+000
5.300000e+002	1.02636251e-001	-3.29736375e+000	1.99634390e+004	0.00000000e+000	4.2085e+016	1.0000e-010	0.0000e+000
5.400000e+002	1.04632595e-001	-3.29536741e+000	1.92165098e+004	0.00000000e+000	3.9214e+016	1.0000e-010	0.0000e+000
5.500000e+002	1.06554246e-001	-3.29344575e+000	1.85230887e+004	0.00000000e+000	3.6405e+016	1.0000e-010	0.0000e+000
5.600000e+002	1.08406554e-001	-3.29159345e+000	1.78776134e+004	0.00000000e+000	3.3888e+016	1.0000e-010	0.0000e+000
5.700000e+002	1.10194316e-001	-3.28980568e+000	1.72752666e+004	0.00000000e+000	3.1623e+016	1.0000e-010	0.0000e+000
5.800000e+002	1.11921842e-001	-3.28807816e+000	1.67118556e+004	0.00000000e+000	2.9579e+016	1.0000e-010	0.0000e+000
5.900000e+002	1.13593028e-001	-3.28640697e+000	1.61837136e+004	0.00000000e+000	2.7728e+016	1.0000e-010	0.0000e+000
6.000000e+002	1.15211399e-001	-3.28478860e+000	1.56876204e+004	0.00000000e+000	2.6045e+016	1.0000e-010	0.0000e+000
6.100000e+002	1.16780161e-001	-3.28321984e+000	1.52207362e+004	0.00000000e+000	2.4511e+016	1.0000e-010	0.0000e+000
6.200000e+002	1.18302235e-001	-3.28169777e+000	1.47805469e+004	0.00000000e+000	2.3110e+016	1.0000e-010	0.0000e+000
6.300000e+002	1.19780290e-001	-3.28021971e+000	1.43648190e+004	0.00000000e+000	2.1826e+016	1.0000e-010	0.0000e+000
6.400000e+002	1.21216772e-001	-3.27878323e+000	1.39715611e+004	0.00000000e+000	2.0646e+016	1.0000e-010	0.0000e+000
6.500000e+002	1.22613928e-001	-3.27738607e+000	1.35989926e+004	0.00000000e+000	1.9560e+016	1.0000e-010	0.0000e+000
6.600000e+002	1.23973827e-001	-3.27602617e+000	1.32455158e+004	0.00000000e+000	1.8558e+016	1.0000e-010	0.0000e+000
6.700000e+002	1.25298379e-001	-3.27470162e+000	1.29096936e+004	0.00000000e+000	1.7631e+016	1.0000e-010	0.0000e+000
6.800000e+002	1.26589348e-001	-3.27341065e+000	1.25902296e+004	0.00000000e+000	1.6772e+016	1.0000e-010	0.0000e+000
6.900000e+002	1.27848371e-001	-3.27215163e+000	1.22859510e+004	0.00000000e+000	1.5975e+016	1.0000e-010	0.0000e+000
7.000000e+002	1.29076966e-001	-3.27092303e+000	1.19957948e+004	0.00000000e+000	1.5233e+016	1.0000e-010	0.0000e+000
7.100000e+002	1.30276545e-001	-3.26972345e+000	1.17187947e+004	0.00000000e+000	1.4543e+016	1.0000e-010	0.0000e+000
7.200000e+002	1.31448425e-001	-3.26855158e+000	1.14540708e+004	0.00000000e+000	1.3898e+016	1.0000e-010	0.0000e+000
7.300000e+002	1.32593832e-001	-3.26740617e+000	1.12008199e+004	0.00000000e+000	1.3296e+016	1.0000e-010	0.0000e+000
7.400000e+002	1.33713914e-001	-3.26628609e+000	1.09583071e+004	0.00000000e+000	1.2732e+016	1.0000e-010	0.0000e+000
7.500000e+002	1.34809745e-001	-3.26519026e+000	1.07258594e+004	0.00000000e+000	1.2204e+016	1.0000e-010	0.0000e+000
7.600000e+002	1.35882331e-001	-3.26411767e+000	1.05028584e+004	0.00000000e+000	1.1708e+016	1.0000e-010	0.0000e+000
7.700000e+002	1.36932616e-001	-3.26306738e+000	1.02887357e+004	0.00000000e+000	1.1241e+016	1.0000e-010	0.0000e+000
7.800000e+002	1.37961490e-001	-3.26203851e+000	1.00829674e+004	0.00000000e+000	1.0803e+016	1.0000e-010	0.0000e+000
7.900000e+002	1.38969787e-001	-3.26103021e+000	9.88507020e+003	0.00000000e+000	1.0390e+016	1.0000e-010	0.0000e+000
8.000000e+002	1.39958294e-001	-3.26004171e+000	9.69459714e+003	0.00000000e+000	9.9999e+015	1.0000e-010	0.0000e+000
8.100000e+002	1.40927754e-001	-3.25907225e+000	9.51113463e+003	0.00000000e+000	9.6318e+015	1.0000e-010	0.0000e+000
8.200000e+002	1.41878867e-001	-3.25812113e+000	9.33429918e+003	0.00000000e+000	9.2839e+015	1.0000e-010	0.0000e+000
8.300000e+002	1.42812297e-001	-3.25718770e+000	9.16373478e+003	0.00000000e+000	8.9547e+015	1.0000e-010	0.0000e+000
8.400000e+002	1.43728670e-001	-3.25627133e+000	8.99911046e+003	0.00000000e+000	8.6428e+015	1.0000e-010	0.0000e+000
8.500000e+002	1.44628581e-001	-3.25537142e+000	8.84011815e+003	0.00000000e+000	8.3471e+015	1.0000e-010	0.0000e+000
8.600000e+002	1.45512593e-001	-3.25448741e+000	8.68647068e+003	0.00000000e+000	8.0665e+015	1.0000e-010	0.0000e+000
8.700000e+002	1.46381240e-001	-3.25361876e+000	8.53790012e+003	0.00000000e+000	7.8000e+015	1.0000e-010	0.0000e+000
8.800000e+002	1.47235030e-001	-3.25276497e+000	8.39415613e+003	0.00000000e+000	7.5466e+015	1.0000e-010	0.0000e+000
8.900000e+002	1.48074446e-001	-3.25192555e+000	8.25500455e+003	0.00000000e+000	7.3055e+015	1.0000e-010	0.0000e+000
9.000000e+002	1.48899946e-001	-3.25110005e+000	8.12022614e+003	0.00000000e+000	7.0759e+015	1.0000e-010	0.0000e+000
9.100000e+002	1.49711969e-001	-3.25028803e+000	7.98961538e+003	0.00000000e+000	6.8571e+015	1.0000e-010	0.0000e+000
9.200000e+002	1.50510931e-001	-3.24948907e+000	7.86297943e+003	0.00000000e+000	6.6484e+015	1.0000e-010	0.0000e+000
9.300000e+002	1.51297228e-001	-3.24870277e+000	7.74013718e+003	0.00000000e+000	6.4492e+015	1.0000e-010	0.0000e+000
9.400000e+002	1.52071242e-001	-3.24792876e+000	7.62091834e+003	0.00000000e+000	6.2590e+015	1.0000e-010	0.0000e+000
9.500000e+002	1.52833334e-001	-3.24716667e+000	7.50516266e+003	0.00000000e+000	6.0772e+015	1.0000e-010	0.0000e+000
9.600000e+002	1.53583850e-001	-3.24641615e+000	7.39271921e+003	0.00000000e+000	5.9033e+015	1.0000e-010	0.0000e+000
9.700000e+002	1.54323122e-001	-3.24567688e+000	7.28344568e+003	0.00000000e+000	5.7369e+015	1.0000e-010	0.0000e+000
9.800000e+002	1.55051467e-001	-3.24494853e+000	7.17720782e+003	0.00000000e+000	5.5775e+015	1.0000e-010	0.0000e+000
9.900000e+002	1.55769188e-001	-3.24423081e+000	7.07387884e+003	0.00000000e+000	5.4248e+015	1.0000e-010	0.0000e+000
1.000000e+003	1.56476575e-001	-3.24352342e+000	6.97333893e+003	0.00000000e+000	5.2784e+015	1.0000e-010	0.0000e+000
1.010000e+003	1.57173909e-001	-3.24282609e+000	6.87547473e+003	0.00000000e+000	5.1379e+015	1.0000e-010	0.0000e+000
1.020000e+003	1.57861457e-001	-3.24213854e+000	6.78017898e+003	0.00000000e+000	5.0030e+015	1.0000e-010	0.0000e+000
1.030000e+003	1.58539475e-001	-3.24146053e+000	6.68735005e+003	0.00000000e+000	4.8735e+015	1.0000e-010	0.0000e+000
1.040000e+003	1.59208210e-001	-3.24079179e+000	6.59689162e+003	0.00000000e+000	4.7491e+015	1.0000e-010	0.0000e+000
1.050000e+003	1.59867899e-001	-3.24013210e+000	6.50871229e+003	0.00000000e+000	4.6294e+015	1.0000e-010	0.0000e+000
1.060000e+003	1.60518770e-001	-3.23948123e+000	6.42272533e+003	0.00000000e+000	4.5143e+015	1.0000e-010	0.0000e+000
1.070000e+003	1.61161043e-001	-3.23883896e+000	6.33884832e+003	0.00000000e+000	4.4036e+015	1.0000e-010	0.0000e+000
1.080000e+003	1.61794927e-001	-3.23820507e+000	6.25700295e+003	0.00000000e+000	4.2969e+015	1.0000e-010	0.0000e+000
1.090000e+003	1.62420628e-001	-3.23757937e+000	6.17711472e+003	0.00000000e+000	4.1941e+015	1.0000e-010	0.0000e+000
1.100000e+003	1.63038339e-001	-3.23696166e+000	6.09911273e+003	0.00000000e+000	4.0951e+015	1.0000e-010	0.0000e+000
1.110000e+003	1.63648251e-001	-3.23635175e+000	6.02292945e+003	0.00000000e+000	3.9996e+015	1.0000e-010	0.0000e+000
1.120000e+003	1.64250543e-001	-3.23574946e+000	5.94850056e+003	0.00000000e+000	3.9075e+015	1.0000e-010	0.0000e+000
1.130000e+003	1.64845394e-001	-3.23515461e+000	5.87576471e+003	0.00000000e+000	3.8186e+015	1.0000e-010	0.0000e+000
1.140000e+003	1.65432970e-001	-3.23456703e+000	5.80466339e+003	0.00000000e+000	3.7328e+015	1.0000e-010	0.0000e+000
1.150000e+003	1.66013436e-001	-3.23398656e+000	5.73514075e+003	0.00000000e+000	3.6499e+015	1.0000e-010	0.0000e+000
1.160000e+003	1.66586950e-001	-3.23341305e+000	5.66714345e+003	0.00000000e+000	3.5699e+015	1.0000e-010	0.0000e+000
1.170000e+003	1.67153665e-001	-3.23284634e+000	5.60062054e+003	0.00000000e+000	3.4925e+015	1.0000e-010	0.0000e+000
1.180000e+003	1.67713727e-001	-3.23228627e+000	5.53552330e+003	0.00000000e+000	3.4176e+015	1.0000e-010	0.0000e+000
1.190000e+003	1.68267279e-001	-3.23173272e+000	5.47180512e+003	0.00000000e+000	3.3452e+015	1.0000e-010	0.0000e+000
1.200000e+003	1.68814460e-001	-3.23118554e+000	5.40942142e+003	0.00000000e+000	3.2752e+015	1.0000e-010	0.0000e+000
1.210000e+003	1.69355402e-001	-3.23064460e+000	5.34832951e+003	0.00000000e+000	3.2073e+015	1.0000e-010	0.0000e+000
1.220000e+003	1.69890235e-001	-3.23010977e+000	5.28848851e+003	0.00000000e+000	3.1417e+015	1.0000e-010	0.0000e+000
1.230000e+003	1.70419084e-001	-3.22958092e+000	5.22985922e+003	0.00000000e+000	3.0780e+015	1.0000e-010	0.0000e+000
1.240000e+003	1.70942070e-001	-3.22905793e+000	5.17240409e+003	0.00000000e+000	3.0164e+015	1.0000e-010	0.0000e+000
1.250000e+003	1.71459310e-001	-3.22854069e+000	5.11608708e+003	0.00000000e+000	2.9567e+015	1.0000e-010	0.0000e+000
1.260000e+003	1.71970919e-001	-3.22802908e+000	5.06087363e+003	0.00000000e+000	2.8987e+015	1.0000e-010	0.0000e+000
1.270000e+003	1.72477006e-001	-3.22752299e+000	5.00673054e+003	0.00000000e+000	2.8425e+015	1.0000e-010	0.0000e+000
1.280000e+003	1.72977679e-001	-3.22702232e+000	4.95362595e+003	0.00000000e+000	2.7880e+015	1.0000e-010	0.0000e+000
1.290000e+003	1.73473042e-001	-3.22652696e+000	4.90152923e+003	0.00000000e+000	2.7351e+015	1.0000e-010	0.0000e+000
1.300000e+003	1.73963195e-001	-3.22603681e+000	4.85041096e+003	0.00000000e+000	2.6837e+015	1.0000e-010	0.0000e+000
1.310000e+003	1.74448236e-001	-3.22555176e+000	4.80024284e+003	0.00000000e+000	2.6338e+015	1.0000e-010	0.0000e+000
1.320000e+003	1.74928260e-001	-3.22507174e+000	4.75099766e+003	0.00000000e+000	2.5854e+015	1.0000e-010	0.0000e+000
1.330000e+003	1.75403360e-001	-3.22459664e+000	4.70264922e+003	0.00000000e+000	2.5383e+015	1.0000e-010	0.0000e+000
1.340000e+003	1.75873625e-001	-3.22412638e+000	4.65517233e+003	0.00000000e+000	2.4925e+015	1.0000e-010	0.0000e+000
1.350000e+003	1.76339142e-001	-3.22366086e+000	4.60854270e+003	0.00000000e+000	2.4481e+015	1.0000e-010	0.0000e+000
1.360000e+003	1.76799996e-001	-3.22320000e+000	4.56273695e+003	0.00000000e+000	2.4048e+015	1.0000e-010	0.0000e+000
1.370000e+003	1.77256270e-001	-3.22274373e+000	4.51773256e+003	0.00000000e+000	2.3627e+015	1.0000e-010	0.0000e+000
1.380000e+003	1.77708043e-001	-3.22229196e+000	4.47350781e+003	0.00000000e+000	2.3218e+015	1.0000e-010	0.0000e+000
1.390000e+003	1.78155394e-001	-3.22184461e+000	4.43004175e+003	0.00000000e+000	2.2820e+015	1.0000e-010	0.0000e+000
1.400000e+003	1.78598398e-001	-3.22140160e+000	4.38731418e+003	0.00000000e+000	2.2432e+015	1.0000e-010	0.0000e+000
1.410000e+003	1.79037129e-001	-3.22096287e+000	4.34530563e+003	0.00000000e+000	2.2055e+015	1.0000e-010	0.0000e+000
1.420000e+003	1.79471660e-001	-3.22052834e+000	4.30399727e+003	0.00000000e+000	2.1687e+015	1.0000e-010	0.0000e+000
1.430000e+003	1.79902060e-001	-3.22009794e+000	4.26337094e+003	0.00000000e+000	2.1329e+015	1.0000e-010	0.0000e+000
1.440000e+003	1.80328397e-001	-3.21967160e+000	4.22340910e+003	0.00000000e+000	2.0980e+015	1.0000e-010	0.0000e+000
1.450000e+003	1.80750738e-001	-3.21924926e+000	4.18409482e+003	0.00000000e+000	2.0640e+015	1.0000e-010	0.0000e+000
1.460000e+003	1.81169147e-001	-3.21883085e+000	4.14541171e+003	0.00000000e+000	2.0309e+015	1.0000e-010	0.0000e+000
1.470000e+003	1.81583688e-001	-3.21841631e+000	4.10734394e+003	0.00000000e+000	1.9986e+015	1.0000e-010	0.0000e+000
1.480000e+003	1.81994423e-001	-3.21800558e+000	4.06987620e+003	0.00000000e+000	1.9671e+015	1.0000e-010	0.0000e+000
1.490000e+003	1.82401410e-001	-3.21759859e+000	4.03299371e+003	0.00000000e+000	1.9363e+015	1.0000e-010	0.0000e+000
1.500000e+003	1.82804710e-001	-3.21719529e+000	3.99668213e+003	0.00000000e+000	1.9064e+015	1.0000e-010	0.0000e+000
1.510000e+003	1.83204378e-001	-3.21679562e+000	3.96092760e+003	0.00000000e+000	1.8771e+015	1.0000e-010	0.0000e+000
1.520000e+003	1.83600471e-001	-3.21639953e+000	3.92571671e+003	0.00000000e+000	1.8486e+015	1.0000e-010	0.0000e+000
1.530000e+003	1.83993042e-001	-3.21600696e+000	3.89103648e+003	0.00000000e+000	1.8207e+015	1.0000e-010	0.0000e+000
1.540000e+003	1.84382146e-001	-3.21561785e+000	3.85687431e+003	0.00000000e+000	1.7935e+015	1.0000e-010	0.0000e+000
1.550000e+003	1.84767834e-001	-3.21523217e+000	3.82321803e+003	0.00000000e+000	1.7670e+015	1.0000e-010	0.0000e+000
1.560000e+003	1.85150155e-001	-3.21484984e+000	3.79005582e+003	0.00000000e+000	1.7410e+015	1.0000e-010	0.0000e+000
1.570000e+003	1.85529161e-001	-3.21447084e+000	3.75737625e+003	0.00000000e+000	1.7157e+015	1.0000e-010	0.0000e+000
1.580000e+003	1.85904899e-001	-3.21409510e+000	3.72516821e+003	0.00000000e+000	1.6909e+015	1.0000e-010	0.0000e+000
1.590000e+003	1.86277415e-001	-3.21372258e+000	3.69342095e+003	0.00000000e+000	1.6667e+015	1.0000e-010	0.0000e+000
1.600000e+003	1.86646757e-001	-3.21335324e+000	3.66212403e+003	0.00000000e+000	1.6431e+015	1.0000e-010	0.0000e+000
1.610000e+003	1.87012970e-001	-3.21298703e+000	3.63126733e+003	0.00000000e+000	1.6200e+015	1.0000e-010	0.0000e+000
1.620000e+003	1.87376097e-001	-3.21262390e+000	3.60084103e+003	0.00000000e+000	1.5974e+015	1.0000e-010	0.0000e+000
1.630000e+003	1.87736181e-001	-3.21226382e+000	3.57083558e+003	0.00000000e+000	1.5753e+015	1.0000e-010	0.0000e+000
1.640000e+003	1.88093264e-001	-3.21190674e+000	3.54124174e+003	0.00000000e+000	1.5537e+015	1.0000e-010	0.0000e+000
1.650000e+003	1.88447388e-001	-3.21155261e+000	3.51205052e+003	0.00000000e+000	1.5325e+015	1.0000e-010	0.0000e+000
1.660000e+003	1.88798593e-001	-3.21120141e+000	3.48325318e+003	0.00000000e+000	1.5119e+015	1.0000e-010	0.0000e+000
1.670000e+003	1.89146919e-001	-3.21085308e+000	3.45484125e+003	0.00000000e+000	1.4916e+015	1.0000e-010	0.0000e+000
1.680000e+003	1.89492403e-001	-3.21050760e+000	3.42680649e+003	0.00000000e+000	1.4718e+015	1.0000e-010	0.0000e+000
1.690000e+003	1.89835084e-001	-3.21016492e+000	3.39914090e+003	0.00000000e+000	1.4524e+015	1.0000e-010	0.0000e+000
1.700000e+003	1.90174998e-001	-3.20982500e+000	3.37183668e+003	0.00000000e+000	1.4335e+015	1.0000e-010	0.0000e+000
1.710000e+003	1.90512181e-001	-3.20948782e+000	3.34488627e+003	0.00000000e+000	1.4149e+015	1.0000e-010	0.0000e+000
1.720000e+003	1.90846670e-001	-3.20915333e+000	3.31828232e+003	0.00000000e+000	1.3967e+015	1.0000e-010	0.0000e+000
1.730000e+003	1.91178498e-001	-3.20882150e+000	3.29201767e+003	0.00000000e+000	1.3789e+015	1.0000e-010	0.0000e+000
1.740000e+003	1.91507700e-001	-3.20849230e+000	3.26608535e+003	0.00000000e+000	1.3615e+015	1.0000e-010	0.0000e+000
1.750000e+003	1.91834308e-001	-3.20816569e+000	3.24047860e+003	0.00000000e+000	1.3444e+015	1.0000e-010	0.0000e+000
1.760000e+003	1.92158356e-001	-3.20784164e+000	3.21519082e+003	0.00000000e+000	1.3276e+015	1.0000e-010	0.0000e+000
1.770000e+003	1.92479875e-001	-3.20752012e+000	3.19021559e+003	0.00000000e+000	1.3112e+015	1.0000e-010	0.0000e+000
1.780000e+003	1.92798897e-001	-3.20720110e+000	3.16554667e+003	0.00000000e+000	1.2951e+015	1.0000e-010	0.0000e+000
1.790000e+003	1.93115452e-001	-3.20688455e+000	3.14117797e+003	0.00000000e+000	1.2794e+015	1.0000e-010	0.0000e+000
1.800000e+003	1.93429569e-001	-3.20657043e+000	3.11710358e+003	0.00000000e+000	1.2639e+015	1.0000e-010	0.0000e+000
1.810000e+003	1.93741280e-001	-3.20625872e+000	3.09331772e+003	0.00000000e+000	1.2488e+015	1.0000e-010	0.0000e+000
1.820000e+003	1.94050612e-001	-3.20594939e+000	3.06981478e+003	0.00000000e+000	1.2339e+015	1.0000e-010	0.0000e+000
1.830000e+003	1.94357593e-001	-3.20564241e+000	3.04658927e+003	0.00000000e+000	1.2193e+015	1.0000e-010	0.0000e+000
1.840000e+003	1.94662252e-001	-3.20533775e+000	3.02363587e+003	0.00000000e+000	1.2051e+015	1.0000e-010	0.0000e+000
1.850000e+003	1.94964616e-001	-3.20503538e+000	3.00094936e+003	0.00000000e+000	1.1910e+015	1.0000e-010	0.0000e+000
1.860000e+003	1.95264710e-001	-3.20473529e+000	2.97852468e+003	0.00000000e+000	1.1773e+015	1.0000e-010	0.0000e+000
1.870000e+003	1.95562563e-001	-3.20443744e+000	2.95635688e+003	0.00000000e+000	1.1638e+015	1.0000e-010	0.0000e+000
1.880000e+003	1.95858199e-001	-3.20414180e+000	2.93444114e+003	0.00000000e+000	1.1506e+015	1.0000e-010	0.0000e+000
1.890000e+003	1.96151643e-001	-3.20384836e+000	2.91277276e+003	0.00000000e+000	1.1376e+015	1.0000e-010	0.0000e+000
1.900000e+003	1.96442920e-001	-3.20355708e+000	2.89134714e+003	0.00000000e+000	1.1248e+015	1.0000e-010	0.0000e+000
1.910000e+003	1.96732055e-001	-3.20326795e+000	2.87015983e+003	0.00000000e+000	1.1123e+015	1.0000e-010	0.0000e+000
1.920000e+003	1.97019071e-001	-3.20298093e+000	2.84920643e+003	0.00000000e+000	1.1001e+015	1.0000e-010	0.0000e+000
1.930000e+003	1.97303991e-001	-3.20269601e+000	2.82848271e+003	0.00000000e+000	1.0880e+015	1.0000e-010	0.0000e+000
1.940000e+003	1.97586840e-001	-3.20241316e+000	2.80798448e+003	0.00000000e+000	1.0762e+015	1.0000e-010	0.0000e+000
1.950000e+003	1.97867638e-001	-3.20213236e+000	2.78770770e+003	0.00000000e+000	1.0645e+015	1.0000e-010	0.0000e+000
1.960000e+003	1.98146409e-001	-3.20185359e+000	2.76764840e+003	0.00000000e+000	1.0531e+015	1.0000e-010	0.0000e+000
1.970000e+003	1.98423174e-001	-3.20157683e+000	2.74780270e+003	0.00000000e+000	1.0419e+015	1.0000e-010	0.0000e+000
1.980000e+003	1.98697954e-001	-3.20130205e+000	2.72816682e+003	0.00000000e+000	1.0309e+015	1.0000e-010	0.0000e+000
1.990000e+003	1.98970771e-001	-3.20102923e+000	2.70873707e+003	0.00000000e+000	1.0201e+015	1.0000e-010	0.0000e+000
2.000000e+003	1.99241644e-001	-3.20075836e+000	2.68950984e+003	0.00000000e+000	1.0094e+015	1.0000e-010	0.0000e+000
2.010000e+003	1.99510595e-001	-3.20048940e+000	2.67048160e+003	0.00000000e+000	9.9899e+014	1.0000e-010	0.0000e+000
2.020000e+003	1.99777644e-001	-3.20022236e+000	2.65164892e+003	0.00000000e+000	9.8872e+014	1.0000e-010	0.0000e+000
2.030000e+003	2.00042808e-001	-3.19995719e+000	2.63300841e+003	0.00000000e+000	9.7863e+014	1.0000e-010	0.0000e+000
2.040000e+003	2.00306109e-001	-3.19969389e+000	2.61455679e+003	0.00000000e+000	9.6871e+014	1.0000e-010	0.0000e+000
2.050000e+003	2.00567565e-001	-3.19943244e+000	2.59629084e+003	0.00000000e+000	9.5897e+014	1.0000e-010	0.0000e+000
2.060000e+003	2.00827194e-001	-3.19917281e+000	2.57820742e+003	0.00000000e+000	9.4938e+014	1.0000e-010	0.0000e+000
2.070000e+003	2.01085015e-001	-3.19891499e+000	2.56030344e+003	0.00000000e+000	9.3996e+014	1.0000e-010	0.0000e+000
2.080000e+003	2.01341045e-001	-3.19865895e+000	2.54257591e+003	0.00000000e+000	9.3070e+014	1.0000e-010	0.0000e+000
2.090000e+003	2.01595303e-001	-3.19840470e+000	2.52502187e+003	0.00000000e+000	9.2159e+014	1.0000e-010	0.0000e+000
2.100000e+003	2.01847805e-001	-3.19815220e+000	2.50763846e+003	0.00000000e+000	9.1263e+014	1.0000e-010	0.0000e+000
2.110000e+003	2.02098569e-001	-3.19790143e+000	2.49042284e+003	0.00000000e+000	9.0382e+014	1.0000e-010	0.0000e+000
2.120000e+003	2.02347611e-001	-3.19765239e+000	2.47337228e+003	0.00000000e+000	8.9516e+014	1.0000e-010	0.0000e+000
2.130000e+003	2.02594948e-001	-3.19740505e+000	2.45648407e+003	0.00000000e+000	8.8663e+014	1.0000e-010	0.0000e+000
2.140000e+003	2.02840597e-001	-3.19715940e+000	2.43975557e+003	0.00000000e+000	8.7825e+014	1.0000e-010	0.0000e+000
2.150000e+003	2.03084572e-001	-3.19691543e+000	2.42318420e+003	0.00000000e+000	8.7000e+014	1.0000e-010	0.0000e+000
2.160000e+003	2.03326891e-001	-3.19667311e+000	2.40676744e+003	0.00000000e+000	8.6188e+014	1.0000e-010	0.0000e+000
2.170000e+003	2.03567567e-001	-3.19643243e+000	2.39050280e+003	0.00000000e+000	8.5390e+014	1.0000e-010	0.0000e+000
2.180000e+003	2.03806618e-001	-3.19619338e+000	2.37438787e+003	0.00000000e+000	8.4604e+014	1.0000e-010	0.0000e+000
2.190000e+003	2.04044056e-001	-3.19595594e+000	2.35842026e+003	0.00000000e+000	8.3830e+014	1.0000e-010	0.0000e+000
2.200000e+003	2.04279898e-001	-3.19572010e+000	2.34259767e+003	0.00000000e+000	8.3069e+014	1.0000e-010	0.0000e+000
2.210000e+003	2.04514158e-001	-3.19548584e+000	2.32691780e+003	0.00000000e+000	8.2320e+014	1.0000e-010	0.0000e+000
2.220000e+003	2.04746850e-001	-3.19525315e+000	2.31137844e+003	0.00000000e+000	8.1582e+014	1.0000e-010	0.0000e+000
2.230000e+003	2.04977988e-001	-3.19502201e+000	2.29597739e+003	0.00000000e+000	8.0856e+014	1.0000e-010	0.0000e+000
2.240000e+003	2.05207586e-001	-3.19479241e+000	2.28071251e+003	0.00000000e+000	8.0141e+014	1.0000e-010	0.0000e+000
2.250000e+003	2.05435657e-001	-3.19456434e+000	2.26558171e+003	0.00000000e+000	7.9437e+014	1.0000e-010	0.0000e+000
2.260000e+003	2.05662215e-001	-3.19433779e+000	2.25058294e+003	0.00000000e+000	7.8744e+014	1.0000e-010	0.0000e+000
2.270000e+003	2.05887273e-001	-3.19411273e+000	2.23571417e+003	0.00000000e+000	7.8061e+014	1.0000e-010	0.0000e+000
2.280000e+003	2.06110845e-001	-3.19388916e+000	2.22097343e+003	0.00000000e+000	7.7389e+014	1.0000e-010	0.0000e+000
2.290000e+003	2.06332942e-001	-3.19366706e+000	2.20635879e+003	0.00000000e+000	7.6727e+014	1.0000e-010	0.0000e+000
2.300000e+003	2.06553578e-001	-3.19344642e+000	2.19186835e+003	0.00000000e+000	7.6075e+014	1.0000e-010	0.0000e+000
2.310000e+003	2.06772765e-001	-3.19322724e+000	2.17750025e+003	0.00000000e+000	7.5433e+014	1.0000e-010	0.0000e+000
2.320000e+003	2.06990515e-001	-3.19300949e+000	2.16325266e+003	0.00000000e+000	7.4800e+014	1.0000e-010	0.0000e+000
2.330000e+003	2.07206840e-001	-3.19279316e+000	2.14912379e+003	0.00000000e+000	7.4177e+014	1.0000e-010	0.0000e+000
2.340000e+003	2.07421752e-001	-3.19257825e+000	2.13511190e+003	0.00000000e+000	7.3563e+014	1.0000e-010	0.0000e+000
2.350000e+003	2.07635264e-001	-3.19236474e+000	2.12121525e+003	0.00000000e+000	7.2958e+014	1.0000e-010	0.0000e+000
2.360000e+003	2.07847385e-001	-3.19215261e+000	2.10743216e+003	0.00000000e+000	7.2361e+014	1.0000e-010	0.0000e+000
2.370000e+003	2.08058128e-001	-3.19194187e+000	2.09376097e+003	0.00000000e+000	7.1774e+014	1.0000e-010	0.0000e+000
2.380000e+003	2.08267504e-001	-3.19173250e+000	2.08020006e+003	0.00000000e+000	7.1195e+014	1.0000e-010	0.0000e+000
2.390000e+003	2.08475524e-001	-3.19152448e+000	2.06674783e+003	0.00000000e+000	7.0624e+014	1.0000e-010	0.0000e+000
2.400000e+003	2.08682199e-001	-3.19131780e+000	2.05340271e+003	0.00000000e+000	7.0062e+014	1.0000e-010	0.0000e+000
2.410000e+003	2.08887540e-001	-3.19111246e+000	2.04016318e+003	0.00000000e+000	6.9508e+014	1.0000e-010	0.0000e+000
2.420000e+003	2.09091556e-001	-3.19090844e+000	2.02702772e+003	0.00000000e+000	6.8961e+014	1.0000e-010	0.0000e+000
2.430000e+003	2.09294259e-001	-3.19070574e+000	2.01399484e+003	0.00000000e+000	6.8423e+014	1.0000e-010	0.0000e+000
2.440000e+003	2.09495658e-001	-3.19050434e+000	2.00106311e+003	0.00000000e+000	6.7892e+014	1.0000e-010	0.0000e+000
2.450000e+003	2.09695764e-001	-3.19030424e+000	1.98823108e+003	0.00000000e+000	6.7368e+014	1.0000e-010	0.0000e+000
2.460000e+003	2.09894588e-001	-3.19010541e+000	1.97549737e+003	0.00000000e+000	6.6852e+014	1.0000e-010	0.0000e+000
2.470000e+003	2.10092137e-001	-3.18990786e+000	1.96286059e+003	0.00000000e+000	6.6343e+014	1.0000e-010	0.0000e+000
2.480000e+003	2.10288423e-001	-3.18971158e+000	1.95031940e+003	0.00000000e+000	6.5841e+014	1.0000e-010	0.0000e+000
2.490000e+003	2.10483455e-001	-3.18951654e+000	1.93787246e+003	0.00000000e+000	6.5347e+014	1.0000e-010	0.0000e+000
2.500000e+003	2.10677242e-001	-3.18932276e+000	1.92551847e+003	0.00000000e+000	6.4859e+014	1.0000e-010	0.0000e+000
2.510000e+003	2.10869794e-001	-3.18913021e+000	1.91325616e+003	0.00000000e+000	6.4377e+014	1.0000e-010	0.0000e+000
2.520000e+003	2.11061120e-001	-3.18893888e+000	1.90108427e+003	0.00000000e+000	6.3903e+014	1.0000e-010	0.0000e+000
2.530000e+003	2.11251228e-001	-3.18874877e+000	1.88900155e+003	0.00000000e+000	6.3434e+014	1.0000e-010	0.0000e+000
2.540000e+003	2.11440129e-001	-3.18855987e+000	1.87700680e+003	0.00000000e+000	6.2973e+014	1.0000e-010	0.0000e+000
2.550000e+003	2.11627829e-001	-3.18837217e+000	1.86509883e+003	0.00000000e+000	6.2517e+014	1.0000e-010	0.0000e+000
2.560000e+003	2.11814339e-001	-3.18818566e+000	1.85327646e+003	0.00000000e+000	6.2068e+014	1.0000e-010	0.0000e+000
2.570000e+003	2.11999667e-001	-3.18800033e+000	1.84153853e+003	0.00000000e+000	6.1624e+014	1.0000e-010	0.0000e+000
2.580000e+003	2.12183821e-001	-3.18781618e+000	1.82988393e+003	0.00000000e+000	6.1187e+014	1.0000e-010	0.0000e+000
2.590000e+003	2.12366809e-001	-3.18763319e+000	1.81831152e+003	0.00000000e+000	6.0755e+014	1.0000e-010	0.0000e+000
2.600000e+003	2.12548640e-001	-3.18745136e+000	1.80682023e+003	0.00000000e+000	6.0329e+014	1.0000e-010	0.0000e+000
2.610000e+003	2.12729322e-001	-3.18727068e+000	1.79540897e+003	0.00000000e+000	5.9909e+014	1.0000e-010	0.0000e+000
2.620000e+003	2.12908863e-001	-3.18709114e+000	1.78407668e+003	0.00000000e+000	5.9495e+014	1.0000e-010	0.0000e+000
2.630000e+003	2.13087271e-001	-3.18691273e+000	1.77282234e+003	0.00000000e+000	5.9086e+014	1.0000e-010	0.0000e+000
2.640000e+003	2.13264553e-001	-3.18673545e+000	1.76164490e+003	0.00000000e+000	5.8682e+014	1.0000e-010	0.0000e+000
2.650000e+003	2.13440717e-001	-3.18655928e+000	1.75054337e+003	0.00000000e+000	5.8283e+014	1.0000e-010	0.0000e+000
2.660000e+003	2.13615772e-001	-3.18638423e+000	1.73951677e+003	0.00000000e+000	5.7890e+014	1.0000e-010	0.0000e+000
2.670000e+003	2.13789723e-001	-3.18621028e+000	1.72856411e+003	0.00000000e+000	5.7502e+014	1.0000e-010	0.0000e+000
2.680000e+003	2.13962580e-001	-3.18603742e+000	1.71768443e+003	0.00000000e+000	5.7118e+014	1.0000e-010	0.0000e+000
2.690000e+003	2.14134348e-001	-3.18586565e+000	1.70687681e+003	0.00000000e+000	5.6740e+014	1.0000e-010	0.0000e+000
2.700000e+003	2.14305036e-001	-3.18569496e+000	1.69614031e+003	0.00000000e+000	5.6367e+014	1.0000e-010	0.0000e+000
2.710000e+003	2.14474650e-001	-3.18552535e+000	1.68547402e+003	0.00000000e+000	5.5998e+014	1.0000e-010	0.0000e+000
2.720000e+003	2.14643197e-001	-3.18535680e+000	1.67487704e+003	0.00000000e+000	5.5634e+014	1.0000e-010	0.0000e+000
2.730000e+003	2.14810685e-001	-3.18518931e+000	1.66434850e+003	0.00000000e+000	5.5275e+014	1.0000e-010	0.0000e+000
2.740000e+003	2.14977120e-001	-3.18502288e+000	1.65388752e+003	0.00000000e+000	5.4920e+014	1.0000e-010	0.0000e+000
2.750000e+003	2.15142509e-001	-3.18485749e+000	1.64349326e+003	0.00000000e+000	5.4570e+014	1.0000e-010	0.0000e+000
2.760000e+003	2.15306858e-001	-3.18469314e+000	1.63316486e+003	0.00000000e+000	5.4224e+014	1.0000e-010	0.0000e+000
2.770000e+003	2.15470175e-001	-3.18452983e+000	1.62290151e+003	0.00000000e+000	5.3883e+014	1.0000e-010	0.0000e+000
2.780000e+003	2.15632465e-001	-3.18436754e+000	1.61270238e+003	0.00000000e+000	5.3546e+014	1.0000e-010	0.0000e+000
2.790000e+003	2.15793735e-001	-3.18420627e+000	1.60256668e+003	0.00000000e+000	5.3213e+014	1.0000e-010	0.0000e+000
2.800000e+003	2.15953992e-001	-3.18404601e+000	1.59249362e+003	0.00000000e+000	5.2884e+014	1.0000e-010	0.0000e+000
2.810000e+003	2.16113241e-001	-3.18388676e+000	1.58248242e+003	0.00000000e+000	5.2559e+014	1.0000e-010	0.0000e+000
2.820000e+003	2.16271489e-001	-3.18372851e+000	1.57253231e+003	0.00000000e+000	5.2238e+014	1.0000e-010	0.0000e+000
2.830000e+003	2.16428742e-001	-3.18357126e+000	1.56264254e+003	0.00000000e+000	5.1921e+014	1.0000e-010	0.0000e+000
2.840000e+003	2.16585007e-001	-3.18341499e+000	1.55281237e+003	0.00000000e+000	5.1609e+014	1.0000e-010	0.0000e+000
2.850000e+003	2.16740288e-001	-3.18325971e+000	1.54304107e+003	0.00000000e+000	5.1299e+014	1.0000e-010	0.0000e+000
2.860000e+003	2.16894592e-001	-3.18310541e+000	1.53332792e+003	0.00000000e+000	5.0994e+014	1.0000e-010	0.0000e+000
2.870000e+003	2.17047925e-001	-3.18295208e+000	1.52367221e+003	0.00000000e+000	5.0693e+014	1.0000e-010	0.0000e+000
2.880000e+003	2.17200292e-001	-3.18279971e+000	1.51407324e+003	0.00000000e+000	5.0395e+014	1.0000e-010	0.0000e+000
2.890000e+003	2.17351699e-001	-3.18264830e+000	1.50453033e+003	0.00000000e+000	5.0100e+014	1.0000e-010	0.0000e+000
2.900000e+003	2.17502152e-001	-3.18249785e+000	1.49504279e+003	0.00000000e+000	4.9810e+014	1.0000e-010	0.0000e+000
2.910000e+003	2.17651657e-001	-3.18234834e+000	1.48560996e+003	0.00000000e+000	4.9523e+014	1.0000e-010	0.0000e+000
2.920000e+003	2.17800218e-001	-3.18219978e+000	1.47623118e+003	0.00000000e+000	4.9239e+014	1.0000e-010	0.0000e+000
2.930000e+003	2.17947841e-001	-3.18205216e+000	1.46690580e+003	0.00000000e+000	4.8958e+014	1.0000e-010	0.0000e+000
2.940000e+003	2.18094531e-001	-3.18190547e+000	1.45763319e+003	0.00000000e+000	4.8681e+014	1.0000e-010	0.0000e+000
2.950000e+003	2.18240295e-001	-3.18175971e+000	1.44841272e+003	0.00000000e+000	4.8408e+014	1.0000e-010	0.0000e+000
2.960000e+003	2.18385136e-001	-3.18161486e+000	1.43924376e+003	0.00000000e+000	4.8137e+014	1.0000e-010	0.0000e+000
2.970000e+003	2.18529060e-001	-3.18147094e+000	1.43012570e+003	0.00000000e+000	4.7870e+014	1.0000e-010	0.0000e+000
2.980000e+003	2.18672073e-001	-3.18132793e+000	1.42105795e+003	0.00000000e+000	4.7606e+014	1.0000e-010	0.0000e+000
2.990000e+003	2.18814179e-001	-3.18118582e+000	1.41203990e+003	0.00000000e+000	4.7345e+014	1.0000e-010	0.0000e+000
3.000000e+003	2.18955383e-001	-3.18104462e+000	1.40307098e+003	0.00000000e+000	4.7087e+014	1.0000e-010	0.0000e+000
3.010000e+003	2.19095690e-001	-3.18090431e+000	1.39415060e+003	0.00000000e+000	4.6832e+014	1.0000e-010	0.0000e+000
3.020000e+003	2.19235105e-001	-3.18076490e+000	1.38527819e+003	0.00000000e+000	4.6580e+014	1.0000e-010	0.0000e+000
3.030000e+003	2.19373633e-001	-3.18062637e+000	1.37645321e+003	0.00000000e+000	4.6331e+014	1.0000e-010	0.0000e+000
3.040000e+003	2.19511278e-001	-3.18048872e+000	1.36767508e+003	0.00000000e+000	4.6085e+014	1.0000e-010	0.0000e+000
3.050000e+003	2.19648046e-001	-3.18035195e+000	1.35894328e+003	0.00000000e+000	4.5842e+014	1.0000e-010	0.0000e+000
3.060000e+003	2.19783940e-001	-3.18021606e+000	1.35025725e+003	0.00000000e+000	4.5602e+014	1.0000e-010	0.0000e+000
3.070000e+003	2.19918966e-001	-3.18008103e+000	1.34161647e+003	0.00000000e+000	4.5364e+014	1.0000e-010	0.0000e+000
3.080000e+003	2.20053127e-001	-3.17994687e+000	1.33302042e+003	0.00000000e+000	4.5129e+014	1.0000e-010	0.0000e+000
3.090000e+003	2.20186429e-001	-3.17981357e+000	1.32446858e+003	0.00000000e+000	4.4897e+014	1.0000e-010	0.0000e+000
3.100000e+003	2.20318876e-001	-3.17968112e+000	1.31596043e+003	0.00000000e+000	4.4668e+014	1.0000e-010	0.0000e+000
3.110000e+003	2.20450472e-001	-3.17954953e+000	1.30749549e+003	0.00000000e+000	4.4441e+014	1.0000e-010	0.0000e+000
3.120000e+003	2.20581222e-001	-3.17941878e+000	1.29907326e+003	0.00000000e+000	4.4217e+014	1.0000e-010	0.0000e+000
3.130000e+003	2.20711129e-001	-3.17928887e+000	1.29069323e+003	0.00000000e+000	4.3995e+014	1.0000e-010	0.0000e+000
3.140000e+003	2.20840198e-001	-3.17915980e+000	1.28235495e+003	0.00000000e+000	4.3776e+014	1.0000e-010	0.0000e+000
3.150000e+003	2.20968434e-001	-3.17903157e+000	1.27405792e+003	0.00000000e+000	4.3560e+014	1.0000e-010	0.0000e+000
3.160000e+003	2.21095840e-001	-3.17890416e+000	1.26580168e+003	0.00000000e+000	4.3345e+014	1.0000e-010	0.0000e+000
3.170000e+003	2.21222420e-001	-3.17877758e+000	1.25758577e+003	0.00000000e+000	4.3134e+014	1.0000e-010	0.0000e+000
3.180000e+003	2.21348178e-001	-3.17865182e+000	1.24940973e+003	0.00000000e+000	4.2924e+014	1.0000e-010	0.0000e+000
3.190000e+003	2.21473119e-001	-3.17852688e+000	1.24127310e+003	0.00000000e+000	4.2717e+014	1.0000e-010	0.0000e+000
3.200000e+003	2.21597247e-001	-3.17840275e+000	1.23317545e+003	0.00000000e+000	4.2513e+014	1.0000e-010	0.0000e+000
3.210000e+003	2.21720564e-001	-3.17827944e+000	1.22511634e+003	0.00000000e+000	4.2310e+014	1.0000e-010	0.0000e+000
3.220000e+003	2.21843076e-001	-3.17815692e+000	1.21709532e+003	0.00000000e+000	4.2110e+014	1.0000e-010	0.0000e+000
3.230000e+003	2.21964785e-001	-3.17803521e+000	1.20911198e+003	0.00000000e+000	4.1913e+014	1.0000e-010	0.0000e+000
3.240000e+003	2.22085697e-001	-3.17791430e+000	1.20116590e+003	0.00000000e+000	4.1717e+014	1.0000e-010	0.0000e+000
3.250000e+003	2.22205813e-001	-3.17779419e+000	1.19325664e+003	0.00000000e+000	4.1524e+014	1.0000e-010	0.0000e+000
3.260000e+003	2.22325139e-001	-3.17767486e+000	1.18538381e+003	0.00000000e+000	4.1332e+014	1.0000e-010	0.0000e+000
3.270000e+003	2.22443677e-001	-3.17755632e+000	1.17754700e+003	0.00000000e+000	4.1143e+014	1.0000e-010	0.0000e+000
3.280000e+003	2.22561432e-001	-3.17743857e+000	1.16974580e+003	0.00000000e+000	4.0956e+014	1.0000e-010	0.0000e+000
3.290000e+003	2.22678407e-001	-3.17732159e+000	1.16197982e+003	0.00000000e+000	4.0772e+014	1.0000e-010	0.0000e+000
3.300000e+003	2.22794604e-001	-3.17720540e+000	1.15424866e+003	0.00000000e+000	4.0589e+014	1.0000e-010	0.0000e+000
3.310000e+003	2.22910029e-001	-3.17708997e+000	1.14655195e+003	0.00000000e+000	4.0408e+014	1.0000e-010	0.0000e+000
3.320000e+003	2.23024685e-001	-3.17697532e+000	1.13888930e+003	0.00000000e+000	4.0229e+014	1.0000e-010	0.0000e+000
3.330000e+003	2.23138573e-001	-3.17686143e+000	1.13126033e+003	0.00000000e+000	4.0052e+014	1.0000e-010	0.0000e+000
3.340000e+003	2.23251700e-001	-3.17674830e+000	1.12366467e+003	0.00000000e+000	3.9877e+014	1.0000e-010	0.0000e+000
3.350000e+003	2.23364066e-001	-3.17663593e+000	1.11610196e+003	0.00000000e+000	3.9704e+014	1.0000e-010	0.0000e+000
3.360000e+003	2.23475676e-001	-3.17652432e+000	1.10857183e+003	0.00000000e+000	3.9533e+014	1.0000e-010	0.0000e+000
3.370000e+003	2.23586533e-001	-3.17641347e+000	1.10107391e+003	0.00000000e+000	3.9364e+014	1.0000e-010	0.0000e+000
3.380000e+003	2.23696641e-001	-3.17630336e+000	1.09360787e+003	0.00000000e+000	3.9197e+014	1.0000e-010	0.0000e+000
3.390000e+003	2.23806002e-001	-3.17619400e+000	1.08617334e+003	0.00000000e+000	3.9031e+014	1.0000e-010	0.0000e+000
3.400000e+003	2.23914619e-001	-3.17608538e+000	1.07876998e+003	0.00000000e+000	3.8868e+014	1.0000e-010	0.0000e+000
3.410000e+003	2.24022496e-001	-3.17597750e+000	1.07139745e+003	0.00000000e+000	3.8706e+014	1.0000e-010	0.0000e+000
3.420000e+003	2.24129636e-001	-3.17587036e+000	1.06405541e+003	0.00000000e+000	3.8546e+014	1.0000e-010	0.0000e+000
3.430000e+003	2.24236041e-001	-3.17576396e+000	1.05674352e+003	0.00000000e+000	3.8387e+014	1.0000e-010	0.0000e+000
3.440000e+003	2.24341716e-001	-3.17565828e+000	1.04946147e+003	0.00000000e+000	3.8231e+014	1.0000e-010	0.0000e+000
3.450000e+003	2.24446662e-001	-3.17555334e+000	1.04220892e+003	0.00000000e+000	3.8076e+014	1.0000e-010	0.0000e+000
3.460000e+003	2.24550883e-001	-3.17544912e+000	1.03498554e+003	0.00000000e+000	3.7923e+014	1.0000e-010	0.0000e+000
3.470000e+003	2.24654381e-001	-3.17534562e+000	1.02779103e+003	0.00000000e+000	3.7771e+014	1.0000e-010	0.0000e+000
3.480000e+003	2.24757160e-001	-3.17524284e+000	1.02062506e+003	0.00000000e+000	3.7621e+014	1.0000e-010	0.0000e+000
3.490000e+003	2.24859223e-001	-3.17514078e+000	1.01348733e+003	0.00000000e+000	3.7473e+014	1.0000e-010	0.0000e+000
3.500000e+003	2.24960571e-001	-3.17503943e+000	1.00637753e+003	0.00000000e+000	3.7327e+014	1.0000e-010	0.0000e+000
3.510000e+003	2.25061209e-001	-3.17493879e+000	9.99295350e+002	0.00000000e+000	3.7182e+014	1.0000e-010	0.0000e+000
3.520000e+003	2.25161139e-001	-3.17483886e+000	9.92240493e+002	0.00000000e+000	3.7038e+014	1.0000e-010	0.0000e+000
3.530000e+003	2.25260363e-001	-3.17473964e+000	9.85212662e+002	0.00000000e+000	3.6896e+014	1.0000e-010	0.0000e+000
3.540000e+003	2.25358884e-001	-3.17464112e+000	9.78211563e+002	0.00000000e+000	3.6756e+014	1.0000e-010	0.0000e+000
3.550000e+003	2.25456705e-001	-3.17454329e+000	9.71236905e+002	0.00000000e+000	3.6617e+014	1.0000e-010	0.0000e+000
3.560000e+003	2.25553829e-001	-3.17444617e+000	9.64288401e+002	0.00000000e+000	3.6480e+014	1.0000e-010	0.0000e+000
3.570000e+003	2.25650258e-001	-3.17434974e+000	9.57365767e+002	0.00000000e+000	3.6344e+014	1.0000e-010	0.0000e+000
3.580000e+003	2.25745994e-001	-3.17425401e+000	9.50468722e+002	0.00000000e+000	3.6210e+014	1.0000e-010	0.0000e+000
3.590000e+003	2.25841041e-001	-3.17415896e+000	9.43596988e+002	0.00000000e+000	3.6077e+014	1.0000e-010	0.0000e+000
3.600000e+003	2.25935401e-001	-3.17406460e+000	9.36750290e+002	0.00000000e+000	3.5945e+014	1.0000e-010	0.0000e+000
3.610000e+003	2.26029076e-001	-3.17397092e+000	9.29928356e+002	0.00000000e+000	3.5815e+014	1.0000e-010	0.0000e+000
3.620000e+003	2.26122069e-001	-3.17387793e+000	9.23130918e+002	0.00000000e+000	3.5687e+014	1.0000e-010	0.0000e+000
3.630000e+003	2.26214382e-001	-3.17378562e+000	9.16357708e+002	0.00000000e+000	3.5559e+014	1.0000e-010	0.0000e+000
3.640000e+003	2.26306018e-001	-3.17369398e+000	9.09608465e+002	0.00000000e+000	3.5434e+014	1.0000e-010	0.0000e+000
3.650000e+003	2.26396978e-001	-3.17360302e+000	9.02882927e+002	0.00000000e+000	3.5309e+014	1.0000e-010	0.0000e+000
3.660000e+003	2.26487267e-001	-3.17351273e+000	8.96180838e+002	0.00000000e+000	3.5186e+014	1.0000e-010	0.0000e+000
3.670000e+003	2.26576885e-001	-3.17342312e+000	8.89501941e+002	0.00000000e+000	3.5064e+014	1.0000e-010	0.0000e+000
3.680000e+003	2.26665835e-001	-3.17333416e+000	8.82845986e+002	0.00000000e+000	3.4944e+014	1.0000e-010	0.0000e+000
3.690000e+003	2.26754120e-001	-3.17324588e+000	8.76212721e+002	0.00000000e+000	3.4825e+014	1.0000e-010	0.0000e+000
3.700000e+003	2.26841741e-001	-3.17315826e+000	8.69601901e+002	0.00000000e+000	3.4707e+014	1.0000e-010	0.0000e+000
3.710000e+003	2.26928701e-001	-3.17307130e+000	8.63013281e+002	0.00000000e+000	3.4590e+014	1.0000e-010	0.0000e+000
3.720000e+003	2.27015002e-001	-3.17298500e+000	8.56446619e+002	0.00000000e+000	3.4475e+014	1.0000e-010	0.0000e+000
3.730000e+003	2.27100647e-001	-3.17289935e+000	8.49901676e+002	0.00000000e+000	3.4361e+014	1.0000e-010	0.0000e+000
3.740000e+003	2.27185637e-001	-3.17281436e+000	8.43378214e+002	0.00000000e+000	3.4248e+014	1.0000e-010	0.0000e+000
3.750000e+003	2.27269975e-001	-3.17273002e+000	8.36876000e+002	0.00000000e+000	3.4137e+014	1.0000e-010	0.0000e+000
3.760000e+003	2.27353663e-001	-3.17264634e+000	8.30394800e+002	0.00000000e+000	3.4026e+014	1.0000e-010	0.0000e+000
3.770000e+003	2.27436702e-001	-3.17256330e+000	8.23934385e+002	0.00000000e+000	3.3917e+014	1.0000e-010	0.0000e+000
3.780000e+003	2.27519096e-001	-3.17248090e+000	8.17494527e+002	0.00000000e+000	3.3809e+014	1.0000e-010	0.0000e+000
3.790000e+003	2.27600845e-001	-3.17239915e+000	8.11075002e+002	0.00000000e+000	3.3703e+014	1.0000e-010	0.0000e+000
3.800000e+003	2.27681953e-001	-3.17231805e+000	8.04675585e+002	0.00000000e+000	3.3597e+014	1.0000e-010	0.0000e+000
3.810000e+003	2.27762420e-001	-3.17223758e+000	7.98296056e+002	0.00000000e+000	3.3493e+014	1.0000e-010	0.0000e+000
3.820000e+003	2.27842250e-001	-3.17215775e+000	7.91936197e+002	0.00000000e+000	3.3389e+014	1.0000e-010	0.0000e+000
3.830000e+003	2.27921443e-001	-3.17207856e+000	7.85595790e+002	0.00000000e+000	3.3287e+014	1.0000e-010	0.0000e+000
3.840000e+003	2.28000003e-001	-3.17200000e+000	7.79274622e+002	0.00000000e+000	3.3186e+014	1.0000e-010	0.0000e+000
3.850000e+003	2.28077930e-001	-3.17192207e+000	7.72972479e+002	0.00000000e+000	3.3086e+014	1.0000e-010	0.0000e+000
3.860000e+003	2.28155228e-001	-3.17184477e+000	7.66689151e+002	0.00000000e+000	3.2988e+014	1.0000e-010	0.0000e+000
3.870000e+003	2.28231897e-001	-3.17176810e+000	7.60424430e+002	0.00000000e+000	3.2890e+014	1.0000e-010	0.0000e+000
3.880000e+003	2.28307939e-001	-3.17169206e+000	7.54178110e+002	0.00000000e+000	3.2793e+014	1.0000e-010	0.0000e+000
3.890000e+003	2.28383357e-001	-3.17161664e+000	7.47949985e+002	0.00000000e+000	3.2698e+014	1.0000e-010	0.0000e+000
3.900000e+003	2.28458152e-001	-3.17154185e+000	7.41739853e+002	0.00000000e+000	3.2603e+014	1.0000e-010	0.0000e+000
3.910000e+003	2.28532326e-001	-3.17146767e+000	7.35547514e+002	0.00000000e+000	3.2510e+014	1.0000e-010	0.0000e+000
3.920000e+003	2.28605881e-001	-3.17139412e+000	7.29372768e+002	0.00000000e+000	3.2418e+014	1.0000e-010	0.0000e+000
3.930000e+003	2.28678818e-001	-3.17132118e+000	7.23215419e+002	0.00000000e+000	3.2326e+014	1.0000e-010	0.0000e+000
3.940000e+003	2.28751139e-001	-3.17124886e+000	7.17075271e+002	0.00000000e+000	3.2236e+014	1.0000e-010	0.0000e+000
3.950000e+003	2.28822847e-001	-3.17117715e+000	7.10952131e+002	0.00000000e+000	3.2147e+014	1.0000e-010	0.0000e+000
3.960000e+003	2.28893942e-001	-3.17110606e+000	7.04845807e+002	0.00000000e+000	3.2058e+014	1.0000e-010	0.0000e+000
3.970000e+003	2.28964427e-001	-3.17103557e+000	6.98756109e+002	0.00000000e+000	3.1971e+014	1.0000e-010	0.0000e+000
3.980000e+003	2.29034302e-001	-3.17096570e+000	6.92682848e+002	0.00000000e+000	3.1885e+014	1.0000e-010	0.0000e+000
3.990000e+003	2.29103571e-001	-3.17089643e+000	6.86625839e+002	0.00000000e+000	3.1799e+014	1.0000e-010	0.0000e+000
4.000000e+003	2.29172233e-001	-3.17082777e+000	6.80584896e+002	0.00000000e+000	3.1715e+014	1.0000e-010	0.0000e+000
4.010000e+003	2.29240292e-001	-3.17075971e+000	6.74559835e+002	0.00000000e+000	3.1632e+014	1.0000e-010	0.0000e+000
4.020000e+003	2.29307748e-001	-3.17069225e+000	6.68550475e+002	0.00000000e+000	3.1549e+014	1.0000e-010	0.0000e+000
4.030000e+003	2.29374603e-001	-3.17062540e+000	6.62556635e+002	0.00000000e+000	3.1468e+014	1.0000e-010	0.0000e+000
4.040000e+003	2.29440858e-001	-3.17055914e+000	6.56578138e+002	0.00000000e+000	3.1387e+014	1.0000e-010	0.0000e+000
4.050000e+003	2.29506516e-001	-3.17049348e+000	6.50614805e+002	0.00000000e+000	3.1308e+014	1.0000e-010	0.0000e+000
4.060000e+003	2.29571578e-001	-3.17042842e+000	6.44666461e+002	0.00000000e+000	3.1229e+014	1.0000e-010	0.0000e+000
4.070000e+003	2.29636044e-001	-3.17036396e+000	6.38732932e+002	0.00000000e+000	3.1151e+014	1.0000e-010	0.0000e+000
4.080000e+003	2.29699918e-001	-3.17030008e+000	6.32814045e+002	0.00000000e+000	3.1074e+014	1.0000e-010	0.0000e+000
4.090000e+003	2.29763199e-001	-3.17023680e+000	6.26909628e+002	0.00000000e+000	3.0998e+014	1.0000e-010	0.0000e+000
4.100000e+003	2.29825890e-001	-3.17017411e+000	6.21019513e+002	0.00000000e+000	3.0923e+014	1.0000e-010	0.0000e+000
4.110000e+003	2.29887992e-001	-3.17011201e+000	6.15143530e+002	0.00000000e+000	3.0849e+014	1.0000e-010	0.0000e+000
4.120000e+003	2.29949506e-001	-3.17005049e+000	6.09281512e+002	0.00000000e+000	3.0776e+014	1.0000e-010	0.0000e+000
4.130000e+003	2.30010434e-001	-3.16998957e+000	6.03433293e+002	0.00000000e+000	3.0703e+014	1.0000e-010	0.0000e+000
4.140000e+003	2.30070778e-001	-3.16992922e+000	5.97598710e+002	0.00000000e+000	3.0632e+014	1.0000e-010	0.0000e+000
4.150000e+003	2.30130538e-001	-3.16986946e+000	5.91777598e+002	0.00000000e+000	3.0561e+014	1.0000e-010	0.0000e+000
4.160000e+003	2.30189715e-001	-3.16981028e+000	5.85969795e+002	0.00000000e+000	3.0491e+014	1.0000e-010	0.0000e+000
4.170000e+003	2.30248312e-001	-3.16975169e+000	5.80175143e+002	0.00000000e+000	3.0422e+014	1.0000e-010	0.0000e+000
4.180000e+003	2.30306330e-001	-3.16969367e+000	5.74393480e+002	0.00000000e+000	3.0354e+014	1.0000e-010	0.0000e+000
4.190000e+003	2.30363769e-001	-3.16963623e+000	5.68624648e+002	0.00000000e+000	3.0286e+014	1.0000e-010	0.0000e+000
4.200000e+003	2.30420632e-001	-3.16957937e+000	5.62868492e+002	0.00000000e+000	3.0220e+014	1.0000e-010	0.0000e+000
4.210000e+003	2.30476918e-001	-3.16952308e+000	5.57124855e+002	0.00000000e+000	3.0154e+014	1.0000e-010	0.0000e+000
4.220000e+003	2.30532631e-001	-3.16946737e+000	5.51393582e+002	0.00000000e+000	3.0089e+014	1.0000e-010	0.0000e+000
4.230000e+003	2.30587770e-001	-3.16941223e+000	5.45674520e+002	0.00000000e+000	3.0025e+014	1.0000e-010	0.0000e+000
4.240000e+003	2.30642338e-001	-3.16935766e+000	5.39967518e+002	0.00000000e+000	2.9962e+014	1.0000e-010	0.0000e+000
4.250000e+003	2.30696335e-001	-3.16930367e+000	5.34272422e+002	0.00000000e+000	2.9899e+014	1.0000e-010	0.0000e+000
4.260000e+003	2.30749762e-001	-3.16925024e+000	5.28589085e+002	0.00000000e+000	2.9838e+014	1.0000e-010	0.0000e+000
4.270000e+003	2.30802621e-001	-3.16919738e+000	5.22917356e+002	0.00000000e+000	2.9777e+014	1.0000e-010	0.0000e+000
4.280000e+003	2.30854912e-001	-3.16914509e+000	5.17257088e+002	0.00000000e+000	2.9716e+014	1.0000e-010	0.0000e+000
4.290000e+003	2.30906638e-001	-3.16909336e+000	5.11608134e+002	0.00000000e+000	2.9657e+014	1.0000e-010	0.0000e+000
4.300000e+003	2.30957799e-001	-3.16904220e+000	5.05970349e+002	0.00000000e+000	2.9598e+014	1.0000e-010	0.0000e+000
4.310000e+003	2.31008396e-001	-3.16899160e+000	5.00343586e+002	0.00000000e+000	2.9541e+014	1.0000e-010	0.0000e+000
4.320000e+003	2.31058430e-001	-3.16894157e+000	4.94727704e+002	0.00000000e+000	2.9483e+014	1.0000e-010	0.0000e+000
4.330000e+003	2.31107903e-001	-3.16889210e+000	4.89122558e+002	0.00000000e+000	2.9427e+014	1.0000e-010	0.0000e+000
4.340000e+003	2.31156815e-001	-3.16884318e+000	4.83528007e+002	0.00000000e+000	2.9371e+014	1.0000e-010	0.0000e+000
4.350000e+003	2.31205168e-001	-3.16879483e+000	4.77943910e+002	0.00000000e+000	2.9317e+014	1.0000e-010	0.0000e+000
4.360000e+003	2.31252963e-001	-3.16874704e+000	4.72370127e+002	0.00000000e+000	2.9262e+014	1.0000e-010	0.0000e+000
4.370000e+003	2.31300200e-001	-3.16869980e+000	4.66806519e+002	0.00000000e+000	2.9209e+014	1.0000e-010	0.0000e+000
4.380000e+003	2.31346880e-001	-3.16865312e+000	4.61252949e+002	0.00000000e+000	2.9156e+014	1.0000e-010	0.0000e+000
4.390000e+003	2.31393006e-001	-3.16860699e+000	4.55709278e+002	0.00000000e+000	2.9104e+014	1.0000e-010	0.0000e+000
4.400000e+003	2.31438576e-001	-3.16856142e+000	4.50175371e+002	0.00000000e+000	2.9053e+014	1.0000e-010	0.0000e+000
4.410000e+003	2.31483594e-001	-3.16851641e+000	4.44651092e+002	0.00000000e+000	2.9003e+014	1.0000e-010	0.0000e+000
4.420000e+003	2.31528059e-001	-3.16847194e+000	4.39136307e+002	0.00000000e+000	2.8953e+014	1.0000e-010	0.0000e+000
4.430000e+003	2.31571973e-001	-3.16842803e+000	4.33630881e+002	0.00000000e+000	2.8904e+014	1.0000e-010	0.0000e+000
4.440000e+003	2.31615336e-001	-3.16838466e+000	4.28134683e+002	0.00000000e+000	2.8855e+014	1.0000e-010	0.0000e+000
4.450000e+003	2.31658149e-001	-3.16834185e+000	4.22647579e+002	0.00000000e+000	2.8807e+014	1.0000e-010	0.0000e+000
4.460000e+003	2.31700414e-001	-3.16829959e+000	4.17169438e+002	0.00000000e+000	2.8760e+014	1.0000e-010	0.0000e+000
4.470000e+003	2.31742131e-001	-3.16825787e+000	4.11700130e+002	0.00000000e+000	2.8714e+014	1.0000e-010	0.0000e+000
4.480000e+003	2.31783301e-001	-3.16821670e+000	4.06239525e+002	0.00000000e+000	2.8668e+014	1.0000e-010	0.0000e+000
4.490000e+003	2.31823925e-001	-3.16817608e+000	4.00787495e+002	0.00000000e+000	2.8623e+014	1.0000e-010	0.0000e+000
4.500000e+003	2.31864004e-001	-3.16813600e+000	3.95343910e+002	0.00000000e+000	2.8579e+014	1.0000e-010	0.0000e+000
4.510000e+003	2.31903538e-001	-3.16809646e+000	3.89908643e+002	0.00000000e+000	2.8535e+014	1.0000e-010	0.0000e+000
4.520000e+003	2.31942529e-001	-3.16805747e+000	3.84481568e+002	0.00000000e+000	2.8492e+014	1.0000e-010	0.0000e+000
4.530000e+003	2.31980977e-001	-3.16801902e+000	3.79062559e+002	0.00000000e+000	2.8450e+014	1.0000e-010	0.0000e+000
4.540000e+003	2.32018883e-001	-3.16798112e+000	3.73651489e+002	0.00000000e+000	2.8408e+014	1.0000e-010	0.0000e+000
4.550000e+003	2.32056249e-001	-3.16794375e+000	3.68248235e+002	0.00000000e+000	2.8367e+014	1.0000e-010	0.0000e+000
4.560000e+003	2.32093073e-001	-3.16790693e+000	3.62852671e+002	0.00000000e+000	2.8327e+014	1.0000e-010	0.0000e+000
4.570000e+003	2.32129359e-001	-3.16787064e+000	3.57464676e+002	0.00000000e+000	2.8287e+014	1.0000e-010	0.0000e+000
4.580000e+003	2.32165105e-001	-3.16783489e+000	3.52084125e+002	0.00000000e+000	2.8248e+014	1.0000e-010	0.0000e+000
4.590000e+003	2.32200313e-001	-3.16779969e+000	3.46710898e+002	0.00000000e+000	2.8210e+014	1.0000e-010	0.0000e+000
4.600000e+003	2.32234985e-001	-3.16776502e+000	3.41344872e+002	0.00000000e+000	2.8172e+014	1.0000e-010	0.0000e+000
4.610000e+003	2.32269119e-001	-3.16773088e+000	3.35985926e+002	0.00000000e+000	2.8135e+014	1.0000e-010	0.0000e+000
4.620000e+003	2.32302718e-001	-3.16769728e+000	3.30633941e+002	0.00000000e+000	2.8098e+014	1.0000e-010	0.0000e+000
4.630000e+003	2.32335781e-001	-3.16766422e+000	3.25288796e+002	0.00000000e+000	2.8062e+014	1.0000e-010	0.0000e+000
4.640000e+003	2.32368310e-001	-3.16763169e+000	3.19950372e+002	0.00000000e+000	2.8027e+014	1.0000e-010	0.0000e+000
4.650000e+003	2.32400305e-001	-3.16759970e+000	3.14618552e+002	0.00000000e+000	2.7992e+014	1.0000e-010	0.0000e+000
4.660000e+003	2.32431767e-001	-3.16756823e+000	3.09293216e+002	0.00000000e+000	2.7958e+014	1.0000e-010	0.0000e+000
4.670000e+003	2.32462696e-001	-3.16753730e+000	3.03974248e+002	0.00000000e+000	2.7925e+014	1.0000e-010	0.0000e+000
4.680000e+003	2.32493094e-001	-3.16750691e+000	2.98661530e+002	0.00000000e+000	2.7892e+014	1.0000e-010	0.0000e+000
4.690000e+003	2.32522960e-001	-3.16747704e+000	2.93354946e+002	0.00000000e+000	2.7860e+014	1.0000e-010	0.0000e+000
4.700000e+003	2.32552295e-001	-3.16744770e+000	2.88054381e+002	0.00000000e+000	2.7828e+014	1.0000e-010	0.0000e+000
4.710000e+003	2.32581101e-001	-3.16741890e+000	2.82759718e+002	0.00000000e+000	2.7797e+014	1.0000e-010	0.0000e+000
4.720000e+003	2.32609377e-001	-3.16739062e+000	2.77470844e+002	0.00000000e+000	2.7767e+014	1.0000e-010	0.0000e+000
4.730000e+003	2.32637124e-001	-3.16736288e+000	2.72187643e+002	0.00000000e+000	2.7737e+014	1.0000e-010	0.0000e+000
4.740000e+003	2.32664342e-001	-3.16733566e+000	2.66910001e+002	0.00000000e+000	2.7708e+014	1.0000e-010	0.0000e+000
4.750000e+003	2.32691033e-001	-3.16730897e+000	2.61637806e+002	0.00000000e+000	2.7679e+014	1.0000e-010	0.0000e+000
4.760000e+003	2.32717197e-001	-3.16728280e+000	2.56370943e+002	0.00000000e+000	2.7651e+014	1.0000e-010	0.0000e+000
4.770000e+003	2.32742834e-001	-3.16725717e+000	2.51109302e+002	0.00000000e+000	2.7624e+014	1.0000e-010	0.0000e+000
4.780000e+003	2.32767945e-001	-3.16723205e+000	2.45852768e+002	0.00000000e+000	2.7597e+014	1.0000e-010	0.0000e+000
4.790000e+003	2.32792531e-001	-3.16720747e+000	2.40601231e+002	0.00000000e+000	2.7571e+014	1.0000e-010	0.0000e+000
4.800000e+003	2.32816591e-001	-3.16718341e+000	2.35354579e+002	0.00000000e+000	2.7545e+014	1.0000e-010	0.0000e+000
4.810000e+003	2.32840126e-001	-3.16715987e+000	2.30112702e+002	0.00000000e+000	2.7520e+014	1.0000e-010	0.0000e+000
4.820000e+003	2.32863137e-001	-3.16713686e+000	2.24875489e+002	0.00000000e+000	2.7495e+014	1.0000e-010	0.0000e+000
4.830000e+003	2.32885625e-001	-3.16711438e+000	2.19642829e+002	0.00000000e+000	2.7472e+014	1.0000e-010	0.0000e+000
4.840000e+003	2.32907589e-001	-3.16709241e+000	2.14414613e+002	0.00000000e+000	2.7448e+014	1.0000e-010	0.0000e+000
4.850000e+003	2.32929031e-001	-3.16707097e+000	2.09190731e+002	0.00000000e+000	2.7425e+014	1.0000e-010	0.0000e+000
4.860000e+003	2.32949950e-001	-3.16705005e+000	2.03971075e+002	0.00000000e+000	2.7403e+014	1.0000e-010	0.0000e+000
4.870000e+003	2.32970347e-001	-3.16702965e+000	1.98755536e+002	0.00000000e+000	2.7382e+014	1.0000e-010	0.0000e+000
4.880000e+003	2.32990222e-001	-3.16700978e+000	1.93544004e+002	0.00000000e+000	2.7361e+014	1.0000e-010	0.0000e+000
4.890000e+003	2.33009577e-001	-3.16699042e+000	1.88336373e+002	0.00000000e+000	2.7340e+014	1.0000e-010	0.0000e+000
4.900000e+003	2.33028410e-001	-3.16697159e+000	1.83132535e+002	0.00000000e+000	2.7320e+014	1.0000e-010	0.0000e+000
4.910000e+003	2.33046724e-001	-3.16695328e+000	1.77932381e+002	0.00000000e+000	2.7301e+014	1.0000e-010	0.0000e+000
4.920000e+003	2.33064517e-001	-3.16693548e+000	1.72735806e+002	0.00000000e+000	2.7282e+014	1.0000e-010	0.0000e+000
4.930000e+003	2.33081791e-001	-3.16691821e+000	1.67542701e+002	0.00000000e+000	2.7264e+014	1.0000e-010	0.0000e+000
4.940000e+003	2.33098545e-001	-3.16690146e+000	1.62352961e+002	0.00000000e+000	2.7246e+014	1.0000e-010	0.0000e+000
4.950000e+003	2.33114780e-001	-3.16688522e+000	1.57166479e+002	0.00000000e+000	2.7229e+014	1.0000e-010	0.0000e+000
4.960000e+003	2.33130497e-001	-3.16686950e+000	1.51983150e+002	0.00000000e+000	2.7213e+014	1.0000e-010	0.0000e+000
4.970000e+003	2.33145695e-001	-3.16685430e+000	1.46802866e+002	0.00000000e+000	2.7197e+014	1.0000e-010	0.0000e+000
4.980000e+003	2.33160375e-001	-3.16683962e+000	1.41625524e+002	0.00000000e+000	2.7181e+014	1.0000e-010	0.0000e+000
4.990000e+003	2.33174538e-001	-3.16682546e+000	1.36451017e+002	0.00000000e+000	2.7166e+014	1.0000e-010	0.0000e+000
5.000000e+003	2.33188183e-001	-3.16681182e+000	1.31279240e+002	0.00000000e+000	2.7152e+014	1.0000e-010	0.0000e+000
5.010000e+003	2.33201311e-001	-3.16679869e+000	1.26110089e+002	0.00000000e+000	2.7138e+014	1.0000e-010	0.0000e+000
5.020000e+003	2.33213922e-001	-3.16678608e+000	1.20943459e+002	0.00000000e+000	2.7125e+014	1.0000e-010	0.0000e+000
5.030000e+003	2.33226016e-001	-3.16677398e+000	1.15779246e+002	0.00000000e+000	2.7112e+014	1.0000e-010	0.0000e+000
5.040000e+003	2.33237594e-001	-3.16676241e+000	1.10617345e+002	0.00000000e+000	2.7100e+014	1.0000e-010	0.0000e+000
5.050000e+003	2.33248656e-001	-3.16675134e+000	1.05457652e+002	0.00000000e+000	2.7088e+014	1.0000e-010	0.0000e+000
5.060000e+003	2.33259202e-001	-3.16674080e+000	1.00300063e+002	0.00000000e+000	2.7077e+014	1.0000e-010	0.0000e+000
5.070000e+003	2.33269232e-001	-3.16673077e+000	9.51444756e+001	0.00000000e+000	2.7067e+014	1.0000e-010	0.0000e+000
5.080000e+003	2.33278746e-001	-3.16672125e+000	8.99907849e+001	0.00000000e+000	2.7057e+014	1.0000e-010	0.0000e+000
5.090000e+003	2.33287745e-001	-3.16671225e+000	8.48388878e+001	0.00000000e+000	2.7048e+014	1.0000e-010	0.0000e+000
5.100000e+003	2.33296229e-001	-3.16670377e+000	7.96886811e+001	0.00000000e+000	2.7039e+014	1.0000e-010	0.0000e+000
5.110000e+003	2.33304198e-001	-3.16669580e+000	7.45400618e+001	0.00000000e+000	2.7030e+014	1.0000e-010	0.0000e+000
5.120000e+003	2.33311652e-001	-3.16668835e+000	6.93929268e+001	0.00000000e+000	2.7023e+014	1.0000e-010	0.0000e+000
5.130000e+003	2.33318591e-001	-3.16668141e+000	6.42471732e+001	0.00000000e+000	2.7015e+014	1.0000e-010	0.0000e+000
5.140000e+003	2.33325016e-001	-3.16667498e+000	5.91026982e+001	0.00000000e+000	2.7009e+014	1.0000e-010	0.0000e+000
5.150000e+003	2.33330926e-001	-3.16666907e+000	5.39593993e+001	0.00000000e+000	2.7002e+014	1.0000e-010	0.0000e+000
5.160000e+003	2.33336322e-001	-3.16666368e+000	4.88171737e+001	0.00000000e+000	2.6997e+014	1.0000e-010	0.0000e+000
5.170000e+003	2.33341204e-001	-3.16665880e+000	4.36759191e+001	0.00000000e+000	2.6992e+014	1.0000e-010	0.0000e+000
5.180000e+003	2.33345572e-001	-3.16665443e+000	3.85355330e+001	0.00000000e+000	2.6987e+014	1.0000e-010	0.0000e+000
5.190000e+003	2.33349425e-001	-3.16665057e+000	3.33959131e+001	0.00000000e+000	2.6983e+014	1.0000e-010	0.0000e+000
5.200000e+003	2.33352765e-001	-3.16664724e+000	2.82569571e+001	0.00000000e+000	2.6980e+014	1.0000e-010	0.0000e+000
5.210000e+003	2.33355590e-001	-3.16664441e+000	2.31185628e+001	0.00000000e+000	2.6977e+014	1.0000e-010	0.0000e+000
5.220000e+003	2.33357902e-001	-3.16664210e+000	1.79806280e+001	0.00000000e+000	2.6974e+014	1.0000e-010	0.0000e+000
5.230000e+003	2.33359700e-001	-3.16664030e+000	1.28430505e+001	0.00000000e+000	2.6972e+014	1.0000e-010	0.0000e+000
5.240000e+003	2.33360985e-001	-3.16663902e+000	7.70572820e+000	0.00000000e+000	2.6971e+014	1.0000e-010	0.0000e+000
5.250000e+003	2.33361755e-001	-3.16663824e+000	2.56855905e+000	0.00000000e+000	2.6970e+014	1.0000e-010	0.0000e+000
5.260000e+003	2.33362012e-001	-3.16663799e+000	2.56855905e+000	0.00000000e+000	2.6970e+014	1.0000e-010	0.0000e+000
