Y (ang)	Ec (eV)	Ev (eV)	E (V/cm)	Ef (eV)	n (cm-3)	p (cm-3)	Nd - Na (cm-3)	el eval 1 (eV)	el eval 2 (eV)	el eval 3 (eV)	el eval 4 (eV)	el eval 5 (eV)	el eval 6 (eV)	el eval 7 (eV)	el eval 8 (eV)	el eval 9 (eV)	el eval 10 (eV)	el eval 11 (eV)	el eval 12 (eV)	el eval 13 (eV)
0.000000e+000	6.00000000e-001	-2.80000000e+000	1.99630469e+006	-0.00000000e+000	1.8691e+008	1.0000e-010	0.0000e+000
1.000000e+001	1.35963047e+000	-2.74036953e+000	-6.58799056e+005	0.00000000e+000	2.9378e-005	1.0000e-010	-1.3848e+020
2.000000e+001	1.29375056e+000	-2.80624944e+000	-6.58799056e+005	0.00000000e+000	4.5463e-004	1.0000e-010	0.0000e+000	-5.9807e-002	-4.6670e-002	2.8281e-002	6.4400e-002	8.6205e-002	1.0171e-001	1.1370e-001	1.2346e-001	1.3168e-001	1.3878e-001	1.4502e-001	1.5068e-001	1.5632e-001
3.000000e+001	1.22787066e+000	-2.87212934e+000	-6.58799056e+005	0.00000000e+000	7.9113e-003	1.0000e-010	0.0000e+000
4.000000e+001	1.16199075e+000	-2.93800925e+000	-6.58799056e+005	0.00000000e+000	2.5969e-001	1.0000e-010	0.0000e+000
5.000000e+001	1.09611085e+000	-3.00388915e+000	-6.58799056e+005	0.00000000e+000	1.3863e+001	1.0000e-010	0.0000e+000
6.000000e+001	1.03023094e+000	-3.06976906e+000	-6.58799056e+005	0.00000000e+000	8.1757e+002	1.0000e-010	0.0000e+000
7.000000e+001	9.64351035e-001	-3.13564897e+000	-6.58799056e+005	0.00000000e+000	4.5823e+004	1.0000e-010	0.0000e+000
8.000000e+001	8.98471129e-001	-3.20152887e+000	-6.58799056e+005	0.00000000e+000	2.3531e+006	1.0000e-010	0.0000e+000
9.000000e+001	8.32591224e-001	-3.26740878e+000	-6.58799056e+005	0.00000000e+000	1.0945e+008	1.0000e-010	0.0000e+000
1.000000e+002	7.66711318e-001	-3.33328868e+000	-6.58799056e+005	0.00000000e+000	4.5795e+009	1.0000e-010	0.0000e+000
1.100000e+002	7.00831412e-001	-3.39916859e+000	-6.58799060e+005	0.00000000e+000	1.7124e+011	1.0000e-010	0.0000e+000
1.200000e+002	6.34951506e-001	-3.46504849e+000	-6.58799171e+005	0.00000000e+000	5.6821e+012	1.0000e-010	0.0000e+000
1.300000e+002	5.69071589e-001	-3.53092841e+000	-6.58802418e+005	0.00000000e+000	1.6596e+014	1.0000e-010	0.0000e+000
1.400000e+002	5.03191348e-001	-3.59680865e+000	-6.58885124e+005	0.00000000e+000	4.2278e+015	1.0000e-010	0.0000e+000
1.500000e+002	4.37302835e-001	-3.66269716e+000	-6.60703017e+005	0.00000000e+000	9.2928e+016	1.0000e-010	0.0000e+000
1.600000e+002	3.71232533e-001	-3.72876747e+000	-6.94743159e+005	0.00000000e+000	1.7401e+018	1.0000e-010	0.0000e+000
1.700000e+002	-2.58241782e-001	-3.65824178e+000	1.44039534e+006	0.00000000e+000	2.7348e+019	1.0000e-010	1.3848e+020
1.800000e+002	-5.19800260e-002	-3.52975780e+000	9.52493483e+005	0.00000000e+000	1.1106e+019	1.0000e-010	-1.4655e+019
1.900000e+002	1.05491545e-001	-3.45006401e+000	6.36418303e+005	0.00000000e+000	1.8051e+018	1.0000e-010	-1.4838e+019
2.000000e+002	2.31355597e-001	-3.40197774e+000	3.46256591e+005	0.00000000e+000	1.7659e+017	1.0000e-010	-1.5021e+019
2.100000e+002	3.28203478e-001	-3.38290763e+000	5.40089511e+004	0.00000000e+000	1.2736e+016	1.0000e-010	-1.5204e+019
2.200000e+002	3.95826596e-001	-3.39306229e+000	-2.43282306e+005	0.00000000e+000	9.2401e+014	1.0000e-010	-1.5387e+019
2.300000e+002	4.33720587e-001	-3.43294608e+000	-5.45926342e+005	0.00000000e+000	2.7348e+015	1.0000e-010	-1.5570e+019
2.400000e+002	4.41350175e-001	-3.50309427e+000	-8.54853018e+005	0.00000000e+000	4.9897e+016	1.0000e-010	-1.5753e+019
2.500000e+002	4.18087096e-001	-3.60413513e+000	-1.18678924e+006	0.00000000e+000	9.5176e+017	1.0000e-010	-1.5936e+019
2.600000e+002	-1.98369606e-001	-3.59836961e+000	8.42887741e+005	0.00000000e+000	1.7262e+019	1.0000e-010	1.2236e+020
2.700000e+002	-1.14080832e-001	-3.51408083e+000	4.98312562e+005	0.00000000e+000	1.8089e+019	1.0000e-010	0.0000e+000
2.800000e+002	-6.42495755e-002	-3.46424958e+000	3.02682219e+005	0.00000000e+000	1.0269e+019	1.0000e-010	0.0000e+000
2.900000e+002	-3.39813536e-002	-3.43398135e+000	2.07175510e+005	0.00000000e+000	5.0129e+018	1.0000e-010	0.0000e+000
3.000000e+002	-1.32638026e-002	-3.41326380e+000	1.55508310e+005	0.00000000e+000	2.7115e+018	1.0000e-010	0.0000e+000
3.100000e+002	2.28702842e-003	-3.39771297e+000	1.22952178e+005	0.00000000e+000	1.7083e+018	1.0000e-010	0.0000e+000
3.200000e+002	1.45822463e-002	-3.38541775e+000	1.00633545e+005	0.00000000e+000	1.1711e+018	1.0000e-010	0.0000e+000
3.300000e+002	2.46456007e-002	-3.37535440e+000	8.46812020e+004	0.00000000e+000	8.3699e+017	1.0000e-010	0.0000e+000
3.400000e+002	3.31137209e-002	-3.36688628e+000	7.29191278e+004	0.00000000e+000	6.1712e+017	1.0000e-010	0.0000e+000
3.500000e+002	4.04056337e-002	-3.35959437e+000	6.39760843e+004	0.00000000e+000	4.6920e+017	1.0000e-010	0.0000e+000
3.600000e+002	4.68032421e-002	-3.35319676e+000	5.69597770e+004	0.00000000e+000	3.6811e+017	1.0000e-010	0.0000e+000
3.700000e+002	5.24992198e-002	-3.34750078e+000	5.13084605e+004	0.00000000e+000	2.9650e+017	1.0000e-010	0.0000e+000
3.800000e+002	5.76300659e-002	-3.34236993e+000	4.66707493e+004	0.00000000e+000	2.4332e+017	1.0000e-010	0.0000e+000
3.900000e+002	6.22971408e-002	-3.33770286e+000	4.28036718e+004	0.00000000e+000	2.0289e+017	1.0000e-010	0.0000e+000
4.000000e+002	6.65775080e-002	-3.33342249e+000	3.95255958e+004	0.00000000e+000	1.7199e+017	1.0000e-010	0.0000e+000
4.100000e+002	7.05300676e-002	-3.32946993e+000	3.67072792e+004	0.00000000e+000	1.4787e+017	1.0000e-010	0.0000e+000
4.200000e+002	7.42007955e-002	-3.32579920e+000	3.42614363e+004	0.00000000e+000	1.2833e+017	1.0000e-010	0.0000e+000
4.300000e+002	7.76269391e-002	-3.32237306e+000	3.21232420e+004	0.00000000e+000	1.1219e+017	1.0000e-010	0.0000e+000
4.400000e+002	8.08392633e-002	-3.31916074e+000	3.02375437e+004	0.00000000e+000	9.8943e+016	1.0000e-010	0.0000e+000
4.500000e+002	8.38630177e-002	-3.31613698e+000	2.85586443e+004	0.00000000e+000	8.8094e+016	1.0000e-010	0.0000e+000
4.600000e+002	8.67188821e-002	-3.31328112e+000	2.70531737e+004	0.00000000e+000	7.8996e+016	1.0000e-010	0.0000e+000
4.700000e+002	8.94241995e-002	-3.31057580e+000	2.56977031e+004	0.00000000e+000	7.1126e+016	1.0000e-010	0.0000e+000
4.800000e+002	9.19939698e-002	-3.30800603e+000	2.44729485e+004	0.00000000e+000	6.4268e+016	1.0000e-010	0.0000e+000
4.900000e+002	9.44412647e-002	-3.30555874e+000	2.33604655e+004	0.00000000e+000	5.8378e+016	1.0000e-010	0.0000e+000
5.000000e+002	9.67773112e-002	-3.30322269e+000	2.23435875e+004	0.00000000e+000	5.3362e+016	1.0000e-010	0.0000e+000
5.100000e+002	9.90116699e-002	-3.30098833e+000	2.14094893e+004	0.00000000e+000	4.9019e+016	1.0000e-010	0.0000e+000
5.200000e+002	1.01152619e-001	-3.29884738e+000	2.05492353e+004	0.00000000e+000	4.5144e+016	1.0000e-010	0.0000e+000
5.300000e+002	1.03207542e-001	-3.29679246e+000	1.97558081e+004	0.00000000e+000	4.1638e+016	1.0000e-010	0.0000e+000
5.400000e+002	1.05183123e-001	-3.29481688e+000	1.90222245e+004	0.00000000e+000	3.8498e+016	1.0000e-010	0.0000e+000
5.500000e+002	1.07085346e-001	-3.29291465e+000	1.83412439e+004	0.00000000e+000	3.5738e+016	1.0000e-010	0.0000e+000
5.600000e+002	1.08919470e-001	-3.29108053e+000	1.77063351e+004	0.00000000e+000	3.3321e+016	1.0000e-010	0.0000e+000
5.700000e+002	1.10690104e-001	-3.28930990e+000	1.71125700e+004	0.00000000e+000	3.1162e+016	1.0000e-010	0.0000e+000
5.800000e+002	1.12401361e-001	-3.28759864e+000	1.65565648e+004	0.00000000e+000	2.9181e+016	1.0000e-010	0.0000e+000
5.900000e+002	1.14057017e-001	-3.28594298e+000	1.60356455e+004	0.00000000e+000	2.7340e+016	1.0000e-010	0.0000e+000
6.000000e+002	1.15660582e-001	-3.28433942e+000	1.55470182e+004	0.00000000e+000	2.5645e+016	1.0000e-010	0.0000e+000
6.100000e+002	1.17215283e-001	-3.28278472e+000	1.50875303e+004	0.00000000e+000	2.4116e+016	1.0000e-010	0.0000e+000
6.200000e+002	1.18724036e-001	-3.28127596e+000	1.46540223e+004	0.00000000e+000	2.2753e+016	1.0000e-010	0.0000e+000
6.300000e+002	1.20189439e-001	-3.27981056e+000	1.42438455e+004	0.00000000e+000	2.1528e+016	1.0000e-010	0.0000e+000
6.400000e+002	1.21613823e-001	-3.27838618e+000	1.38551143e+004	0.00000000e+000	2.0403e+016	1.0000e-010	0.0000e+000
6.500000e+002	1.22999335e-001	-3.27700067e+000	1.34865573e+004	0.00000000e+000	1.9344e+016	1.0000e-010	0.0000e+000
6.600000e+002	1.24347990e-001	-3.27565201e+000	1.31371288e+004	0.00000000e+000	1.8341e+016	1.0000e-010	0.0000e+000
6.700000e+002	1.25661703e-001	-3.27433830e+000	1.28056594e+004	0.00000000e+000	1.7398e+016	1.0000e-010	0.0000e+000
6.800000e+002	1.26942269e-001	-3.27305773e+000	1.24907342e+004	0.00000000e+000	1.6530e+016	1.0000e-010	0.0000e+000
6.900000e+002	1.28191343e-001	-3.27180866e+000	1.21908116e+004	0.00000000e+000	1.5743e+016	1.0000e-010	0.0000e+000
7.000000e+002	1.29410424e-001	-3.27058958e+000	1.19044569e+004	0.00000000e+000	1.5031e+016	1.0000e-010	0.0000e+000
7.100000e+002	1.30600869e-001	-3.26939913e+000	1.16305369e+004	0.00000000e+000	1.4378e+016	1.0000e-010	0.0000e+000
7.200000e+002	1.31763923e-001	-3.26823608e+000	1.13682780e+004	0.00000000e+000	1.3766e+016	1.0000e-010	0.0000e+000
7.300000e+002	1.32900751e-001	-3.26709925e+000	1.11171817e+004	0.00000000e+000	1.3180e+016	1.0000e-010	0.0000e+000
7.400000e+002	1.34012469e-001	-3.26598753e+000	1.08768615e+004	0.00000000e+000	1.2615e+016	1.0000e-010	0.0000e+000
7.500000e+002	1.35100155e-001	-3.26489984e+000	1.06468851e+004	0.00000000e+000	1.2072e+016	1.0000e-010	0.0000e+000
7.600000e+002	1.36164844e-001	-3.26383516e+000	1.04266842e+004	0.00000000e+000	1.1559e+016	1.0000e-010	0.0000e+000
7.700000e+002	1.37207512e-001	-3.26279249e+000	1.02155549e+004	0.00000000e+000	1.1083e+016	1.0000e-010	0.0000e+000
7.800000e+002	1.38229068e-001	-3.26177093e+000	1.00127228e+004	0.00000000e+000	1.0647e+016	1.0000e-010	0.0000e+000
7.900000e+002	1.39230340e-001	-3.26076966e+000	9.81744029e+003	0.00000000e+000	1.0251e+016	1.0000e-010	0.0000e+000
8.000000e+002	1.40212084e-001	-3.25978792e+000	9.62907413e+003	0.00000000e+000	9.8879e+015	1.0000e-010	0.0000e+000
8.100000e+002	1.41174991e-001	-3.25882501e+000	9.44715551e+003	0.00000000e+000	9.5495e+015	1.0000e-010	0.0000e+000
8.200000e+002	1.42119707e-001	-3.25788029e+000	9.27138544e+003	0.00000000e+000	9.2268e+015	1.0000e-010	0.0000e+000
8.300000e+002	1.43046846e-001	-3.25695315e+000	9.10160219e+003	0.00000000e+000	8.9126e+015	1.0000e-010	0.0000e+000
8.400000e+002	1.43957006e-001	-3.25604299e+000	8.93772650e+003	0.00000000e+000	8.6025e+015	1.0000e-010	0.0000e+000
8.500000e+002	1.44850778e-001	-3.25514922e+000	8.77970222e+003	0.00000000e+000	8.2954e+015	1.0000e-010	0.0000e+000
8.600000e+002	1.45728749e-001	-3.25427125e+000	8.62744627e+003	0.00000000e+000	7.9926e+015	1.0000e-010	0.0000e+000
8.700000e+002	1.46591493e-001	-3.25340851e+000	8.48081596e+003	0.00000000e+000	7.6973e+015	1.0000e-010	0.0000e+000
8.800000e+002	1.47439575e-001	-3.25256043e+000	8.33959588e+003	0.00000000e+000	7.4133e+015	1.0000e-010	0.0000e+000
8.900000e+002	1.48273534e-001	-3.25172647e+000	8.20350180e+003	0.00000000e+000	7.1442e+015	1.0000e-010	0.0000e+000
9.000000e+002	1.49093885e-001	-3.25090612e+000	8.07219661e+003	0.00000000e+000	6.8929e+015	1.0000e-010	0.0000e+000
9.100000e+002	1.49901104e-001	-3.25009890e+000	7.94531266e+003	0.00000000e+000	6.6608e+015	1.0000e-010	0.0000e+000
9.200000e+002	1.50695636e-001	-3.24930436e+000	7.82247543e+003	0.00000000e+000	6.4484e+015	1.0000e-010	0.0000e+000
9.300000e+002	1.51477883e-001	-3.24852212e+000	7.70332480e+003	0.00000000e+000	6.2549e+015	1.0000e-010	0.0000e+000
9.400000e+002	1.52248216e-001	-3.24775178e+000	7.58752979e+003	0.00000000e+000	6.0788e+015	1.0000e-010	0.0000e+000
9.500000e+002	1.53006969e-001	-3.24699303e+000	7.47480522e+003	0.00000000e+000	5.9176e+015	1.0000e-010	0.0000e+000
9.600000e+002	1.53754449e-001	-3.24624555e+000	7.36491386e+003	0.00000000e+000	5.7689e+015	1.0000e-010	0.0000e+000
9.700000e+002	1.54490940e-001	-3.24550906e+000	7.25767095e+003	0.00000000e+000	5.6299e+015	1.0000e-010	0.0000e+000
9.800000e+002	1.55216708e-001	-3.24478329e+000	7.15294645e+003	0.00000000e+000	5.4977e+015	1.0000e-010	0.0000e+000
9.900000e+002	1.55932002e-001	-3.24406800e+000	7.05066736e+003	0.00000000e+000	5.3693e+015	1.0000e-010	0.0000e+000
1.000000e+003	1.56637069e-001	-3.24336293e+000	6.95087987e+003	0.00000000e+000	5.2385e+015	1.0000e-010	0.0000e+000	-5.9807e-002	-4.6670e-002	2.8281e-002	6.4400e-002	8.6205e-002	1.0171e-001	1.1370e-001	1.2346e-001	1.3168e-001	1.3878e-001	1.4502e-001	1.5068e-001	1.5632e-001
1.010000e+003	1.57332157e-001	-3.24266784e+000	6.85361290e+003	0.00000000e+000	5.1064e+015	1.0000e-010	0.0000e+000
1.020000e+003	1.58017518e-001	-3.24198248e+000	6.75889069e+003	0.00000000e+000	4.9728e+015	1.0000e-010	0.0000e+000
1.030000e+003	1.58693407e-001	-3.24130659e+000	6.66661286e+003	0.00000000e+000	4.8445e+015	1.0000e-010	0.0000e+000
1.040000e+003	1.59360069e-001	-3.24063993e+000	6.57668424e+003	0.00000000e+000	4.7212e+015	1.0000e-010	0.0000e+000
1.050000e+003	1.60017737e-001	-3.23998226e+000	6.48901452e+003	0.00000000e+000	4.6026e+015	1.0000e-010	0.0000e+000
1.060000e+003	1.60666638e-001	-3.23933336e+000	6.40351798e+003	0.00000000e+000	4.4885e+015	1.0000e-010	0.0000e+000
1.070000e+003	1.61306990e-001	-3.23869301e+000	6.32011317e+003	0.00000000e+000	4.3787e+015	1.0000e-010	0.0000e+000
1.080000e+003	1.61939002e-001	-3.23806100e+000	6.23872266e+003	0.00000000e+000	4.2729e+015	1.0000e-010	0.0000e+000
1.090000e+003	1.62562874e-001	-3.23743713e+000	6.15927279e+003	0.00000000e+000	4.1710e+015	1.0000e-010	0.0000e+000
1.100000e+003	1.63178801e-001	-3.23682120e+000	6.08169346e+003	0.00000000e+000	4.0728e+015	1.0000e-010	0.0000e+000
1.110000e+003	1.63786970e-001	-3.23621303e+000	6.00591788e+003	0.00000000e+000	3.9781e+015	1.0000e-010	0.0000e+000
1.120000e+003	1.64387562e-001	-3.23561244e+000	5.93188243e+003	0.00000000e+000	3.8868e+015	1.0000e-010	0.0000e+000
1.130000e+003	1.64980750e-001	-3.23501925e+000	5.85952642e+003	0.00000000e+000	3.7986e+015	1.0000e-010	0.0000e+000
1.140000e+003	1.65566703e-001	-3.23443330e+000	5.78879196e+003	0.00000000e+000	3.7135e+015	1.0000e-010	0.0000e+000
1.150000e+003	1.66145582e-001	-3.23385442e+000	5.71962378e+003	0.00000000e+000	3.6313e+015	1.0000e-010	0.0000e+000
1.160000e+003	1.66717545e-001	-3.23328246e+000	5.65196912e+003	0.00000000e+000	3.5518e+015	1.0000e-010	0.0000e+000
1.170000e+003	1.67282742e-001	-3.23271726e+000	5.58577752e+003	0.00000000e+000	3.4750e+015	1.0000e-010	0.0000e+000
1.180000e+003	1.67841319e-001	-3.23215868e+000	5.52100077e+003	0.00000000e+000	3.4007e+015	1.0000e-010	0.0000e+000
1.190000e+003	1.68393419e-001	-3.23160658e+000	5.45759274e+003	0.00000000e+000	3.3289e+015	1.0000e-010	0.0000e+000
1.200000e+003	1.68939179e-001	-3.23106082e+000	5.39550928e+003	0.00000000e+000	3.2593e+015	1.0000e-010	0.0000e+000
1.210000e+003	1.69478730e-001	-3.23052127e+000	5.33470811e+003	0.00000000e+000	3.1920e+015	1.0000e-010	0.0000e+000
1.220000e+003	1.70012200e-001	-3.22998780e+000	5.27514877e+003	0.00000000e+000	3.1268e+015	1.0000e-010	0.0000e+000
1.230000e+003	1.70539715e-001	-3.22946028e+000	5.21679242e+003	0.00000000e+000	3.0637e+015	1.0000e-010	0.0000e+000
1.240000e+003	1.71061395e-001	-3.22893861e+000	5.15960187e+003	0.00000000e+000	3.0025e+015	1.0000e-010	0.0000e+000
1.250000e+003	1.71577355e-001	-3.22842265e+000	5.10354143e+003	0.00000000e+000	2.9431e+015	1.0000e-010	0.0000e+000
1.260000e+003	1.72087709e-001	-3.22791229e+000	5.04857685e+003	0.00000000e+000	2.8856e+015	1.0000e-010	0.0000e+000
1.270000e+003	1.72592567e-001	-3.22740743e+000	4.99467525e+003	0.00000000e+000	2.8298e+015	1.0000e-010	0.0000e+000
1.280000e+003	1.73092034e-001	-3.22690797e+000	4.94180504e+003	0.00000000e+000	2.7756e+015	1.0000e-010	0.0000e+000
1.290000e+003	1.73586215e-001	-3.22641379e+000	4.88993589e+003	0.00000000e+000	2.7231e+015	1.0000e-010	0.0000e+000
1.300000e+003	1.74075208e-001	-3.22592479e+000	4.83903863e+003	0.00000000e+000	2.6721e+015	1.0000e-010	0.0000e+000
1.310000e+003	1.74559112e-001	-3.22544089e+000	4.78908522e+003	0.00000000e+000	2.6225e+015	1.0000e-010	0.0000e+000
1.320000e+003	1.75038021e-001	-3.22496198e+000	4.74004867e+003	0.00000000e+000	2.5744e+015	1.0000e-010	0.0000e+000
1.330000e+003	1.75512025e-001	-3.22448797e+000	4.69190304e+003	0.00000000e+000	2.5276e+015	1.0000e-010	0.0000e+000
1.340000e+003	1.75981216e-001	-3.22401878e+000	4.64462332e+003	0.00000000e+000	2.4822e+015	1.0000e-010	0.0000e+000
1.350000e+003	1.76445678e-001	-3.22355432e+000	4.59818546e+003	0.00000000e+000	2.4380e+015	1.0000e-010	0.0000e+000
1.360000e+003	1.76905497e-001	-3.22309450e+000	4.55256626e+003	0.00000000e+000	2.3950e+015	1.0000e-010	0.0000e+000
1.370000e+003	1.77360753e-001	-3.22263925e+000	4.50774339e+003	0.00000000e+000	2.3532e+015	1.0000e-010	0.0000e+000
1.380000e+003	1.77811528e-001	-3.22218847e+000	4.46369531e+003	0.00000000e+000	2.3125e+015	1.0000e-010	0.0000e+000
1.390000e+003	1.78257897e-001	-3.22174210e+000	4.42040126e+003	0.00000000e+000	2.2729e+015	1.0000e-010	0.0000e+000
1.400000e+003	1.78699937e-001	-3.22130006e+000	4.37784119e+003	0.00000000e+000	2.2344e+015	1.0000e-010	0.0000e+000
1.410000e+003	1.79137721e-001	-3.22086228e+000	4.33599577e+003	0.00000000e+000	2.1969e+015	1.0000e-010	0.0000e+000
1.420000e+003	1.79571321e-001	-3.22042868e+000	4.29484635e+003	0.00000000e+000	2.1603e+015	1.0000e-010	0.0000e+000
1.430000e+003	1.80000806e-001	-3.21999919e+000	4.25437491e+003	0.00000000e+000	2.1247e+015	1.0000e-010	0.0000e+000
1.440000e+003	1.80426243e-001	-3.21957376e+000	4.21456404e+003	0.00000000e+000	2.0900e+015	1.0000e-010	0.0000e+000
1.450000e+003	1.80847699e-001	-3.21915230e+000	4.17539693e+003	0.00000000e+000	2.0562e+015	1.0000e-010	0.0000e+000
1.460000e+003	1.81265239e-001	-3.21873476e+000	4.13685733e+003	0.00000000e+000	2.0233e+015	1.0000e-010	0.0000e+000
1.470000e+003	1.81678925e-001	-3.21832108e+000	4.09892954e+003	0.00000000e+000	1.9912e+015	1.0000e-010	0.0000e+000
1.480000e+003	1.82088818e-001	-3.21791118e+000	4.06159837e+003	0.00000000e+000	1.9599e+015	1.0000e-010	0.0000e+000
1.490000e+003	1.82494978e-001	-3.21750502e+000	4.02484912e+003	0.00000000e+000	1.9293e+015	1.0000e-010	0.0000e+000
1.500000e+003	1.82897463e-001	-3.21710254e+000	3.98866759e+003	0.00000000e+000	1.8995e+015	1.0000e-010	0.0000e+000
1.510000e+003	1.83296329e-001	-3.21670367e+000	3.95304001e+003	0.00000000e+000	1.8704e+015	1.0000e-010	0.0000e+000
1.520000e+003	1.83691633e-001	-3.21630837e+000	3.91795307e+003	0.00000000e+000	1.8420e+015	1.0000e-010	0.0000e+000
1.530000e+003	1.84083429e-001	-3.21591657e+000	3.88339387e+003	0.00000000e+000	1.8143e+015	1.0000e-010	0.0000e+000
1.540000e+003	1.84471768e-001	-3.21552823e+000	3.84934993e+003	0.00000000e+000	1.7873e+015	1.0000e-010	0.0000e+000
1.550000e+003	1.84856703e-001	-3.21514330e+000	3.81580915e+003	0.00000000e+000	1.7609e+015	1.0000e-010	0.0000e+000
1.560000e+003	1.85238284e-001	-3.21476172e+000	3.78275980e+003	0.00000000e+000	1.7351e+015	1.0000e-010	0.0000e+000
1.570000e+003	1.85616560e-001	-3.21438344e+000	3.75019052e+003	0.00000000e+000	1.7099e+015	1.0000e-010	0.0000e+000
1.580000e+003	1.85991579e-001	-3.21400842e+000	3.71809030e+003	0.00000000e+000	1.6852e+015	1.0000e-010	0.0000e+000
1.590000e+003	1.86363388e-001	-3.21363661e+000	3.68644844e+003	0.00000000e+000	1.6612e+015	1.0000e-010	0.0000e+000
1.600000e+003	1.86732033e-001	-3.21326797e+000	3.65525458e+003	0.00000000e+000	1.6377e+015	1.0000e-010	0.0000e+000
1.610000e+003	1.87097558e-001	-3.21290244e+000	3.62449868e+003	0.00000000e+000	1.6147e+015	1.0000e-010	0.0000e+000
1.620000e+003	1.87460008e-001	-3.21253999e+000	3.59417098e+003	0.00000000e+000	1.5922e+015	1.0000e-010	0.0000e+000
1.630000e+003	1.87819425e-001	-3.21218057e+000	3.56426200e+003	0.00000000e+000	1.5702e+015	1.0000e-010	0.0000e+000
1.640000e+003	1.88175851e-001	-3.21182415e+000	3.53476255e+003	0.00000000e+000	1.5487e+015	1.0000e-010	0.0000e+000
1.650000e+003	1.88529328e-001	-3.21147067e+000	3.50566370e+003	0.00000000e+000	1.5277e+015	1.0000e-010	0.0000e+000
1.660000e+003	1.88879894e-001	-3.21112011e+000	3.47695678e+003	0.00000000e+000	1.5071e+015	1.0000e-010	0.0000e+000
1.670000e+003	1.89227590e-001	-3.21077241e+000	3.44863338e+003	0.00000000e+000	1.4870e+015	1.0000e-010	0.0000e+000
1.680000e+003	1.89572453e-001	-3.21042755e+000	3.42068529e+003	0.00000000e+000	1.4673e+015	1.0000e-010	0.0000e+000
1.690000e+003	1.89914522e-001	-3.21008548e+000	3.39310458e+003	0.00000000e+000	1.4480e+015	1.0000e-010	0.0000e+000
1.700000e+003	1.90253832e-001	-3.20974617e+000	3.36588349e+003	0.00000000e+000	1.4291e+015	1.0000e-010	0.0000e+000
1.710000e+003	1.90590420e-001	-3.20940958e+000	3.33901453e+003	0.00000000e+000	1.4106e+015	1.0000e-010	0.0000e+000
1.720000e+003	1.90924322e-001	-3.20907568e+000	3.31249037e+003	0.00000000e+000	1.3925e+015	1.0000e-010	0.0000e+000
1.730000e+003	1.91255571e-001	-3.20874443e+000	3.28630390e+003	0.00000000e+000	1.3748e+015	1.0000e-010	0.0000e+000
1.740000e+003	1.91584201e-001	-3.20841580e+000	3.26044821e+003	0.00000000e+000	1.3574e+015	1.0000e-010	0.0000e+000
1.750000e+003	1.91910246e-001	-3.20808975e+000	3.23491657e+003	0.00000000e+000	1.3404e+015	1.0000e-010	0.0000e+000
1.760000e+003	1.92233738e-001	-3.20776626e+000	3.20970241e+003	0.00000000e+000	1.3237e+015	1.0000e-010	0.0000e+000
1.770000e+003	1.92554708e-001	-3.20744529e+000	3.18479937e+003	0.00000000e+000	1.3074e+015	1.0000e-010	0.0000e+000
1.780000e+003	1.92873188e-001	-3.20712681e+000	3.16020124e+003	0.00000000e+000	1.2914e+015	1.0000e-010	0.0000e+000
1.790000e+003	1.93189208e-001	-3.20681079e+000	3.13590197e+003	0.00000000e+000	1.2757e+015	1.0000e-010	0.0000e+000
1.800000e+003	1.93502798e-001	-3.20649720e+000	3.11189568e+003	0.00000000e+000	1.2603e+015	1.0000e-010	0.0000e+000
1.810000e+003	1.93813988e-001	-3.20618601e+000	3.08817662e+003	0.00000000e+000	1.2452e+015	1.0000e-010	0.0000e+000
1.820000e+003	1.94122806e-001	-3.20587719e+000	3.06473922e+003	0.00000000e+000	1.2305e+015	1.0000e-010	0.0000e+000
1.830000e+003	1.94429279e-001	-3.20557072e+000	3.04157803e+003	0.00000000e+000	1.2160e+015	1.0000e-010	0.0000e+000
1.840000e+003	1.94733437e-001	-3.20526656e+000	3.01868774e+003	0.00000000e+000	1.2017e+015	1.0000e-010	0.0000e+000
1.850000e+003	1.95035306e-001	-3.20496469e+000	2.99606318e+003	0.00000000e+000	1.1878e+015	1.0000e-010	0.0000e+000
1.860000e+003	1.95334912e-001	-3.20466509e+000	2.97369931e+003	0.00000000e+000	1.1741e+015	1.0000e-010	0.0000e+000
1.870000e+003	1.95632282e-001	-3.20436772e+000	2.95159122e+003	0.00000000e+000	1.1607e+015	1.0000e-010	0.0000e+000
1.880000e+003	1.95927441e-001	-3.20407256e+000	2.92973410e+003	0.00000000e+000	1.1475e+015	1.0000e-010	0.0000e+000
1.890000e+003	1.96220415e-001	-3.20377959e+000	2.90812328e+003	0.00000000e+000	1.1346e+015	1.0000e-010	0.0000e+000
1.900000e+003	1.96511227e-001	-3.20348877e+000	2.88675421e+003	0.00000000e+000	1.1219e+015	1.0000e-010	0.0000e+000
1.910000e+003	1.96799903e-001	-3.20320010e+000	2.86562242e+003	0.00000000e+000	1.1094e+015	1.0000e-010	0.0000e+000
1.920000e+003	1.97086465e-001	-3.20291354e+000	2.84472358e+003	0.00000000e+000	1.0972e+015	1.0000e-010	0.0000e+000
1.930000e+003	1.97370937e-001	-3.20262906e+000	2.82405345e+003	0.00000000e+000	1.0852e+015	1.0000e-010	0.0000e+000
1.940000e+003	1.97653343e-001	-3.20234666e+000	2.80360789e+003	0.00000000e+000	1.0734e+015	1.0000e-010	0.0000e+000
1.950000e+003	1.97933703e-001	-3.20206630e+000	2.78338286e+003	0.00000000e+000	1.0618e+015	1.0000e-010	0.0000e+000
1.960000e+003	1.98212042e-001	-3.20178796e+000	2.76337442e+003	0.00000000e+000	1.0504e+015	1.0000e-010	0.0000e+000
1.970000e+003	1.98488379e-001	-3.20151162e+000	2.74357871e+003	0.00000000e+000	1.0393e+015	1.0000e-010	0.0000e+000
1.980000e+003	1.98762737e-001	-3.20123726e+000	2.72399198e+003	0.00000000e+000	1.0283e+015	1.0000e-010	0.0000e+000
1.990000e+003	1.99035136e-001	-3.20096486e+000	2.70461054e+003	0.00000000e+000	1.0175e+015	1.0000e-010	0.0000e+000
2.000000e+003	1.99305597e-001	-3.20069440e+000	2.68543082e+003	0.00000000e+000	1.0069e+015	1.0000e-010	0.0000e+000
2.010000e+003	1.99574140e-001	-3.20042586e+000	2.66644930e+003	0.00000000e+000	9.9652e+014	1.0000e-010	0.0000e+000
2.020000e+003	1.99840785e-001	-3.20015921e+000	2.64766255e+003	0.00000000e+000	9.8630e+014	1.0000e-010	0.0000e+000
2.030000e+003	2.00105551e-001	-3.19989445e+000	2.62906723e+003	0.00000000e+000	9.7625e+014	1.0000e-010	0.0000e+000
2.040000e+003	2.00368458e-001	-3.19963154e+000	2.61066006e+003	0.00000000e+000	9.6637e+014	1.0000e-010	0.0000e+000
2.050000e+003	2.00629524e-001	-3.19937048e+000	2.59243783e+003	0.00000000e+000	9.5666e+014	1.0000e-010	0.0000e+000
2.060000e+003	2.00888768e-001	-3.19911123e+000	2.57439743e+003	0.00000000e+000	9.4712e+014	1.0000e-010	0.0000e+000
2.070000e+003	2.01146208e-001	-3.19885379e+000	2.55653579e+003	0.00000000e+000	9.3773e+014	1.0000e-010	0.0000e+000
2.080000e+003	2.01401861e-001	-3.19859814e+000	2.53884991e+003	0.00000000e+000	9.2850e+014	1.0000e-010	0.0000e+000
2.090000e+003	2.01655746e-001	-3.19834425e+000	2.52133687e+003	0.00000000e+000	9.1943e+014	1.0000e-010	0.0000e+000
2.100000e+003	2.01907880e-001	-3.19809212e+000	2.50399380e+003	0.00000000e+000	9.1051e+014	1.0000e-010	0.0000e+000
2.110000e+003	2.02158279e-001	-3.19784172e+000	2.48681790e+003	0.00000000e+000	9.0173e+014	1.0000e-010	0.0000e+000
2.120000e+003	2.02406961e-001	-3.19759304e+000	2.46980644e+003	0.00000000e+000	8.9310e+014	1.0000e-010	0.0000e+000
2.130000e+003	2.02653942e-001	-3.19734606e+000	2.45295672e+003	0.00000000e+000	8.8461e+014	1.0000e-010	0.0000e+000
2.140000e+003	2.02899237e-001	-3.19710076e+000	2.43626612e+003	0.00000000e+000	8.7625e+014	1.0000e-010	0.0000e+000
2.150000e+003	2.03142864e-001	-3.19685714e+000	2.41973208e+003	0.00000000e+000	8.6803e+014	1.0000e-010	0.0000e+000
2.160000e+003	2.03384837e-001	-3.19661516e+000	2.40335207e+003	0.00000000e+000	8.5995e+014	1.0000e-010	0.0000e+000
2.170000e+003	2.03625172e-001	-3.19637483e+000	2.38712364e+003	0.00000000e+000	8.5199e+014	1.0000e-010	0.0000e+000
2.180000e+003	2.03863885e-001	-3.19613612e+000	2.37104436e+003	0.00000000e+000	8.4416e+014	1.0000e-010	0.0000e+000
2.190000e+003	2.04100989e-001	-3.19589901e+000	2.35511189e+003	0.00000000e+000	8.3645e+014	1.0000e-010	0.0000e+000
2.200000e+003	2.04336500e-001	-3.19566350e+000	2.33932389e+003	0.00000000e+000	8.2887e+014	1.0000e-010	0.0000e+000
2.210000e+003	2.04570433e-001	-3.19542957e+000	2.32367812e+003	0.00000000e+000	8.2140e+014	1.0000e-010	0.0000e+000
2.220000e+003	2.04802801e-001	-3.19519720e+000	2.30817235e+003	0.00000000e+000	8.1405e+014	1.0000e-010	0.0000e+000
2.230000e+003	2.05033618e-001	-3.19496638e+000	2.29280441e+003	0.00000000e+000	8.0681e+014	1.0000e-010	0.0000e+000
2.240000e+003	2.05262898e-001	-3.19473710e+000	2.27757216e+003	0.00000000e+000	7.9969e+014	1.0000e-010	0.0000e+000
2.250000e+003	2.05490656e-001	-3.19450934e+000	2.26247351e+003	0.00000000e+000	7.9267e+014	1.0000e-010	0.0000e+000
2.260000e+003	2.05716903e-001	-3.19428310e+000	2.24750643e+003	0.00000000e+000	7.8577e+014	1.0000e-010	0.0000e+000
2.270000e+003	2.05941654e-001	-3.19405835e+000	2.23266891e+003	0.00000000e+000	7.7897e+014	1.0000e-010	0.0000e+000
2.280000e+003	2.06164920e-001	-3.19383508e+000	2.21795897e+003	0.00000000e+000	7.7227e+014	1.0000e-010	0.0000e+000
2.290000e+003	2.06386716e-001	-3.19361328e+000	2.20337470e+003	0.00000000e+000	7.6567e+014	1.0000e-010	0.0000e+000
2.300000e+003	2.06607054e-001	-3.19339295e+000	2.18891420e+003	0.00000000e+000	7.5917e+014	1.0000e-010	0.0000e+000
2.310000e+003	2.06825945e-001	-3.19317405e+000	2.17457563e+003	0.00000000e+000	7.5277e+014	1.0000e-010	0.0000e+000
2.320000e+003	2.07043403e-001	-3.19295660e+000	2.16035716e+003	0.00000000e+000	7.4647e+014	1.0000e-010	0.0000e+000
2.330000e+003	2.07259438e-001	-3.19274056e+000	2.14625701e+003	0.00000000e+000	7.4025e+014	1.0000e-010	0.0000e+000
2.340000e+003	2.07474064e-001	-3.19252594e+000	2.13227344e+003	0.00000000e+000	7.3413e+014	1.0000e-010	0.0000e+000
2.350000e+003	2.07687292e-001	-3.19231271e+000	2.11840473e+003	0.00000000e+000	7.2810e+014	1.0000e-010	0.0000e+000
2.360000e+003	2.07899132e-001	-3.19210087e+000	2.10464920e+003	0.00000000e+000	7.2216e+014	1.0000e-010	0.0000e+000
2.370000e+003	2.08109597e-001	-3.19189040e+000	2.09100520e+003	0.00000000e+000	7.1631e+014	1.0000e-010	0.0000e+000
2.380000e+003	2.08318697e-001	-3.19168130e+000	2.07747112e+003	0.00000000e+000	7.1054e+014	1.0000e-010	0.0000e+000
2.390000e+003	2.08526445e-001	-3.19147356e+000	2.06404536e+003	0.00000000e+000	7.0485e+014	1.0000e-010	0.0000e+000
2.400000e+003	2.08732849e-001	-3.19126715e+000	2.05072636e+003	0.00000000e+000	6.9924e+014	1.0000e-010	0.0000e+000
2.410000e+003	2.08937922e-001	-3.19106208e+000	2.03751261e+003	0.00000000e+000	6.9372e+014	1.0000e-010	0.0000e+000
2.420000e+003	2.09141673e-001	-3.19085833e+000	2.02440258e+003	0.00000000e+000	6.8827e+014	1.0000e-010	0.0000e+000
2.430000e+003	2.09344113e-001	-3.19065589e+000	2.01139482e+003	0.00000000e+000	6.8290e+014	1.0000e-010	0.0000e+000
2.440000e+003	2.09545253e-001	-3.19045475e+000	1.99848787e+003	0.00000000e+000	6.7761e+014	1.0000e-010	0.0000e+000
2.450000e+003	2.09745102e-001	-3.19025490e+000	1.98568031e+003	0.00000000e+000	6.7239e+014	1.0000e-010	0.0000e+000
2.460000e+003	2.09943670e-001	-3.19005633e+000	1.97297075e+003	0.00000000e+000	6.6725e+014	1.0000e-010	0.0000e+000
2.470000e+003	2.10140967e-001	-3.18985903e+000	1.96035782e+003	0.00000000e+000	6.6218e+014	1.0000e-010	0.0000e+000
2.480000e+003	2.10337002e-001	-3.18966300e+000	1.94784016e+003	0.00000000e+000	6.5717e+014	1.0000e-010	0.0000e+000
2.490000e+003	2.10531786e-001	-3.18946821e+000	1.93541647e+003	0.00000000e+000	6.5224e+014	1.0000e-010	0.0000e+000
2.500000e+003	2.10725328e-001	-3.18927467e+000	1.92308545e+003	0.00000000e+000	6.4738e+014	1.0000e-010	0.0000e+000
2.510000e+003	2.10917637e-001	-3.18908236e+000	1.91084581e+003	0.00000000e+000	6.4258e+014	1.0000e-010	0.0000e+000
2.520000e+003	2.11108721e-001	-3.18889128e+000	1.89869631e+003	0.00000000e+000	6.3785e+014	1.0000e-010	0.0000e+000
2.530000e+003	2.11298591e-001	-3.18870141e+000	1.88663571e+003	0.00000000e+000	6.3318e+014	1.0000e-010	0.0000e+000
2.540000e+003	2.11487254e-001	-3.18851275e+000	1.87466280e+003	0.00000000e+000	6.2857e+014	1.0000e-010	0.0000e+000
2.550000e+003	2.11674721e-001	-3.18832528e+000	1.86277641e+003	0.00000000e+000	6.2403e+014	1.0000e-010	0.0000e+000
2.560000e+003	2.11860998e-001	-3.18813900e+000	1.85097536e+003	0.00000000e+000	6.1955e+014	1.0000e-010	0.0000e+000
2.570000e+003	2.12046096e-001	-3.18795390e+000	1.83925849e+003	0.00000000e+000	6.1513e+014	1.0000e-010	0.0000e+000
2.580000e+003	2.12230022e-001	-3.18776998e+000	1.82762470e+003	0.00000000e+000	6.1077e+014	1.0000e-010	0.0000e+000
2.590000e+003	2.12412784e-001	-3.18758722e+000	1.81607285e+003	0.00000000e+000	6.0647e+014	1.0000e-010	0.0000e+000
2.600000e+003	2.12594391e-001	-3.18740561e+000	1.80460188e+003	0.00000000e+000	6.0222e+014	1.0000e-010	0.0000e+000
2.610000e+003	2.12774852e-001	-3.18722515e+000	1.79321070e+003	0.00000000e+000	5.9803e+014	1.0000e-010	0.0000e+000
2.620000e+003	2.12954173e-001	-3.18704583e+000	1.78189826e+003	0.00000000e+000	5.9390e+014	1.0000e-010	0.0000e+000
2.630000e+003	2.13132363e-001	-3.18686764e+000	1.77066352e+003	0.00000000e+000	5.8982e+014	1.0000e-010	0.0000e+000
2.640000e+003	2.13309429e-001	-3.18669057e+000	1.75950547e+003	0.00000000e+000	5.8580e+014	1.0000e-010	0.0000e+000
2.650000e+003	2.13485379e-001	-3.18651462e+000	1.74842311e+003	0.00000000e+000	5.8182e+014	1.0000e-010	0.0000e+000
2.660000e+003	2.13660222e-001	-3.18633978e+000	1.73741545e+003	0.00000000e+000	5.7790e+014	1.0000e-010	0.0000e+000
2.670000e+003	2.13833963e-001	-3.18616604e+000	1.72648151e+003	0.00000000e+000	5.7403e+014	1.0000e-010	0.0000e+000
2.680000e+003	2.14006611e-001	-3.18599339e+000	1.71562035e+003	0.00000000e+000	5.7021e+014	1.0000e-010	0.0000e+000
2.690000e+003	2.14178173e-001	-3.18582183e+000	1.70483104e+003	0.00000000e+000	5.6644e+014	1.0000e-010	0.0000e+000
2.700000e+003	2.14348657e-001	-3.18565134e+000	1.69411264e+003	0.00000000e+000	5.6271e+014	1.0000e-010	0.0000e+000
2.710000e+003	2.14518068e-001	-3.18548193e+000	1.68346425e+003	0.00000000e+000	5.5904e+014	1.0000e-010	0.0000e+000
2.720000e+003	2.14686414e-001	-3.18531359e+000	1.67288497e+003	0.00000000e+000	5.5541e+014	1.0000e-010	0.0000e+000
2.730000e+003	2.14853703e-001	-3.18514630e+000	1.66237393e+003	0.00000000e+000	5.5183e+014	1.0000e-010	0.0000e+000
2.740000e+003	2.15019940e-001	-3.18498006e+000	1.65193027e+003	0.00000000e+000	5.4829e+014	1.0000e-010	0.0000e+000
2.750000e+003	2.15185133e-001	-3.18481487e+000	1.64155313e+003	0.00000000e+000	5.4480e+014	1.0000e-010	0.0000e+000
2.760000e+003	2.15349289e-001	-3.18465071e+000	1.63124167e+003	0.00000000e+000	5.4135e+014	1.0000e-010	0.0000e+000
2.770000e+003	2.15512413e-001	-3.18448759e+000	1.62099507e+003	0.00000000e+000	5.3794e+014	1.0000e-010	0.0000e+000
2.780000e+003	2.15674512e-001	-3.18432549e+000	1.61081252e+003	0.00000000e+000	5.3458e+014	1.0000e-010	0.0000e+000
2.790000e+003	2.15835593e-001	-3.18416441e+000	1.60069322e+003	0.00000000e+000	5.3126e+014	1.0000e-010	0.0000e+000
2.800000e+003	2.15995663e-001	-3.18400434e+000	1.59063638e+003	0.00000000e+000	5.2798e+014	1.0000e-010	0.0000e+000
2.810000e+003	2.16154726e-001	-3.18384527e+000	1.58064123e+003	0.00000000e+000	5.2474e+014	1.0000e-010	0.0000e+000
2.820000e+003	2.16312791e-001	-3.18368721e+000	1.57070700e+003	0.00000000e+000	5.2155e+014	1.0000e-010	0.0000e+000
2.830000e+003	2.16469861e-001	-3.18353014e+000	1.56083295e+003	0.00000000e+000	5.1839e+014	1.0000e-010	0.0000e+000
2.840000e+003	2.16625945e-001	-3.18337406e+000	1.55101834e+003	0.00000000e+000	5.1527e+014	1.0000e-010	0.0000e+000
2.850000e+003	2.16781046e-001	-3.18321895e+000	1.54126243e+003	0.00000000e+000	5.1218e+014	1.0000e-010	0.0000e+000
2.860000e+003	2.16935173e-001	-3.18306483e+000	1.53156452e+003	0.00000000e+000	5.0914e+014	1.0000e-010	0.0000e+000
2.870000e+003	2.17088329e-001	-3.18291167e+000	1.52192388e+003	0.00000000e+000	5.0613e+014	1.0000e-010	0.0000e+000
2.880000e+003	2.17240521e-001	-3.18275948e+000	1.51233984e+003	0.00000000e+000	5.0316e+014	1.0000e-010	0.0000e+000
2.890000e+003	2.17391755e-001	-3.18260824e+000	1.50281170e+003	0.00000000e+000	5.0023e+014	1.0000e-010	0.0000e+000
2.900000e+003	2.17542037e-001	-3.18245796e+000	1.49333879e+003	0.00000000e+000	4.9733e+014	1.0000e-010	0.0000e+000
2.910000e+003	2.17691370e-001	-3.18230863e+000	1.48392044e+003	0.00000000e+000	4.9446e+014	1.0000e-010	0.0000e+000
2.920000e+003	2.17839763e-001	-3.18216024e+000	1.47455599e+003	0.00000000e+000	4.9163e+014	1.0000e-010	0.0000e+000
2.930000e+003	2.17987218e-001	-3.18201278e+000	1.46524481e+003	0.00000000e+000	4.8884e+014	1.0000e-010	0.0000e+000
2.940000e+003	2.18133743e-001	-3.18186626e+000	1.45598626e+003	0.00000000e+000	4.8607e+014	1.0000e-010	0.0000e+000
2.950000e+003	2.18279341e-001	-3.18172066e+000	1.44677970e+003	0.00000000e+000	4.8334e+014	1.0000e-010	0.0000e+000
2.960000e+003	2.18424019e-001	-3.18157598e+000	1.43762452e+003	0.00000000e+000	4.8065e+014	1.0000e-010	0.0000e+000
2.970000e+003	2.18567782e-001	-3.18143222e+000	1.42852011e+003	0.00000000e+000	4.7798e+014	1.0000e-010	0.0000e+000
2.980000e+003	2.18710634e-001	-3.18128937e+000	1.41946587e+003	0.00000000e+000	4.7535e+014	1.0000e-010	0.0000e+000
2.990000e+003	2.18852580e-001	-3.18114742e+000	1.41046121e+003	0.00000000e+000	4.7274e+014	1.0000e-010	0.0000e+000
3.000000e+003	2.18993626e-001	-3.18100637e+000	1.40150554e+003	0.00000000e+000	4.7017e+014	1.0000e-010	0.0000e+000
3.010000e+003	2.19133777e-001	-3.18086622e+000	1.39259829e+003	0.00000000e+000	4.6763e+014	1.0000e-010	0.0000e+000
3.020000e+003	2.19273037e-001	-3.18072696e+000	1.38373890e+003	0.00000000e+000	4.6512e+014	1.0000e-010	0.0000e+000
3.030000e+003	2.19411411e-001	-3.18058859e+000	1.37492680e+003	0.00000000e+000	4.6263e+014	1.0000e-010	0.0000e+000
3.040000e+003	2.19548903e-001	-3.18045110e+000	1.36616144e+003	0.00000000e+000	4.6018e+014	1.0000e-010	0.0000e+000
3.050000e+003	2.19685519e-001	-3.18031448e+000	1.35744228e+003	0.00000000e+000	4.5775e+014	1.0000e-010	0.0000e+000
3.060000e+003	2.19821264e-001	-3.18017874e+000	1.34876879e+003	0.00000000e+000	4.5536e+014	1.0000e-010	0.0000e+000
3.070000e+003	2.19956141e-001	-3.18004386e+000	1.34014042e+003	0.00000000e+000	4.5299e+014	1.0000e-010	0.0000e+000
3.080000e+003	2.20090155e-001	-3.17990985e+000	1.33155667e+003	0.00000000e+000	4.5065e+014	1.0000e-010	0.0000e+000
3.090000e+003	2.20223310e-001	-3.17977669e+000	1.32301702e+003	0.00000000e+000	4.4833e+014	1.0000e-010	0.0000e+000
3.100000e+003	2.20355612e-001	-3.17964439e+000	1.31452096e+003	0.00000000e+000	4.4604e+014	1.0000e-010	0.0000e+000
3.110000e+003	2.20487064e-001	-3.17951294e+000	1.30606800e+003	0.00000000e+000	4.4378e+014	1.0000e-010	0.0000e+000
3.120000e+003	2.20617671e-001	-3.17938233e+000	1.29765763e+003	0.00000000e+000	4.4154e+014	1.0000e-010	0.0000e+000
3.130000e+003	2.20747437e-001	-3.17925256e+000	1.28928937e+003	0.00000000e+000	4.3933e+014	1.0000e-010	0.0000e+000
3.140000e+003	2.20876366e-001	-3.17912363e+000	1.28096274e+003	0.00000000e+000	4.3715e+014	1.0000e-010	0.0000e+000
3.150000e+003	2.21004462e-001	-3.17899554e+000	1.27267726e+003	0.00000000e+000	4.3499e+014	1.0000e-010	0.0000e+000
3.160000e+003	2.21131730e-001	-3.17886827e+000	1.26443248e+003	0.00000000e+000	4.3285e+014	1.0000e-010	0.0000e+000
3.170000e+003	2.21258173e-001	-3.17874183e+000	1.25622792e+003	0.00000000e+000	4.3074e+014	1.0000e-010	0.0000e+000
3.180000e+003	2.21383796e-001	-3.17861620e+000	1.24806313e+003	0.00000000e+000	4.2865e+014	1.0000e-010	0.0000e+000
3.190000e+003	2.21508602e-001	-3.17849140e+000	1.23993767e+003	0.00000000e+000	4.2659e+014	1.0000e-010	0.0000e+000
3.200000e+003	2.21632596e-001	-3.17836740e+000	1.23185108e+003	0.00000000e+000	4.2454e+014	1.0000e-010	0.0000e+000
3.210000e+003	2.21755781e-001	-3.17824422e+000	1.22380294e+003	0.00000000e+000	4.2253e+014	1.0000e-010	0.0000e+000
3.220000e+003	2.21878161e-001	-3.17812184e+000	1.21579281e+003	0.00000000e+000	4.2053e+014	1.0000e-010	0.0000e+000
3.230000e+003	2.21999740e-001	-3.17800026e+000	1.20782025e+003	0.00000000e+000	4.1856e+014	1.0000e-010	0.0000e+000
3.240000e+003	2.22120522e-001	-3.17787948e+000	1.19988486e+003	0.00000000e+000	4.1661e+014	1.0000e-010	0.0000e+000
3.250000e+003	2.22240511e-001	-3.17775949e+000	1.19198622e+003	0.00000000e+000	4.1468e+014	1.0000e-010	0.0000e+000
3.260000e+003	2.22359709e-001	-3.17764029e+000	1.18412391e+003	0.00000000e+000	4.1277e+014	1.0000e-010	0.0000e+000
3.270000e+003	2.22478122e-001	-3.17752188e+000	1.17629753e+003	0.00000000e+000	4.1088e+014	1.0000e-010	0.0000e+000
3.280000e+003	2.22595752e-001	-3.17740425e+000	1.16850668e+003	0.00000000e+000	4.0902e+014	1.0000e-010	0.0000e+000
3.290000e+003	2.22712602e-001	-3.17728740e+000	1.16075096e+003	0.00000000e+000	4.0717e+014	1.0000e-010	0.0000e+000
3.300000e+003	2.22828677e-001	-3.17717132e+000	1.15302999e+003	0.00000000e+000	4.0535e+014	1.0000e-010	0.0000e+000
3.310000e+003	2.22943980e-001	-3.17705602e+000	1.14534338e+003	0.00000000e+000	4.0355e+014	1.0000e-010	0.0000e+000
3.320000e+003	2.23058515e-001	-3.17694149e+000	1.13769075e+003	0.00000000e+000	4.0176e+014	1.0000e-010	0.0000e+000
3.330000e+003	2.23172284e-001	-3.17682772e+000	1.13007173e+003	0.00000000e+000	4.0000e+014	1.0000e-010	0.0000e+000
3.340000e+003	2.23285291e-001	-3.17671471e+000	1.12248593e+003	0.00000000e+000	3.9825e+014	1.0000e-010	0.0000e+000
3.350000e+003	2.23397540e-001	-3.17660246e+000	1.11493300e+003	0.00000000e+000	3.9653e+014	1.0000e-010	0.0000e+000
3.360000e+003	2.23509033e-001	-3.17649097e+000	1.10741258e+003	0.00000000e+000	3.9482e+014	1.0000e-010	0.0000e+000
3.370000e+003	2.23619774e-001	-3.17638023e+000	1.09992430e+003	0.00000000e+000	3.9313e+014	1.0000e-010	0.0000e+000
3.380000e+003	2.23729767e-001	-3.17627023e+000	1.09246781e+003	0.00000000e+000	3.9146e+014	1.0000e-010	0.0000e+000
3.390000e+003	2.23839013e-001	-3.17616099e+000	1.08504277e+003	0.00000000e+000	3.8981e+014	1.0000e-010	0.0000e+000
3.400000e+003	2.23947518e-001	-3.17605248e+000	1.07764883e+003	0.00000000e+000	3.8818e+014	1.0000e-010	0.0000e+000
3.410000e+003	2.24055283e-001	-3.17594472e+000	1.07028564e+003	0.00000000e+000	3.8657e+014	1.0000e-010	0.0000e+000
3.420000e+003	2.24162311e-001	-3.17583769e+000	1.06295287e+003	0.00000000e+000	3.8497e+014	1.0000e-010	0.0000e+000
3.430000e+003	2.24268606e-001	-3.17573139e+000	1.05565020e+003	0.00000000e+000	3.8339e+014	1.0000e-010	0.0000e+000
3.440000e+003	2.24374171e-001	-3.17562583e+000	1.04837728e+003	0.00000000e+000	3.8183e+014	1.0000e-010	0.0000e+000
3.450000e+003	2.24479009e-001	-3.17552099e+000	1.04113380e+003	0.00000000e+000	3.8028e+014	1.0000e-010	0.0000e+000
3.460000e+003	2.24583122e-001	-3.17541688e+000	1.03391942e+003	0.00000000e+000	3.7875e+014	1.0000e-010	0.0000e+000
3.470000e+003	2.24686514e-001	-3.17531349e+000	1.02673385e+003	0.00000000e+000	3.7724e+014	1.0000e-010	0.0000e+000
3.480000e+003	2.24789188e-001	-3.17521081e+000	1.01957676e+003	0.00000000e+000	3.7575e+014	1.0000e-010	0.0000e+000
3.490000e+003	2.24891145e-001	-3.17510885e+000	1.01244783e+003	0.00000000e+000	3.7427e+014	1.0000e-010	0.0000e+000
3.500000e+003	2.24992390e-001	-3.17500761e+000	1.00534677e+003	0.00000000e+000	3.7280e+014	1.0000e-010	0.0000e+000
3.510000e+003	2.25092925e-001	-3.17490708e+000	9.98273278e+002	0.00000000e+000	3.7136e+014	1.0000e-010	0.0000e+000
3.520000e+003	2.25192752e-001	-3.17480725e+000	9.91227043e+002	0.00000000e+000	3.6993e+014	1.0000e-010	0.0000e+000
3.530000e+003	2.25291875e-001	-3.17470813e+000	9.84207773e+002	0.00000000e+000	3.6851e+014	1.0000e-010	0.0000e+000
3.540000e+003	2.25390296e-001	-3.17460970e+000	9.77215175e+002	0.00000000e+000	3.6711e+014	1.0000e-010	0.0000e+000
3.550000e+003	2.25488017e-001	-3.17451198e+000	9.70248960e+002	0.00000000e+000	3.6573e+014	1.0000e-010	0.0000e+000
3.560000e+003	2.25585042e-001	-3.17441496e+000	9.63308841e+002	0.00000000e+000	3.6436e+014	1.0000e-010	0.0000e+000
3.570000e+003	2.25681373e-001	-3.17431863e+000	9.56394534e+002	0.00000000e+000	3.6300e+014	1.0000e-010	0.0000e+000
3.580000e+003	2.25777013e-001	-3.17422299e+000	9.49505759e+002	0.00000000e+000	3.6166e+014	1.0000e-010	0.0000e+000
3.590000e+003	2.25871963e-001	-3.17412804e+000	9.42642239e+002	0.00000000e+000	3.6033e+014	1.0000e-010	0.0000e+000
3.600000e+003	2.25966227e-001	-3.17403377e+000	9.35803701e+002	0.00000000e+000	3.5902e+014	1.0000e-010	0.0000e+000
3.610000e+003	2.26059808e-001	-3.17394019e+000	9.28989872e+002	0.00000000e+000	3.5773e+014	1.0000e-010	0.0000e+000
3.620000e+003	2.26152707e-001	-3.17384729e+000	9.22200484e+002	0.00000000e+000	3.5644e+014	1.0000e-010	0.0000e+000
3.630000e+003	2.26244927e-001	-3.17375507e+000	9.15435273e+002	0.00000000e+000	3.5517e+014	1.0000e-010	0.0000e+000
3.640000e+003	2.26336470e-001	-3.17366353e+000	9.08693975e+002	0.00000000e+000	3.5392e+014	1.0000e-010	0.0000e+000
3.650000e+003	2.26427340e-001	-3.17357266e+000	9.01976332e+002	0.00000000e+000	3.5268e+014	1.0000e-010	0.0000e+000
3.660000e+003	2.26517537e-001	-3.17348246e+000	8.95282085e+002	0.00000000e+000	3.5145e+014	1.0000e-010	0.0000e+000
3.670000e+003	2.26607065e-001	-3.17339293e+000	8.88610981e+002	0.00000000e+000	3.5023e+014	1.0000e-010	0.0000e+000
3.680000e+003	2.26695927e-001	-3.17330407e+000	8.81962768e+002	0.00000000e+000	3.4903e+014	1.0000e-010	0.0000e+000
3.690000e+003	2.26784123e-001	-3.17321588e+000	8.75337198e+002	0.00000000e+000	3.4784e+014	1.0000e-010	0.0000e+000
3.700000e+003	2.26871657e-001	-3.17312834e+000	8.68734024e+002	0.00000000e+000	3.4667e+014	1.0000e-010	0.0000e+000
3.710000e+003	2.26958530e-001	-3.17304147e+000	8.62153002e+002	0.00000000e+000	3.4550e+014	1.0000e-010	0.0000e+000
3.720000e+003	2.27044745e-001	-3.17295525e+000	8.55593890e+002	0.00000000e+000	3.4435e+014	1.0000e-010	0.0000e+000
3.730000e+003	2.27130305e-001	-3.17286970e+000	8.49056451e+002	0.00000000e+000	3.4322e+014	1.0000e-010	0.0000e+000
3.740000e+003	2.27215210e-001	-3.17278479e+000	8.42540448e+002	0.00000000e+000	3.4209e+014	1.0000e-010	0.0000e+000
3.750000e+003	2.27299464e-001	-3.17270054e+000	8.36045646e+002	0.00000000e+000	3.4098e+014	1.0000e-010	0.0000e+000
3.760000e+003	2.27383069e-001	-3.17261693e+000	8.29571814e+002	0.00000000e+000	3.3988e+014	1.0000e-010	0.0000e+000
3.770000e+003	2.27466026e-001	-3.17253397e+000	8.23118723e+002	0.00000000e+000	3.3879e+014	1.0000e-010	0.0000e+000
3.780000e+003	2.27548338e-001	-3.17245166e+000	8.16686146e+002	0.00000000e+000	3.3771e+014	1.0000e-010	0.0000e+000
3.790000e+003	2.27630007e-001	-3.17236999e+000	8.10273857e+002	0.00000000e+000	3.3664e+014	1.0000e-010	0.0000e+000
3.800000e+003	2.27711034e-001	-3.17228897e+000	8.03881635e+002	0.00000000e+000	3.3559e+014	1.0000e-010	0.0000e+000
3.810000e+003	2.27791422e-001	-3.17220858e+000	7.97509260e+002	0.00000000e+000	3.3455e+014	1.0000e-010	0.0000e+000
3.820000e+003	2.27871173e-001	-3.17212883e+000	7.91156512e+002	0.00000000e+000	3.3352e+014	1.0000e-010	0.0000e+000
3.830000e+003	2.27950289e-001	-3.17204971e+000	7.84823176e+002	0.00000000e+000	3.3250e+014	1.0000e-010	0.0000e+000
3.840000e+003	2.28028771e-001	-3.17197123e+000	7.78509037e+002	0.00000000e+000	3.3149e+014	1.0000e-010	0.0000e+000
3.850000e+003	2.28106622e-001	-3.17189338e+000	7.72213885e+002	0.00000000e+000	3.3050e+014	1.0000e-010	0.0000e+000
3.860000e+003	2.28183843e-001	-3.17181616e+000	7.65937508e+002	0.00000000e+000	3.2951e+014	1.0000e-010	0.0000e+000
3.870000e+003	2.28260437e-001	-3.17173956e+000	7.59679700e+002	0.00000000e+000	3.2853e+014	1.0000e-010	0.0000e+000
3.880000e+003	2.28336405e-001	-3.17166359e+000	7.53440253e+002	0.00000000e+000	3.2757e+014	1.0000e-010	0.0000e+000
3.890000e+003	2.28411749e-001	-3.17158825e+000	7.47218965e+002	0.00000000e+000	3.2662e+014	1.0000e-010	0.0000e+000
3.900000e+003	2.28486471e-001	-3.17151353e+000	7.41015632e+002	0.00000000e+000	3.2567e+014	1.0000e-010	0.0000e+000
3.910000e+003	2.28560573e-001	-3.17143943e+000	7.34830055e+002	0.00000000e+000	3.2474e+014	1.0000e-010	0.0000e+000
3.920000e+003	2.28634056e-001	-3.17136594e+000	7.28662036e+002	0.00000000e+000	3.2382e+014	1.0000e-010	0.0000e+000
3.930000e+003	2.28706922e-001	-3.17129308e+000	7.22511377e+002	0.00000000e+000	3.2291e+014	1.0000e-010	0.0000e+000
3.940000e+003	2.28779173e-001	-3.17122083e+000	7.16377883e+002	0.00000000e+000	3.2201e+014	1.0000e-010	0.0000e+000
3.950000e+003	2.28850811e-001	-3.17114919e+000	7.10261363e+002	0.00000000e+000	3.2112e+014	1.0000e-010	0.0000e+000
3.960000e+003	2.28921837e-001	-3.17107816e+000	7.04161624e+002	0.00000000e+000	3.2024e+014	1.0000e-010	0.0000e+000
3.970000e+003	2.28992253e-001	-3.17100775e+000	6.98078477e+002	0.00000000e+000	3.1936e+014	1.0000e-010	0.0000e+000
3.980000e+003	2.29062061e-001	-3.17093794e+000	6.92011735e+002	0.00000000e+000	3.1850e+014	1.0000e-010	0.0000e+000
3.990000e+003	2.29131262e-001	-3.17086874e+000	6.85961210e+002	0.00000000e+000	3.1765e+014	1.0000e-010	0.0000e+000
4.000000e+003	2.29199858e-001	-3.17080014e+000	6.79926718e+002	0.00000000e+000	3.1681e+014	1.0000e-010	0.0000e+000
4.010000e+003	2.29267851e-001	-3.17073215e+000	6.73908077e+002	0.00000000e+000	3.1598e+014	1.0000e-010	0.0000e+000
4.020000e+003	2.29335242e-001	-3.17066476e+000	6.67905105e+002	0.00000000e+000	3.1516e+014	1.0000e-010	0.0000e+000
4.030000e+003	2.29402032e-001	-3.17059797e+000	6.61917621e+002	0.00000000e+000	3.1434e+014	1.0000e-010	0.0000e+000
4.040000e+003	2.29468224e-001	-3.17053178e+000	6.55945449e+002	0.00000000e+000	3.1354e+014	1.0000e-010	0.0000e+000
4.050000e+003	2.29533818e-001	-3.17046618e+000	6.49988411e+002	0.00000000e+000	3.1274e+014	1.0000e-010	0.0000e+000
4.060000e+003	2.29598817e-001	-3.17040118e+000	6.44046331e+002	0.00000000e+000	3.1196e+014	1.0000e-010	0.0000e+000
4.070000e+003	2.29663222e-001	-3.17033678e+000	6.38119036e+002	0.00000000e+000	3.1118e+014	1.0000e-010	0.0000e+000
4.080000e+003	2.29727034e-001	-3.17027297e+000	6.32206354e+002	0.00000000e+000	3.1042e+014	1.0000e-010	0.0000e+000
4.090000e+003	2.29790254e-001	-3.17020975e+000	6.26308114e+002	0.00000000e+000	3.0966e+014	1.0000e-010	0.0000e+000
4.100000e+003	2.29852885e-001	-3.17014711e+000	6.20424146e+002	0.00000000e+000	3.0891e+014	1.0000e-010	0.0000e+000
4.110000e+003	2.29914928e-001	-3.17008507e+000	6.14554282e+002	0.00000000e+000	3.0817e+014	1.0000e-010	0.0000e+000
4.120000e+003	2.29976383e-001	-3.17002362e+000	6.08698355e+002	0.00000000e+000	3.0744e+014	1.0000e-010	0.0000e+000
4.130000e+003	2.30037253e-001	-3.16996275e+000	6.02856200e+002	0.00000000e+000	3.0671e+014	1.0000e-010	0.0000e+000
4.140000e+003	2.30097539e-001	-3.16990246e+000	5.97027653e+002	0.00000000e+000	3.0600e+014	1.0000e-010	0.0000e+000
4.150000e+003	2.30157241e-001	-3.16984276e+000	5.91212551e+002	0.00000000e+000	3.0529e+014	1.0000e-010	0.0000e+000
4.160000e+003	2.30216363e-001	-3.16978364e+000	5.85410732e+002	0.00000000e+000	3.0460e+014	1.0000e-010	0.0000e+000
4.170000e+003	2.30274904e-001	-3.16972510e+000	5.79622037e+002	0.00000000e+000	3.0391e+014	1.0000e-010	0.0000e+000
4.180000e+003	2.30332866e-001	-3.16966713e+000	5.73846305e+002	0.00000000e+000	3.0323e+014	1.0000e-010	0.0000e+000
4.190000e+003	2.30390250e-001	-3.16960975e+000	5.68083380e+002	0.00000000e+000	3.0255e+014	1.0000e-010	0.0000e+000
4.200000e+003	2.30447059e-001	-3.16955294e+000	5.62333105e+002	0.00000000e+000	3.0189e+014	1.0000e-010	0.0000e+000
4.210000e+003	2.30503292e-001	-3.16949671e+000	5.56595324e+002	0.00000000e+000	3.0123e+014	1.0000e-010	0.0000e+000
4.220000e+003	2.30558952e-001	-3.16944105e+000	5.50869884e+002	0.00000000e+000	3.0059e+014	1.0000e-010	0.0000e+000
4.230000e+003	2.30614039e-001	-3.16938596e+000	5.45156630e+002	0.00000000e+000	2.9995e+014	1.0000e-010	0.0000e+000
4.240000e+003	2.30668554e-001	-3.16933145e+000	5.39455412e+002	0.00000000e+000	2.9931e+014	1.0000e-010	0.0000e+000
4.250000e+003	2.30722500e-001	-3.16927750e+000	5.33766078e+002	0.00000000e+000	2.9869e+014	1.0000e-010	0.0000e+000
4.260000e+003	2.30775876e-001	-3.16922412e+000	5.28088479e+002	0.00000000e+000	2.9807e+014	1.0000e-010	0.0000e+000
4.270000e+003	2.30828685e-001	-3.16917131e+000	5.22422466e+002	0.00000000e+000	2.9747e+014	1.0000e-010	0.0000e+000
4.280000e+003	2.30880928e-001	-3.16911907e+000	5.16767891e+002	0.00000000e+000	2.9686e+014	1.0000e-010	0.0000e+000
4.290000e+003	2.30932604e-001	-3.16906740e+000	5.11124608e+002	0.00000000e+000	2.9627e+014	1.0000e-010	0.0000e+000
4.300000e+003	2.30983717e-001	-3.16901628e+000	5.05492472e+002	0.00000000e+000	2.9569e+014	1.0000e-010	0.0000e+000
4.310000e+003	2.31034266e-001	-3.16896573e+000	4.99871337e+002	0.00000000e+000	2.9511e+014	1.0000e-010	0.0000e+000
4.320000e+003	2.31084253e-001	-3.16891575e+000	4.94261061e+002	0.00000000e+000	2.9454e+014	1.0000e-010	0.0000e+000
4.330000e+003	2.31133679e-001	-3.16886632e+000	4.88661501e+002	0.00000000e+000	2.9398e+014	1.0000e-010	0.0000e+000
4.340000e+003	2.31182545e-001	-3.16881745e+000	4.83072516e+002	0.00000000e+000	2.9342e+014	1.0000e-010	0.0000e+000
4.350000e+003	2.31230853e-001	-3.16876915e+000	4.77493964e+002	0.00000000e+000	2.9287e+014	1.0000e-010	0.0000e+000
4.360000e+003	2.31278602e-001	-3.16872140e+000	4.71925706e+002	0.00000000e+000	2.9233e+014	1.0000e-010	0.0000e+000
4.370000e+003	2.31325795e-001	-3.16867421e+000	4.66367604e+002	0.00000000e+000	2.9180e+014	1.0000e-010	0.0000e+000
4.380000e+003	2.31372431e-001	-3.16862757e+000	4.60819520e+002	0.00000000e+000	2.9127e+014	1.0000e-010	0.0000e+000
4.390000e+003	2.31418513e-001	-3.16858149e+000	4.55281317e+002	0.00000000e+000	2.9076e+014	1.0000e-010	0.0000e+000
4.400000e+003	2.31464041e-001	-3.16853596e+000	4.49752858e+002	0.00000000e+000	2.9024e+014	1.0000e-010	0.0000e+000
4.410000e+003	2.31509017e-001	-3.16849098e+000	4.44234009e+002	0.00000000e+000	2.8974e+014	1.0000e-010	0.0000e+000
4.420000e+003	2.31553440e-001	-3.16844656e+000	4.38724635e+002	0.00000000e+000	2.8924e+014	1.0000e-010	0.0000e+000
4.430000e+003	2.31597313e-001	-3.16840269e+000	4.33224604e+002	0.00000000e+000	2.8875e+014	1.0000e-010	0.0000e+000
4.440000e+003	2.31640635e-001	-3.16835936e+000	4.27733781e+002	0.00000000e+000	2.8827e+014	1.0000e-010	0.0000e+000
4.450000e+003	2.31683408e-001	-3.16831659e+000	4.22252035e+002	0.00000000e+000	2.8779e+014	1.0000e-010	0.0000e+000
4.460000e+003	2.31725634e-001	-3.16827437e+000	4.16779236e+002	0.00000000e+000	2.8732e+014	1.0000e-010	0.0000e+000
4.470000e+003	2.31767312e-001	-3.16823269e+000	4.11315253e+002	0.00000000e+000	2.8686e+014	1.0000e-010	0.0000e+000
4.480000e+003	2.31808443e-001	-3.16819156e+000	4.05859957e+002	0.00000000e+000	2.8640e+014	1.0000e-010	0.0000e+000
4.490000e+003	2.31849029e-001	-3.16815097e+000	4.00413218e+002	0.00000000e+000	2.8595e+014	1.0000e-010	0.0000e+000
4.500000e+003	2.31889070e-001	-3.16811093e+000	3.94974909e+002	0.00000000e+000	2.8551e+014	1.0000e-010	0.0000e+000
4.510000e+003	2.31928568e-001	-3.16807143e+000	3.89544902e+002	0.00000000e+000	2.8508e+014	1.0000e-010	0.0000e+000
4.520000e+003	2.31967522e-001	-3.16803248e+000	3.84123071e+002	0.00000000e+000	2.8465e+014	1.0000e-010	0.0000e+000
4.530000e+003	2.32005935e-001	-3.16799407e+000	3.78709291e+002	0.00000000e+000	2.8422e+014	1.0000e-010	0.0000e+000
4.540000e+003	2.32043806e-001	-3.16795619e+000	3.73303435e+002	0.00000000e+000	2.8381e+014	1.0000e-010	0.0000e+000
4.550000e+003	2.32081136e-001	-3.16791886e+000	3.67905380e+002	0.00000000e+000	2.8340e+014	1.0000e-010	0.0000e+000
4.560000e+003	2.32117927e-001	-3.16788207e+000	3.62515001e+002	0.00000000e+000	2.8299e+014	1.0000e-010	0.0000e+000
4.570000e+003	2.32154178e-001	-3.16784582e+000	3.57132176e+002	0.00000000e+000	2.8260e+014	1.0000e-010	0.0000e+000
4.580000e+003	2.32189891e-001	-3.16781011e+000	3.51756781e+002	0.00000000e+000	2.8221e+014	1.0000e-010	0.0000e+000
4.590000e+003	2.32225067e-001	-3.16777493e+000	3.46388696e+002	0.00000000e+000	2.8182e+014	1.0000e-010	0.0000e+000
4.600000e+003	2.32259706e-001	-3.16774029e+000	3.41027799e+002	0.00000000e+000	2.8145e+014	1.0000e-010	0.0000e+000
4.610000e+003	2.32293809e-001	-3.16770619e+000	3.35673969e+002	0.00000000e+000	2.8108e+014	1.0000e-010	0.0000e+000
4.620000e+003	2.32327376e-001	-3.16767262e+000	3.30327086e+002	0.00000000e+000	2.8071e+014	1.0000e-010	0.0000e+000
4.630000e+003	2.32360409e-001	-3.16763959e+000	3.24987031e+002	0.00000000e+000	2.8035e+014	1.0000e-010	0.0000e+000
4.640000e+003	2.32392907e-001	-3.16760709e+000	3.19653684e+002	0.00000000e+000	2.8000e+014	1.0000e-010	0.0000e+000
4.650000e+003	2.32424873e-001	-3.16757513e+000	3.14326928e+002	0.00000000e+000	2.7965e+014	1.0000e-010	0.0000e+000
4.660000e+003	2.32456305e-001	-3.16754369e+000	3.09006645e+002	0.00000000e+000	2.7931e+014	1.0000e-010	0.0000e+000
4.670000e+003	2.32487206e-001	-3.16751279e+000	3.03692717e+002	0.00000000e+000	2.7898e+014	1.0000e-010	0.0000e+000
4.680000e+003	2.32517575e-001	-3.16748242e+000	2.98385028e+002	0.00000000e+000	2.7865e+014	1.0000e-010	0.0000e+000
4.690000e+003	2.32547414e-001	-3.16745259e+000	2.93083462e+002	0.00000000e+000	2.7833e+014	1.0000e-010	0.0000e+000
4.700000e+003	2.32576722e-001	-3.16742328e+000	2.87787902e+002	0.00000000e+000	2.7802e+014	1.0000e-010	0.0000e+000
4.710000e+003	2.32605501e-001	-3.16739450e+000	2.82498235e+002	0.00000000e+000	2.7771e+014	1.0000e-010	0.0000e+000
4.720000e+003	2.32633751e-001	-3.16736625e+000	2.77214344e+002	0.00000000e+000	2.7740e+014	1.0000e-010	0.0000e+000
4.730000e+003	2.32661472e-001	-3.16733853e+000	2.71936117e+002	0.00000000e+000	2.7711e+014	1.0000e-010	0.0000e+000
4.740000e+003	2.32688666e-001	-3.16731133e+000	2.66663439e+002	0.00000000e+000	2.7682e+014	1.0000e-010	0.0000e+000
4.750000e+003	2.32715332e-001	-3.16728467e+000	2.61396196e+002	0.00000000e+000	2.7653e+014	1.0000e-010	0.0000e+000
4.760000e+003	2.32741472e-001	-3.16725853e+000	2.56134277e+002	0.00000000e+000	2.7625e+014	1.0000e-010	0.0000e+000
4.770000e+003	2.32767085e-001	-3.16723291e+000	2.50877569e+002	0.00000000e+000	2.7598e+014	1.0000e-010	0.0000e+000
4.780000e+003	2.32792173e-001	-3.16720783e+000	2.45625959e+002	0.00000000e+000	2.7571e+014	1.0000e-010	0.0000e+000
4.790000e+003	2.32816736e-001	-3.16718326e+000	2.40379337e+002	0.00000000e+000	2.7545e+014	1.0000e-010	0.0000e+000
4.800000e+003	2.32840774e-001	-3.16715923e+000	2.35137591e+002	0.00000000e+000	2.7519e+014	1.0000e-010	0.0000e+000
4.810000e+003	2.32864287e-001	-3.16713571e+000	2.29900611e+002	0.00000000e+000	2.7494e+014	1.0000e-010	0.0000e+000
4.820000e+003	2.32887277e-001	-3.16711272e+000	2.24668285e+002	0.00000000e+000	2.7470e+014	1.0000e-010	0.0000e+000
4.830000e+003	2.32909744e-001	-3.16709026e+000	2.19440505e+002	0.00000000e+000	2.7446e+014	1.0000e-010	0.0000e+000
4.840000e+003	2.32931688e-001	-3.16706831e+000	2.14217160e+002	0.00000000e+000	2.7423e+014	1.0000e-010	0.0000e+000
4.850000e+003	2.32953110e-001	-3.16704689e+000	2.08998142e+002	0.00000000e+000	2.7400e+014	1.0000e-010	0.0000e+000
4.860000e+003	2.32974010e-001	-3.16702599e+000	2.03783342e+002	0.00000000e+000	2.7378e+014	1.0000e-010	0.0000e+000
4.870000e+003	2.32994388e-001	-3.16700561e+000	1.98572650e+002	0.00000000e+000	2.7356e+014	1.0000e-010	0.0000e+000
4.880000e+003	2.33014245e-001	-3.16698575e+000	1.93365960e+002	0.00000000e+000	2.7335e+014	1.0000e-010	0.0000e+000
4.890000e+003	2.33033582e-001	-3.16696642e+000	1.88163162e+002	0.00000000e+000	2.7315e+014	1.0000e-010	0.0000e+000
4.900000e+003	2.33052398e-001	-3.16694760e+000	1.82964150e+002	0.00000000e+000	2.7295e+014	1.0000e-010	0.0000e+000
4.910000e+003	2.33070695e-001	-3.16692931e+000	1.77768816e+002	0.00000000e+000	2.7275e+014	1.0000e-010	0.0000e+000
4.920000e+003	2.33088472e-001	-3.16691153e+000	1.72577053e+002	0.00000000e+000	2.7257e+014	1.0000e-010	0.0000e+000
4.930000e+003	2.33105729e-001	-3.16689427e+000	1.67388755e+002	0.00000000e+000	2.7239e+014	1.0000e-010	0.0000e+000
4.940000e+003	2.33122468e-001	-3.16687753e+000	1.62203815e+002	0.00000000e+000	2.7221e+014	1.0000e-010	0.0000e+000
4.950000e+003	2.33138689e-001	-3.16686131e+000	1.57022128e+002	0.00000000e+000	2.7204e+014	1.0000e-010	0.0000e+000
4.960000e+003	2.33154391e-001	-3.16684561e+000	1.51843587e+002	0.00000000e+000	2.7187e+014	1.0000e-010	0.0000e+000
4.970000e+003	2.33169575e-001	-3.16683042e+000	1.46668086e+002	0.00000000e+000	2.7171e+014	1.0000e-010	0.0000e+000
4.980000e+003	2.33184242e-001	-3.16681576e+000	1.41495521e+002	0.00000000e+000	2.7156e+014	1.0000e-010	0.0000e+000
4.990000e+003	2.33198392e-001	-3.16680161e+000	1.36325787e+002	0.00000000e+000	2.7141e+014	1.0000e-010	0.0000e+000
5.000000e+003	2.33212024e-001	-3.16678798e+000	1.31158777e+002	0.00000000e+000	2.7127e+014	1.0000e-010	0.0000e+000
5.010000e+003	2.33225140e-001	-3.16677486e+000	1.25994389e+002	0.00000000e+000	2.7113e+014	1.0000e-010	0.0000e+000
5.020000e+003	2.33237739e-001	-3.16676226e+000	1.20832517e+002	0.00000000e+000	2.7100e+014	1.0000e-010	0.0000e+000
5.030000e+003	2.33249823e-001	-3.16675018e+000	1.15673057e+002	0.00000000e+000	2.7087e+014	1.0000e-010	0.0000e+000
5.040000e+003	2.33261390e-001	-3.16673861e+000	1.10515905e+002	0.00000000e+000	2.7075e+014	1.0000e-010	0.0000e+000
5.050000e+003	2.33272442e-001	-3.16672756e+000	1.05360957e+002	0.00000000e+000	2.7063e+014	1.0000e-010	0.0000e+000
5.060000e+003	2.33282978e-001	-3.16671702e+000	1.00208110e+002	0.00000000e+000	2.7052e+014	1.0000e-010	0.0000e+000
5.070000e+003	2.33292998e-001	-3.16670700e+000	9.50572596e+001	0.00000000e+000	2.7042e+014	1.0000e-010	0.0000e+000
5.080000e+003	2.33302504e-001	-3.16669750e+000	8.99083029e+001	0.00000000e+000	2.7032e+014	1.0000e-010	0.0000e+000
5.090000e+003	2.33311495e-001	-3.16668850e+000	8.47611366e+001	0.00000000e+000	2.7023e+014	1.0000e-010	0.0000e+000
5.100000e+003	2.33319971e-001	-3.16668003e+000	7.96156576e+001	0.00000000e+000	2.7014e+014	1.0000e-010	0.0000e+000
5.110000e+003	2.33327933e-001	-3.16667207e+000	7.44717631e+001	0.00000000e+000	2.7005e+014	1.0000e-010	0.0000e+000
5.120000e+003	2.33335380e-001	-3.16666462e+000	6.93293501e+001	0.00000000e+000	2.6998e+014	1.0000e-010	0.0000e+000
5.130000e+003	2.33342313e-001	-3.16665769e+000	6.41883160e+001	0.00000000e+000	2.6990e+014	1.0000e-010	0.0000e+000
5.140000e+003	2.33348732e-001	-3.16665127e+000	5.90485582e+001	0.00000000e+000	2.6984e+014	1.0000e-010	0.0000e+000
5.150000e+003	2.33354637e-001	-3.16664536e+000	5.39099743e+001	0.00000000e+000	2.6978e+014	1.0000e-010	0.0000e+000
5.160000e+003	2.33360027e-001	-3.16663997e+000	4.87724619e+001	0.00000000e+000	2.6972e+014	1.0000e-010	0.0000e+000
5.170000e+003	2.33364905e-001	-3.16663510e+000	4.36359185e+001	0.00000000e+000	2.6967e+014	1.0000e-010	0.0000e+000
5.180000e+003	2.33369268e-001	-3.16663073e+000	3.85002421e+001	0.00000000e+000	2.6962e+014	1.0000e-010	0.0000e+000
5.190000e+003	2.33373118e-001	-3.16662688e+000	3.33653305e+001	0.00000000e+000	2.6958e+014	1.0000e-010	0.0000e+000
5.200000e+003	2.33376455e-001	-3.16662355e+000	2.82310816e+001	0.00000000e+000	2.6955e+014	1.0000e-010	0.0000e+000
5.210000e+003	2.33379278e-001	-3.16662072e+000	2.30973933e+001	0.00000000e+000	2.6952e+014	1.0000e-010	0.0000e+000
5.220000e+003	2.33381588e-001	-3.16661841e+000	1.79641637e+001	0.00000000e+000	2.6949e+014	1.0000e-010	0.0000e+000
5.230000e+003	2.33383384e-001	-3.16661662e+000	1.28312907e+001	0.00000000e+000	2.6948e+014	1.0000e-010	0.0000e+000
5.240000e+003	2.33384667e-001	-3.16661533e+000	7.69867254e+000	0.00000000e+000	2.6946e+014	1.0000e-010	0.0000e+000
5.250000e+003	2.33385437e-001	-3.16661456e+000	2.56620720e+000	0.00000000e+000	2.6945e+014	1.0000e-010	0.0000e+000
5.260000e+003	2.33385694e-001	-3.16661431e+000	2.56620720e+000	0.00000000e+000	2.6945e+014	1.0000e-010	0.0000e+000
