Y (ang)	Ec (eV)	Ev (eV)	E (V/cm)	Ef (eV)	n (cm-3)	p (cm-3)	Nd - Na (cm-3)	el eval 1 (eV)	el eval 2 (eV)	el eval 3 (eV)	el eval 4 (eV)	el eval 5 (eV)	el eval 6 (eV)	el eval 7 (eV)	el eval 8 (eV)	el eval 9 (eV)	el eval 10 (eV)	el eval 11 (eV)	el eval 12 (eV)
0.000000e+000	6.00000000e-001	-2.80000000e+000	2.40978354e+006	-0.00000000e+000	1.8691e+008	1.0000e-010	0.0000e+000
1.000000e+001	1.40097835e+000	-2.69902165e+000	-2.34145100e+005	0.00000000e+000	6.4840e-006	1.0000e-010	-1.3848e+020
2.000000e+001	1.38316384e+000	-2.72383616e+000	-2.62771116e+005	0.00000000e+000	1.3033e-005	1.0000e-010	-1.4597e+018	-1.2802e-001	3.6681e-003	5.1380e-002	7.7476e-002	9.5152e-002	1.0845e-001	1.1908e-001	1.2793e-001	1.3549e-001	1.4210e-001	1.4799e-001	1.5360e-001
3.000000e+001	1.36248673e+000	-2.75151327e+000	-2.91441628e+005	0.00000000e+000	2.9001e-005	1.0000e-010	-1.4612e+018
4.000000e+001	1.33894257e+000	-2.78205743e+000	-3.20156671e+005	0.00000000e+000	7.2100e-005	1.0000e-010	-1.4627e+018
5.000000e+001	1.31252690e+000	-2.81547310e+000	-3.48916284e+005	0.00000000e+000	2.0031e-004	1.0000e-010	-1.4641e+018
6.000000e+001	1.28323527e+000	-2.85176473e+000	-3.77720500e+005	0.00000000e+000	6.2198e-004	1.0000e-010	-1.4656e+018
7.000000e+001	1.25106322e+000	-2.89093678e+000	-4.06569357e+005	0.00000000e+000	2.1590e-003	1.0000e-010	-1.4671e+018
8.000000e+001	1.21600629e+000	-2.93299371e+000	-4.35462891e+005	0.00000000e+000	8.3787e-003	1.0000e-010	-1.4686e+018
9.000000e+001	1.17806000e+000	-2.97794000e+000	-4.64401138e+005	0.00000000e+000	3.6363e-002	1.0000e-010	-1.4701e+018
1.000000e+002	1.13721989e+000	-3.02578011e+000	-4.93384135e+005	0.00000000e+000	1.7653e-001	1.0000e-010	-1.4715e+018
1.100000e+002	1.09348147e+000	-3.07651853e+000	-5.22411918e+005	0.00000000e+000	9.6040e-001	1.0000e-010	-1.4730e+018
1.200000e+002	1.04684028e+000	-3.13015972e+000	-5.51484523e+005	0.00000000e+000	5.9413e+000	1.0000e-010	-1.4745e+018
1.300000e+002	9.97291828e-001	-3.18670817e+000	-5.80601986e+005	0.00000000e+000	4.6078e+001	1.0000e-010	-1.4760e+018
1.400000e+002	9.44831629e-001	-3.24616837e+000	-6.09764345e+005	0.00000000e+000	6.3467e+002	1.0000e-010	-1.4775e+018
1.500000e+002	8.89455195e-001	-3.30854481e+000	-6.38971636e+005	0.00000000e+000	1.8641e+004	1.0000e-010	-1.4790e+018
1.600000e+002	8.31158031e-001	-3.37384197e+000	-6.68223895e+005	0.00000000e+000	7.4816e+005	1.0000e-010	-1.4804e+018
1.700000e+002	7.69935642e-001	-3.44206436e+000	-6.97521159e+005	0.00000000e+000	3.0479e+007	1.0000e-010	-1.4819e+018
1.800000e+002	7.05783526e-001	-3.51321647e+000	-7.26863465e+005	0.00000000e+000	1.1638e+009	1.0000e-010	-1.4834e+018
1.900000e+002	6.38697179e-001	-3.58730282e+000	-7.56250850e+005	0.00000000e+000	4.0654e+010	1.0000e-010	-1.4849e+018
2.000000e+002	5.68672094e-001	-3.66432791e+000	-7.85683375e+005	0.00000000e+000	1.2800e+012	1.0000e-010	-1.4864e+018
2.100000e+002	3.83703757e-001	-3.71629624e+000	-2.34145841e+005	0.00000000e+000	3.6581e+013	1.0000e-010	2.7988e+019
2.200000e+002	3.60289173e-001	-3.73971083e+000	-2.34159145e+005	0.00000000e+000	6.8007e+014	1.0000e-010	0.0000e+000
2.300000e+002	3.36873258e-001	-3.76312674e+000	-2.34396955e+005	0.00000000e+000	1.2157e+016	1.0000e-010	0.0000e+000
2.400000e+002	3.13433563e-001	-3.78656644e+000	-2.38463534e+005	0.00000000e+000	2.0788e+017	1.0000e-010	0.0000e+000
2.500000e+002	2.89587209e-001	-3.81041279e+000	-3.04510070e+005	0.00000000e+000	3.3762e+018	1.0000e-010	0.0000e+000
2.600000e+002	-3.00863798e-001	-3.70086380e+000	1.35542229e+006	0.00000000e+000	5.1757e+019	1.0000e-010	1.3848e+020
2.700000e+002	-1.65321569e-001	-3.56532157e+000	6.81202969e+005	0.00000000e+000	3.5397e+019	1.0000e-010	0.0000e+000
2.800000e+002	-9.72012719e-002	-3.49720127e+000	4.02132490e+005	0.00000000e+000	1.4651e+019	1.0000e-010	0.0000e+000
2.900000e+002	-5.69880229e-002	-3.45698802e+000	2.73710204e+005	0.00000000e+000	6.7423e+018	1.0000e-010	0.0000e+000
3.000000e+002	-2.96170025e-002	-3.42961700e+000	1.97910758e+005	0.00000000e+000	3.9797e+018	1.0000e-010	0.0000e+000
3.100000e+002	-9.82592672e-003	-3.40982593e+000	1.49418375e+005	0.00000000e+000	2.5460e+018	1.0000e-010	0.0000e+000
3.200000e+002	5.11591079e-003	-3.39488409e+000	1.17903658e+005	0.00000000e+000	1.6547e+018	1.0000e-010	0.0000e+000
3.300000e+002	1.69062766e-002	-3.38309372e+000	9.67361057e+004	0.00000000e+000	1.1114e+018	1.0000e-010	0.0000e+000
3.400000e+002	2.65798871e-002	-3.37342011e+000	8.18181916e+004	0.00000000e+000	7.8331e+017	1.0000e-010	0.0000e+000
3.500000e+002	3.47617063e-002	-3.36523829e+000	7.07879785e+004	0.00000000e+000	5.7919e+017	1.0000e-010	0.0000e+000
3.600000e+002	4.18405042e-002	-3.35815950e+000	6.23172005e+004	0.00000000e+000	4.4481e+017	1.0000e-010	0.0000e+000
3.700000e+002	4.80722242e-002	-3.35192778e+000	5.56338658e+004	0.00000000e+000	3.5096e+017	1.0000e-010	0.0000e+000
3.800000e+002	5.36356108e-002	-3.34636439e+000	5.02390054e+004	0.00000000e+000	2.8330e+017	1.0000e-010	0.0000e+000
3.900000e+002	5.86595113e-002	-3.34134049e+000	4.57887133e+004	0.00000000e+000	2.3371e+017	1.0000e-010	0.0000e+000
4.000000e+002	6.32383827e-002	-3.33676162e+000	4.20533877e+004	0.00000000e+000	1.9616e+017	1.0000e-010	0.0000e+000
4.100000e+002	6.74437214e-002	-3.33255628e+000	3.88799344e+004	0.00000000e+000	1.6666e+017	1.0000e-010	0.0000e+000
4.200000e+002	7.13317149e-002	-3.32866829e+000	3.61543365e+004	0.00000000e+000	1.4314e+017	1.0000e-010	0.0000e+000
4.300000e+002	7.49471485e-002	-3.32505285e+000	3.37851140e+004	0.00000000e+000	1.2443e+017	1.0000e-010	0.0000e+000
4.400000e+002	7.83256599e-002	-3.32167434e+000	3.17032652e+004	0.00000000e+000	1.0934e+017	1.0000e-010	0.0000e+000
4.500000e+002	8.14959864e-002	-3.31850401e+000	2.98606197e+004	0.00000000e+000	9.6776e+016	1.0000e-010	0.0000e+000
4.600000e+002	8.44820484e-002	-3.31551795e+000	2.82213036e+004	0.00000000e+000	8.6098e+016	1.0000e-010	0.0000e+000
4.700000e+002	8.73041788e-002	-3.31269582e+000	2.67540967e+004	0.00000000e+000	7.7060e+016	1.0000e-010	0.0000e+000
4.800000e+002	8.99795884e-002	-3.31002041e+000	2.54312584e+004	0.00000000e+000	6.9479e+016	1.0000e-010	0.0000e+000
4.900000e+002	9.25227143e-002	-3.30747729e+000	2.42308230e+004	0.00000000e+000	6.3051e+016	1.0000e-010	0.0000e+000
5.000000e+002	9.49457966e-002	-3.30505420e+000	2.31370629e+004	0.00000000e+000	5.7448e+016	1.0000e-010	0.0000e+000
5.100000e+002	9.72595029e-002	-3.30274050e+000	2.21379732e+004	0.00000000e+000	5.2477e+016	1.0000e-010	0.0000e+000
5.200000e+002	9.94733002e-002	-3.30052670e+000	2.12224997e+004	0.00000000e+000	4.8085e+016	1.0000e-010	0.0000e+000
5.300000e+002	1.01595550e-001	-3.29840445e+000	2.03798441e+004	0.00000000e+000	4.4261e+016	1.0000e-010	0.0000e+000
5.400000e+002	1.03633535e-001	-3.29636647e+000	1.96005055e+004	0.00000000e+000	4.0936e+016	1.0000e-010	0.0000e+000
5.500000e+002	1.05593585e-001	-3.29440641e+000	1.88772298e+004	0.00000000e+000	3.7991e+016	1.0000e-010	0.0000e+000
5.600000e+002	1.07481308e-001	-3.29251869e+000	1.82047486e+004	0.00000000e+000	3.5324e+016	1.0000e-010	0.0000e+000
5.700000e+002	1.09301783e-001	-3.29069822e+000	1.75786840e+004	0.00000000e+000	3.2886e+016	1.0000e-010	0.0000e+000
5.800000e+002	1.11059651e-001	-3.28894035e+000	1.69946601e+004	0.00000000e+000	3.0678e+016	1.0000e-010	0.0000e+000
5.900000e+002	1.12759117e-001	-3.28724088e+000	1.64482032e+004	0.00000000e+000	2.8705e+016	1.0000e-010	0.0000e+000
6.000000e+002	1.14403938e-001	-3.28559606e+000	1.59352124e+004	0.00000000e+000	2.6947e+016	1.0000e-010	0.0000e+000
6.100000e+002	1.15997459e-001	-3.28400254e+000	1.54524009e+004	0.00000000e+000	2.5362e+016	1.0000e-010	0.0000e+000
6.200000e+002	1.17542699e-001	-3.28245730e+000	1.49973246e+004	0.00000000e+000	2.3905e+016	1.0000e-010	0.0000e+000
6.300000e+002	1.19042431e-001	-3.28095757e+000	1.45680433e+004	0.00000000e+000	2.2551e+016	1.0000e-010	0.0000e+000
6.400000e+002	1.20499236e-001	-3.27950076e+000	1.41627224e+004	0.00000000e+000	2.1292e+016	1.0000e-010	0.0000e+000
6.500000e+002	1.21915508e-001	-3.27808449e+000	1.37794386e+004	0.00000000e+000	2.0135e+016	1.0000e-010	0.0000e+000
6.600000e+002	1.23293452e-001	-3.27670655e+000	1.34162385e+004	0.00000000e+000	1.9080e+016	1.0000e-010	0.0000e+000
6.700000e+002	1.24635076e-001	-3.27536492e+000	1.30713230e+004	0.00000000e+000	1.8119e+016	1.0000e-010	0.0000e+000
6.800000e+002	1.25942208e-001	-3.27405779e+000	1.27431909e+004	0.00000000e+000	1.7238e+016	1.0000e-010	0.0000e+000
6.900000e+002	1.27216527e-001	-3.27278347e+000	1.24306548e+004	0.00000000e+000	1.6419e+016	1.0000e-010	0.0000e+000
7.000000e+002	1.28459593e-001	-3.27154041e+000	1.21327486e+004	0.00000000e+000	1.5650e+016	1.0000e-010	0.0000e+000
7.100000e+002	1.29672867e-001	-3.27032713e+000	1.18486031e+004	0.00000000e+000	1.4927e+016	1.0000e-010	0.0000e+000
7.200000e+002	1.30857728e-001	-3.26914227e+000	1.15773622e+004	0.00000000e+000	1.4250e+016	1.0000e-010	0.0000e+000
7.300000e+002	1.32015464e-001	-3.26798454e+000	1.13181642e+004	0.00000000e+000	1.3617e+016	1.0000e-010	0.0000e+000
7.400000e+002	1.33147280e-001	-3.26685272e+000	1.10701712e+004	0.00000000e+000	1.3028e+016	1.0000e-010	0.0000e+000
7.500000e+002	1.34254298e-001	-3.26574570e+000	1.08326096e+004	0.00000000e+000	1.2481e+016	1.0000e-010	0.0000e+000
7.600000e+002	1.35337559e-001	-3.26466244e+000	1.06047907e+004	0.00000000e+000	1.1969e+016	1.0000e-010	0.0000e+000
7.700000e+002	1.36398038e-001	-3.26360196e+000	1.03861075e+004	0.00000000e+000	1.1489e+016	1.0000e-010	0.0000e+000
7.800000e+002	1.37436648e-001	-3.26256335e+000	1.01760104e+004	0.00000000e+000	1.1038e+016	1.0000e-010	0.0000e+000
7.900000e+002	1.38454249e-001	-3.26154575e+000	9.97398536e+003	0.00000000e+000	1.0614e+016	1.0000e-010	0.0000e+000
8.000000e+002	1.39451648e-001	-3.26054835e+000	9.77954439e+003	0.00000000e+000	1.0215e+016	1.0000e-010	0.0000e+000
8.100000e+002	1.40429602e-001	-3.25957040e+000	9.59223152e+003	0.00000000e+000	9.8408e+015	1.0000e-010	0.0000e+000
8.200000e+002	1.41388825e-001	-3.25861117e+000	9.41163828e+003	0.00000000e+000	9.4878e+015	1.0000e-010	0.0000e+000
8.300000e+002	1.42329989e-001	-3.25767001e+000	9.23741842e+003	0.00000000e+000	9.1531e+015	1.0000e-010	0.0000e+000
8.400000e+002	1.43253731e-001	-3.25674627e+000	9.06929315e+003	0.00000000e+000	8.8329e+015	1.0000e-010	0.0000e+000
8.500000e+002	1.44160660e-001	-3.25583934e+000	8.90704306e+003	0.00000000e+000	8.5244e+015	1.0000e-010	0.0000e+000
8.600000e+002	1.45051365e-001	-3.25494864e+000	8.75048839e+003	0.00000000e+000	8.2252e+015	1.0000e-010	0.0000e+000
8.700000e+002	1.45926414e-001	-3.25407359e+000	8.59946317e+003	0.00000000e+000	7.9347e+015	1.0000e-010	0.0000e+000
8.800000e+002	1.46786360e-001	-3.25321364e+000	8.45379014e+003	0.00000000e+000	7.6535e+015	1.0000e-010	0.0000e+000
8.900000e+002	1.47631739e-001	-3.25236826e+000	8.31326222e+003	0.00000000e+000	7.3831e+015	1.0000e-010	0.0000e+000
9.000000e+002	1.48463065e-001	-3.25153693e+000	8.17763365e+003	0.00000000e+000	7.1257e+015	1.0000e-010	0.0000e+000
9.100000e+002	1.49280829e-001	-3.25071917e+000	8.04662146e+003	0.00000000e+000	6.8831e+015	1.0000e-010	0.0000e+000
9.200000e+002	1.50085491e-001	-3.24991451e+000	7.91991521e+003	0.00000000e+000	6.6567e+015	1.0000e-010	0.0000e+000
9.300000e+002	1.50877482e-001	-3.24912252e+000	7.79719189e+003	0.00000000e+000	6.4474e+015	1.0000e-010	0.0000e+000
9.400000e+002	1.51657201e-001	-3.24834280e+000	7.67813069e+003	0.00000000e+000	6.2549e+015	1.0000e-010	0.0000e+000
9.500000e+002	1.52425014e-001	-3.24757499e+000	7.56243387e+003	0.00000000e+000	6.0781e+015	1.0000e-010	0.0000e+000
9.600000e+002	1.53181258e-001	-3.24681874e+000	7.44983515e+003	0.00000000e+000	5.9152e+015	1.0000e-010	0.0000e+000
9.700000e+002	1.53926241e-001	-3.24607376e+000	7.34011079e+003	0.00000000e+000	5.7642e+015	1.0000e-010	0.0000e+000
9.800000e+002	1.54660252e-001	-3.24533975e+000	7.23308741e+003	0.00000000e+000	5.6223e+015	1.0000e-010	0.0000e+000
9.900000e+002	1.55383561e-001	-3.24461644e+000	7.12864871e+003	0.00000000e+000	5.4865e+015	1.0000e-010	0.0000e+000
1.000000e+003	1.56096426e-001	-3.24390357e+000	7.02680375e+003	0.00000000e+000	5.3504e+015	1.0000e-010	0.0000e+000	-1.2802e-001	3.6681e-003	5.1380e-002	7.7476e-002	9.5152e-002	1.0845e-001	1.1908e-001	1.2793e-001	1.3549e-001	1.4210e-001	1.4799e-001	1.5360e-001
1.010000e+003	1.56799106e-001	-3.24320089e+000	6.92751039e+003	0.00000000e+000	5.2140e+015	1.0000e-010	0.0000e+000
1.020000e+003	1.57491857e-001	-3.24250814e+000	6.83084243e+003	0.00000000e+000	5.0761e+015	1.0000e-010	0.0000e+000
1.030000e+003	1.58174942e-001	-3.24182506e+000	6.73669528e+003	0.00000000e+000	4.9437e+015	1.0000e-010	0.0000e+000
1.040000e+003	1.58848611e-001	-3.24115139e+000	6.64496978e+003	0.00000000e+000	4.8166e+015	1.0000e-010	0.0000e+000
1.050000e+003	1.59513108e-001	-3.24048689e+000	6.55557195e+003	0.00000000e+000	4.6943e+015	1.0000e-010	0.0000e+000
1.060000e+003	1.60168665e-001	-3.23983133e+000	6.46841257e+003	0.00000000e+000	4.5768e+015	1.0000e-010	0.0000e+000
1.070000e+003	1.60815507e-001	-3.23918449e+000	6.38340695e+003	0.00000000e+000	4.4637e+015	1.0000e-010	0.0000e+000
1.080000e+003	1.61453847e-001	-3.23854615e+000	6.30047459e+003	0.00000000e+000	4.3548e+015	1.0000e-010	0.0000e+000
1.090000e+003	1.62083895e-001	-3.23791611e+000	6.21953898e+003	0.00000000e+000	4.2499e+015	1.0000e-010	0.0000e+000
1.100000e+003	1.62705849e-001	-3.23729415e+000	6.14052730e+003	0.00000000e+000	4.1489e+015	1.0000e-010	0.0000e+000
1.110000e+003	1.63319901e-001	-3.23668010e+000	6.06337024e+003	0.00000000e+000	4.0515e+015	1.0000e-010	0.0000e+000
1.120000e+003	1.63926238e-001	-3.23607376e+000	5.98800178e+003	0.00000000e+000	3.9576e+015	1.0000e-010	0.0000e+000
1.130000e+003	1.64525039e-001	-3.23547496e+000	5.91435899e+003	0.00000000e+000	3.8669e+015	1.0000e-010	0.0000e+000
1.140000e+003	1.65116475e-001	-3.23488353e+000	5.84238186e+003	0.00000000e+000	3.7795e+015	1.0000e-010	0.0000e+000
1.150000e+003	1.65700713e-001	-3.23429929e+000	5.77201312e+003	0.00000000e+000	3.6950e+015	1.0000e-010	0.0000e+000
1.160000e+003	1.66277914e-001	-3.23372209e+000	5.70319810e+003	0.00000000e+000	3.6134e+015	1.0000e-010	0.0000e+000
1.170000e+003	1.66848234e-001	-3.23315177e+000	5.63588459e+003	0.00000000e+000	3.5346e+015	1.0000e-010	0.0000e+000
1.180000e+003	1.67411822e-001	-3.23258818e+000	5.57002267e+003	0.00000000e+000	3.4583e+015	1.0000e-010	0.0000e+000
1.190000e+003	1.67968825e-001	-3.23203118e+000	5.50556462e+003	0.00000000e+000	3.3846e+015	1.0000e-010	0.0000e+000
1.200000e+003	1.68519381e-001	-3.23148062e+000	5.44246479e+003	0.00000000e+000	3.3133e+015	1.0000e-010	0.0000e+000
1.210000e+003	1.69063628e-001	-3.23093637e+000	5.38067947e+003	0.00000000e+000	3.2443e+015	1.0000e-010	0.0000e+000
1.220000e+003	1.69601695e-001	-3.23039830e+000	5.32016683e+003	0.00000000e+000	3.1774e+015	1.0000e-010	0.0000e+000
1.230000e+003	1.70133712e-001	-3.22986629e+000	5.26088677e+003	0.00000000e+000	3.1127e+015	1.0000e-010	0.0000e+000
1.240000e+003	1.70659801e-001	-3.22934020e+000	5.20280087e+003	0.00000000e+000	3.0500e+015	1.0000e-010	0.0000e+000
1.250000e+003	1.71180081e-001	-3.22881992e+000	5.14587228e+003	0.00000000e+000	2.9892e+015	1.0000e-010	0.0000e+000
1.260000e+003	1.71694668e-001	-3.22830533e+000	5.09006566e+003	0.00000000e+000	2.9303e+015	1.0000e-010	0.0000e+000
1.270000e+003	1.72203675e-001	-3.22779633e+000	5.03534708e+003	0.00000000e+000	2.8732e+015	1.0000e-010	0.0000e+000
1.280000e+003	1.72707209e-001	-3.22729279e+000	4.98168398e+003	0.00000000e+000	2.8177e+015	1.0000e-010	0.0000e+000
1.290000e+003	1.73205378e-001	-3.22679462e+000	4.92904507e+003	0.00000000e+000	2.7640e+015	1.0000e-010	0.0000e+000
1.300000e+003	1.73698282e-001	-3.22630172e+000	4.87740028e+003	0.00000000e+000	2.7118e+015	1.0000e-010	0.0000e+000
1.310000e+003	1.74186022e-001	-3.22581398e+000	4.82672073e+003	0.00000000e+000	2.6611e+015	1.0000e-010	0.0000e+000
1.320000e+003	1.74668694e-001	-3.22533131e+000	4.77697861e+003	0.00000000e+000	2.6118e+015	1.0000e-010	0.0000e+000
1.330000e+003	1.75146392e-001	-3.22485361e+000	4.72814720e+003	0.00000000e+000	2.5640e+015	1.0000e-010	0.0000e+000
1.340000e+003	1.75619207e-001	-3.22438079e+000	4.68020076e+003	0.00000000e+000	2.5175e+015	1.0000e-010	0.0000e+000
1.350000e+003	1.76087227e-001	-3.22391277e+000	4.63311453e+003	0.00000000e+000	2.4724e+015	1.0000e-010	0.0000e+000
1.360000e+003	1.76550539e-001	-3.22344946e+000	4.58686465e+003	0.00000000e+000	2.4285e+015	1.0000e-010	0.0000e+000
1.370000e+003	1.77009225e-001	-3.22299077e+000	4.54142813e+003	0.00000000e+000	2.3857e+015	1.0000e-010	0.0000e+000
1.380000e+003	1.77463368e-001	-3.22253663e+000	4.49678282e+003	0.00000000e+000	2.3442e+015	1.0000e-010	0.0000e+000
1.390000e+003	1.77913046e-001	-3.22208695e+000	4.45290738e+003	0.00000000e+000	2.3038e+015	1.0000e-010	0.0000e+000
1.400000e+003	1.78358337e-001	-3.22164166e+000	4.40978120e+003	0.00000000e+000	2.2644e+015	1.0000e-010	0.0000e+000
1.410000e+003	1.78799315e-001	-3.22120069e+000	4.36738442e+003	0.00000000e+000	2.2261e+015	1.0000e-010	0.0000e+000
1.420000e+003	1.79236053e-001	-3.22076395e+000	4.32569787e+003	0.00000000e+000	2.1888e+015	1.0000e-010	0.0000e+000
1.430000e+003	1.79668623e-001	-3.22033138e+000	4.28470303e+003	0.00000000e+000	2.1525e+015	1.0000e-010	0.0000e+000
1.440000e+003	1.80097093e-001	-3.21990291e+000	4.24438205e+003	0.00000000e+000	2.1171e+015	1.0000e-010	0.0000e+000
1.450000e+003	1.80521532e-001	-3.21947847e+000	4.20471765e+003	0.00000000e+000	2.0826e+015	1.0000e-010	0.0000e+000
1.460000e+003	1.80942003e-001	-3.21905800e+000	4.16569316e+003	0.00000000e+000	2.0490e+015	1.0000e-010	0.0000e+000
1.470000e+003	1.81358573e-001	-3.21864143e+000	4.12729245e+003	0.00000000e+000	2.0163e+015	1.0000e-010	0.0000e+000
1.480000e+003	1.81771302e-001	-3.21822870e+000	4.08949995e+003	0.00000000e+000	1.9844e+015	1.0000e-010	0.0000e+000
1.490000e+003	1.82180252e-001	-3.21781975e+000	4.05230058e+003	0.00000000e+000	1.9532e+015	1.0000e-010	0.0000e+000
1.500000e+003	1.82585482e-001	-3.21741452e+000	4.01567976e+003	0.00000000e+000	1.9228e+015	1.0000e-010	0.0000e+000
1.510000e+003	1.82987050e-001	-3.21701295e+000	3.97962339e+003	0.00000000e+000	1.8932e+015	1.0000e-010	0.0000e+000
1.520000e+003	1.83385012e-001	-3.21661499e+000	3.94411782e+003	0.00000000e+000	1.8643e+015	1.0000e-010	0.0000e+000
1.530000e+003	1.83779424e-001	-3.21622058e+000	3.90914983e+003	0.00000000e+000	1.8360e+015	1.0000e-010	0.0000e+000
1.540000e+003	1.84170339e-001	-3.21582966e+000	3.87470662e+003	0.00000000e+000	1.8085e+015	1.0000e-010	0.0000e+000
1.550000e+003	1.84557810e-001	-3.21544219e+000	3.84077580e+003	0.00000000e+000	1.7816e+015	1.0000e-010	0.0000e+000
1.560000e+003	1.84941887e-001	-3.21505811e+000	3.80734536e+003	0.00000000e+000	1.7553e+015	1.0000e-010	0.0000e+000
1.570000e+003	1.85322622e-001	-3.21467738e+000	3.77440365e+003	0.00000000e+000	1.7296e+015	1.0000e-010	0.0000e+000
1.580000e+003	1.85700062e-001	-3.21429994e+000	3.74193940e+003	0.00000000e+000	1.7046e+015	1.0000e-010	0.0000e+000
1.590000e+003	1.86074256e-001	-3.21392574e+000	3.70994167e+003	0.00000000e+000	1.6801e+015	1.0000e-010	0.0000e+000
1.600000e+003	1.86445250e-001	-3.21355475e+000	3.67839985e+003	0.00000000e+000	1.6561e+015	1.0000e-010	0.0000e+000
1.610000e+003	1.86813090e-001	-3.21318691e+000	3.64730365e+003	0.00000000e+000	1.6327e+015	1.0000e-010	0.0000e+000
1.620000e+003	1.87177821e-001	-3.21282218e+000	3.61664309e+003	0.00000000e+000	1.6099e+015	1.0000e-010	0.0000e+000
1.630000e+003	1.87539485e-001	-3.21246051e+000	3.58640848e+003	0.00000000e+000	1.5875e+015	1.0000e-010	0.0000e+000
1.640000e+003	1.87898126e-001	-3.21210187e+000	3.55659041e+003	0.00000000e+000	1.5656e+015	1.0000e-010	0.0000e+000
1.650000e+003	1.88253785e-001	-3.21174622e+000	3.52717975e+003	0.00000000e+000	1.5442e+015	1.0000e-010	0.0000e+000
1.660000e+003	1.88606503e-001	-3.21139350e+000	3.49816764e+003	0.00000000e+000	1.5233e+015	1.0000e-010	0.0000e+000
1.670000e+003	1.88956320e-001	-3.21104368e+000	3.46954547e+003	0.00000000e+000	1.5028e+015	1.0000e-010	0.0000e+000
1.680000e+003	1.89303274e-001	-3.21069673e+000	3.44130486e+003	0.00000000e+000	1.4828e+015	1.0000e-010	0.0000e+000
1.690000e+003	1.89647405e-001	-3.21035260e+000	3.41343769e+003	0.00000000e+000	1.4632e+015	1.0000e-010	0.0000e+000
1.700000e+003	1.89988748e-001	-3.21001125e+000	3.38593605e+003	0.00000000e+000	1.4440e+015	1.0000e-010	0.0000e+000
1.710000e+003	1.90327342e-001	-3.20967266e+000	3.35879226e+003	0.00000000e+000	1.4252e+015	1.0000e-010	0.0000e+000
1.720000e+003	1.90663221e-001	-3.20933678e+000	3.33199885e+003	0.00000000e+000	1.4068e+015	1.0000e-010	0.0000e+000
1.730000e+003	1.90996421e-001	-3.20900358e+000	3.30554856e+003	0.00000000e+000	1.3888e+015	1.0000e-010	0.0000e+000
1.740000e+003	1.91326976e-001	-3.20867302e+000	3.27943433e+003	0.00000000e+000	1.3711e+015	1.0000e-010	0.0000e+000
1.750000e+003	1.91654920e-001	-3.20834508e+000	3.25364927e+003	0.00000000e+000	1.3539e+015	1.0000e-010	0.0000e+000
1.760000e+003	1.91980284e-001	-3.20801972e+000	3.22818670e+003	0.00000000e+000	1.3369e+015	1.0000e-010	0.0000e+000
1.770000e+003	1.92303103e-001	-3.20769690e+000	3.20304011e+003	0.00000000e+000	1.3203e+015	1.0000e-010	0.0000e+000
1.780000e+003	1.92623407e-001	-3.20737659e+000	3.17820316e+003	0.00000000e+000	1.3041e+015	1.0000e-010	0.0000e+000
1.790000e+003	1.92941227e-001	-3.20705877e+000	3.15366968e+003	0.00000000e+000	1.2881e+015	1.0000e-010	0.0000e+000
1.800000e+003	1.93256594e-001	-3.20674341e+000	3.12943367e+003	0.00000000e+000	1.2725e+015	1.0000e-010	0.0000e+000
1.810000e+003	1.93569538e-001	-3.20643046e+000	3.10548927e+003	0.00000000e+000	1.2572e+015	1.0000e-010	0.0000e+000
1.820000e+003	1.93880087e-001	-3.20611991e+000	3.08183078e+003	0.00000000e+000	1.2422e+015	1.0000e-010	0.0000e+000
1.830000e+003	1.94188270e-001	-3.20581173e+000	3.05845266e+003	0.00000000e+000	1.2275e+015	1.0000e-010	0.0000e+000
1.840000e+003	1.94494115e-001	-3.20550588e+000	3.03534948e+003	0.00000000e+000	1.2130e+015	1.0000e-010	0.0000e+000
1.850000e+003	1.94797650e-001	-3.20520235e+000	3.01251597e+003	0.00000000e+000	1.1989e+015	1.0000e-010	0.0000e+000
1.860000e+003	1.95098902e-001	-3.20490110e+000	2.98994700e+003	0.00000000e+000	1.1850e+015	1.0000e-010	0.0000e+000
1.870000e+003	1.95397896e-001	-3.20460210e+000	2.96763755e+003	0.00000000e+000	1.1714e+015	1.0000e-010	0.0000e+000
1.880000e+003	1.95694660e-001	-3.20430534e+000	2.94558274e+003	0.00000000e+000	1.1580e+015	1.0000e-010	0.0000e+000
1.890000e+003	1.95989218e-001	-3.20401078e+000	2.92377779e+003	0.00000000e+000	1.1449e+015	1.0000e-010	0.0000e+000
1.900000e+003	1.96281596e-001	-3.20371840e+000	2.90221806e+003	0.00000000e+000	1.1320e+015	1.0000e-010	0.0000e+000
1.910000e+003	1.96571818e-001	-3.20342818e+000	2.88089901e+003	0.00000000e+000	1.1194e+015	1.0000e-010	0.0000e+000
1.920000e+003	1.96859908e-001	-3.20314009e+000	2.85981621e+003	0.00000000e+000	1.1069e+015	1.0000e-010	0.0000e+000
1.930000e+003	1.97145889e-001	-3.20285411e+000	2.83896536e+003	0.00000000e+000	1.0948e+015	1.0000e-010	0.0000e+000
1.940000e+003	1.97429786e-001	-3.20257021e+000	2.81834223e+003	0.00000000e+000	1.0828e+015	1.0000e-010	0.0000e+000
1.950000e+003	1.97711620e-001	-3.20228838e+000	2.79794270e+003	0.00000000e+000	1.0711e+015	1.0000e-010	0.0000e+000
1.960000e+003	1.97991414e-001	-3.20200859e+000	2.77776277e+003	0.00000000e+000	1.0595e+015	1.0000e-010	0.0000e+000
1.970000e+003	1.98269191e-001	-3.20173081e+000	2.75779851e+003	0.00000000e+000	1.0482e+015	1.0000e-010	0.0000e+000
1.980000e+003	1.98544971e-001	-3.20145503e+000	2.73804609e+003	0.00000000e+000	1.0371e+015	1.0000e-010	0.0000e+000
1.990000e+003	1.98818775e-001	-3.20118122e+000	2.71850177e+003	0.00000000e+000	1.0262e+015	1.0000e-010	0.0000e+000
2.000000e+003	1.99090625e-001	-3.20090937e+000	2.69916189e+003	0.00000000e+000	1.0154e+015	1.0000e-010	0.0000e+000
2.010000e+003	1.99360542e-001	-3.20063946e+000	2.68002289e+003	0.00000000e+000	1.0049e+015	1.0000e-010	0.0000e+000
2.020000e+003	1.99628544e-001	-3.20037146e+000	2.66108127e+003	0.00000000e+000	9.9452e+014	1.0000e-010	0.0000e+000
2.030000e+003	1.99894652e-001	-3.20010535e+000	2.64233363e+003	0.00000000e+000	9.8433e+014	1.0000e-010	0.0000e+000
2.040000e+003	2.00158885e-001	-3.19984111e+000	2.62377663e+003	0.00000000e+000	9.7432e+014	1.0000e-010	0.0000e+000
2.050000e+003	2.00421263e-001	-3.19957874e+000	2.60540702e+003	0.00000000e+000	9.6448e+014	1.0000e-010	0.0000e+000
2.060000e+003	2.00681804e-001	-3.19931820e+000	2.58722161e+003	0.00000000e+000	9.5481e+014	1.0000e-010	0.0000e+000
2.070000e+003	2.00940526e-001	-3.19905947e+000	2.56921729e+003	0.00000000e+000	9.4530e+014	1.0000e-010	0.0000e+000
2.080000e+003	2.01197448e-001	-3.19880255e+000	2.55139101e+003	0.00000000e+000	9.3596e+014	1.0000e-010	0.0000e+000
2.090000e+003	2.01452587e-001	-3.19854741e+000	2.53373980e+003	0.00000000e+000	9.2676e+014	1.0000e-010	0.0000e+000
2.100000e+003	2.01705961e-001	-3.19829404e+000	2.51626074e+003	0.00000000e+000	9.1772e+014	1.0000e-010	0.0000e+000
2.110000e+003	2.01957587e-001	-3.19804241e+000	2.49895099e+003	0.00000000e+000	9.0884e+014	1.0000e-010	0.0000e+000
2.120000e+003	2.02207482e-001	-3.19779252e+000	2.48180775e+003	0.00000000e+000	9.0009e+014	1.0000e-010	0.0000e+000
2.130000e+003	2.02455663e-001	-3.19754434e+000	2.46482830e+003	0.00000000e+000	8.9149e+014	1.0000e-010	0.0000e+000
2.140000e+003	2.02702145e-001	-3.19729785e+000	2.44800997e+003	0.00000000e+000	8.8303e+014	1.0000e-010	0.0000e+000
2.150000e+003	2.02946946e-001	-3.19705305e+000	2.43135015e+003	0.00000000e+000	8.7471e+014	1.0000e-010	0.0000e+000
2.160000e+003	2.03190081e-001	-3.19680992e+000	2.41484628e+003	0.00000000e+000	8.6652e+014	1.0000e-010	0.0000e+000
2.170000e+003	2.03431566e-001	-3.19656843e+000	2.39849585e+003	0.00000000e+000	8.5846e+014	1.0000e-010	0.0000e+000
2.180000e+003	2.03671416e-001	-3.19632858e+000	2.38229642e+003	0.00000000e+000	8.5054e+014	1.0000e-010	0.0000e+000
2.190000e+003	2.03909645e-001	-3.19609035e+000	2.36624558e+003	0.00000000e+000	8.4273e+014	1.0000e-010	0.0000e+000
2.200000e+003	2.04146270e-001	-3.19585373e+000	2.35034099e+003	0.00000000e+000	8.3505e+014	1.0000e-010	0.0000e+000
2.210000e+003	2.04381304e-001	-3.19561870e+000	2.33458033e+003	0.00000000e+000	8.2750e+014	1.0000e-010	0.0000e+000
2.220000e+003	2.04614762e-001	-3.19538524e+000	2.31896137e+003	0.00000000e+000	8.2006e+014	1.0000e-010	0.0000e+000
2.230000e+003	2.04846658e-001	-3.19515334e+000	2.30348188e+003	0.00000000e+000	8.1273e+014	1.0000e-010	0.0000e+000
2.240000e+003	2.05077006e-001	-3.19492299e+000	2.28813971e+003	0.00000000e+000	8.0552e+014	1.0000e-010	0.0000e+000
2.250000e+003	2.05305820e-001	-3.19469418e+000	2.27293273e+003	0.00000000e+000	7.9843e+014	1.0000e-010	0.0000e+000
2.260000e+003	2.05533114e-001	-3.19446689e+000	2.25785886e+003	0.00000000e+000	7.9144e+014	1.0000e-010	0.0000e+000
2.270000e+003	2.05758899e-001	-3.19424110e+000	2.24291607e+003	0.00000000e+000	7.8455e+014	1.0000e-010	0.0000e+000
2.280000e+003	2.05983191e-001	-3.19401681e+000	2.22810237e+003	0.00000000e+000	7.7778e+014	1.0000e-010	0.0000e+000
2.290000e+003	2.06206001e-001	-3.19379400e+000	2.21341579e+003	0.00000000e+000	7.7110e+014	1.0000e-010	0.0000e+000
2.300000e+003	2.06427343e-001	-3.19357266e+000	2.19885442e+003	0.00000000e+000	7.6453e+014	1.0000e-010	0.0000e+000
2.310000e+003	2.06647228e-001	-3.19335277e+000	2.18441638e+003	0.00000000e+000	7.5805e+014	1.0000e-010	0.0000e+000
2.320000e+003	2.06865670e-001	-3.19313433e+000	2.17009982e+003	0.00000000e+000	7.5167e+014	1.0000e-010	0.0000e+000
2.330000e+003	2.07082680e-001	-3.19291732e+000	2.15590293e+003	0.00000000e+000	7.4539e+014	1.0000e-010	0.0000e+000
2.340000e+003	2.07298270e-001	-3.19270173e+000	2.14182395e+003	0.00000000e+000	7.3920e+014	1.0000e-010	0.0000e+000
2.350000e+003	2.07512453e-001	-3.19248755e+000	2.12786113e+003	0.00000000e+000	7.3310e+014	1.0000e-010	0.0000e+000
2.360000e+003	2.07725239e-001	-3.19227476e+000	2.11401276e+003	0.00000000e+000	7.2709e+014	1.0000e-010	0.0000e+000
2.370000e+003	2.07936640e-001	-3.19206336e+000	2.10027717e+003	0.00000000e+000	7.2117e+014	1.0000e-010	0.0000e+000
2.380000e+003	2.08146668e-001	-3.19185333e+000	2.08665273e+003	0.00000000e+000	7.1533e+014	1.0000e-010	0.0000e+000
2.390000e+003	2.08355333e-001	-3.19164467e+000	2.07313781e+003	0.00000000e+000	7.0958e+014	1.0000e-010	0.0000e+000
2.400000e+003	2.08562647e-001	-3.19143735e+000	2.05973084e+003	0.00000000e+000	7.0391e+014	1.0000e-010	0.0000e+000
2.410000e+003	2.08768620e-001	-3.19123138e+000	2.04643026e+003	0.00000000e+000	6.9833e+014	1.0000e-010	0.0000e+000
2.420000e+003	2.08973263e-001	-3.19102674e+000	2.03323455e+003	0.00000000e+000	6.9282e+014	1.0000e-010	0.0000e+000
2.430000e+003	2.09176586e-001	-3.19082341e+000	2.02014222e+003	0.00000000e+000	6.8739e+014	1.0000e-010	0.0000e+000
2.440000e+003	2.09378601e-001	-3.19062140e+000	2.00715180e+003	0.00000000e+000	6.8204e+014	1.0000e-010	0.0000e+000
2.450000e+003	2.09579316e-001	-3.19042068e+000	1.99426184e+003	0.00000000e+000	6.7677e+014	1.0000e-010	0.0000e+000
2.460000e+003	2.09778742e-001	-3.19022126e+000	1.98147094e+003	0.00000000e+000	6.7157e+014	1.0000e-010	0.0000e+000
2.470000e+003	2.09976889e-001	-3.19002311e+000	1.96877770e+003	0.00000000e+000	6.6644e+014	1.0000e-010	0.0000e+000
2.480000e+003	2.10173767e-001	-3.18982623e+000	1.95618076e+003	0.00000000e+000	6.6138e+014	1.0000e-010	0.0000e+000
2.490000e+003	2.10369385e-001	-3.18963062e+000	1.94367878e+003	0.00000000e+000	6.5640e+014	1.0000e-010	0.0000e+000
2.500000e+003	2.10563753e-001	-3.18943625e+000	1.93127044e+003	0.00000000e+000	6.5148e+014	1.0000e-010	0.0000e+000
2.510000e+003	2.10756880e-001	-3.18924312e+000	1.91895446e+003	0.00000000e+000	6.4663e+014	1.0000e-010	0.0000e+000
2.520000e+003	2.10948775e-001	-3.18905122e+000	1.90672955e+003	0.00000000e+000	6.4185e+014	1.0000e-010	0.0000e+000
2.530000e+003	2.11139448e-001	-3.18886055e+000	1.89459448e+003	0.00000000e+000	6.3713e+014	1.0000e-010	0.0000e+000
2.540000e+003	2.11328908e-001	-3.18867109e+000	1.88254802e+003	0.00000000e+000	6.3248e+014	1.0000e-010	0.0000e+000
2.550000e+003	2.11517162e-001	-3.18848284e+000	1.87058896e+003	0.00000000e+000	6.2789e+014	1.0000e-010	0.0000e+000
2.560000e+003	2.11704221e-001	-3.18829578e+000	1.85871612e+003	0.00000000e+000	6.2336e+014	1.0000e-010	0.0000e+000
2.570000e+003	2.11890093e-001	-3.18810991e+000	1.84692834e+003	0.00000000e+000	6.1890e+014	1.0000e-010	0.0000e+000
2.580000e+003	2.12074786e-001	-3.18792521e+000	1.83522447e+003	0.00000000e+000	6.1449e+014	1.0000e-010	0.0000e+000
2.590000e+003	2.12258308e-001	-3.18774169e+000	1.82360340e+003	0.00000000e+000	6.1014e+014	1.0000e-010	0.0000e+000
2.600000e+003	2.12440669e-001	-3.18755933e+000	1.81206401e+003	0.00000000e+000	6.0586e+014	1.0000e-010	0.0000e+000
2.610000e+003	2.12621875e-001	-3.18737813e+000	1.80060522e+003	0.00000000e+000	6.0162e+014	1.0000e-010	0.0000e+000
2.620000e+003	2.12801935e-001	-3.18719806e+000	1.78922597e+003	0.00000000e+000	5.9745e+014	1.0000e-010	0.0000e+000
2.630000e+003	2.12980858e-001	-3.18701914e+000	1.77792520e+003	0.00000000e+000	5.9333e+014	1.0000e-010	0.0000e+000
2.640000e+003	2.13158651e-001	-3.18684135e+000	1.76670188e+003	0.00000000e+000	5.8926e+014	1.0000e-010	0.0000e+000
2.650000e+003	2.13335321e-001	-3.18666468e+000	1.75555500e+003	0.00000000e+000	5.8525e+014	1.0000e-010	0.0000e+000
2.660000e+003	2.13510876e-001	-3.18648912e+000	1.74448357e+003	0.00000000e+000	5.8129e+014	1.0000e-010	0.0000e+000
2.670000e+003	2.13685325e-001	-3.18631468e+000	1.73348658e+003	0.00000000e+000	5.7738e+014	1.0000e-010	0.0000e+000
2.680000e+003	2.13858673e-001	-3.18614133e+000	1.72256310e+003	0.00000000e+000	5.7352e+014	1.0000e-010	0.0000e+000
2.690000e+003	2.14030930e-001	-3.18596907e+000	1.71171215e+003	0.00000000e+000	5.6971e+014	1.0000e-010	0.0000e+000
2.700000e+003	2.14202101e-001	-3.18579790e+000	1.70093282e+003	0.00000000e+000	5.6595e+014	1.0000e-010	0.0000e+000
2.710000e+003	2.14372194e-001	-3.18562781e+000	1.69022417e+003	0.00000000e+000	5.6224e+014	1.0000e-010	0.0000e+000
2.720000e+003	2.14541217e-001	-3.18545878e+000	1.67958531e+003	0.00000000e+000	5.5857e+014	1.0000e-010	0.0000e+000
2.730000e+003	2.14709175e-001	-3.18529082e+000	1.66901534e+003	0.00000000e+000	5.5496e+014	1.0000e-010	0.0000e+000
2.740000e+003	2.14876077e-001	-3.18512392e+000	1.65851340e+003	0.00000000e+000	5.5138e+014	1.0000e-010	0.0000e+000
2.750000e+003	2.15041928e-001	-3.18495807e+000	1.64807861e+003	0.00000000e+000	5.4786e+014	1.0000e-010	0.0000e+000
2.760000e+003	2.15206736e-001	-3.18479326e+000	1.63771014e+003	0.00000000e+000	5.4438e+014	1.0000e-010	0.0000e+000
2.770000e+003	2.15370507e-001	-3.18462949e+000	1.62740714e+003	0.00000000e+000	5.4094e+014	1.0000e-010	0.0000e+000
2.780000e+003	2.15533248e-001	-3.18446675e+000	1.61716880e+003	0.00000000e+000	5.3754e+014	1.0000e-010	0.0000e+000
2.790000e+003	2.15694964e-001	-3.18430504e+000	1.60699430e+003	0.00000000e+000	5.3419e+014	1.0000e-010	0.0000e+000
2.800000e+003	2.15855664e-001	-3.18414434e+000	1.59688285e+003	0.00000000e+000	5.3088e+014	1.0000e-010	0.0000e+000
2.810000e+003	2.16015352e-001	-3.18398465e+000	1.58683367e+003	0.00000000e+000	5.2761e+014	1.0000e-010	0.0000e+000
2.820000e+003	2.16174035e-001	-3.18382596e+000	1.57684598e+003	0.00000000e+000	5.2438e+014	1.0000e-010	0.0000e+000
2.830000e+003	2.16331720e-001	-3.18366828e+000	1.56691903e+003	0.00000000e+000	5.2119e+014	1.0000e-010	0.0000e+000
2.840000e+003	2.16488412e-001	-3.18351159e+000	1.55705206e+003	0.00000000e+000	5.1804e+014	1.0000e-010	0.0000e+000
2.850000e+003	2.16644117e-001	-3.18335588e+000	1.54724434e+003	0.00000000e+000	5.1493e+014	1.0000e-010	0.0000e+000
2.860000e+003	2.16798842e-001	-3.18320116e+000	1.53749515e+003	0.00000000e+000	5.1186e+014	1.0000e-010	0.0000e+000
2.870000e+003	2.16952591e-001	-3.18304741e+000	1.52780377e+003	0.00000000e+000	5.0883e+014	1.0000e-010	0.0000e+000
2.880000e+003	2.17105372e-001	-3.18289463e+000	1.51816949e+003	0.00000000e+000	5.0583e+014	1.0000e-010	0.0000e+000
2.890000e+003	2.17257188e-001	-3.18274281e+000	1.50859162e+003	0.00000000e+000	5.0287e+014	1.0000e-010	0.0000e+000
2.900000e+003	2.17408048e-001	-3.18259195e+000	1.49906948e+003	0.00000000e+000	4.9994e+014	1.0000e-010	0.0000e+000
2.910000e+003	2.17557955e-001	-3.18244205e+000	1.48960240e+003	0.00000000e+000	4.9705e+014	1.0000e-010	0.0000e+000
2.920000e+003	2.17706915e-001	-3.18229309e+000	1.48018971e+003	0.00000000e+000	4.9419e+014	1.0000e-010	0.0000e+000
2.930000e+003	2.17854934e-001	-3.18214507e+000	1.47083076e+003	0.00000000e+000	4.9137e+014	1.0000e-010	0.0000e+000
2.940000e+003	2.18002017e-001	-3.18199798e+000	1.46152491e+003	0.00000000e+000	4.8858e+014	1.0000e-010	0.0000e+000
2.950000e+003	2.18148169e-001	-3.18185183e+000	1.45227152e+003	0.00000000e+000	4.8583e+014	1.0000e-010	0.0000e+000
2.960000e+003	2.18293397e-001	-3.18170660e+000	1.44306996e+003	0.00000000e+000	4.8311e+014	1.0000e-010	0.0000e+000
2.970000e+003	2.18437704e-001	-3.18156230e+000	1.43391963e+003	0.00000000e+000	4.8042e+014	1.0000e-010	0.0000e+000
2.980000e+003	2.18581095e-001	-3.18141890e+000	1.42481991e+003	0.00000000e+000	4.7776e+014	1.0000e-010	0.0000e+000
2.990000e+003	2.18723577e-001	-3.18127642e+000	1.41577020e+003	0.00000000e+000	4.7513e+014	1.0000e-010	0.0000e+000
3.000000e+003	2.18865154e-001	-3.18113485e+000	1.40676992e+003	0.00000000e+000	4.7254e+014	1.0000e-010	0.0000e+000
3.010000e+003	2.19005831e-001	-3.18099417e+000	1.39781848e+003	0.00000000e+000	4.6998e+014	1.0000e-010	0.0000e+000
3.020000e+003	2.19145613e-001	-3.18085439e+000	1.38891531e+003	0.00000000e+000	4.6744e+014	1.0000e-010	0.0000e+000
3.030000e+003	2.19284505e-001	-3.18071550e+000	1.38005984e+003	0.00000000e+000	4.6494e+014	1.0000e-010	0.0000e+000
3.040000e+003	2.19422511e-001	-3.18057749e+000	1.37125153e+003	0.00000000e+000	4.6246e+014	1.0000e-010	0.0000e+000
3.050000e+003	2.19559636e-001	-3.18044036e+000	1.36248981e+003	0.00000000e+000	4.6001e+014	1.0000e-010	0.0000e+000
3.060000e+003	2.19695885e-001	-3.18030412e+000	1.35377414e+003	0.00000000e+000	4.5760e+014	1.0000e-010	0.0000e+000
3.070000e+003	2.19831262e-001	-3.18016874e+000	1.34510400e+003	0.00000000e+000	4.5521e+014	1.0000e-010	0.0000e+000
3.080000e+003	2.19965773e-001	-3.18003423e+000	1.33647885e+003	0.00000000e+000	4.5284e+014	1.0000e-010	0.0000e+000
3.090000e+003	2.20099421e-001	-3.17990058e+000	1.32789818e+003	0.00000000e+000	4.5051e+014	1.0000e-010	0.0000e+000
3.100000e+003	2.20232210e-001	-3.17976779e+000	1.31936147e+003	0.00000000e+000	4.4820e+014	1.0000e-010	0.0000e+000
3.110000e+003	2.20364147e-001	-3.17963585e+000	1.31086821e+003	0.00000000e+000	4.4592e+014	1.0000e-010	0.0000e+000
3.120000e+003	2.20495233e-001	-3.17950477e+000	1.30241792e+003	0.00000000e+000	4.4366e+014	1.0000e-010	0.0000e+000
3.130000e+003	2.20625475e-001	-3.17937452e+000	1.29401008e+003	0.00000000e+000	4.4143e+014	1.0000e-010	0.0000e+000
3.140000e+003	2.20754876e-001	-3.17924512e+000	1.28564423e+003	0.00000000e+000	4.3923e+014	1.0000e-010	0.0000e+000
3.150000e+003	2.20883441e-001	-3.17911656e+000	1.27731988e+003	0.00000000e+000	4.3705e+014	1.0000e-010	0.0000e+000
3.160000e+003	2.21011173e-001	-3.17898883e+000	1.26903656e+003	0.00000000e+000	4.3490e+014	1.0000e-010	0.0000e+000
3.170000e+003	2.21138076e-001	-3.17886192e+000	1.26079380e+003	0.00000000e+000	4.3277e+014	1.0000e-010	0.0000e+000
3.180000e+003	2.21264156e-001	-3.17873584e+000	1.25259114e+003	0.00000000e+000	4.3066e+014	1.0000e-010	0.0000e+000
3.190000e+003	2.21389415e-001	-3.17861059e+000	1.24442812e+003	0.00000000e+000	4.2858e+014	1.0000e-010	0.0000e+000
3.200000e+003	2.21513858e-001	-3.17848614e+000	1.23630431e+003	0.00000000e+000	4.2652e+014	1.0000e-010	0.0000e+000
3.210000e+003	2.21637488e-001	-3.17836251e+000	1.22821926e+003	0.00000000e+000	4.2449e+014	1.0000e-010	0.0000e+000
3.220000e+003	2.21760310e-001	-3.17823969e+000	1.22017252e+003	0.00000000e+000	4.2247e+014	1.0000e-010	0.0000e+000
3.230000e+003	2.21882327e-001	-3.17811767e+000	1.21216368e+003	0.00000000e+000	4.2048e+014	1.0000e-010	0.0000e+000
3.240000e+003	2.22003544e-001	-3.17799646e+000	1.20419230e+003	0.00000000e+000	4.1852e+014	1.0000e-010	0.0000e+000
3.250000e+003	2.22123963e-001	-3.17787604e+000	1.19625797e+003	0.00000000e+000	4.1657e+014	1.0000e-010	0.0000e+000
3.260000e+003	2.22243589e-001	-3.17775641e+000	1.18836026e+003	0.00000000e+000	4.1465e+014	1.0000e-010	0.0000e+000
3.270000e+003	2.22362425e-001	-3.17763758e+000	1.18049878e+003	0.00000000e+000	4.1275e+014	1.0000e-010	0.0000e+000
3.280000e+003	2.22480475e-001	-3.17751953e+000	1.17267311e+003	0.00000000e+000	4.1087e+014	1.0000e-010	0.0000e+000
3.290000e+003	2.22597742e-001	-3.17740226e+000	1.16488286e+003	0.00000000e+000	4.0901e+014	1.0000e-010	0.0000e+000
3.300000e+003	2.22714230e-001	-3.17728577e+000	1.15712763e+003	0.00000000e+000	4.0717e+014	1.0000e-010	0.0000e+000
3.310000e+003	2.22829943e-001	-3.17717006e+000	1.14940704e+003	0.00000000e+000	4.0535e+014	1.0000e-010	0.0000e+000
3.320000e+003	2.22944884e-001	-3.17705512e+000	1.14172070e+003	0.00000000e+000	4.0355e+014	1.0000e-010	0.0000e+000
3.330000e+003	2.23059056e-001	-3.17694094e+000	1.13406823e+003	0.00000000e+000	4.0177e+014	1.0000e-010	0.0000e+000
3.340000e+003	2.23172462e-001	-3.17682754e+000	1.12644925e+003	0.00000000e+000	4.0001e+014	1.0000e-010	0.0000e+000
3.350000e+003	2.23285107e-001	-3.17671489e+000	1.11886341e+003	0.00000000e+000	3.9828e+014	1.0000e-010	0.0000e+000
3.360000e+003	2.23396994e-001	-3.17660301e+000	1.11131032e+003	0.00000000e+000	3.9656e+014	1.0000e-010	0.0000e+000
3.370000e+003	2.23508125e-001	-3.17649188e+000	1.10378963e+003	0.00000000e+000	3.9485e+014	1.0000e-010	0.0000e+000
3.380000e+003	2.23618504e-001	-3.17638150e+000	1.09630098e+003	0.00000000e+000	3.9317e+014	1.0000e-010	0.0000e+000
3.390000e+003	2.23728134e-001	-3.17627187e+000	1.08884402e+003	0.00000000e+000	3.9151e+014	1.0000e-010	0.0000e+000
3.400000e+003	2.23837018e-001	-3.17616298e+000	1.08141841e+003	0.00000000e+000	3.8986e+014	1.0000e-010	0.0000e+000
3.410000e+003	2.23945160e-001	-3.17605484e+000	1.07402379e+003	0.00000000e+000	3.8824e+014	1.0000e-010	0.0000e+000
3.420000e+003	2.24052562e-001	-3.17594744e+000	1.06665983e+003	0.00000000e+000	3.8663e+014	1.0000e-010	0.0000e+000
3.430000e+003	2.24159228e-001	-3.17584077e+000	1.05932619e+003	0.00000000e+000	3.8503e+014	1.0000e-010	0.0000e+000
3.440000e+003	2.24265161e-001	-3.17573484e+000	1.05202254e+003	0.00000000e+000	3.8346e+014	1.0000e-010	0.0000e+000
3.450000e+003	2.24370363e-001	-3.17562964e+000	1.04474855e+003	0.00000000e+000	3.8190e+014	1.0000e-010	0.0000e+000
3.460000e+003	2.24474838e-001	-3.17552516e+000	1.03750390e+003	0.00000000e+000	3.8036e+014	1.0000e-010	0.0000e+000
3.470000e+003	2.24578589e-001	-3.17542141e+000	1.03028826e+003	0.00000000e+000	3.7884e+014	1.0000e-010	0.0000e+000
3.480000e+003	2.24681617e-001	-3.17531838e+000	1.02310132e+003	0.00000000e+000	3.7733e+014	1.0000e-010	0.0000e+000
3.490000e+003	2.24783928e-001	-3.17521607e+000	1.01594277e+003	0.00000000e+000	3.7584e+014	1.0000e-010	0.0000e+000
3.500000e+003	2.24885522e-001	-3.17511448e+000	1.00881230e+003	0.00000000e+000	3.7437e+014	1.0000e-010	0.0000e+000
3.510000e+003	2.24986403e-001	-3.17501360e+000	1.00170960e+003	0.00000000e+000	3.7291e+014	1.0000e-010	0.0000e+000
3.520000e+003	2.25086574e-001	-3.17491343e+000	9.94634364e+002	0.00000000e+000	3.7147e+014	1.0000e-010	0.0000e+000
3.530000e+003	2.25186037e-001	-3.17481396e+000	9.87586298e+002	0.00000000e+000	3.7004e+014	1.0000e-010	0.0000e+000
3.540000e+003	2.25284796e-001	-3.17471520e+000	9.80565106e+002	0.00000000e+000	3.6863e+014	1.0000e-010	0.0000e+000
3.550000e+003	2.25382853e-001	-3.17461715e+000	9.73570495e+002	0.00000000e+000	3.6723e+014	1.0000e-010	0.0000e+000
3.560000e+003	2.25480210e-001	-3.17451979e+000	9.66602175e+002	0.00000000e+000	3.6585e+014	1.0000e-010	0.0000e+000
3.570000e+003	2.25576870e-001	-3.17442313e+000	9.59659862e+002	0.00000000e+000	3.6449e+014	1.0000e-010	0.0000e+000
3.580000e+003	2.25672836e-001	-3.17432716e+000	9.52743271e+002	0.00000000e+000	3.6314e+014	1.0000e-010	0.0000e+000
3.590000e+003	2.25768110e-001	-3.17423189e+000	9.45852124e+002	0.00000000e+000	3.6180e+014	1.0000e-010	0.0000e+000
3.600000e+003	2.25862695e-001	-3.17413730e+000	9.38986143e+002	0.00000000e+000	3.6048e+014	1.0000e-010	0.0000e+000
3.610000e+003	2.25956594e-001	-3.17404341e+000	9.32145056e+002	0.00000000e+000	3.5917e+014	1.0000e-010	0.0000e+000
3.620000e+003	2.26049808e-001	-3.17395019e+000	9.25328591e+002	0.00000000e+000	3.5788e+014	1.0000e-010	0.0000e+000
3.630000e+003	2.26142341e-001	-3.17385766e+000	9.18536480e+002	0.00000000e+000	3.5660e+014	1.0000e-010	0.0000e+000
3.640000e+003	2.26234195e-001	-3.17376580e+000	9.11768460e+002	0.00000000e+000	3.5534e+014	1.0000e-010	0.0000e+000
3.650000e+003	2.26325372e-001	-3.17367463e+000	9.05024268e+002	0.00000000e+000	3.5409e+014	1.0000e-010	0.0000e+000
3.660000e+003	2.26415874e-001	-3.17358413e+000	8.98303644e+002	0.00000000e+000	3.5285e+014	1.0000e-010	0.0000e+000
3.670000e+003	2.26505705e-001	-3.17349430e+000	8.91606333e+002	0.00000000e+000	3.5162e+014	1.0000e-010	0.0000e+000
3.680000e+003	2.26594865e-001	-3.17340513e+000	8.84932080e+002	0.00000000e+000	3.5041e+014	1.0000e-010	0.0000e+000
3.690000e+003	2.26683358e-001	-3.17331664e+000	8.78280635e+002	0.00000000e+000	3.4922e+014	1.0000e-010	0.0000e+000
3.700000e+003	2.26771187e-001	-3.17322881e+000	8.71651748e+002	0.00000000e+000	3.4803e+014	1.0000e-010	0.0000e+000
3.710000e+003	2.26858352e-001	-3.17314165e+000	8.65045174e+002	0.00000000e+000	3.4686e+014	1.0000e-010	0.0000e+000
3.720000e+003	2.26944856e-001	-3.17305514e+000	8.58460670e+002	0.00000000e+000	3.4570e+014	1.0000e-010	0.0000e+000
3.730000e+003	2.27030702e-001	-3.17296930e+000	8.51897995e+002	0.00000000e+000	3.4455e+014	1.0000e-010	0.0000e+000
3.740000e+003	2.27115892e-001	-3.17288411e+000	8.45356910e+002	0.00000000e+000	3.4342e+014	1.0000e-010	0.0000e+000
3.750000e+003	2.27200428e-001	-3.17279957e+000	8.38837180e+002	0.00000000e+000	3.4230e+014	1.0000e-010	0.0000e+000
3.760000e+003	2.27284312e-001	-3.17271569e+000	8.32338570e+002	0.00000000e+000	3.4119e+014	1.0000e-010	0.0000e+000
3.770000e+003	2.27367545e-001	-3.17263245e+000	8.25860850e+002	0.00000000e+000	3.4009e+014	1.0000e-010	0.0000e+000
3.780000e+003	2.27450131e-001	-3.17254987e+000	8.19403790e+002	0.00000000e+000	3.3901e+014	1.0000e-010	0.0000e+000
3.790000e+003	2.27532072e-001	-3.17246793e+000	8.12967164e+002	0.00000000e+000	3.3794e+014	1.0000e-010	0.0000e+000
3.800000e+003	2.27613369e-001	-3.17238663e+000	8.06550747e+002	0.00000000e+000	3.3688e+014	1.0000e-010	0.0000e+000
3.810000e+003	2.27694024e-001	-3.17230598e+000	8.00154318e+002	0.00000000e+000	3.3583e+014	1.0000e-010	0.0000e+000
3.820000e+003	2.27774039e-001	-3.17222596e+000	7.93777656e+002	0.00000000e+000	3.3479e+014	1.0000e-010	0.0000e+000
3.830000e+003	2.27853417e-001	-3.17214658e+000	7.87420543e+002	0.00000000e+000	3.3376e+014	1.0000e-010	0.0000e+000
3.840000e+003	2.27932159e-001	-3.17206784e+000	7.81082764e+002	0.00000000e+000	3.3275e+014	1.0000e-010	0.0000e+000
3.850000e+003	2.28010267e-001	-3.17198973e+000	7.74764105e+002	0.00000000e+000	3.3174e+014	1.0000e-010	0.0000e+000
3.860000e+003	2.28087744e-001	-3.17191226e+000	7.68464354e+002	0.00000000e+000	3.3075e+014	1.0000e-010	0.0000e+000
3.870000e+003	2.28164590e-001	-3.17183541e+000	7.62183301e+002	0.00000000e+000	3.2977e+014	1.0000e-010	0.0000e+000
3.880000e+003	2.28240808e-001	-3.17175919e+000	7.55920739e+002	0.00000000e+000	3.2880e+014	1.0000e-010	0.0000e+000
3.890000e+003	2.28316400e-001	-3.17168360e+000	7.49676463e+002	0.00000000e+000	3.2784e+014	1.0000e-010	0.0000e+000
3.900000e+003	2.28391368e-001	-3.17160863e+000	7.43450268e+002	0.00000000e+000	3.2689e+014	1.0000e-010	0.0000e+000
3.910000e+003	2.28465713e-001	-3.17153429e+000	7.37241952e+002	0.00000000e+000	3.2595e+014	1.0000e-010	0.0000e+000
3.920000e+003	2.28539437e-001	-3.17146056e+000	7.31051316e+002	0.00000000e+000	3.2502e+014	1.0000e-010	0.0000e+000
3.930000e+003	2.28612542e-001	-3.17138746e+000	7.24878161e+002	0.00000000e+000	3.2410e+014	1.0000e-010	0.0000e+000
3.940000e+003	2.28685030e-001	-3.17131497e+000	7.18722292e+002	0.00000000e+000	3.2320e+014	1.0000e-010	0.0000e+000
3.950000e+003	2.28756902e-001	-3.17124310e+000	7.12583513e+002	0.00000000e+000	3.2230e+014	1.0000e-010	0.0000e+000
3.960000e+003	2.28828161e-001	-3.17117184e+000	7.06461631e+002	0.00000000e+000	3.2141e+014	1.0000e-010	0.0000e+000
3.970000e+003	2.28898807e-001	-3.17110119e+000	7.00356456e+002	0.00000000e+000	3.2053e+014	1.0000e-010	0.0000e+000
3.980000e+003	2.28968843e-001	-3.17103116e+000	6.94267798e+002	0.00000000e+000	3.1967e+014	1.0000e-010	0.0000e+000
3.990000e+003	2.29038269e-001	-3.17096173e+000	6.88195469e+002	0.00000000e+000	3.1881e+014	1.0000e-010	0.0000e+000
4.000000e+003	2.29107089e-001	-3.17089291e+000	6.82139284e+002	0.00000000e+000	3.1796e+014	1.0000e-010	0.0000e+000
4.010000e+003	2.29175303e-001	-3.17082470e+000	6.76099058e+002	0.00000000e+000	3.1712e+014	1.0000e-010	0.0000e+000
4.020000e+003	2.29242913e-001	-3.17075709e+000	6.70074608e+002	0.00000000e+000	3.1630e+014	1.0000e-010	0.0000e+000
4.030000e+003	2.29309920e-001	-3.17069008e+000	6.64065753e+002	0.00000000e+000	3.1548e+014	1.0000e-010	0.0000e+000
4.040000e+003	2.29376327e-001	-3.17062367e+000	6.58072314e+002	0.00000000e+000	3.1467e+014	1.0000e-010	0.0000e+000
4.050000e+003	2.29442134e-001	-3.17055787e+000	6.52094111e+002	0.00000000e+000	3.1387e+014	1.0000e-010	0.0000e+000
4.060000e+003	2.29507343e-001	-3.17049266e+000	6.46130969e+002	0.00000000e+000	3.1308e+014	1.0000e-010	0.0000e+000
4.070000e+003	2.29571957e-001	-3.17042804e+000	6.40182712e+002	0.00000000e+000	3.1230e+014	1.0000e-010	0.0000e+000
4.080000e+003	2.29635975e-001	-3.17036403e+000	6.34249167e+002	0.00000000e+000	3.1152e+014	1.0000e-010	0.0000e+000
4.090000e+003	2.29699400e-001	-3.17030060e+000	6.28330162e+002	0.00000000e+000	3.1076e+014	1.0000e-010	0.0000e+000
4.100000e+003	2.29762233e-001	-3.17023777e+000	6.22425525e+002	0.00000000e+000	3.1001e+014	1.0000e-010	0.0000e+000
4.110000e+003	2.29824475e-001	-3.17017552e+000	6.16535087e+002	0.00000000e+000	3.0926e+014	1.0000e-010	0.0000e+000
4.120000e+003	2.29886129e-001	-3.17011387e+000	6.10658680e+002	0.00000000e+000	3.0852e+014	1.0000e-010	0.0000e+000
4.130000e+003	2.29947195e-001	-3.17005281e+000	6.04796138e+002	0.00000000e+000	3.0780e+014	1.0000e-010	0.0000e+000
4.140000e+003	2.30007674e-001	-3.16999233e+000	5.98947295e+002	0.00000000e+000	3.0708e+014	1.0000e-010	0.0000e+000
4.150000e+003	2.30067569e-001	-3.16993243e+000	5.93111987e+002	0.00000000e+000	3.0637e+014	1.0000e-010	0.0000e+000
4.160000e+003	2.30126880e-001	-3.16987312e+000	5.87290051e+002	0.00000000e+000	3.0566e+014	1.0000e-010	0.0000e+000
4.170000e+003	2.30185609e-001	-3.16981439e+000	5.81481327e+002	0.00000000e+000	3.0497e+014	1.0000e-010	0.0000e+000
4.180000e+003	2.30243757e-001	-3.16975624e+000	5.75685653e+002	0.00000000e+000	3.0428e+014	1.0000e-010	0.0000e+000
4.190000e+003	2.30301326e-001	-3.16969867e+000	5.69902871e+002	0.00000000e+000	3.0361e+014	1.0000e-010	0.0000e+000
4.200000e+003	2.30358316e-001	-3.16964168e+000	5.64132823e+002	0.00000000e+000	3.0294e+014	1.0000e-010	0.0000e+000
4.210000e+003	2.30414729e-001	-3.16958527e+000	5.58375352e+002	0.00000000e+000	3.0228e+014	1.0000e-010	0.0000e+000
4.220000e+003	2.30470567e-001	-3.16952943e+000	5.52630303e+002	0.00000000e+000	3.0163e+014	1.0000e-010	0.0000e+000
4.230000e+003	2.30525830e-001	-3.16947417e+000	5.46897523e+002	0.00000000e+000	3.0098e+014	1.0000e-010	0.0000e+000
4.240000e+003	2.30580520e-001	-3.16941948e+000	5.41176857e+002	0.00000000e+000	3.0035e+014	1.0000e-010	0.0000e+000
4.250000e+003	2.30634637e-001	-3.16936536e+000	5.35468154e+002	0.00000000e+000	2.9972e+014	1.0000e-010	0.0000e+000
4.260000e+003	2.30688184e-001	-3.16931182e+000	5.29771263e+002	0.00000000e+000	2.9910e+014	1.0000e-010	0.0000e+000
4.270000e+003	2.30741161e-001	-3.16925884e+000	5.24086035e+002	0.00000000e+000	2.9849e+014	1.0000e-010	0.0000e+000
4.280000e+003	2.30793570e-001	-3.16920643e+000	5.18412320e+002	0.00000000e+000	2.9788e+014	1.0000e-010	0.0000e+000
4.290000e+003	2.30845411e-001	-3.16915459e+000	5.12749971e+002	0.00000000e+000	2.9728e+014	1.0000e-010	0.0000e+000
4.300000e+003	2.30896686e-001	-3.16910331e+000	5.07098842e+002	0.00000000e+000	2.9670e+014	1.0000e-010	0.0000e+000
4.310000e+003	2.30947396e-001	-3.16905260e+000	5.01458788e+002	0.00000000e+000	2.9611e+014	1.0000e-010	0.0000e+000
4.320000e+003	2.30997542e-001	-3.16900246e+000	4.95829662e+002	0.00000000e+000	2.9554e+014	1.0000e-010	0.0000e+000
4.330000e+003	2.31047125e-001	-3.16895288e+000	4.90211323e+002	0.00000000e+000	2.9497e+014	1.0000e-010	0.0000e+000
4.340000e+003	2.31096146e-001	-3.16890385e+000	4.84603627e+002	0.00000000e+000	2.9441e+014	1.0000e-010	0.0000e+000
4.350000e+003	2.31144606e-001	-3.16885539e+000	4.79006434e+002	0.00000000e+000	2.9386e+014	1.0000e-010	0.0000e+000
4.360000e+003	2.31192507e-001	-3.16880749e+000	4.73419601e+002	0.00000000e+000	2.9332e+014	1.0000e-010	0.0000e+000
4.370000e+003	2.31239849e-001	-3.16876015e+000	4.67842991e+002	0.00000000e+000	2.9278e+014	1.0000e-010	0.0000e+000
4.380000e+003	2.31286633e-001	-3.16871337e+000	4.62276463e+002	0.00000000e+000	2.9225e+014	1.0000e-010	0.0000e+000
4.390000e+003	2.31332861e-001	-3.16866714e+000	4.56719880e+002	0.00000000e+000	2.9173e+014	1.0000e-010	0.0000e+000
4.400000e+003	2.31378533e-001	-3.16862147e+000	4.51173105e+002	0.00000000e+000	2.9122e+014	1.0000e-010	0.0000e+000
4.410000e+003	2.31423650e-001	-3.16857635e+000	4.45636002e+002	0.00000000e+000	2.9071e+014	1.0000e-010	0.0000e+000
4.420000e+003	2.31468214e-001	-3.16853179e+000	4.40108435e+002	0.00000000e+000	2.9021e+014	1.0000e-010	0.0000e+000
4.430000e+003	2.31512225e-001	-3.16848778e+000	4.34590271e+002	0.00000000e+000	2.8971e+014	1.0000e-010	0.0000e+000
4.440000e+003	2.31555684e-001	-3.16844432e+000	4.29081376e+002	0.00000000e+000	2.8923e+014	1.0000e-010	0.0000e+000
4.450000e+003	2.31598592e-001	-3.16840141e+000	4.23581616e+002	0.00000000e+000	2.8875e+014	1.0000e-010	0.0000e+000
4.460000e+003	2.31640950e-001	-3.16835905e+000	4.18090860e+002	0.00000000e+000	2.8827e+014	1.0000e-010	0.0000e+000
4.470000e+003	2.31682759e-001	-3.16831724e+000	4.12608977e+002	0.00000000e+000	2.8781e+014	1.0000e-010	0.0000e+000
4.480000e+003	2.31724020e-001	-3.16827598e+000	4.07135836e+002	0.00000000e+000	2.8735e+014	1.0000e-010	0.0000e+000
4.490000e+003	2.31764734e-001	-3.16823527e+000	4.01671308e+002	0.00000000e+000	2.8690e+014	1.0000e-010	0.0000e+000
4.500000e+003	2.31804901e-001	-3.16819510e+000	3.96215264e+002	0.00000000e+000	2.8645e+014	1.0000e-010	0.0000e+000
4.510000e+003	2.31844522e-001	-3.16815548e+000	3.90767576e+002	0.00000000e+000	2.8601e+014	1.0000e-010	0.0000e+000
4.520000e+003	2.31883599e-001	-3.16811640e+000	3.85328115e+002	0.00000000e+000	2.8558e+014	1.0000e-010	0.0000e+000
4.530000e+003	2.31922132e-001	-3.16807787e+000	3.79896757e+002	0.00000000e+000	2.8516e+014	1.0000e-010	0.0000e+000
4.540000e+003	2.31960122e-001	-3.16803988e+000	3.74473374e+002	0.00000000e+000	2.8474e+014	1.0000e-010	0.0000e+000
4.550000e+003	2.31997569e-001	-3.16800243e+000	3.69057841e+002	0.00000000e+000	2.8433e+014	1.0000e-010	0.0000e+000
4.560000e+003	2.32034475e-001	-3.16796553e+000	3.63650034e+002	0.00000000e+000	2.8392e+014	1.0000e-010	0.0000e+000
4.570000e+003	2.32070840e-001	-3.16792916e+000	3.58249828e+002	0.00000000e+000	2.8352e+014	1.0000e-010	0.0000e+000
4.580000e+003	2.32106665e-001	-3.16789334e+000	3.52857101e+002	0.00000000e+000	2.8313e+014	1.0000e-010	0.0000e+000
4.590000e+003	2.32141950e-001	-3.16785805e+000	3.47471729e+002	0.00000000e+000	2.8274e+014	1.0000e-010	0.0000e+000
4.600000e+003	2.32176698e-001	-3.16782330e+000	3.42093590e+002	0.00000000e+000	2.8236e+014	1.0000e-010	0.0000e+000
4.610000e+003	2.32210907e-001	-3.16778909e+000	3.36722564e+002	0.00000000e+000	2.8199e+014	1.0000e-010	0.0000e+000
4.620000e+003	2.32244579e-001	-3.16775542e+000	3.31358529e+002	0.00000000e+000	2.8162e+014	1.0000e-010	0.0000e+000
4.630000e+003	2.32277715e-001	-3.16772228e+000	3.26001365e+002	0.00000000e+000	2.8126e+014	1.0000e-010	0.0000e+000
4.640000e+003	2.32310315e-001	-3.16768968e+000	3.20650952e+002	0.00000000e+000	2.8091e+014	1.0000e-010	0.0000e+000
4.650000e+003	2.32342380e-001	-3.16765762e+000	3.15307172e+002	0.00000000e+000	2.8056e+014	1.0000e-010	0.0000e+000
4.660000e+003	2.32373911e-001	-3.16762609e+000	3.09969905e+002	0.00000000e+000	2.8022e+014	1.0000e-010	0.0000e+000
4.670000e+003	2.32404908e-001	-3.16759509e+000	3.04639034e+002	0.00000000e+000	2.7988e+014	1.0000e-010	0.0000e+000
4.680000e+003	2.32435372e-001	-3.16756463e+000	2.99314441e+002	0.00000000e+000	2.7955e+014	1.0000e-010	0.0000e+000
4.690000e+003	2.32465303e-001	-3.16753470e+000	2.93996009e+002	0.00000000e+000	2.7923e+014	1.0000e-010	0.0000e+000
4.700000e+003	2.32494703e-001	-3.16750530e+000	2.88683622e+002	0.00000000e+000	2.7891e+014	1.0000e-010	0.0000e+000
4.710000e+003	2.32523571e-001	-3.16747643e+000	2.83377164e+002	0.00000000e+000	2.7860e+014	1.0000e-010	0.0000e+000
4.720000e+003	2.32551909e-001	-3.16744809e+000	2.78076519e+002	0.00000000e+000	2.7829e+014	1.0000e-010	0.0000e+000
4.730000e+003	2.32579717e-001	-3.16742028e+000	2.72781573e+002	0.00000000e+000	2.7799e+014	1.0000e-010	0.0000e+000
4.740000e+003	2.32606995e-001	-3.16739301e+000	2.67492211e+002	0.00000000e+000	2.7770e+014	1.0000e-010	0.0000e+000
4.750000e+003	2.32633744e-001	-3.16736626e+000	2.62208319e+002	0.00000000e+000	2.7741e+014	1.0000e-010	0.0000e+000
4.760000e+003	2.32659965e-001	-3.16734004e+000	2.56929784e+002	0.00000000e+000	2.7713e+014	1.0000e-010	0.0000e+000
4.770000e+003	2.32685658e-001	-3.16731434e+000	2.51656492e+002	0.00000000e+000	2.7686e+014	1.0000e-010	0.0000e+000
4.780000e+003	2.32710823e-001	-3.16728918e+000	2.46388331e+002	0.00000000e+000	2.7659e+014	1.0000e-010	0.0000e+000
4.790000e+003	2.32735462e-001	-3.16726454e+000	2.41125189e+002	0.00000000e+000	2.7632e+014	1.0000e-010	0.0000e+000
4.800000e+003	2.32759575e-001	-3.16724043e+000	2.35866953e+002	0.00000000e+000	2.7607e+014	1.0000e-010	0.0000e+000
4.810000e+003	2.32783162e-001	-3.16721684e+000	2.30613512e+002	0.00000000e+000	2.7582e+014	1.0000e-010	0.0000e+000
4.820000e+003	2.32806223e-001	-3.16719378e+000	2.25364756e+002	0.00000000e+000	2.7557e+014	1.0000e-010	0.0000e+000
4.830000e+003	2.32828759e-001	-3.16717124e+000	2.20120574e+002	0.00000000e+000	2.7533e+014	1.0000e-010	0.0000e+000
4.840000e+003	2.32850771e-001	-3.16714923e+000	2.14880854e+002	0.00000000e+000	2.7509e+014	1.0000e-010	0.0000e+000
4.850000e+003	2.32872260e-001	-3.16712774e+000	2.09645489e+002	0.00000000e+000	2.7487e+014	1.0000e-010	0.0000e+000
4.860000e+003	2.32893224e-001	-3.16710678e+000	2.04414367e+002	0.00000000e+000	2.7464e+014	1.0000e-010	0.0000e+000
4.870000e+003	2.32913665e-001	-3.16708633e+000	1.99187379e+002	0.00000000e+000	2.7443e+014	1.0000e-010	0.0000e+000
4.880000e+003	2.32933584e-001	-3.16706642e+000	1.93964418e+002	0.00000000e+000	2.7421e+014	1.0000e-010	0.0000e+000
4.890000e+003	2.32952981e-001	-3.16704702e+000	1.88745374e+002	0.00000000e+000	2.7401e+014	1.0000e-010	0.0000e+000
4.900000e+003	2.32971855e-001	-3.16702814e+000	1.83530138e+002	0.00000000e+000	2.7381e+014	1.0000e-010	0.0000e+000
4.910000e+003	2.32990208e-001	-3.16700979e+000	1.78318604e+002	0.00000000e+000	2.7361e+014	1.0000e-010	0.0000e+000
4.920000e+003	2.33008040e-001	-3.16699196e+000	1.73110664e+002	0.00000000e+000	2.7343e+014	1.0000e-010	0.0000e+000
4.930000e+003	2.33025351e-001	-3.16697465e+000	1.67906209e+002	0.00000000e+000	2.7324e+014	1.0000e-010	0.0000e+000
4.940000e+003	2.33042142e-001	-3.16695786e+000	1.62705134e+002	0.00000000e+000	2.7307e+014	1.0000e-010	0.0000e+000
4.950000e+003	2.33058412e-001	-3.16694159e+000	1.57507331e+002	0.00000000e+000	2.7289e+014	1.0000e-010	0.0000e+000
4.960000e+003	2.33074163e-001	-3.16692584e+000	1.52312694e+002	0.00000000e+000	2.7273e+014	1.0000e-010	0.0000e+000
4.970000e+003	2.33089394e-001	-3.16691061e+000	1.47121117e+002	0.00000000e+000	2.7257e+014	1.0000e-010	0.0000e+000
4.980000e+003	2.33104106e-001	-3.16689589e+000	1.41932493e+002	0.00000000e+000	2.7241e+014	1.0000e-010	0.0000e+000
4.990000e+003	2.33118300e-001	-3.16688170e+000	1.36746717e+002	0.00000000e+000	2.7226e+014	1.0000e-010	0.0000e+000
5.000000e+003	2.33131974e-001	-3.16686803e+000	1.31563684e+002	0.00000000e+000	2.7212e+014	1.0000e-010	0.0000e+000
5.010000e+003	2.33145131e-001	-3.16685487e+000	1.26383287e+002	0.00000000e+000	2.7198e+014	1.0000e-010	0.0000e+000
5.020000e+003	2.33157769e-001	-3.16684223e+000	1.21205423e+002	0.00000000e+000	2.7185e+014	1.0000e-010	0.0000e+000
5.030000e+003	2.33169890e-001	-3.16683011e+000	1.16029985e+002	0.00000000e+000	2.7172e+014	1.0000e-010	0.0000e+000
5.040000e+003	2.33181493e-001	-3.16681851e+000	1.10856870e+002	0.00000000e+000	2.7160e+014	1.0000e-010	0.0000e+000
5.050000e+003	2.33192578e-001	-3.16680742e+000	1.05685973e+002	0.00000000e+000	2.7148e+014	1.0000e-010	0.0000e+000
5.060000e+003	2.33203147e-001	-3.16679685e+000	1.00517189e+002	0.00000000e+000	2.7137e+014	1.0000e-010	0.0000e+000
5.070000e+003	2.33213199e-001	-3.16678680e+000	9.53504146e+001	0.00000000e+000	2.7126e+014	1.0000e-010	0.0000e+000
5.080000e+003	2.33222734e-001	-3.16677727e+000	9.01855455e+001	0.00000000e+000	2.7116e+014	1.0000e-010	0.0000e+000
5.090000e+003	2.33231752e-001	-3.16676825e+000	8.50224777e+001	0.00000000e+000	2.7107e+014	1.0000e-010	0.0000e+000
5.100000e+003	2.33240254e-001	-3.16675975e+000	7.98611078e+001	0.00000000e+000	2.7098e+014	1.0000e-010	0.0000e+000
5.110000e+003	2.33248241e-001	-3.16675176e+000	7.47013320e+001	0.00000000e+000	2.7090e+014	1.0000e-010	0.0000e+000
5.120000e+003	2.33255711e-001	-3.16674429e+000	6.95430470e+001	0.00000000e+000	2.7082e+014	1.0000e-010	0.0000e+000
5.130000e+003	2.33262665e-001	-3.16673734e+000	6.43861494e+001	0.00000000e+000	2.7075e+014	1.0000e-010	0.0000e+000
5.140000e+003	2.33269104e-001	-3.16673090e+000	5.92305360e+001	0.00000000e+000	2.7068e+014	1.0000e-010	0.0000e+000
5.150000e+003	2.33275027e-001	-3.16672497e+000	5.40761037e+001	0.00000000e+000	2.7062e+014	1.0000e-010	0.0000e+000
5.160000e+003	2.33280434e-001	-3.16671957e+000	4.89227494e+001	0.00000000e+000	2.7056e+014	1.0000e-010	0.0000e+000
5.170000e+003	2.33285327e-001	-3.16671467e+000	4.37703703e+001	0.00000000e+000	2.7051e+014	1.0000e-010	0.0000e+000
5.180000e+003	2.33289704e-001	-3.16671030e+000	3.86188635e+001	0.00000000e+000	2.7046e+014	1.0000e-010	0.0000e+000
5.190000e+003	2.33293565e-001	-3.16670643e+000	3.34681261e+001	0.00000000e+000	2.7042e+014	1.0000e-010	0.0000e+000
5.200000e+003	2.33296912e-001	-3.16670309e+000	2.83180556e+001	0.00000000e+000	2.7039e+014	1.0000e-010	0.0000e+000
5.210000e+003	2.33299744e-001	-3.16670026e+000	2.31685491e+001	0.00000000e+000	2.7036e+014	1.0000e-010	0.0000e+000
5.220000e+003	2.33302061e-001	-3.16669794e+000	1.80195042e+001	0.00000000e+000	2.7033e+014	1.0000e-010	0.0000e+000
5.230000e+003	2.33303863e-001	-3.16669614e+000	1.28708181e+001	0.00000000e+000	2.7032e+014	1.0000e-010	0.0000e+000
5.240000e+003	2.33305150e-001	-3.16669485e+000	7.72238832e+000	0.00000000e+000	2.7030e+014	1.0000e-010	0.0000e+000
5.250000e+003	2.33305922e-001	-3.16669408e+000	2.57411235e+000	0.00000000e+000	2.7029e+014	1.0000e-010	0.0000e+000
5.260000e+003	2.33306180e-001	-3.16669382e+000	2.57411235e+000	0.00000000e+000	2.7029e+014	1.0000e-010	0.0000e+000
