Y (ang)	Ec (eV)	Ev (eV)	E (V/cm)	Ef (eV)	n (cm-3)	p (cm-3)	Nd - Na (cm-3)	el eval 1 (eV)	el eval 2 (eV)	el eval 3 (eV)	el eval 4 (eV)	el eval 5 (eV)	el eval 6 (eV)	el eval 7 (eV)	el eval 8 (eV)	el eval 9 (eV)	el eval 10 (eV)	el eval 11 (eV)
0.000000e+000	6.00000000e-001	-2.80000000e+000	9.13706041e+005	-0.00000000e+000	1.8691e+008	1.0000e-010	0.0000e+000
1.000000e+001	1.25137060e+000	-2.84862940e+000	-1.77065712e+006	0.00000000e+000	2.0274e-003	1.0000e-010	-1.3848e+020
2.000000e+001	5.14304892e-001	-2.88569511e+000	9.13706041e+005	0.00000000e+000	5.1433e+009	1.0000e-010	1.3848e+020	-4.2199e-002	3.4962e-002	6.8253e-002	8.8901e-002	1.0378e-001	1.1539e-001	1.2489e-001	1.3292e-001	1.3987e-001	1.4600e-001	1.5161e-001
3.000000e+001	6.28075496e-001	-2.79992450e+000	8.14473873e+005	0.00000000e+000	6.3092e+007	1.0000e-010	-5.2547e+018
4.000000e+001	7.31922883e-001	-2.72407712e+000	7.14579638e+005	0.00000000e+000	1.1361e+006	1.0000e-010	-5.2784e+018
5.000000e+001	8.25780847e-001	-2.65821915e+000	6.14021237e+005	0.00000000e+000	3.0107e+004	1.0000e-010	-5.3022e+018
6.000000e+001	9.09582971e-001	-2.60241703e+000	5.12796565e+005	0.00000000e+000	1.1772e+003	1.0000e-010	-5.3259e+018
7.000000e+001	9.83262627e-001	-2.55673737e+000	4.10903507e+005	0.00000000e+000	6.8091e+001	1.0000e-010	-5.3496e+018
8.000000e+001	1.04675298e+000	-2.52124702e+000	3.08339938e+005	0.00000000e+000	5.8411e+000	1.0000e-010	-5.3733e+018
9.000000e+001	1.09998697e+000	-2.49601303e+000	2.05103726e+005	0.00000000e+000	7.4508e-001	1.0000e-010	-5.3970e+018
1.000000e+002	1.14289734e+000	-2.48110266e+000	1.01192728e+005	0.00000000e+000	1.4169e-001	1.0000e-010	-5.4207e+018
1.100000e+002	1.17541662e+000	-2.47658338e+000	-3.39520760e+003	0.00000000e+000	4.0275e-002	1.0000e-010	-5.4445e+018
1.200000e+002	1.19747710e+000	-2.48252290e+000	-1.08662240e+005	0.00000000e+000	1.7172e-002	1.0000e-010	-5.4682e+018
1.300000e+002	1.20901087e+000	-2.49898913e+000	-2.14610541e+005	0.00000000e+000	1.2030e-002	1.0000e-010	-5.4919e+018
1.400000e+002	1.20994982e+000	-2.52605018e+000	-3.21242287e+005	0.00000000e+000	8.3200e-002	1.0000e-010	-5.5156e+018
1.500000e+002	1.20022559e+000	-2.56377441e+000	-4.28559667e+005	0.00000000e+000	5.0680e+000	1.0000e-010	-5.5393e+018
1.600000e+002	1.17976962e+000	-2.61223038e+000	-5.36564879e+005	0.00000000e+000	3.4834e+002	1.0000e-010	-5.5630e+018
1.700000e+002	1.14851313e+000	-2.67148687e+000	-6.45260130e+005	0.00000000e+000	2.3451e+004	1.0000e-010	-5.5868e+018
1.800000e+002	1.10638712e+000	-2.74161288e+000	-7.54647637e+005	0.00000000e+000	1.5196e+006	1.0000e-010	-5.6105e+018
1.900000e+002	1.05332236e+000	-2.82267764e+000	-8.64729624e+005	0.00000000e+000	9.3281e+007	1.0000e-010	-5.6342e+018
2.000000e+002	9.89249396e-001	-2.91475060e+000	-9.75508328e+005	0.00000000e+000	5.3330e+009	1.0000e-010	-5.6579e+018
2.100000e+002	9.14098563e-001	-3.01790144e+000	-1.08698600e+006	0.00000000e+000	2.7860e+011	1.0000e-010	-5.6816e+018
2.200000e+002	8.27799963e-001	-3.13220004e+000	-1.19916513e+006	0.00000000e+000	1.3012e+013	1.0000e-010	-5.7054e+018
2.300000e+002	7.30283450e-001	-3.25771655e+000	-1.31205781e+006	0.00000000e+000	5.2954e+014	1.0000e-010	-5.7291e+018
2.400000e+002	6.21477669e-001	-3.39452233e+000	-1.42600090e+006	0.00000000e+000	1.8203e+016	1.0000e-010	-5.7528e+018
2.500000e+002	5.01277578e-001	-3.54272242e+000	-1.55021785e+006	0.00000000e+000	5.0819e+017	1.0000e-010	-5.7765e+018
2.600000e+002	-1.68944207e-001	-3.56894421e+000	6.94906795e+005	0.00000000e+000	1.0959e+019	1.0000e-010	1.2686e+020
2.700000e+002	-9.94535277e-002	-3.49945353e+000	4.41009387e+005	0.00000000e+000	1.3328e+019	1.0000e-010	0.0000e+000
2.800000e+002	-5.53525890e-002	-3.45535259e+000	2.77703461e+005	0.00000000e+000	8.5724e+018	1.0000e-010	0.0000e+000
2.900000e+002	-2.75822429e-002	-3.42758224e+000	1.91826331e+005	0.00000000e+000	4.5075e+018	1.0000e-010	0.0000e+000
3.000000e+002	-8.39960983e-003	-3.40839961e+000	1.44832091e+005	0.00000000e+000	2.4664e+018	1.0000e-010	0.0000e+000
3.100000e+002	6.08359929e-003	-3.39391640e+000	1.15556112e+005	0.00000000e+000	1.5363e+018	1.0000e-010	0.0000e+000
3.200000e+002	1.76392105e-002	-3.38236079e+000	9.54863810e+004	0.00000000e+000	1.0531e+018	1.0000e-010	0.0000e+000
3.300000e+002	2.71878486e-002	-3.37281215e+000	8.09838169e+004	0.00000000e+000	7.6092e+017	1.0000e-010	0.0000e+000
3.400000e+002	3.52862303e-002	-3.36471377e+000	7.01462025e+004	0.00000000e+000	5.6860e+017	1.0000e-010	0.0000e+000
3.500000e+002	4.23008506e-002	-3.35769915e+000	6.18201502e+004	0.00000000e+000	4.3681e+017	1.0000e-010	0.0000e+000
3.600000e+002	4.84828656e-002	-3.35151713e+000	5.52423560e+004	0.00000000e+000	3.4508e+017	1.0000e-010	0.0000e+000
3.700000e+002	5.40071012e-002	-3.34599290e+000	4.99108956e+004	0.00000000e+000	2.7969e+017	1.0000e-010	0.0000e+000
3.800000e+002	5.89981907e-002	-3.34100181e+000	4.55083528e+004	0.00000000e+000	2.3095e+017	1.0000e-010	0.0000e+000
3.900000e+002	6.35490260e-002	-3.33645097e+000	4.18209462e+004	0.00000000e+000	1.9344e+017	1.0000e-010	0.0000e+000
4.000000e+002	6.77311206e-002	-3.33226888e+000	3.86869331e+004	0.00000000e+000	1.6440e+017	1.0000e-010	0.0000e+000
4.100000e+002	7.15998139e-002	-3.32840019e+000	3.59848291e+004	0.00000000e+000	1.4174e+017	1.0000e-010	0.0000e+000
4.200000e+002	7.51982968e-002	-3.32480170e+000	3.36309237e+004	0.00000000e+000	1.2348e+017	1.0000e-010	0.0000e+000
4.300000e+002	7.85613892e-002	-3.32143861e+000	3.15664384e+004	0.00000000e+000	1.0830e+017	1.0000e-010	0.0000e+000
4.400000e+002	8.17180331e-002	-3.31828197e+000	2.97430008e+004	0.00000000e+000	9.5651e+016	1.0000e-010	0.0000e+000
4.500000e+002	8.46923331e-002	-3.31530767e+000	2.81182477e+004	0.00000000e+000	8.5228e+016	1.0000e-010	0.0000e+000
4.600000e+002	8.75041579e-002	-3.31249584e+000	2.66588023e+004	0.00000000e+000	7.6557e+016	1.0000e-010	0.0000e+000
4.700000e+002	9.01700382e-002	-3.30982996e+000	2.53412587e+004	0.00000000e+000	6.9113e+016	1.0000e-010	0.0000e+000
4.800000e+002	9.27041640e-002	-3.30729584e+000	2.41482257e+004	0.00000000e+000	6.2582e+016	1.0000e-010	0.0000e+000
4.900000e+002	9.51189866e-002	-3.30488101e+000	2.30638151e+004	0.00000000e+000	5.6884e+016	1.0000e-010	0.0000e+000
5.000000e+002	9.74253681e-002	-3.30257463e+000	2.20726166e+004	0.00000000e+000	5.1995e+016	1.0000e-010	0.0000e+000
5.100000e+002	9.96326298e-002	-3.30036737e+000	2.11614749e+004	0.00000000e+000	4.7795e+016	1.0000e-010	0.0000e+000
5.200000e+002	1.01748777e-001	-3.29825122e+000	2.03208353e+004	0.00000000e+000	4.4097e+016	1.0000e-010	0.0000e+000
5.300000e+002	1.03780861e-001	-3.29621914e+000	1.95439459e+004	0.00000000e+000	4.0753e+016	1.0000e-010	0.0000e+000
5.400000e+002	1.05735255e-001	-3.29426474e+000	1.88249172e+004	0.00000000e+000	3.7718e+016	1.0000e-010	0.0000e+000
5.500000e+002	1.07617747e-001	-3.29238225e+000	1.81575294e+004	0.00000000e+000	3.5009e+016	1.0000e-010	0.0000e+000
5.600000e+002	1.09433500e-001	-3.29056650e+000	1.75355129e+004	0.00000000e+000	3.2629e+016	1.0000e-010	0.0000e+000
5.700000e+002	1.11187051e-001	-3.28881295e+000	1.69535449e+004	0.00000000e+000	3.0529e+016	1.0000e-010	0.0000e+000
5.800000e+002	1.12882406e-001	-3.28711759e+000	1.64078074e+004	0.00000000e+000	2.8628e+016	1.0000e-010	0.0000e+000
5.900000e+002	1.14523187e-001	-3.28547681e+000	1.58956497e+004	0.00000000e+000	2.6867e+016	1.0000e-010	0.0000e+000
6.000000e+002	1.16112752e-001	-3.28388725e+000	1.54147606e+004	0.00000000e+000	2.5227e+016	1.0000e-010	0.0000e+000
6.100000e+002	1.17654228e-001	-3.28234577e+000	1.49625594e+004	0.00000000e+000	2.3722e+016	1.0000e-010	0.0000e+000
6.200000e+002	1.19150484e-001	-3.28084952e+000	1.45361734e+004	0.00000000e+000	2.2368e+016	1.0000e-010	0.0000e+000
6.300000e+002	1.20604101e-001	-3.27939590e+000	1.41328565e+004	0.00000000e+000	2.1158e+016	1.0000e-010	0.0000e+000
6.400000e+002	1.22017386e-001	-3.27798261e+000	1.37504248e+004	0.00000000e+000	2.0062e+016	1.0000e-010	0.0000e+000
6.500000e+002	1.23392429e-001	-3.27660757e+000	1.33873836e+004	0.00000000e+000	1.9045e+016	1.0000e-010	0.0000e+000
6.600000e+002	1.24731167e-001	-3.27526883e+000	1.30427044e+004	0.00000000e+000	1.8082e+016	1.0000e-010	0.0000e+000
6.700000e+002	1.26035438e-001	-3.27396456e+000	1.27154529e+004	0.00000000e+000	1.7168e+016	1.0000e-010	0.0000e+000
6.800000e+002	1.27306983e-001	-3.27269302e+000	1.24045129e+004	0.00000000e+000	1.6312e+016	1.0000e-010	0.0000e+000
6.900000e+002	1.28547434e-001	-3.27145257e+000	1.21085423e+004	0.00000000e+000	1.5527e+016	1.0000e-010	0.0000e+000
7.000000e+002	1.29758289e-001	-3.27024171e+000	1.18261306e+004	0.00000000e+000	1.4816e+016	1.0000e-010	0.0000e+000
7.100000e+002	1.30940902e-001	-3.26905910e+000	1.15560252e+004	0.00000000e+000	1.4170e+016	1.0000e-010	0.0000e+000
7.200000e+002	1.32096504e-001	-3.26790350e+000	1.12972875e+004	0.00000000e+000	1.3574e+016	1.0000e-010	0.0000e+000
7.300000e+002	1.33226233e-001	-3.26677377e+000	1.10493075e+004	0.00000000e+000	1.3010e+016	1.0000e-010	0.0000e+000
7.400000e+002	1.34331164e-001	-3.26566884e+000	1.08116925e+004	0.00000000e+000	1.2466e+016	1.0000e-010	0.0000e+000
7.500000e+002	1.35412333e-001	-3.26458767e+000	1.05841019e+004	0.00000000e+000	1.1940e+016	1.0000e-010	0.0000e+000
7.600000e+002	1.36470743e-001	-3.26352926e+000	1.03661063e+004	0.00000000e+000	1.1437e+016	1.0000e-010	0.0000e+000
7.700000e+002	1.37507354e-001	-3.26249265e+000	1.01571290e+004	0.00000000e+000	1.0964e+016	1.0000e-010	0.0000e+000
7.800000e+002	1.38523067e-001	-3.26147693e+000	9.95646833e+003	0.00000000e+000	1.0528e+016	1.0000e-010	0.0000e+000
7.900000e+002	1.39518713e-001	-3.26048129e+000	9.76338306e+003	0.00000000e+000	1.0130e+016	1.0000e-010	0.0000e+000
8.000000e+002	1.40495052e-001	-3.25950495e+000	9.57719324e+003	0.00000000e+000	9.7685e+015	1.0000e-010	0.0000e+000
8.100000e+002	1.41452771e-001	-3.25854723e+000	9.39735955e+003	0.00000000e+000	9.4351e+015	1.0000e-010	0.0000e+000
8.200000e+002	1.42392507e-001	-3.25760749e+000	9.22351809e+003	0.00000000e+000	9.1207e+015	1.0000e-010	0.0000e+000
8.300000e+002	1.43314859e-001	-3.25668514e+000	9.05546818e+003	0.00000000e+000	8.8169e+015	1.0000e-010	0.0000e+000
8.400000e+002	1.44220406e-001	-3.25577959e+000	8.89312480e+003	0.00000000e+000	8.5175e+015	1.0000e-010	0.0000e+000
8.500000e+002	1.45109718e-001	-3.25489028e+000	8.73645489e+003	0.00000000e+000	8.2199e+015	1.0000e-010	0.0000e+000
8.600000e+002	1.45983364e-001	-3.25401664e+000	8.58541617e+003	0.00000000e+000	7.9245e+015	1.0000e-010	0.0000e+000
8.700000e+002	1.46841905e-001	-3.25315809e+000	8.43991162e+003	0.00000000e+000	7.6342e+015	1.0000e-010	0.0000e+000
8.800000e+002	1.47685896e-001	-3.25231410e+000	8.29976584e+003	0.00000000e+000	7.3532e+015	1.0000e-010	0.0000e+000
8.900000e+002	1.48515873e-001	-3.25148413e+000	8.16472276e+003	0.00000000e+000	7.0855e+015	1.0000e-010	0.0000e+000
9.000000e+002	1.49332345e-001	-3.25066765e+000	8.03445999e+003	0.00000000e+000	6.8348e+015	1.0000e-010	0.0000e+000
9.100000e+002	1.50135791e-001	-3.24986421e+000	7.90861292e+003	0.00000000e+000	6.6032e+015	1.0000e-010	0.0000e+000
9.200000e+002	1.50926653e-001	-3.24907335e+000	7.78680206e+003	0.00000000e+000	6.3915e+015	1.0000e-010	0.0000e+000
9.300000e+002	1.51705333e-001	-3.24829467e+000	7.66865852e+003	0.00000000e+000	6.1992e+015	1.0000e-010	0.0000e+000
9.400000e+002	1.52472199e-001	-3.24752780e+000	7.55384217e+003	0.00000000e+000	6.0246e+015	1.0000e-010	0.0000e+000
9.500000e+002	1.53227583e-001	-3.24677242e+000	7.44206073e+003	0.00000000e+000	5.8655e+015	1.0000e-010	0.0000e+000
9.600000e+002	1.53971789e-001	-3.24602821e+000	7.33307303e+003	0.00000000e+000	5.7189e+015	1.0000e-010	0.0000e+000
9.700000e+002	1.54705096e-001	-3.24529490e+000	7.22669359e+003	0.00000000e+000	5.5821e+015	1.0000e-010	0.0000e+000
9.800000e+002	1.55427766e-001	-3.24457223e+000	7.12279423e+003	0.00000000e+000	5.4519e+015	1.0000e-010	0.0000e+000
9.900000e+002	1.56140045e-001	-3.24385995e+000	7.02130535e+003	0.00000000e+000	5.3254e+015	1.0000e-010	0.0000e+000
1.000000e+003	1.56842176e-001	-3.24315782e+000	6.92227496e+003	0.00000000e+000	5.1963e+015	1.0000e-010	0.0000e+000	-4.2199e-002	3.4962e-002	6.8253e-002	8.8901e-002	1.0378e-001	1.1539e-001	1.2489e-001	1.3292e-001	1.3987e-001	1.4600e-001	1.5161e-001
1.010000e+003	1.57534403e-001	-3.24246560e+000	6.82576597e+003	0.00000000e+000	5.0659e+015	1.0000e-010	0.0000e+000
1.020000e+003	1.58216980e-001	-3.24178302e+000	6.73177178e+003	0.00000000e+000	4.9339e+015	1.0000e-010	0.0000e+000
1.030000e+003	1.58890157e-001	-3.24110984e+000	6.64019358e+003	0.00000000e+000	4.8071e+015	1.0000e-010	0.0000e+000
1.040000e+003	1.59554176e-001	-3.24044582e+000	6.55093764e+003	0.00000000e+000	4.6852e+015	1.0000e-010	0.0000e+000
1.050000e+003	1.60209270e-001	-3.23979073e+000	6.46391506e+003	0.00000000e+000	4.5680e+015	1.0000e-010	0.0000e+000
1.060000e+003	1.60855661e-001	-3.23914434e+000	6.37904137e+003	0.00000000e+000	4.4552e+015	1.0000e-010	0.0000e+000
1.070000e+003	1.61493566e-001	-3.23850643e+000	6.29623633e+003	0.00000000e+000	4.3466e+015	1.0000e-010	0.0000e+000
1.080000e+003	1.62123189e-001	-3.23787681e+000	6.21542364e+003	0.00000000e+000	4.2420e+015	1.0000e-010	0.0000e+000
1.090000e+003	1.62744732e-001	-3.23725527e+000	6.13653071e+003	0.00000000e+000	4.1413e+015	1.0000e-010	0.0000e+000
1.100000e+003	1.63358385e-001	-3.23664162e+000	6.05948842e+003	0.00000000e+000	4.0441e+015	1.0000e-010	0.0000e+000
1.110000e+003	1.63964333e-001	-3.23603567e+000	5.98423094e+003	0.00000000e+000	3.9504e+015	1.0000e-010	0.0000e+000
1.120000e+003	1.64562757e-001	-3.23543724e+000	5.91069552e+003	0.00000000e+000	3.8601e+015	1.0000e-010	0.0000e+000
1.130000e+003	1.65153826e-001	-3.23484617e+000	5.83882230e+003	0.00000000e+000	3.7728e+015	1.0000e-010	0.0000e+000
1.140000e+003	1.65737708e-001	-3.23426229e+000	5.76855419e+003	0.00000000e+000	3.6886e+015	1.0000e-010	0.0000e+000
1.150000e+003	1.66314564e-001	-3.23368544e+000	5.69983666e+003	0.00000000e+000	3.6072e+015	1.0000e-010	0.0000e+000
1.160000e+003	1.66884547e-001	-3.23311545e+000	5.63261764e+003	0.00000000e+000	3.5285e+015	1.0000e-010	0.0000e+000
1.170000e+003	1.67447809e-001	-3.23255219e+000	5.56684733e+003	0.00000000e+000	3.4525e+015	1.0000e-010	0.0000e+000
1.180000e+003	1.68004494e-001	-3.23199551e+000	5.50247816e+003	0.00000000e+000	3.3789e+015	1.0000e-010	0.0000e+000
1.190000e+003	1.68554742e-001	-3.23144526e+000	5.43946457e+003	0.00000000e+000	3.3078e+015	1.0000e-010	0.0000e+000
1.200000e+003	1.69098688e-001	-3.23090131e+000	5.37776300e+003	0.00000000e+000	3.2389e+015	1.0000e-010	0.0000e+000
1.210000e+003	1.69636465e-001	-3.23036354e+000	5.31733168e+003	0.00000000e+000	3.1722e+015	1.0000e-010	0.0000e+000
1.220000e+003	1.70168198e-001	-3.22983180e+000	5.25813065e+003	0.00000000e+000	3.1077e+015	1.0000e-010	0.0000e+000
1.230000e+003	1.70694011e-001	-3.22930599e+000	5.20012156e+003	0.00000000e+000	3.0451e+015	1.0000e-010	0.0000e+000
1.240000e+003	1.71214023e-001	-3.22878598e+000	5.14326767e+003	0.00000000e+000	2.9845e+015	1.0000e-010	0.0000e+000
1.250000e+003	1.71728350e-001	-3.22827165e+000	5.08753371e+003	0.00000000e+000	2.9257e+015	1.0000e-010	0.0000e+000
1.260000e+003	1.72237103e-001	-3.22776290e+000	5.03288584e+003	0.00000000e+000	2.8687e+015	1.0000e-010	0.0000e+000
1.270000e+003	1.72740392e-001	-3.22725961e+000	4.97929157e+003	0.00000000e+000	2.8134e+015	1.0000e-010	0.0000e+000
1.280000e+003	1.73238321e-001	-3.22676168e+000	4.92671970e+003	0.00000000e+000	2.7597e+015	1.0000e-010	0.0000e+000
1.290000e+003	1.73730993e-001	-3.22626901e+000	4.87514022e+003	0.00000000e+000	2.7076e+015	1.0000e-010	0.0000e+000
1.300000e+003	1.74218507e-001	-3.22578149e+000	4.82452430e+003	0.00000000e+000	2.6570e+015	1.0000e-010	0.0000e+000
1.310000e+003	1.74700959e-001	-3.22529904e+000	4.77484423e+003	0.00000000e+000	2.6079e+015	1.0000e-010	0.0000e+000
1.320000e+003	1.75178444e-001	-3.22482156e+000	4.72607332e+003	0.00000000e+000	2.5602e+015	1.0000e-010	0.0000e+000
1.330000e+003	1.75651051e-001	-3.22434895e+000	4.67818590e+003	0.00000000e+000	2.5138e+015	1.0000e-010	0.0000e+000
1.340000e+003	1.76118870e-001	-3.22388113e+000	4.63115727e+003	0.00000000e+000	2.4687e+015	1.0000e-010	0.0000e+000
1.350000e+003	1.76581985e-001	-3.22341801e+000	4.58496361e+003	0.00000000e+000	2.4249e+015	1.0000e-010	0.0000e+000
1.360000e+003	1.77040482e-001	-3.22295952e+000	4.53958199e+003	0.00000000e+000	2.3823e+015	1.0000e-010	0.0000e+000
1.370000e+003	1.77494440e-001	-3.22250556e+000	4.49499031e+003	0.00000000e+000	2.3408e+015	1.0000e-010	0.0000e+000
1.380000e+003	1.77943939e-001	-3.22205606e+000	4.45116727e+003	0.00000000e+000	2.3005e+015	1.0000e-010	0.0000e+000
1.390000e+003	1.78389056e-001	-3.22161094e+000	4.40809230e+003	0.00000000e+000	2.2612e+015	1.0000e-010	0.0000e+000
1.400000e+003	1.78829865e-001	-3.22117014e+000	4.36574560e+003	0.00000000e+000	2.2230e+015	1.0000e-010	0.0000e+000
1.410000e+003	1.79266439e-001	-3.22073356e+000	4.32410801e+003	0.00000000e+000	2.1857e+015	1.0000e-010	0.0000e+000
1.420000e+003	1.79698850e-001	-3.22030115e+000	4.28316108e+003	0.00000000e+000	2.1495e+015	1.0000e-010	0.0000e+000
1.430000e+003	1.80127166e-001	-3.21987283e+000	4.24288698e+003	0.00000000e+000	2.1142e+015	1.0000e-010	0.0000e+000
1.440000e+003	1.80551455e-001	-3.21944855e+000	4.20326846e+003	0.00000000e+000	2.0798e+015	1.0000e-010	0.0000e+000
1.450000e+003	1.80971782e-001	-3.21902822e+000	4.16428889e+003	0.00000000e+000	2.0462e+015	1.0000e-010	0.0000e+000
1.460000e+003	1.81388211e-001	-3.21861179e+000	4.12593219e+003	0.00000000e+000	2.0135e+015	1.0000e-010	0.0000e+000
1.470000e+003	1.81800804e-001	-3.21819920e+000	4.08818279e+003	0.00000000e+000	1.9816e+015	1.0000e-010	0.0000e+000
1.480000e+003	1.82209622e-001	-3.21779038e+000	4.05102565e+003	0.00000000e+000	1.9506e+015	1.0000e-010	0.0000e+000
1.490000e+003	1.82614725e-001	-3.21738528e+000	4.01444624e+003	0.00000000e+000	1.9202e+015	1.0000e-010	0.0000e+000
1.500000e+003	1.83016169e-001	-3.21698383e+000	3.97843046e+003	0.00000000e+000	1.8906e+015	1.0000e-010	0.0000e+000
1.510000e+003	1.83414012e-001	-3.21658599e+000	3.94296470e+003	0.00000000e+000	1.8618e+015	1.0000e-010	0.0000e+000
1.520000e+003	1.83808309e-001	-3.21619169e+000	3.90803575e+003	0.00000000e+000	1.8336e+015	1.0000e-010	0.0000e+000
1.530000e+003	1.84199113e-001	-3.21580089e+000	3.87363086e+003	0.00000000e+000	1.8061e+015	1.0000e-010	0.0000e+000
1.540000e+003	1.84586476e-001	-3.21541352e+000	3.83973764e+003	0.00000000e+000	1.7792e+015	1.0000e-010	0.0000e+000
1.550000e+003	1.84970449e-001	-3.21502955e+000	3.80634411e+003	0.00000000e+000	1.7530e+015	1.0000e-010	0.0000e+000
1.560000e+003	1.85351084e-001	-3.21464892e+000	3.77343865e+003	0.00000000e+000	1.7274e+015	1.0000e-010	0.0000e+000
1.570000e+003	1.85728428e-001	-3.21427157e+000	3.74101000e+003	0.00000000e+000	1.7023e+015	1.0000e-010	0.0000e+000
1.580000e+003	1.86102529e-001	-3.21389747e+000	3.70904725e+003	0.00000000e+000	1.6779e+015	1.0000e-010	0.0000e+000
1.590000e+003	1.86473433e-001	-3.21352657e+000	3.67753979e+003	0.00000000e+000	1.6540e+015	1.0000e-010	0.0000e+000
1.600000e+003	1.86841187e-001	-3.21315881e+000	3.64647737e+003	0.00000000e+000	1.6306e+015	1.0000e-010	0.0000e+000
1.610000e+003	1.87205835e-001	-3.21279416e+000	3.61585002e+003	0.00000000e+000	1.6078e+015	1.0000e-010	0.0000e+000
1.620000e+003	1.87567420e-001	-3.21243258e+000	3.58564806e+003	0.00000000e+000	1.5855e+015	1.0000e-010	0.0000e+000
1.630000e+003	1.87925985e-001	-3.21207402e+000	3.55586211e+003	0.00000000e+000	1.5636e+015	1.0000e-010	0.0000e+000
1.640000e+003	1.88281571e-001	-3.21171843e+000	3.52648304e+003	0.00000000e+000	1.5423e+015	1.0000e-010	0.0000e+000
1.650000e+003	1.88634219e-001	-3.21136578e+000	3.49750202e+003	0.00000000e+000	1.5214e+015	1.0000e-010	0.0000e+000
1.660000e+003	1.88983970e-001	-3.21101603e+000	3.46891044e+003	0.00000000e+000	1.5009e+015	1.0000e-010	0.0000e+000
1.670000e+003	1.89330861e-001	-3.21066914e+000	3.44069996e+003	0.00000000e+000	1.4809e+015	1.0000e-010	0.0000e+000
1.680000e+003	1.89674931e-001	-3.21032507e+000	3.41286244e+003	0.00000000e+000	1.4613e+015	1.0000e-010	0.0000e+000
1.690000e+003	1.90016217e-001	-3.20998378e+000	3.38539001e+003	0.00000000e+000	1.4422e+015	1.0000e-010	0.0000e+000
1.700000e+003	1.90354756e-001	-3.20964524e+000	3.35827499e+003	0.00000000e+000	1.4234e+015	1.0000e-010	0.0000e+000
1.710000e+003	1.90690583e-001	-3.20930942e+000	3.33150992e+003	0.00000000e+000	1.4051e+015	1.0000e-010	0.0000e+000
1.720000e+003	1.91023734e-001	-3.20897627e+000	3.30508756e+003	0.00000000e+000	1.3871e+015	1.0000e-010	0.0000e+000
1.730000e+003	1.91354243e-001	-3.20864576e+000	3.27900086e+003	0.00000000e+000	1.3694e+015	1.0000e-010	0.0000e+000
1.740000e+003	1.91682143e-001	-3.20831786e+000	3.25324294e+003	0.00000000e+000	1.3522e+015	1.0000e-010	0.0000e+000
1.750000e+003	1.92007468e-001	-3.20799253e+000	3.22780713e+003	0.00000000e+000	1.3353e+015	1.0000e-010	0.0000e+000
1.760000e+003	1.92330248e-001	-3.20766975e+000	3.20268692e+003	0.00000000e+000	1.3187e+015	1.0000e-010	0.0000e+000
1.770000e+003	1.92650517e-001	-3.20734948e+000	3.17787601e+003	0.00000000e+000	1.3025e+015	1.0000e-010	0.0000e+000
1.780000e+003	1.92968305e-001	-3.20703170e+000	3.15336821e+003	0.00000000e+000	1.2866e+015	1.0000e-010	0.0000e+000
1.790000e+003	1.93283641e-001	-3.20671636e+000	3.12915754e+003	0.00000000e+000	1.2710e+015	1.0000e-010	0.0000e+000
1.800000e+003	1.93596557e-001	-3.20640344e+000	3.10523816e+003	0.00000000e+000	1.2557e+015	1.0000e-010	0.0000e+000
1.810000e+003	1.93907081e-001	-3.20609292e+000	3.08160436e+003	0.00000000e+000	1.2407e+015	1.0000e-010	0.0000e+000
1.820000e+003	1.94215241e-001	-3.20578476e+000	3.05825061e+003	0.00000000e+000	1.2260e+015	1.0000e-010	0.0000e+000
1.830000e+003	1.94521066e-001	-3.20547893e+000	3.03517151e+003	0.00000000e+000	1.2116e+015	1.0000e-010	0.0000e+000
1.840000e+003	1.94824584e-001	-3.20517542e+000	3.01236178e+003	0.00000000e+000	1.1974e+015	1.0000e-010	0.0000e+000
1.850000e+003	1.95125820e-001	-3.20487418e+000	2.98981630e+003	0.00000000e+000	1.1836e+015	1.0000e-010	0.0000e+000
1.860000e+003	1.95424801e-001	-3.20457520e+000	2.96753005e+003	0.00000000e+000	1.1699e+015	1.0000e-010	0.0000e+000
1.870000e+003	1.95721554e-001	-3.20427845e+000	2.94549817e+003	0.00000000e+000	1.1566e+015	1.0000e-010	0.0000e+000
1.880000e+003	1.96016104e-001	-3.20398390e+000	2.92371588e+003	0.00000000e+000	1.1435e+015	1.0000e-010	0.0000e+000
1.890000e+003	1.96308476e-001	-3.20369152e+000	2.90217856e+003	0.00000000e+000	1.1306e+015	1.0000e-010	0.0000e+000
1.900000e+003	1.96598694e-001	-3.20340131e+000	2.88088166e+003	0.00000000e+000	1.1180e+015	1.0000e-010	0.0000e+000
1.910000e+003	1.96886782e-001	-3.20311322e+000	2.85982077e+003	0.00000000e+000	1.1056e+015	1.0000e-010	0.0000e+000
1.920000e+003	1.97172764e-001	-3.20282724e+000	2.83899158e+003	0.00000000e+000	1.0935e+015	1.0000e-010	0.0000e+000
1.930000e+003	1.97456663e-001	-3.20254334e+000	2.81838988e+003	0.00000000e+000	1.0815e+015	1.0000e-010	0.0000e+000
1.940000e+003	1.97738502e-001	-3.20226150e+000	2.79801156e+003	0.00000000e+000	1.0698e+015	1.0000e-010	0.0000e+000
1.950000e+003	1.98018303e-001	-3.20198170e+000	2.77785261e+003	0.00000000e+000	1.0583e+015	1.0000e-010	0.0000e+000
1.960000e+003	1.98296088e-001	-3.20170391e+000	2.75790911e+003	0.00000000e+000	1.0470e+015	1.0000e-010	0.0000e+000
1.970000e+003	1.98571879e-001	-3.20142812e+000	2.73817723e+003	0.00000000e+000	1.0359e+015	1.0000e-010	0.0000e+000
1.980000e+003	1.98845697e-001	-3.20115430e+000	2.71865326e+003	0.00000000e+000	1.0249e+015	1.0000e-010	0.0000e+000
1.990000e+003	1.99117562e-001	-3.20088244e+000	2.69933352e+003	0.00000000e+000	1.0142e+015	1.0000e-010	0.0000e+000
2.000000e+003	1.99387496e-001	-3.20061250e+000	2.68021446e+003	0.00000000e+000	1.0037e+015	1.0000e-010	0.0000e+000
2.010000e+003	1.99655517e-001	-3.20034448e+000	2.66129259e+003	0.00000000e+000	9.9333e+014	1.0000e-010	0.0000e+000
2.020000e+003	1.99921646e-001	-3.20007835e+000	2.64256452e+003	0.00000000e+000	9.8316e+014	1.0000e-010	0.0000e+000
2.030000e+003	2.00185903e-001	-3.19981410e+000	2.62402690e+003	0.00000000e+000	9.7316e+014	1.0000e-010	0.0000e+000
2.040000e+003	2.00448306e-001	-3.19955169e+000	2.60567649e+003	0.00000000e+000	9.6333e+014	1.0000e-010	0.0000e+000
2.050000e+003	2.00708873e-001	-3.19929113e+000	2.58751012e+003	0.00000000e+000	9.5367e+014	1.0000e-010	0.0000e+000
2.060000e+003	2.00967624e-001	-3.19903238e+000	2.56952466e+003	0.00000000e+000	9.4418e+014	1.0000e-010	0.0000e+000
2.070000e+003	2.01224577e-001	-3.19877542e+000	2.55171708e+003	0.00000000e+000	9.3484e+014	1.0000e-010	0.0000e+000
2.080000e+003	2.01479748e-001	-3.19852025e+000	2.53408440e+003	0.00000000e+000	9.2566e+014	1.0000e-010	0.0000e+000
2.090000e+003	2.01733157e-001	-3.19826684e+000	2.51662372e+003	0.00000000e+000	9.1663e+014	1.0000e-010	0.0000e+000
2.100000e+003	2.01984819e-001	-3.19801518e+000	2.49933220e+003	0.00000000e+000	9.0775e+014	1.0000e-010	0.0000e+000
2.110000e+003	2.02234752e-001	-3.19776525e+000	2.48220703e+003	0.00000000e+000	8.9902e+014	1.0000e-010	0.0000e+000
2.120000e+003	2.02482973e-001	-3.19751703e+000	2.46524551e+003	0.00000000e+000	8.9043e+014	1.0000e-010	0.0000e+000
2.130000e+003	2.02729498e-001	-3.19727050e+000	2.44844497e+003	0.00000000e+000	8.8198e+014	1.0000e-010	0.0000e+000
2.140000e+003	2.02974342e-001	-3.19702566e+000	2.43180279e+003	0.00000000e+000	8.7366e+014	1.0000e-010	0.0000e+000
2.150000e+003	2.03217522e-001	-3.19678248e+000	2.41531643e+003	0.00000000e+000	8.6548e+014	1.0000e-010	0.0000e+000
2.160000e+003	2.03459054e-001	-3.19654095e+000	2.39898338e+003	0.00000000e+000	8.5743e+014	1.0000e-010	0.0000e+000
2.170000e+003	2.03698952e-001	-3.19630105e+000	2.38280119e+003	0.00000000e+000	8.4951e+014	1.0000e-010	0.0000e+000
2.180000e+003	2.03937233e-001	-3.19606277e+000	2.36676747e+003	0.00000000e+000	8.4172e+014	1.0000e-010	0.0000e+000
2.190000e+003	2.04173909e-001	-3.19582609e+000	2.35087987e+003	0.00000000e+000	8.3405e+014	1.0000e-010	0.0000e+000
2.200000e+003	2.04408997e-001	-3.19559100e+000	2.33513609e+003	0.00000000e+000	8.2650e+014	1.0000e-010	0.0000e+000
2.210000e+003	2.04642511e-001	-3.19535749e+000	2.31953388e+003	0.00000000e+000	8.1907e+014	1.0000e-010	0.0000e+000
2.220000e+003	2.04874464e-001	-3.19512554e+000	2.30407104e+003	0.00000000e+000	8.1175e+014	1.0000e-010	0.0000e+000
2.230000e+003	2.05104871e-001	-3.19489513e+000	2.28874539e+003	0.00000000e+000	8.0455e+014	1.0000e-010	0.0000e+000
2.240000e+003	2.05333746e-001	-3.19466625e+000	2.27355483e+003	0.00000000e+000	7.9746e+014	1.0000e-010	0.0000e+000
2.250000e+003	2.05561101e-001	-3.19443890e+000	2.25849727e+003	0.00000000e+000	7.9048e+014	1.0000e-010	0.0000e+000
2.260000e+003	2.05786951e-001	-3.19421305e+000	2.24357069e+003	0.00000000e+000	7.8360e+014	1.0000e-010	0.0000e+000
2.270000e+003	2.06011308e-001	-3.19398869e+000	2.22877309e+003	0.00000000e+000	7.7683e+014	1.0000e-010	0.0000e+000
2.280000e+003	2.06234186e-001	-3.19376581e+000	2.21410251e+003	0.00000000e+000	7.7016e+014	1.0000e-010	0.0000e+000
2.290000e+003	2.06455596e-001	-3.19354440e+000	2.19955705e+003	0.00000000e+000	7.6360e+014	1.0000e-010	0.0000e+000
2.300000e+003	2.06675552e-001	-3.19332445e+000	2.18513481e+003	0.00000000e+000	7.5713e+014	1.0000e-010	0.0000e+000
2.310000e+003	2.06894065e-001	-3.19310594e+000	2.17083397e+003	0.00000000e+000	7.5075e+014	1.0000e-010	0.0000e+000
2.320000e+003	2.07111148e-001	-3.19288885e+000	2.15665271e+003	0.00000000e+000	7.4448e+014	1.0000e-010	0.0000e+000
2.330000e+003	2.07326814e-001	-3.19267319e+000	2.14258926e+003	0.00000000e+000	7.3829e+014	1.0000e-010	0.0000e+000
2.340000e+003	2.07541073e-001	-3.19245893e+000	2.12864189e+003	0.00000000e+000	7.3220e+014	1.0000e-010	0.0000e+000
2.350000e+003	2.07753937e-001	-3.19224606e+000	2.11480889e+003	0.00000000e+000	7.2619e+014	1.0000e-010	0.0000e+000
2.360000e+003	2.07965418e-001	-3.19203458e+000	2.10108859e+003	0.00000000e+000	7.2028e+014	1.0000e-010	0.0000e+000
2.370000e+003	2.08175527e-001	-3.19182447e+000	2.08747934e+003	0.00000000e+000	7.1445e+014	1.0000e-010	0.0000e+000
2.380000e+003	2.08384274e-001	-3.19161573e+000	2.07397954e+003	0.00000000e+000	7.0870e+014	1.0000e-010	0.0000e+000
2.390000e+003	2.08591672e-001	-3.19140833e+000	2.06058762e+003	0.00000000e+000	7.0304e+014	1.0000e-010	0.0000e+000
2.400000e+003	2.08797731e-001	-3.19120227e+000	2.04730201e+003	0.00000000e+000	6.9746e+014	1.0000e-010	0.0000e+000
2.410000e+003	2.09002461e-001	-3.19099754e+000	2.03412119e+003	0.00000000e+000	6.9196e+014	1.0000e-010	0.0000e+000
2.420000e+003	2.09205873e-001	-3.19079413e+000	2.02104369e+003	0.00000000e+000	6.8653e+014	1.0000e-010	0.0000e+000
2.430000e+003	2.09407978e-001	-3.19059202e+000	2.00806802e+003	0.00000000e+000	6.8119e+014	1.0000e-010	0.0000e+000
2.440000e+003	2.09608785e-001	-3.19039122e+000	1.99519275e+003	0.00000000e+000	6.7592e+014	1.0000e-010	0.0000e+000
2.450000e+003	2.09808304e-001	-3.19019170e+000	1.98241646e+003	0.00000000e+000	6.7072e+014	1.0000e-010	0.0000e+000
2.460000e+003	2.10006546e-001	-3.18999345e+000	1.96973778e+003	0.00000000e+000	6.6560e+014	1.0000e-010	0.0000e+000
2.470000e+003	2.10203519e-001	-3.18979648e+000	1.95715533e+003	0.00000000e+000	6.6055e+014	1.0000e-010	0.0000e+000
2.480000e+003	2.10399235e-001	-3.18960077e+000	1.94466777e+003	0.00000000e+000	6.5556e+014	1.0000e-010	0.0000e+000
2.490000e+003	2.10593702e-001	-3.18940630e+000	1.93227380e+003	0.00000000e+000	6.5065e+014	1.0000e-010	0.0000e+000
2.500000e+003	2.10786929e-001	-3.18921307e+000	1.91997212e+003	0.00000000e+000	6.4581e+014	1.0000e-010	0.0000e+000
2.510000e+003	2.10978926e-001	-3.18902107e+000	1.90776147e+003	0.00000000e+000	6.4103e+014	1.0000e-010	0.0000e+000
2.520000e+003	2.11169702e-001	-3.18883030e+000	1.89564059e+003	0.00000000e+000	6.3632e+014	1.0000e-010	0.0000e+000
2.530000e+003	2.11359266e-001	-3.18864073e+000	1.88360826e+003	0.00000000e+000	6.3167e+014	1.0000e-010	0.0000e+000
2.540000e+003	2.11547627e-001	-3.18845237e+000	1.87166329e+003	0.00000000e+000	6.2708e+014	1.0000e-010	0.0000e+000
2.550000e+003	2.11734794e-001	-3.18826521e+000	1.85980448e+003	0.00000000e+000	6.2256e+014	1.0000e-010	0.0000e+000
2.560000e+003	2.11920774e-001	-3.18807923e+000	1.84803068e+003	0.00000000e+000	6.1810e+014	1.0000e-010	0.0000e+000
2.570000e+003	2.12105577e-001	-3.18789442e+000	1.83634075e+003	0.00000000e+000	6.1369e+014	1.0000e-010	0.0000e+000
2.580000e+003	2.12289211e-001	-3.18771079e+000	1.82473356e+003	0.00000000e+000	6.0935e+014	1.0000e-010	0.0000e+000
2.590000e+003	2.12471685e-001	-3.18752832e+000	1.81320801e+003	0.00000000e+000	6.0506e+014	1.0000e-010	0.0000e+000
2.600000e+003	2.12653005e-001	-3.18734699e+000	1.80176301e+003	0.00000000e+000	6.0083e+014	1.0000e-010	0.0000e+000
2.610000e+003	2.12833182e-001	-3.18716682e+000	1.79039750e+003	0.00000000e+000	5.9666e+014	1.0000e-010	0.0000e+000
2.620000e+003	2.13012221e-001	-3.18698778e+000	1.77911043e+003	0.00000000e+000	5.9254e+014	1.0000e-010	0.0000e+000
2.630000e+003	2.13190132e-001	-3.18680987e+000	1.76790078e+003	0.00000000e+000	5.8848e+014	1.0000e-010	0.0000e+000
2.640000e+003	2.13366923e-001	-3.18663308e+000	1.75676751e+003	0.00000000e+000	5.8447e+014	1.0000e-010	0.0000e+000
2.650000e+003	2.13542599e-001	-3.18645740e+000	1.74570965e+003	0.00000000e+000	5.8051e+014	1.0000e-010	0.0000e+000
2.660000e+003	2.13717170e-001	-3.18628283e+000	1.73472621e+003	0.00000000e+000	5.7660e+014	1.0000e-010	0.0000e+000
2.670000e+003	2.13890643e-001	-3.18610936e+000	1.72381622e+003	0.00000000e+000	5.7275e+014	1.0000e-010	0.0000e+000
2.680000e+003	2.14063024e-001	-3.18593698e+000	1.71297874e+003	0.00000000e+000	5.6894e+014	1.0000e-010	0.0000e+000
2.690000e+003	2.14234322e-001	-3.18576568e+000	1.70221283e+003	0.00000000e+000	5.6519e+014	1.0000e-010	0.0000e+000
2.700000e+003	2.14404544e-001	-3.18559546e+000	1.69151758e+003	0.00000000e+000	5.6148e+014	1.0000e-010	0.0000e+000
2.710000e+003	2.14573695e-001	-3.18542630e+000	1.68089207e+003	0.00000000e+000	5.5781e+014	1.0000e-010	0.0000e+000
2.720000e+003	2.14741785e-001	-3.18525822e+000	1.67033543e+003	0.00000000e+000	5.5420e+014	1.0000e-010	0.0000e+000
2.730000e+003	2.14908818e-001	-3.18509118e+000	1.65984678e+003	0.00000000e+000	5.5063e+014	1.0000e-010	0.0000e+000
2.740000e+003	2.15074803e-001	-3.18492520e+000	1.64942526e+003	0.00000000e+000	5.4711e+014	1.0000e-010	0.0000e+000
2.750000e+003	2.15239745e-001	-3.18476025e+000	1.63907001e+003	0.00000000e+000	5.4363e+014	1.0000e-010	0.0000e+000
2.760000e+003	2.15403652e-001	-3.18459635e+000	1.62878021e+003	0.00000000e+000	5.4019e+014	1.0000e-010	0.0000e+000
2.770000e+003	2.15566530e-001	-3.18443347e+000	1.61855504e+003	0.00000000e+000	5.3680e+014	1.0000e-010	0.0000e+000
2.780000e+003	2.15728386e-001	-3.18427161e+000	1.60839369e+003	0.00000000e+000	5.3345e+014	1.0000e-010	0.0000e+000
2.790000e+003	2.15889225e-001	-3.18411077e+000	1.59829536e+003	0.00000000e+000	5.3014e+014	1.0000e-010	0.0000e+000
2.800000e+003	2.16049055e-001	-3.18395095e+000	1.58825927e+003	0.00000000e+000	5.2687e+014	1.0000e-010	0.0000e+000
2.810000e+003	2.16207881e-001	-3.18379212e+000	1.57828465e+003	0.00000000e+000	5.2365e+014	1.0000e-010	0.0000e+000
2.820000e+003	2.16365709e-001	-3.18363429e+000	1.56837074e+003	0.00000000e+000	5.2046e+014	1.0000e-010	0.0000e+000
2.830000e+003	2.16522546e-001	-3.18347745e+000	1.55851679e+003	0.00000000e+000	5.1731e+014	1.0000e-010	0.0000e+000
2.840000e+003	2.16678398e-001	-3.18332160e+000	1.54872207e+003	0.00000000e+000	5.1420e+014	1.0000e-010	0.0000e+000
2.850000e+003	2.16833270e-001	-3.18316673e+000	1.53898585e+003	0.00000000e+000	5.1113e+014	1.0000e-010	0.0000e+000
2.860000e+003	2.16987169e-001	-3.18301283e+000	1.52930742e+003	0.00000000e+000	5.0810e+014	1.0000e-010	0.0000e+000
2.870000e+003	2.17140099e-001	-3.18285990e+000	1.51968608e+003	0.00000000e+000	5.0510e+014	1.0000e-010	0.0000e+000
2.880000e+003	2.17292068e-001	-3.18270793e+000	1.51012113e+003	0.00000000e+000	5.0214e+014	1.0000e-010	0.0000e+000
2.890000e+003	2.17443080e-001	-3.18255692e+000	1.50061188e+003	0.00000000e+000	4.9922e+014	1.0000e-010	0.0000e+000
2.900000e+003	2.17593141e-001	-3.18240686e+000	1.49115768e+003	0.00000000e+000	4.9633e+014	1.0000e-010	0.0000e+000
2.910000e+003	2.17742257e-001	-3.18225774e+000	1.48175785e+003	0.00000000e+000	4.9347e+014	1.0000e-010	0.0000e+000
2.920000e+003	2.17890433e-001	-3.18210957e+000	1.47241174e+003	0.00000000e+000	4.9065e+014	1.0000e-010	0.0000e+000
2.930000e+003	2.18037674e-001	-3.18196233e+000	1.46311871e+003	0.00000000e+000	4.8786e+014	1.0000e-010	0.0000e+000
2.940000e+003	2.18183986e-001	-3.18181601e+000	1.45387813e+003	0.00000000e+000	4.8511e+014	1.0000e-010	0.0000e+000
2.950000e+003	2.18329374e-001	-3.18167063e+000	1.44468937e+003	0.00000000e+000	4.8239e+014	1.0000e-010	0.0000e+000
2.960000e+003	2.18473843e-001	-3.18152616e+000	1.43555182e+003	0.00000000e+000	4.7970e+014	1.0000e-010	0.0000e+000
2.970000e+003	2.18617398e-001	-3.18138260e+000	1.42646487e+003	0.00000000e+000	4.7705e+014	1.0000e-010	0.0000e+000
2.980000e+003	2.18760044e-001	-3.18123996e+000	1.41742792e+003	0.00000000e+000	4.7442e+014	1.0000e-010	0.0000e+000
2.990000e+003	2.18901787e-001	-3.18109821e+000	1.40844038e+003	0.00000000e+000	4.7183e+014	1.0000e-010	0.0000e+000
3.000000e+003	2.19042631e-001	-3.18095737e+000	1.39950168e+003	0.00000000e+000	4.6926e+014	1.0000e-010	0.0000e+000
3.010000e+003	2.19182581e-001	-3.18081742e+000	1.39061123e+003	0.00000000e+000	4.6673e+014	1.0000e-010	0.0000e+000
3.020000e+003	2.19321643e-001	-3.18067836e+000	1.38176848e+003	0.00000000e+000	4.6423e+014	1.0000e-010	0.0000e+000
3.030000e+003	2.19459819e-001	-3.18054018e+000	1.37297286e+003	0.00000000e+000	4.6175e+014	1.0000e-010	0.0000e+000
3.040000e+003	2.19597117e-001	-3.18040288e+000	1.36422384e+003	0.00000000e+000	4.5931e+014	1.0000e-010	0.0000e+000
3.050000e+003	2.19733539e-001	-3.18026646e+000	1.35552086e+003	0.00000000e+000	4.5689e+014	1.0000e-010	0.0000e+000
3.060000e+003	2.19869091e-001	-3.18013091e+000	1.34686339e+003	0.00000000e+000	4.5450e+014	1.0000e-010	0.0000e+000
3.070000e+003	2.20003777e-001	-3.17999622e+000	1.33825092e+003	0.00000000e+000	4.5214e+014	1.0000e-010	0.0000e+000
3.080000e+003	2.20137603e-001	-3.17986240e+000	1.32968291e+003	0.00000000e+000	4.4980e+014	1.0000e-010	0.0000e+000
3.090000e+003	2.20270571e-001	-3.17972943e+000	1.32115885e+003	0.00000000e+000	4.4750e+014	1.0000e-010	0.0000e+000
3.100000e+003	2.20402687e-001	-3.17959731e+000	1.31267825e+003	0.00000000e+000	4.4522e+014	1.0000e-010	0.0000e+000
3.110000e+003	2.20533955e-001	-3.17946605e+000	1.30424060e+003	0.00000000e+000	4.4296e+014	1.0000e-010	0.0000e+000
3.120000e+003	2.20664379e-001	-3.17933562e+000	1.29584541e+003	0.00000000e+000	4.4073e+014	1.0000e-010	0.0000e+000
3.130000e+003	2.20793963e-001	-3.17920604e+000	1.28749220e+003	0.00000000e+000	4.3853e+014	1.0000e-010	0.0000e+000
3.140000e+003	2.20922712e-001	-3.17907729e+000	1.27918048e+003	0.00000000e+000	4.3635e+014	1.0000e-010	0.0000e+000
3.150000e+003	2.21050630e-001	-3.17894937e+000	1.27090979e+003	0.00000000e+000	4.3420e+014	1.0000e-010	0.0000e+000
3.160000e+003	2.21177721e-001	-3.17882228e+000	1.26267966e+003	0.00000000e+000	4.3207e+014	1.0000e-010	0.0000e+000
3.170000e+003	2.21303989e-001	-3.17869601e+000	1.25448963e+003	0.00000000e+000	4.2996e+014	1.0000e-010	0.0000e+000
3.180000e+003	2.21429438e-001	-3.17857056e+000	1.24633925e+003	0.00000000e+000	4.2788e+014	1.0000e-010	0.0000e+000
3.190000e+003	2.21554072e-001	-3.17844593e+000	1.23822806e+003	0.00000000e+000	4.2582e+014	1.0000e-010	0.0000e+000
3.200000e+003	2.21677895e-001	-3.17832210e+000	1.23015564e+003	0.00000000e+000	4.2379e+014	1.0000e-010	0.0000e+000
3.210000e+003	2.21800911e-001	-3.17819909e+000	1.22212153e+003	0.00000000e+000	4.2178e+014	1.0000e-010	0.0000e+000
3.220000e+003	2.21923123e-001	-3.17807688e+000	1.21412531e+003	0.00000000e+000	4.1979e+014	1.0000e-010	0.0000e+000
3.230000e+003	2.22044535e-001	-3.17795546e+000	1.20616656e+003	0.00000000e+000	4.1782e+014	1.0000e-010	0.0000e+000
3.240000e+003	2.22165152e-001	-3.17783485e+000	1.19824486e+003	0.00000000e+000	4.1588e+014	1.0000e-010	0.0000e+000
3.250000e+003	2.22284976e-001	-3.17771502e+000	1.19035979e+003	0.00000000e+000	4.1395e+014	1.0000e-010	0.0000e+000
3.260000e+003	2.22404012e-001	-3.17759599e+000	1.18251094e+003	0.00000000e+000	4.1205e+014	1.0000e-010	0.0000e+000
3.270000e+003	2.22522264e-001	-3.17747774e+000	1.17469791e+003	0.00000000e+000	4.1017e+014	1.0000e-010	0.0000e+000
3.280000e+003	2.22639733e-001	-3.17736027e+000	1.16692031e+003	0.00000000e+000	4.0831e+014	1.0000e-010	0.0000e+000
3.290000e+003	2.22756425e-001	-3.17724357e+000	1.15917773e+003	0.00000000e+000	4.0647e+014	1.0000e-010	0.0000e+000
3.300000e+003	2.22872343e-001	-3.17712766e+000	1.15146979e+003	0.00000000e+000	4.0465e+014	1.0000e-010	0.0000e+000
3.310000e+003	2.22987490e-001	-3.17701251e+000	1.14379610e+003	0.00000000e+000	4.0285e+014	1.0000e-010	0.0000e+000
3.320000e+003	2.23101870e-001	-3.17689813e+000	1.13615630e+003	0.00000000e+000	4.0108e+014	1.0000e-010	0.0000e+000
3.330000e+003	2.23215485e-001	-3.17678451e+000	1.12854999e+003	0.00000000e+000	3.9932e+014	1.0000e-010	0.0000e+000
3.340000e+003	2.23328340e-001	-3.17667166e+000	1.12097682e+003	0.00000000e+000	3.9758e+014	1.0000e-010	0.0000e+000
3.350000e+003	2.23440438e-001	-3.17655956e+000	1.11343641e+003	0.00000000e+000	3.9586e+014	1.0000e-010	0.0000e+000
3.360000e+003	2.23551782e-001	-3.17644822e+000	1.10592841e+003	0.00000000e+000	3.9416e+014	1.0000e-010	0.0000e+000
3.370000e+003	2.23662375e-001	-3.17633763e+000	1.09845246e+003	0.00000000e+000	3.9247e+014	1.0000e-010	0.0000e+000
3.380000e+003	2.23772220e-001	-3.17622778e+000	1.09100821e+003	0.00000000e+000	3.9081e+014	1.0000e-010	0.0000e+000
3.390000e+003	2.23881321e-001	-3.17611868e+000	1.08359531e+003	0.00000000e+000	3.8916e+014	1.0000e-010	0.0000e+000
3.400000e+003	2.23989680e-001	-3.17601032e+000	1.07621342e+003	0.00000000e+000	3.8754e+014	1.0000e-010	0.0000e+000
3.410000e+003	2.24097301e-001	-3.17590270e+000	1.06886219e+003	0.00000000e+000	3.8593e+014	1.0000e-010	0.0000e+000
3.420000e+003	2.24204188e-001	-3.17579581e+000	1.06154129e+003	0.00000000e+000	3.8433e+014	1.0000e-010	0.0000e+000
3.430000e+003	2.24310342e-001	-3.17568966e+000	1.05425039e+003	0.00000000e+000	3.8276e+014	1.0000e-010	0.0000e+000
3.440000e+003	2.24415767e-001	-3.17558423e+000	1.04698917e+003	0.00000000e+000	3.8120e+014	1.0000e-010	0.0000e+000
3.450000e+003	2.24520466e-001	-3.17547953e+000	1.03975729e+003	0.00000000e+000	3.7966e+014	1.0000e-010	0.0000e+000
3.460000e+003	2.24624441e-001	-3.17537556e+000	1.03255444e+003	0.00000000e+000	3.7814e+014	1.0000e-010	0.0000e+000
3.470000e+003	2.24727697e-001	-3.17527230e+000	1.02538030e+003	0.00000000e+000	3.7663e+014	1.0000e-010	0.0000e+000
3.480000e+003	2.24830235e-001	-3.17516977e+000	1.01823457e+003	0.00000000e+000	3.7514e+014	1.0000e-010	0.0000e+000
3.490000e+003	2.24932058e-001	-3.17506794e+000	1.01111692e+003	0.00000000e+000	3.7366e+014	1.0000e-010	0.0000e+000
3.500000e+003	2.25033170e-001	-3.17496683e+000	1.00402705e+003	0.00000000e+000	3.7221e+014	1.0000e-010	0.0000e+000
3.510000e+003	2.25133573e-001	-3.17486643e+000	9.96964667e+002	0.00000000e+000	3.7076e+014	1.0000e-010	0.0000e+000
3.520000e+003	2.25233269e-001	-3.17476673e+000	9.89929467e+002	0.00000000e+000	3.6934e+014	1.0000e-010	0.0000e+000
3.530000e+003	2.25332262e-001	-3.17466774e+000	9.82921154e+002	0.00000000e+000	3.6793e+014	1.0000e-010	0.0000e+000
3.540000e+003	2.25430554e-001	-3.17456945e+000	9.75939438e+002	0.00000000e+000	3.6653e+014	1.0000e-010	0.0000e+000
3.550000e+003	2.25528148e-001	-3.17447185e+000	9.68984028e+002	0.00000000e+000	3.6515e+014	1.0000e-010	0.0000e+000
3.560000e+003	2.25625047e-001	-3.17437495e+000	9.62054639e+002	0.00000000e+000	3.6378e+014	1.0000e-010	0.0000e+000
3.570000e+003	2.25721252e-001	-3.17427875e+000	9.55150990e+002	0.00000000e+000	3.6243e+014	1.0000e-010	0.0000e+000
3.580000e+003	2.25816767e-001	-3.17418323e+000	9.48272801e+002	0.00000000e+000	3.6109e+014	1.0000e-010	0.0000e+000
3.590000e+003	2.25911595e-001	-3.17408841e+000	9.41419795e+002	0.00000000e+000	3.5977e+014	1.0000e-010	0.0000e+000
3.600000e+003	2.26005737e-001	-3.17399426e+000	9.34591700e+002	0.00000000e+000	3.5846e+014	1.0000e-010	0.0000e+000
3.610000e+003	2.26099196e-001	-3.17390080e+000	9.27788244e+002	0.00000000e+000	3.5717e+014	1.0000e-010	0.0000e+000
3.620000e+003	2.26191975e-001	-3.17380803e+000	9.21009162e+002	0.00000000e+000	3.5589e+014	1.0000e-010	0.0000e+000
3.630000e+003	2.26284075e-001	-3.17371592e+000	9.14254187e+002	0.00000000e+000	3.5463e+014	1.0000e-010	0.0000e+000
3.640000e+003	2.26375501e-001	-3.17362450e+000	9.07523060e+002	0.00000000e+000	3.5337e+014	1.0000e-010	0.0000e+000
3.650000e+003	2.26466253e-001	-3.17353375e+000	9.00815520e+002	0.00000000e+000	3.5214e+014	1.0000e-010	0.0000e+000
3.660000e+003	2.26556335e-001	-3.17344367e+000	8.94131312e+002	0.00000000e+000	3.5091e+014	1.0000e-010	0.0000e+000
3.670000e+003	2.26645748e-001	-3.17335425e+000	8.87470183e+002	0.00000000e+000	3.4970e+014	1.0000e-010	0.0000e+000
3.680000e+003	2.26734495e-001	-3.17326551e+000	8.80831881e+002	0.00000000e+000	3.4850e+014	1.0000e-010	0.0000e+000
3.690000e+003	2.26822578e-001	-3.17317742e+000	8.74216159e+002	0.00000000e+000	3.4732e+014	1.0000e-010	0.0000e+000
3.700000e+003	2.26910000e-001	-3.17309000e+000	8.67622772e+002	0.00000000e+000	3.4614e+014	1.0000e-010	0.0000e+000
3.710000e+003	2.26996762e-001	-3.17300324e+000	8.61051475e+002	0.00000000e+000	3.4498e+014	1.0000e-010	0.0000e+000
3.720000e+003	2.27082867e-001	-3.17291713e+000	8.54502028e+002	0.00000000e+000	3.4384e+014	1.0000e-010	0.0000e+000
3.730000e+003	2.27168317e-001	-3.17283168e+000	8.47974195e+002	0.00000000e+000	3.4270e+014	1.0000e-010	0.0000e+000
3.740000e+003	2.27253115e-001	-3.17274689e+000	8.41467738e+002	0.00000000e+000	3.4158e+014	1.0000e-010	0.0000e+000
3.750000e+003	2.27337261e-001	-3.17266274e+000	8.34982425e+002	0.00000000e+000	3.4047e+014	1.0000e-010	0.0000e+000
3.760000e+003	2.27420760e-001	-3.17257924e+000	8.28518025e+002	0.00000000e+000	3.3937e+014	1.0000e-010	0.0000e+000
3.770000e+003	2.27503612e-001	-3.17249639e+000	8.22074309e+002	0.00000000e+000	3.3829e+014	1.0000e-010	0.0000e+000
3.780000e+003	2.27585819e-001	-3.17241418e+000	8.15651051e+002	0.00000000e+000	3.3721e+014	1.0000e-010	0.0000e+000
3.790000e+003	2.27667384e-001	-3.17233262e+000	8.09248027e+002	0.00000000e+000	3.3615e+014	1.0000e-010	0.0000e+000
3.800000e+003	2.27748309e-001	-3.17225169e+000	8.02865015e+002	0.00000000e+000	3.3510e+014	1.0000e-010	0.0000e+000
3.810000e+003	2.27828595e-001	-3.17217140e+000	7.96501796e+002	0.00000000e+000	3.3406e+014	1.0000e-010	0.0000e+000
3.820000e+003	2.27908246e-001	-3.17209175e+000	7.90158151e+002	0.00000000e+000	3.3303e+014	1.0000e-010	0.0000e+000
3.830000e+003	2.27987261e-001	-3.17201274e+000	7.83833867e+002	0.00000000e+000	3.3202e+014	1.0000e-010	0.0000e+000
3.840000e+003	2.28065645e-001	-3.17193436e+000	7.77528728e+002	0.00000000e+000	3.3101e+014	1.0000e-010	0.0000e+000
3.850000e+003	2.28143398e-001	-3.17185660e+000	7.71242524e+002	0.00000000e+000	3.3002e+014	1.0000e-010	0.0000e+000
3.860000e+003	2.28220522e-001	-3.17177948e+000	7.64975046e+002	0.00000000e+000	3.2903e+014	1.0000e-010	0.0000e+000
3.870000e+003	2.28297019e-001	-3.17170298e+000	7.58726087e+002	0.00000000e+000	3.2806e+014	1.0000e-010	0.0000e+000
3.880000e+003	2.28372892e-001	-3.17162711e+000	7.52495440e+002	0.00000000e+000	3.2710e+014	1.0000e-010	0.0000e+000
3.890000e+003	2.28448142e-001	-3.17155186e+000	7.46282904e+002	0.00000000e+000	3.2615e+014	1.0000e-010	0.0000e+000
3.900000e+003	2.28522770e-001	-3.17147723e+000	7.40088275e+002	0.00000000e+000	3.2521e+014	1.0000e-010	0.0000e+000
3.910000e+003	2.28596779e-001	-3.17140322e+000	7.33911355e+002	0.00000000e+000	3.2428e+014	1.0000e-010	0.0000e+000
3.920000e+003	2.28670170e-001	-3.17132983e+000	7.27751946e+002	0.00000000e+000	3.2336e+014	1.0000e-010	0.0000e+000
3.930000e+003	2.28742945e-001	-3.17125706e+000	7.21609851e+002	0.00000000e+000	3.2245e+014	1.0000e-010	0.0000e+000
3.940000e+003	2.28815106e-001	-3.17118489e+000	7.15484877e+002	0.00000000e+000	3.2155e+014	1.0000e-010	0.0000e+000
3.950000e+003	2.28886654e-001	-3.17111335e+000	7.09376832e+002	0.00000000e+000	3.2066e+014	1.0000e-010	0.0000e+000
3.960000e+003	2.28957592e-001	-3.17104241e+000	7.03285523e+002	0.00000000e+000	3.1979e+014	1.0000e-010	0.0000e+000
3.970000e+003	2.29027921e-001	-3.17097208e+000	6.97210764e+002	0.00000000e+000	3.1892e+014	1.0000e-010	0.0000e+000
3.980000e+003	2.29097642e-001	-3.17090236e+000	6.91152365e+002	0.00000000e+000	3.1806e+014	1.0000e-010	0.0000e+000
3.990000e+003	2.29166757e-001	-3.17083324e+000	6.85110142e+002	0.00000000e+000	3.1721e+014	1.0000e-010	0.0000e+000
4.000000e+003	2.29235268e-001	-3.17076473e+000	6.79083910e+002	0.00000000e+000	3.1637e+014	1.0000e-010	0.0000e+000
4.010000e+003	2.29303176e-001	-3.17069682e+000	6.73073488e+002	0.00000000e+000	3.1554e+014	1.0000e-010	0.0000e+000
4.020000e+003	2.29370484e-001	-3.17062952e+000	6.67078693e+002	0.00000000e+000	3.1472e+014	1.0000e-010	0.0000e+000
4.030000e+003	2.29437192e-001	-3.17056281e+000	6.61099347e+002	0.00000000e+000	3.1391e+014	1.0000e-010	0.0000e+000
4.040000e+003	2.29503302e-001	-3.17049670e+000	6.55135273e+002	0.00000000e+000	3.1311e+014	1.0000e-010	0.0000e+000
4.050000e+003	2.29568815e-001	-3.17043118e+000	6.49186293e+002	0.00000000e+000	3.1231e+014	1.0000e-010	0.0000e+000
4.060000e+003	2.29633734e-001	-3.17036627e+000	6.43252234e+002	0.00000000e+000	3.1153e+014	1.0000e-010	0.0000e+000
4.070000e+003	2.29698059e-001	-3.17030194e+000	6.37332921e+002	0.00000000e+000	3.1076e+014	1.0000e-010	0.0000e+000
4.080000e+003	2.29761792e-001	-3.17023821e+000	6.31428184e+002	0.00000000e+000	3.0999e+014	1.0000e-010	0.0000e+000
4.090000e+003	2.29824935e-001	-3.17017506e+000	6.25537851e+002	0.00000000e+000	3.0923e+014	1.0000e-010	0.0000e+000
4.100000e+003	2.29887489e-001	-3.17011251e+000	6.19661753e+002	0.00000000e+000	3.0849e+014	1.0000e-010	0.0000e+000
4.110000e+003	2.29949455e-001	-3.17005055e+000	6.13799724e+002	0.00000000e+000	3.0775e+014	1.0000e-010	0.0000e+000
4.120000e+003	2.30010835e-001	-3.16998917e+000	6.07951596e+002	0.00000000e+000	3.0702e+014	1.0000e-010	0.0000e+000
4.130000e+003	2.30071630e-001	-3.16992837e+000	6.02117204e+002	0.00000000e+000	3.0630e+014	1.0000e-010	0.0000e+000
4.140000e+003	2.30131842e-001	-3.16986816e+000	5.96296386e+002	0.00000000e+000	3.0559e+014	1.0000e-010	0.0000e+000
4.150000e+003	2.30191471e-001	-3.16980853e+000	5.90488978e+002	0.00000000e+000	3.0488e+014	1.0000e-010	0.0000e+000
4.160000e+003	2.30250520e-001	-3.16974948e+000	5.84694820e+002	0.00000000e+000	3.0419e+014	1.0000e-010	0.0000e+000
4.170000e+003	2.30308990e-001	-3.16969101e+000	5.78913752e+002	0.00000000e+000	3.0350e+014	1.0000e-010	0.0000e+000
4.180000e+003	2.30366881e-001	-3.16963312e+000	5.73145616e+002	0.00000000e+000	3.0282e+014	1.0000e-010	0.0000e+000
4.190000e+003	2.30424196e-001	-3.16957580e+000	5.67390253e+002	0.00000000e+000	3.0215e+014	1.0000e-010	0.0000e+000
4.200000e+003	2.30480935e-001	-3.16951907e+000	5.61647508e+002	0.00000000e+000	3.0149e+014	1.0000e-010	0.0000e+000
4.210000e+003	2.30537100e-001	-3.16946290e+000	5.55917225e+002	0.00000000e+000	3.0083e+014	1.0000e-010	0.0000e+000
4.220000e+003	2.30592691e-001	-3.16940731e+000	5.50199252e+002	0.00000000e+000	3.0019e+014	1.0000e-010	0.0000e+000
4.230000e+003	2.30647711e-001	-3.16935229e+000	5.44493436e+002	0.00000000e+000	2.9955e+014	1.0000e-010	0.0000e+000
4.240000e+003	2.30702161e-001	-3.16929784e+000	5.38799624e+002	0.00000000e+000	2.9892e+014	1.0000e-010	0.0000e+000
4.250000e+003	2.30756041e-001	-3.16924396e+000	5.33117667e+002	0.00000000e+000	2.9830e+014	1.0000e-010	0.0000e+000
4.260000e+003	2.30809352e-001	-3.16919065e+000	5.27447415e+002	0.00000000e+000	2.9768e+014	1.0000e-010	0.0000e+000
4.270000e+003	2.30862097e-001	-3.16913790e+000	5.21788720e+002	0.00000000e+000	2.9707e+014	1.0000e-010	0.0000e+000
4.280000e+003	2.30914276e-001	-3.16908572e+000	5.16141434e+002	0.00000000e+000	2.9648e+014	1.0000e-010	0.0000e+000
4.290000e+003	2.30965890e-001	-3.16903411e+000	5.10505413e+002	0.00000000e+000	2.9588e+014	1.0000e-010	0.0000e+000
4.300000e+003	2.31016941e-001	-3.16898306e+000	5.04880510e+002	0.00000000e+000	2.9530e+014	1.0000e-010	0.0000e+000
4.310000e+003	2.31067429e-001	-3.16893257e+000	4.99266582e+002	0.00000000e+000	2.9472e+014	1.0000e-010	0.0000e+000
4.320000e+003	2.31117355e-001	-3.16888264e+000	4.93663485e+002	0.00000000e+000	2.9416e+014	1.0000e-010	0.0000e+000
4.330000e+003	2.31166722e-001	-3.16883328e+000	4.88071077e+002	0.00000000e+000	2.9359e+014	1.0000e-010	0.0000e+000
4.340000e+003	2.31215529e-001	-3.16878447e+000	4.82489218e+002	0.00000000e+000	2.9304e+014	1.0000e-010	0.0000e+000
4.350000e+003	2.31263778e-001	-3.16873622e+000	4.76917766e+002	0.00000000e+000	2.9249e+014	1.0000e-010	0.0000e+000
4.360000e+003	2.31311469e-001	-3.16868853e+000	4.71356583e+002	0.00000000e+000	2.9195e+014	1.0000e-010	0.0000e+000
4.370000e+003	2.31358605e-001	-3.16864139e+000	4.65805531e+002	0.00000000e+000	2.9142e+014	1.0000e-010	0.0000e+000
4.380000e+003	2.31405186e-001	-3.16859481e+000	4.60264472e+002	0.00000000e+000	2.9090e+014	1.0000e-010	0.0000e+000
4.390000e+003	2.31451212e-001	-3.16854879e+000	4.54733269e+002	0.00000000e+000	2.9038e+014	1.0000e-010	0.0000e+000
4.400000e+003	2.31496685e-001	-3.16850331e+000	4.49211787e+002	0.00000000e+000	2.8987e+014	1.0000e-010	0.0000e+000
4.410000e+003	2.31541607e-001	-3.16845839e+000	4.43699891e+002	0.00000000e+000	2.8937e+014	1.0000e-010	0.0000e+000
4.420000e+003	2.31585977e-001	-3.16841402e+000	4.38197446e+002	0.00000000e+000	2.8887e+014	1.0000e-010	0.0000e+000
4.430000e+003	2.31629796e-001	-3.16837020e+000	4.32704321e+002	0.00000000e+000	2.8838e+014	1.0000e-010	0.0000e+000
4.440000e+003	2.31673067e-001	-3.16832693e+000	4.27220383e+002	0.00000000e+000	2.8790e+014	1.0000e-010	0.0000e+000
4.450000e+003	2.31715789e-001	-3.16828421e+000	4.21745499e+002	0.00000000e+000	2.8742e+014	1.0000e-010	0.0000e+000
4.460000e+003	2.31757963e-001	-3.16824204e+000	4.16279540e+002	0.00000000e+000	2.8696e+014	1.0000e-010	0.0000e+000
4.470000e+003	2.31799591e-001	-3.16820041e+000	4.10822375e+002	0.00000000e+000	2.8649e+014	1.0000e-010	0.0000e+000
4.480000e+003	2.31840674e-001	-3.16815933e+000	4.05373875e+002	0.00000000e+000	2.8604e+014	1.0000e-010	0.0000e+000
4.490000e+003	2.31881211e-001	-3.16811879e+000	3.99933912e+002	0.00000000e+000	2.8559e+014	1.0000e-010	0.0000e+000
4.500000e+003	2.31921204e-001	-3.16807880e+000	3.94502359e+002	0.00000000e+000	2.8515e+014	1.0000e-010	0.0000e+000
4.510000e+003	2.31960655e-001	-3.16803935e+000	3.89079088e+002	0.00000000e+000	2.8471e+014	1.0000e-010	0.0000e+000
4.520000e+003	2.31999562e-001	-3.16800044e+000	3.83663972e+002	0.00000000e+000	2.8429e+014	1.0000e-010	0.0000e+000
4.530000e+003	2.32037929e-001	-3.16796207e+000	3.78256888e+002	0.00000000e+000	2.8387e+014	1.0000e-010	0.0000e+000
4.540000e+003	2.32075755e-001	-3.16792425e+000	3.72857709e+002	0.00000000e+000	2.8345e+014	1.0000e-010	0.0000e+000
4.550000e+003	2.32113040e-001	-3.16788696e+000	3.67466311e+002	0.00000000e+000	2.8304e+014	1.0000e-010	0.0000e+000
4.560000e+003	2.32149787e-001	-3.16785021e+000	3.62082571e+002	0.00000000e+000	2.8264e+014	1.0000e-010	0.0000e+000
4.570000e+003	2.32185995e-001	-3.16781400e+000	3.56706367e+002	0.00000000e+000	2.8224e+014	1.0000e-010	0.0000e+000
4.580000e+003	2.32221666e-001	-3.16777833e+000	3.51337576e+002	0.00000000e+000	2.8185e+014	1.0000e-010	0.0000e+000
4.590000e+003	2.32256800e-001	-3.16774320e+000	3.45976076e+002	0.00000000e+000	2.8147e+014	1.0000e-010	0.0000e+000
4.600000e+003	2.32291397e-001	-3.16770860e+000	3.40621746e+002	0.00000000e+000	2.8110e+014	1.0000e-010	0.0000e+000
4.610000e+003	2.32325459e-001	-3.16767454e+000	3.35274467e+002	0.00000000e+000	2.8073e+014	1.0000e-010	0.0000e+000
4.620000e+003	2.32358987e-001	-3.16764101e+000	3.29934118e+002	0.00000000e+000	2.8036e+014	1.0000e-010	0.0000e+000
4.630000e+003	2.32391980e-001	-3.16760802e+000	3.24600580e+002	0.00000000e+000	2.8000e+014	1.0000e-010	0.0000e+000
4.640000e+003	2.32424440e-001	-3.16757556e+000	3.19273735e+002	0.00000000e+000	2.7965e+014	1.0000e-010	0.0000e+000
4.650000e+003	2.32456368e-001	-3.16754363e+000	3.13953465e+002	0.00000000e+000	2.7931e+014	1.0000e-010	0.0000e+000
4.660000e+003	2.32487763e-001	-3.16751224e+000	3.08639651e+002	0.00000000e+000	2.7897e+014	1.0000e-010	0.0000e+000
4.670000e+003	2.32518627e-001	-3.16748137e+000	3.03332178e+002	0.00000000e+000	2.7864e+014	1.0000e-010	0.0000e+000
4.680000e+003	2.32548960e-001	-3.16745104e+000	2.98030929e+002	0.00000000e+000	2.7831e+014	1.0000e-010	0.0000e+000
4.690000e+003	2.32578763e-001	-3.16742124e+000	2.92735788e+002	0.00000000e+000	2.7799e+014	1.0000e-010	0.0000e+000
4.700000e+003	2.32608037e-001	-3.16739196e+000	2.87446639e+002	0.00000000e+000	2.7767e+014	1.0000e-010	0.0000e+000
4.710000e+003	2.32636782e-001	-3.16736322e+000	2.82163368e+002	0.00000000e+000	2.7737e+014	1.0000e-010	0.0000e+000
4.720000e+003	2.32664998e-001	-3.16733500e+000	2.76885860e+002	0.00000000e+000	2.7706e+014	1.0000e-010	0.0000e+000
4.730000e+003	2.32692686e-001	-3.16730731e+000	2.71614002e+002	0.00000000e+000	2.7677e+014	1.0000e-010	0.0000e+000
4.740000e+003	2.32719848e-001	-3.16728015e+000	2.66347679e+002	0.00000000e+000	2.7648e+014	1.0000e-010	0.0000e+000
4.750000e+003	2.32746483e-001	-3.16725352e+000	2.61086780e+002	0.00000000e+000	2.7619e+014	1.0000e-010	0.0000e+000
4.760000e+003	2.32772591e-001	-3.16722741e+000	2.55831191e+002	0.00000000e+000	2.7591e+014	1.0000e-010	0.0000e+000
4.770000e+003	2.32798174e-001	-3.16720183e+000	2.50580801e+002	0.00000000e+000	2.7564e+014	1.0000e-010	0.0000e+000
4.780000e+003	2.32823233e-001	-3.16717677e+000	2.45335497e+002	0.00000000e+000	2.7537e+014	1.0000e-010	0.0000e+000
4.790000e+003	2.32847766e-001	-3.16715223e+000	2.40095168e+002	0.00000000e+000	2.7511e+014	1.0000e-010	0.0000e+000
4.800000e+003	2.32871776e-001	-3.16712822e+000	2.34859705e+002	0.00000000e+000	2.7486e+014	1.0000e-010	0.0000e+000
4.810000e+003	2.32895262e-001	-3.16710474e+000	2.29628995e+002	0.00000000e+000	2.7461e+014	1.0000e-010	0.0000e+000
4.820000e+003	2.32918224e-001	-3.16708178e+000	2.24402929e+002	0.00000000e+000	2.7436e+014	1.0000e-010	0.0000e+000
4.830000e+003	2.32940665e-001	-3.16705934e+000	2.19181398e+002	0.00000000e+000	2.7412e+014	1.0000e-010	0.0000e+000
4.840000e+003	2.32962583e-001	-3.16703742e+000	2.13964292e+002	0.00000000e+000	2.7389e+014	1.0000e-010	0.0000e+000
4.850000e+003	2.32983979e-001	-3.16701602e+000	2.08751502e+002	0.00000000e+000	2.7367e+014	1.0000e-010	0.0000e+000
4.860000e+003	2.33004854e-001	-3.16699515e+000	2.03542920e+002	0.00000000e+000	2.7344e+014	1.0000e-010	0.0000e+000
4.870000e+003	2.33025209e-001	-3.16697479e+000	1.98338437e+002	0.00000000e+000	2.7323e+014	1.0000e-010	0.0000e+000
4.880000e+003	2.33045043e-001	-3.16695496e+000	1.93137945e+002	0.00000000e+000	2.7302e+014	1.0000e-010	0.0000e+000
4.890000e+003	2.33064356e-001	-3.16693564e+000	1.87941337e+002	0.00000000e+000	2.7282e+014	1.0000e-010	0.0000e+000
4.900000e+003	2.33083151e-001	-3.16691685e+000	1.82748506e+002	0.00000000e+000	2.7262e+014	1.0000e-010	0.0000e+000
4.910000e+003	2.33101425e-001	-3.16689857e+000	1.77559344e+002	0.00000000e+000	2.7242e+014	1.0000e-010	0.0000e+000
4.920000e+003	2.33119181e-001	-3.16688082e+000	1.72373745e+002	0.00000000e+000	2.7224e+014	1.0000e-010	0.0000e+000
4.930000e+003	2.33136419e-001	-3.16686358e+000	1.67191603e+002	0.00000000e+000	2.7206e+014	1.0000e-010	0.0000e+000
4.940000e+003	2.33153138e-001	-3.16684686e+000	1.62012810e+002	0.00000000e+000	2.7188e+014	1.0000e-010	0.0000e+000
4.950000e+003	2.33169339e-001	-3.16683066e+000	1.56837263e+002	0.00000000e+000	2.7171e+014	1.0000e-010	0.0000e+000
4.960000e+003	2.33185023e-001	-3.16681498e+000	1.51664854e+002	0.00000000e+000	2.7155e+014	1.0000e-010	0.0000e+000
4.970000e+003	2.33200189e-001	-3.16679981e+000	1.46495479e+002	0.00000000e+000	2.7139e+014	1.0000e-010	0.0000e+000
4.980000e+003	2.33214839e-001	-3.16678516e+000	1.41329032e+002	0.00000000e+000	2.7123e+014	1.0000e-010	0.0000e+000
4.990000e+003	2.33228972e-001	-3.16677103e+000	1.36165409e+002	0.00000000e+000	2.7108e+014	1.0000e-010	0.0000e+000
5.000000e+003	2.33242588e-001	-3.16675741e+000	1.31004505e+002	0.00000000e+000	2.7094e+014	1.0000e-010	0.0000e+000
5.010000e+003	2.33255689e-001	-3.16674431e+000	1.25846216e+002	0.00000000e+000	2.7080e+014	1.0000e-010	0.0000e+000
5.020000e+003	2.33268273e-001	-3.16673173e+000	1.20690437e+002	0.00000000e+000	2.7067e+014	1.0000e-010	0.0000e+000
5.030000e+003	2.33280342e-001	-3.16671966e+000	1.15537064e+002	0.00000000e+000	2.7055e+014	1.0000e-010	0.0000e+000
5.040000e+003	2.33291896e-001	-3.16670810e+000	1.10385994e+002	0.00000000e+000	2.7043e+014	1.0000e-010	0.0000e+000
5.050000e+003	2.33302935e-001	-3.16669707e+000	1.05237123e+002	0.00000000e+000	2.7031e+014	1.0000e-010	0.0000e+000
5.060000e+003	2.33313458e-001	-3.16668654e+000	1.00090348e+002	0.00000000e+000	2.7020e+014	1.0000e-010	0.0000e+000
5.070000e+003	2.33323468e-001	-3.16667653e+000	9.49455649e+001	0.00000000e+000	2.7010e+014	1.0000e-010	0.0000e+000
5.080000e+003	2.33332962e-001	-3.16666704e+000	8.98026710e+001	0.00000000e+000	2.7000e+014	1.0000e-010	0.0000e+000
5.090000e+003	2.33341942e-001	-3.16665806e+000	8.46615632e+001	0.00000000e+000	2.6990e+014	1.0000e-010	0.0000e+000
5.100000e+003	2.33350409e-001	-3.16664959e+000	7.95221388e+001	0.00000000e+000	2.6981e+014	1.0000e-010	0.0000e+000
5.110000e+003	2.33358361e-001	-3.16664164e+000	7.43842951e+001	0.00000000e+000	2.6973e+014	1.0000e-010	0.0000e+000
5.120000e+003	2.33365799e-001	-3.16663420e+000	6.92479295e+001	0.00000000e+000	2.6965e+014	1.0000e-010	0.0000e+000
5.130000e+003	2.33372724e-001	-3.16662728e+000	6.41129395e+001	0.00000000e+000	2.6958e+014	1.0000e-010	0.0000e+000
5.140000e+003	2.33379135e-001	-3.16662086e+000	5.89792229e+001	0.00000000e+000	2.6951e+014	1.0000e-010	0.0000e+000
5.150000e+003	2.33385033e-001	-3.16661497e+000	5.38466774e+001	0.00000000e+000	2.6945e+014	1.0000e-010	0.0000e+000
5.160000e+003	2.33390418e-001	-3.16660958e+000	4.87152008e+001	0.00000000e+000	2.6940e+014	1.0000e-010	0.0000e+000
5.170000e+003	2.33395289e-001	-3.16660471e+000	4.35846910e+001	0.00000000e+000	2.6935e+014	1.0000e-010	0.0000e+000
5.180000e+003	2.33399648e-001	-3.16660035e+000	3.84550462e+001	0.00000000e+000	2.6930e+014	1.0000e-010	0.0000e+000
5.190000e+003	2.33403493e-001	-3.16659651e+000	3.33261643e+001	0.00000000e+000	2.6926e+014	1.0000e-010	0.0000e+000
5.200000e+003	2.33406826e-001	-3.16659317e+000	2.81979436e+001	0.00000000e+000	2.6923e+014	1.0000e-010	0.0000e+000
5.210000e+003	2.33409646e-001	-3.16659035e+000	2.30702822e+001	0.00000000e+000	2.6920e+014	1.0000e-010	0.0000e+000
5.220000e+003	2.33411953e-001	-3.16658805e+000	1.79430784e+001	0.00000000e+000	2.6917e+014	1.0000e-010	0.0000e+000
5.230000e+003	2.33413747e-001	-3.16658625e+000	1.28162304e+001	0.00000000e+000	2.6915e+014	1.0000e-010	0.0000e+000
5.240000e+003	2.33415029e-001	-3.16658497e+000	7.68963658e+000	0.00000000e+000	2.6914e+014	1.0000e-010	0.0000e+000
5.250000e+003	2.33415798e-001	-3.16658420e+000	2.56319525e+000	0.00000000e+000	2.6913e+014	1.0000e-010	0.0000e+000
5.260000e+003	2.33416054e-001	-3.16658395e+000	2.56319525e+000	0.00000000e+000	2.6913e+014	1.0000e-010	0.0000e+000
