Y (ang)	Ec (eV)	Ev (eV)	E (V/cm)	Ef (eV)	n (cm-3)	p (cm-3)	Nd - Na (cm-3)
0.000000e+000	-6.40000000e+000	-9.80000000e+000	3.74647495e+007	-7.00000000e+000	1.8691e+008	1.0000e-010	0.0000e+000
1.000000e+001	-2.09352505e+000	-6.19352505e+000	1.16893483e+007	0.00000000e+000	1.2309e+021	1.0000e-010	-1.3848e+020
2.000000e+001	-9.24590216e-001	-5.02459022e+000	4.61643241e+006	0.00000000e+000	3.6156e+020	1.0000e-010	0.0000e+000
3.000000e+001	-4.62946974e-001	-4.56294697e+000	2.10288386e+006	0.00000000e+000	1.2849e+020	1.0000e-010	0.0000e+000
4.000000e+001	-2.52658588e-001	-4.35265859e+000	1.07981364e+006	0.00000000e+000	5.2298e+019	1.0000e-010	0.0000e+000
5.000000e+001	-1.44677225e-001	-4.24467722e+000	6.27305814e+005	0.00000000e+000	2.3132e+019	1.0000e-010	0.0000e+000
6.000000e+001	-8.19466433e-002	-4.18194664e+000	4.18377912e+005	0.00000000e+000	1.0680e+019	1.0000e-010	0.0000e+000
7.000000e+001	-4.01088521e-002	-4.14010885e+000	3.21775174e+005	0.00000000e+000	4.9382e+018	1.0000e-010	0.0000e+000
8.000000e+001	-7.93133464e-003	-4.10793133e+000	2.79232198e+005	0.00000000e+000	2.1747e+018	1.0000e-010	0.0000e+000
9.000000e+001	1.99918852e-002	-4.08000811e+000	2.61620319e+005	0.00000000e+000	9.0029e+017	1.0000e-010	0.0000e+000
1.000000e+002	4.61539171e-002	-4.05384608e+000	2.54651845e+005	0.00000000e+000	3.5622e+017	1.0000e-010	0.0000e+000
1.100000e+002	7.16191016e-002	-4.02838090e+000	2.51959418e+005	0.00000000e+000	1.3763e+017	1.0000e-010	0.0000e+000
1.200000e+002	9.68150434e-002	-4.00318496e+000	2.50929917e+005	0.00000000e+000	5.2627e+016	1.0000e-010	0.0000e+000
1.300000e+002	1.21908035e-001	-3.97809196e+000	2.50536687e+005	0.00000000e+000	2.0101e+016	1.0000e-010	0.0000e+000
1.400000e+002	1.46961704e-001	-3.95303830e+000	2.50387489e+005	0.00000000e+000	7.6268e+015	1.0000e-010	0.0000e+000
1.500000e+002	1.72000453e-001	-3.92799955e+000	2.50330848e+005	0.00000000e+000	2.8954e+015	1.0000e-010	0.0000e+000
1.600000e+002	1.97033538e-001	-3.90296646e+000	2.50309341e+005	0.00000000e+000	1.0994e+015	1.0000e-010	0.0000e+000
1.700000e+002	2.22064472e-001	-3.87793553e+000	2.50301173e+005	0.00000000e+000	4.1751e+014	1.0000e-010	0.0000e+000
1.800000e+002	-3.12905411e-001	-3.71290541e+000	1.51498658e+006	0.00000000e+000	7.1741e+019	1.0000e-010	1.3848e+020
1.900000e+002	-9.14067533e-002	-3.57890675e+000	9.69990169e+005	0.00000000e+000	1.2280e+019	1.0000e-010	-1.6500e+019
2.000000e+002	7.55922636e-002	-3.49940774e+000	6.50130254e+005	0.00000000e+000	1.1838e+017	1.0000e-010	-1.6731e+019
2.100000e+002	2.10605289e-001	-3.45189471e+000	3.25954117e+005	0.00000000e+000	6.5039e+014	1.0000e-010	-1.6963e+019
2.200000e+002	3.13200701e-001	-3.43679930e+000	-4.84145988e+003	0.00000000e+000	1.2293e+013	1.0000e-010	-1.7195e+019
2.300000e+002	3.82716555e-001	-3.45478345e+000	-3.42335027e+005	0.00000000e+000	8.3528e+011	1.0000e-010	-1.7426e+019
2.400000e+002	4.18483052e-001	-3.50651695e+000	-6.86594226e+005	0.00000000e+000	2.0940e+011	1.0000e-010	-1.7658e+019
2.500000e+002	4.19823629e-001	-3.59267637e+000	-1.03768741e+006	0.00000000e+000	1.9882e+011	1.0000e-010	-1.7889e+019
2.600000e+002	-1.73945111e-001	-3.57394511e+000	7.01294477e+005	0.00000000e+000	3.0320e+019	1.0000e-010	1.2036e+020
2.700000e+002	-1.03815664e-001	-3.50381566e+000	4.24463437e+005	0.00000000e+000	1.4534e+019	1.0000e-010	0.0000e+000
2.800000e+002	-6.13693199e-002	-3.46136932e+000	2.80245190e+005	0.00000000e+000	7.5715e+018	1.0000e-010	0.0000e+000
2.900000e+002	-3.33448009e-002	-3.43334480e+000	1.99620195e+005	0.00000000e+000	4.2328e+018	1.0000e-010	0.0000e+000
3.000000e+002	-1.33827814e-002	-3.41338278e+000	1.51273189e+005	0.00000000e+000	2.5382e+018	1.0000e-010	0.0000e+000
3.100000e+002	1.74453751e-003	-3.39825546e+000	1.20259439e+005	0.00000000e+000	1.6282e+018	1.0000e-010	0.0000e+000
3.200000e+002	1.37704814e-002	-3.38622952e+000	9.91420166e+004	0.00000000e+000	1.1087e+018	1.0000e-010	0.0000e+000
3.300000e+002	2.36846831e-002	-3.37631532e+000	8.40268756e+004	0.00000000e+000	7.9355e+017	1.0000e-010	0.0000e+000
3.400000e+002	3.20873706e-002	-3.36791263e+000	7.27569808e+004	0.00000000e+000	5.9167e+017	1.0000e-010	0.0000e+000
3.500000e+002	3.93630687e-002	-3.36063693e+000	6.40698764e+004	0.00000000e+000	4.5607e+017	1.0000e-010	0.0000e+000
3.600000e+002	4.57700563e-002	-3.35422994e+000	5.71886985e+004	0.00000000e+000	3.6126e+017	1.0000e-010	0.0000e+000
3.700000e+002	5.14889262e-002	-3.34851107e+000	5.16138340e+004	0.00000000e+000	2.9268e+017	1.0000e-010	0.0000e+000
3.800000e+002	5.66503096e-002	-3.34334969e+000	4.70114345e+004	0.00000000e+000	2.4163e+017	1.0000e-010	0.0000e+000
3.900000e+002	6.13514530e-002	-3.33864855e+000	4.31509113e+004	0.00000000e+000	2.0268e+017	1.0000e-010	0.0000e+000
4.000000e+002	6.56665442e-002	-3.33433346e+000	3.98683664e+004	0.00000000e+000	1.7233e+017	1.0000e-010	0.0000e+000
4.100000e+002	6.96533808e-002	-3.33034662e+000	3.70443644e+004	0.00000000e+000	1.4826e+017	1.0000e-010	0.0000e+000
4.200000e+002	7.33578172e-002	-3.32664218e+000	3.45899541e+004	0.00000000e+000	1.2886e+017	1.0000e-010	0.0000e+000
4.300000e+002	7.68168127e-002	-3.32318319e+000	3.24376062e+004	0.00000000e+000	1.1300e+017	1.0000e-010	0.0000e+000
4.400000e+002	8.00605733e-002	-3.31993943e+000	3.05351784e+004	0.00000000e+000	9.9878e+016	1.0000e-010	0.0000e+000
4.500000e+002	8.31140911e-002	-3.31688591e+000	2.88417981e+004	0.00000000e+000	8.8903e+016	1.0000e-010	0.0000e+000
4.600000e+002	8.59982709e-002	-3.31400173e+000	2.73249917e+004	0.00000000e+000	7.9633e+016	1.0000e-010	0.0000e+000
4.700000e+002	8.87307701e-002	-3.31126923e+000	2.59586445e+004	0.00000000e+000	7.1733e+016	1.0000e-010	0.0000e+000
4.800000e+002	9.13266346e-002	-3.30867337e+000	2.47215245e+004	0.00000000e+000	6.4949e+016	1.0000e-010	0.0000e+000
4.900000e+002	9.37987870e-002	-3.30620121e+000	2.35961969e+004	0.00000000e+000	5.9080e+016	1.0000e-010	0.0000e+000
5.000000e+002	9.61584067e-002	-3.30384159e+000	2.25682159e+004	0.00000000e+000	5.3969e+016	1.0000e-010	0.0000e+000
5.100000e+002	9.84152283e-002	-3.30158477e+000	2.16255119e+004	0.00000000e+000	4.9492e+016	1.0000e-010	0.0000e+000
5.200000e+002	1.00577779e-001	-3.29942222e+000	2.07579247e+004	0.00000000e+000	4.5548e+016	1.0000e-010	0.0000e+000
5.300000e+002	1.02653572e-001	-3.29734643e+000	1.99568413e+004	0.00000000e+000	4.2057e+016	1.0000e-010	0.0000e+000
5.400000e+002	1.04649256e-001	-3.29535074e+000	1.92103934e+004	0.00000000e+000	3.9189e+016	1.0000e-010	0.0000e+000
5.500000e+002	1.06570295e-001	-3.29342970e+000	1.85174027e+004	0.00000000e+000	3.6382e+016	1.0000e-010	0.0000e+000
5.600000e+002	1.08422036e-001	-3.29157796e+000	1.78723138e+004	0.00000000e+000	3.3867e+016	1.0000e-010	0.0000e+000
5.700000e+002	1.10209267e-001	-3.28979073e+000	1.72703153e+004	0.00000000e+000	3.1605e+016	1.0000e-010	0.0000e+000
5.800000e+002	1.11936299e-001	-3.28806370e+000	1.67072192e+004	0.00000000e+000	2.9563e+016	1.0000e-010	0.0000e+000
5.900000e+002	1.13607021e-001	-3.28639298e+000	1.61793630e+004	0.00000000e+000	2.7713e+016	1.0000e-010	0.0000e+000
6.000000e+002	1.15224957e-001	-3.28477504e+000	1.56835299e+004	0.00000000e+000	2.6031e+016	1.0000e-010	0.0000e+000
6.100000e+002	1.16793310e-001	-3.28320669e+000	1.52168831e+004	0.00000000e+000	2.4499e+016	1.0000e-010	0.0000e+000
6.200000e+002	1.18314998e-001	-3.28168500e+000	1.47769111e+004	0.00000000e+000	2.3099e+016	1.0000e-010	0.0000e+000
6.300000e+002	1.19792689e-001	-3.28020731e+000	1.43613825e+004	0.00000000e+000	2.1815e+016	1.0000e-010	0.0000e+000
6.400000e+002	1.21228827e-001	-3.27877117e+000	1.39683080e+004	0.00000000e+000	2.0636e+016	1.0000e-010	0.0000e+000
6.500000e+002	1.22625658e-001	-3.27737434e+000	1.35959085e+004	0.00000000e+000	1.9551e+016	1.0000e-010	0.0000e+000
6.600000e+002	1.23985249e-001	-3.27601475e+000	1.32425879e+004	0.00000000e+000	1.8549e+016	1.0000e-010	0.0000e+000
6.700000e+002	1.25309508e-001	-3.27469049e+000	1.29069102e+004	0.00000000e+000	1.7623e+016	1.0000e-010	0.0000e+000
6.800000e+002	1.26600199e-001	-3.27339980e+000	1.25875802e+004	0.00000000e+000	1.6765e+016	1.0000e-010	0.0000e+000
6.900000e+002	1.27858957e-001	-3.27214104e+000	1.22834262e+004	0.00000000e+000	1.5968e+016	1.0000e-010	0.0000e+000
7.000000e+002	1.29087300e-001	-3.27091270e+000	1.19933859e+004	0.00000000e+000	1.5227e+016	1.0000e-010	0.0000e+000
7.100000e+002	1.30286638e-001	-3.26971336e+000	1.17164940e+004	0.00000000e+000	1.4537e+016	1.0000e-010	0.0000e+000
7.200000e+002	1.31458288e-001	-3.26854171e+000	1.14518711e+004	0.00000000e+000	1.3893e+016	1.0000e-010	0.0000e+000
7.300000e+002	1.32603475e-001	-3.26739653e+000	1.11987146e+004	0.00000000e+000	1.3291e+016	1.0000e-010	0.0000e+000
7.400000e+002	1.33723346e-001	-3.26627665e+000	1.09562903e+004	0.00000000e+000	1.2727e+016	1.0000e-010	0.0000e+000
7.500000e+002	1.34818975e-001	-3.26518102e+000	1.07239255e+004	0.00000000e+000	1.2199e+016	1.0000e-010	0.0000e+000
7.600000e+002	1.35891368e-001	-3.26410863e+000	1.05010025e+004	0.00000000e+000	1.1703e+016	1.0000e-010	0.0000e+000
7.700000e+002	1.36941468e-001	-3.26305853e+000	1.02869531e+004	0.00000000e+000	1.1238e+016	1.0000e-010	0.0000e+000
7.800000e+002	1.37970163e-001	-3.26202984e+000	1.00812539e+004	0.00000000e+000	1.0799e+016	1.0000e-010	0.0000e+000
7.900000e+002	1.38978289e-001	-3.26102171e+000	9.88342169e+003	0.00000000e+000	1.0386e+016	1.0000e-010	0.0000e+000
8.000000e+002	1.39966631e-001	-3.26003337e+000	9.69301005e+003	0.00000000e+000	9.9966e+015	1.0000e-010	0.0000e+000
8.100000e+002	1.40935932e-001	-3.25906407e+000	9.50960556e+003	0.00000000e+000	9.6288e+015	1.0000e-010	0.0000e+000
8.200000e+002	1.41886892e-001	-3.25811311e+000	9.33282500e+003	0.00000000e+000	9.2810e+015	1.0000e-010	0.0000e+000
8.300000e+002	1.42820175e-001	-3.25717983e+000	9.16231257e+003	0.00000000e+000	8.9519e+015	1.0000e-010	0.0000e+000
8.400000e+002	1.43736406e-001	-3.25626359e+000	8.99773751e+003	0.00000000e+000	8.6402e+015	1.0000e-010	0.0000e+000
8.500000e+002	1.44636180e-001	-3.25536382e+000	8.83879192e+003	0.00000000e+000	8.3447e+015	1.0000e-010	0.0000e+000
8.600000e+002	1.45520059e-001	-3.25447994e+000	8.68518882e+003	0.00000000e+000	8.0642e+015	1.0000e-010	0.0000e+000
8.700000e+002	1.46388578e-001	-3.25361142e+000	8.53666042e+003	0.00000000e+000	7.7978e+015	1.0000e-010	0.0000e+000
8.800000e+002	1.47242244e-001	-3.25275776e+000	8.39295653e+003	0.00000000e+000	7.5445e+015	1.0000e-010	0.0000e+000
8.900000e+002	1.48081540e-001	-3.25191846e+000	8.25384313e+003	0.00000000e+000	7.3035e+015	1.0000e-010	0.0000e+000
9.000000e+002	1.48906924e-001	-3.25109308e+000	8.11910109e+003	0.00000000e+000	7.0740e+015	1.0000e-010	0.0000e+000
9.100000e+002	1.49718834e-001	-3.25028117e+000	7.98852501e+003	0.00000000e+000	6.8553e+015	1.0000e-010	0.0000e+000
9.200000e+002	1.50517687e-001	-3.24948231e+000	7.86192216e+003	0.00000000e+000	6.6467e+015	1.0000e-010	0.0000e+000
9.300000e+002	1.51303879e-001	-3.24869612e+000	7.73911151e+003	0.00000000e+000	6.4476e+015	1.0000e-010	0.0000e+000
9.400000e+002	1.52077790e-001	-3.24792221e+000	7.61992286e+003	0.00000000e+000	6.2574e+015	1.0000e-010	0.0000e+000
9.500000e+002	1.52839782e-001	-3.24716022e+000	7.50419604e+003	0.00000000e+000	6.0757e+015	1.0000e-010	0.0000e+000
9.600000e+002	1.53590202e-001	-3.24640980e+000	7.39178021e+003	0.00000000e+000	5.9018e+015	1.0000e-010	0.0000e+000
9.700000e+002	1.54329380e-001	-3.24567062e+000	7.28253313e+003	0.00000000e+000	5.7355e+015	1.0000e-010	0.0000e+000
9.800000e+002	1.55057633e-001	-3.24494237e+000	7.17632061e+003	0.00000000e+000	5.5762e+015	1.0000e-010	0.0000e+000
9.900000e+002	1.55775265e-001	-3.24422473e+000	7.07301592e+003	0.00000000e+000	5.4235e+015	1.0000e-010	0.0000e+000
1.000000e+003	1.56482567e-001	-3.24351743e+000	6.97249930e+003	0.00000000e+000	5.2771e+015	1.0000e-010	0.0000e+000
1.010000e+003	1.57179817e-001	-3.24282018e+000	6.87465747e+003	0.00000000e+000	5.1367e+015	1.0000e-010	0.0000e+000
1.020000e+003	1.57867283e-001	-3.24213272e+000	6.77938319e+003	0.00000000e+000	5.0019e+015	1.0000e-010	0.0000e+000
1.030000e+003	1.58545221e-001	-3.24145478e+000	6.68657489e+003	0.00000000e+000	4.8725e+015	1.0000e-010	0.0000e+000
1.040000e+003	1.59213878e-001	-3.24078612e+000	6.59613629e+003	0.00000000e+000	4.7480e+015	1.0000e-010	0.0000e+000
1.050000e+003	1.59873492e-001	-3.24012651e+000	6.50797604e+003	0.00000000e+000	4.6284e+015	1.0000e-010	0.0000e+000
1.060000e+003	1.60524290e-001	-3.23947571e+000	6.42200743e+003	0.00000000e+000	4.5134e+015	1.0000e-010	0.0000e+000
1.070000e+003	1.61166490e-001	-3.23883351e+000	6.33814810e+003	0.00000000e+000	4.4026e+015	1.0000e-010	0.0000e+000
1.080000e+003	1.61800305e-001	-3.23819969e+000	6.25631976e+003	0.00000000e+000	4.2960e+015	1.0000e-010	0.0000e+000
1.090000e+003	1.62425937e-001	-3.23757406e+000	6.17644793e+003	0.00000000e+000	4.1933e+015	1.0000e-010	0.0000e+000
1.100000e+003	1.63043582e-001	-3.23695642e+000	6.09846175e+003	0.00000000e+000	4.0943e+015	1.0000e-010	0.0000e+000
1.110000e+003	1.63653428e-001	-3.23634657e+000	6.02229373e+003	0.00000000e+000	3.9988e+015	1.0000e-010	0.0000e+000
1.120000e+003	1.64255657e-001	-3.23574434e+000	5.94787956e+003	0.00000000e+000	3.9068e+015	1.0000e-010	0.0000e+000
1.130000e+003	1.64850445e-001	-3.23514955e+000	5.87515792e+003	0.00000000e+000	3.8179e+015	1.0000e-010	0.0000e+000
1.140000e+003	1.65437961e-001	-3.23456204e+000	5.80407033e+003	0.00000000e+000	3.7321e+015	1.0000e-010	0.0000e+000
1.150000e+003	1.66018368e-001	-3.23398163e+000	5.73456095e+003	0.00000000e+000	3.6493e+015	1.0000e-010	0.0000e+000
1.160000e+003	1.66591824e-001	-3.23340818e+000	5.66657647e+003	0.00000000e+000	3.5692e+015	1.0000e-010	0.0000e+000
1.170000e+003	1.67158482e-001	-3.23284152e+000	5.60006596e+003	0.00000000e+000	3.4918e+015	1.0000e-010	0.0000e+000
1.180000e+003	1.67718489e-001	-3.23228151e+000	5.53498070e+003	0.00000000e+000	3.4170e+015	1.0000e-010	0.0000e+000
1.190000e+003	1.68271987e-001	-3.23172801e+000	5.47127412e+003	0.00000000e+000	3.3446e+015	1.0000e-010	0.0000e+000
1.200000e+003	1.68819114e-001	-3.23118089e+000	5.40890166e+003	0.00000000e+000	3.2746e+015	1.0000e-010	0.0000e+000
1.210000e+003	1.69360004e-001	-3.23064000e+000	5.34782062e+003	0.00000000e+000	3.2068e+015	1.0000e-010	0.0000e+000
1.220000e+003	1.69894786e-001	-3.23010521e+000	5.28799015e+003	0.00000000e+000	3.1411e+015	1.0000e-010	0.0000e+000
1.230000e+003	1.70423585e-001	-3.22957641e+000	5.22937108e+003	0.00000000e+000	3.0775e+015	1.0000e-010	0.0000e+000
1.240000e+003	1.70946522e-001	-3.22905348e+000	5.17192584e+003	0.00000000e+000	3.0159e+015	1.0000e-010	0.0000e+000
1.250000e+003	1.71463715e-001	-3.22853629e+000	5.11561843e+003	0.00000000e+000	2.9561e+015	1.0000e-010	0.0000e+000
1.260000e+003	1.71975277e-001	-3.22802472e+000	5.06041428e+003	0.00000000e+000	2.8982e+015	1.0000e-010	0.0000e+000
1.270000e+003	1.72481318e-001	-3.22751868e+000	5.00628022e+003	0.00000000e+000	2.8420e+015	1.0000e-010	0.0000e+000
1.280000e+003	1.72981946e-001	-3.22701805e+000	4.95318439e+003	0.00000000e+000	2.7875e+015	1.0000e-010	0.0000e+000
1.290000e+003	1.73477265e-001	-3.22652274e+000	4.90109619e+003	0.00000000e+000	2.7346e+015	1.0000e-010	0.0000e+000
1.300000e+003	1.73967374e-001	-3.22603263e+000	4.84998618e+003	0.00000000e+000	2.6833e+015	1.0000e-010	0.0000e+000
1.310000e+003	1.74452373e-001	-3.22554763e+000	4.79982609e+003	0.00000000e+000	2.6334e+015	1.0000e-010	0.0000e+000
1.320000e+003	1.74932356e-001	-3.22506764e+000	4.75058871e+003	0.00000000e+000	2.5850e+015	1.0000e-010	0.0000e+000
1.330000e+003	1.75407414e-001	-3.22459259e+000	4.70224786e+003	0.00000000e+000	2.5379e+015	1.0000e-010	0.0000e+000
1.340000e+003	1.75877639e-001	-3.22412236e+000	4.65477833e+003	0.00000000e+000	2.4922e+015	1.0000e-010	0.0000e+000
1.350000e+003	1.76343117e-001	-3.22365688e+000	4.60815587e+003	0.00000000e+000	2.4477e+015	1.0000e-010	0.0000e+000
1.360000e+003	1.76803933e-001	-3.22319607e+000	4.56235710e+003	0.00000000e+000	2.4044e+015	1.0000e-010	0.0000e+000
1.370000e+003	1.77260168e-001	-3.22273983e+000	4.51735950e+003	0.00000000e+000	2.3624e+015	1.0000e-010	0.0000e+000
1.380000e+003	1.77711904e-001	-3.22228810e+000	4.47314135e+003	0.00000000e+000	2.3215e+015	1.0000e-010	0.0000e+000
1.390000e+003	1.78159218e-001	-3.22184078e+000	4.42968172e+003	0.00000000e+000	2.2816e+015	1.0000e-010	0.0000e+000
1.400000e+003	1.78602187e-001	-3.22139781e+000	4.38696041e+003	0.00000000e+000	2.2429e+015	1.0000e-010	0.0000e+000
1.410000e+003	1.79040883e-001	-3.22095912e+000	4.34495796e+003	0.00000000e+000	2.2051e+015	1.0000e-010	0.0000e+000
1.420000e+003	1.79475378e-001	-3.22052462e+000	4.30365554e+003	0.00000000e+000	2.1684e+015	1.0000e-010	0.0000e+000
1.430000e+003	1.79905744e-001	-3.22009426e+000	4.26303500e+003	0.00000000e+000	2.1326e+015	1.0000e-010	0.0000e+000
1.440000e+003	1.80332047e-001	-3.21966795e+000	4.22307881e+003	0.00000000e+000	2.0977e+015	1.0000e-010	0.0000e+000
1.450000e+003	1.80754355e-001	-3.21924564e+000	4.18377002e+003	0.00000000e+000	2.0637e+015	1.0000e-010	0.0000e+000
1.460000e+003	1.81172732e-001	-3.21882727e+000	4.14509227e+003	0.00000000e+000	2.0306e+015	1.0000e-010	0.0000e+000
1.470000e+003	1.81587242e-001	-3.21841276e+000	4.10702974e+003	0.00000000e+000	1.9983e+015	1.0000e-010	0.0000e+000
1.480000e+003	1.81997945e-001	-3.21800206e+000	4.06956711e+003	0.00000000e+000	1.9668e+015	1.0000e-010	0.0000e+000
1.490000e+003	1.82404901e-001	-3.21759510e+000	4.03268959e+003	0.00000000e+000	1.9361e+015	1.0000e-010	0.0000e+000
1.500000e+003	1.82808170e-001	-3.21719183e+000	3.99638287e+003	0.00000000e+000	1.9061e+015	1.0000e-010	0.0000e+000
1.510000e+003	1.83207809e-001	-3.21679219e+000	3.96063309e+003	0.00000000e+000	1.8769e+015	1.0000e-010	0.0000e+000
1.520000e+003	1.83603872e-001	-3.21639613e+000	3.92542683e+003	0.00000000e+000	1.8483e+015	1.0000e-010	0.0000e+000
1.530000e+003	1.83996415e-001	-3.21600359e+000	3.89075112e+003	0.00000000e+000	1.8205e+015	1.0000e-010	0.0000e+000
1.540000e+003	1.84385490e-001	-3.21561451e+000	3.85659337e+003	0.00000000e+000	1.7933e+015	1.0000e-010	0.0000e+000
1.550000e+003	1.84771149e-001	-3.21522885e+000	3.82294141e+003	0.00000000e+000	1.7667e+015	1.0000e-010	0.0000e+000
1.560000e+003	1.85153443e-001	-3.21484656e+000	3.78978342e+003	0.00000000e+000	1.7408e+015	1.0000e-010	0.0000e+000
1.570000e+003	1.85532421e-001	-3.21446758e+000	3.75710797e+003	0.00000000e+000	1.7155e+015	1.0000e-010	0.0000e+000
1.580000e+003	1.85908132e-001	-3.21409187e+000	3.72490396e+003	0.00000000e+000	1.6907e+015	1.0000e-010	0.0000e+000
1.590000e+003	1.86280623e-001	-3.21371938e+000	3.69316063e+003	0.00000000e+000	1.6665e+015	1.0000e-010	0.0000e+000
1.600000e+003	1.86649939e-001	-3.21335006e+000	3.66186757e+003	0.00000000e+000	1.6429e+015	1.0000e-010	0.0000e+000
1.610000e+003	1.87016125e-001	-3.21298387e+000	3.63101463e+003	0.00000000e+000	1.6198e+015	1.0000e-010	0.0000e+000
1.620000e+003	1.87379227e-001	-3.21262077e+000	3.60059201e+003	0.00000000e+000	1.5972e+015	1.0000e-010	0.0000e+000
1.630000e+003	1.87739286e-001	-3.21226071e+000	3.57059017e+003	0.00000000e+000	1.5751e+015	1.0000e-010	0.0000e+000
1.640000e+003	1.88096345e-001	-3.21190365e+000	3.54099986e+003	0.00000000e+000	1.5535e+015	1.0000e-010	0.0000e+000
1.650000e+003	1.88450445e-001	-3.21154955e+000	3.51181208e+003	0.00000000e+000	1.5324e+015	1.0000e-010	0.0000e+000
1.660000e+003	1.88801626e-001	-3.21119837e+000	3.48301813e+003	0.00000000e+000	1.5117e+015	1.0000e-010	0.0000e+000
1.670000e+003	1.89149928e-001	-3.21085007e+000	3.45460950e+003	0.00000000e+000	1.4915e+015	1.0000e-010	0.0000e+000
1.680000e+003	1.89495389e-001	-3.21050461e+000	3.42657798e+003	0.00000000e+000	1.4717e+015	1.0000e-010	0.0000e+000
1.690000e+003	1.89838047e-001	-3.21016195e+000	3.39891556e+003	0.00000000e+000	1.4523e+015	1.0000e-010	0.0000e+000
1.700000e+003	1.90177938e-001	-3.20982206e+000	3.37161445e+003	0.00000000e+000	1.4333e+015	1.0000e-010	0.0000e+000
1.710000e+003	1.90515100e-001	-3.20948490e+000	3.34466708e+003	0.00000000e+000	1.4147e+015	1.0000e-010	0.0000e+000
1.720000e+003	1.90849567e-001	-3.20915043e+000	3.31806611e+003	0.00000000e+000	1.3966e+015	1.0000e-010	0.0000e+000
1.730000e+003	1.91181373e-001	-3.20881863e+000	3.29180438e+003	0.00000000e+000	1.3787e+015	1.0000e-010	0.0000e+000
1.740000e+003	1.91510554e-001	-3.20848945e+000	3.26587493e+003	0.00000000e+000	1.3613e+015	1.0000e-010	0.0000e+000
1.750000e+003	1.91837141e-001	-3.20816286e+000	3.24027098e+003	0.00000000e+000	1.3442e+015	1.0000e-010	0.0000e+000
1.760000e+003	1.92161168e-001	-3.20783883e+000	3.21498595e+003	0.00000000e+000	1.3275e+015	1.0000e-010	0.0000e+000
1.770000e+003	1.92482667e-001	-3.20751733e+000	3.19001341e+003	0.00000000e+000	1.3111e+015	1.0000e-010	0.0000e+000
1.780000e+003	1.92801668e-001	-3.20719833e+000	3.16534714e+003	0.00000000e+000	1.2950e+015	1.0000e-010	0.0000e+000
1.790000e+003	1.93118203e-001	-3.20688180e+000	3.14098104e+003	0.00000000e+000	1.2792e+015	1.0000e-010	0.0000e+000
1.800000e+003	1.93432301e-001	-3.20656770e+000	3.11690919e+003	0.00000000e+000	1.2638e+015	1.0000e-010	0.0000e+000
1.810000e+003	1.93743992e-001	-3.20625601e+000	3.09312583e+003	0.00000000e+000	1.2486e+015	1.0000e-010	0.0000e+000
1.820000e+003	1.94053304e-001	-3.20594670e+000	3.06962533e+003	0.00000000e+000	1.2338e+015	1.0000e-010	0.0000e+000
1.830000e+003	1.94360267e-001	-3.20563973e+000	3.04640223e+003	0.00000000e+000	1.2192e+015	1.0000e-010	0.0000e+000
1.840000e+003	1.94664907e-001	-3.20533509e+000	3.02345118e+003	0.00000000e+000	1.2049e+015	1.0000e-010	0.0000e+000
1.850000e+003	1.94967252e-001	-3.20503275e+000	3.00076698e+003	0.00000000e+000	1.1909e+015	1.0000e-010	0.0000e+000
1.860000e+003	1.95267329e-001	-3.20473267e+000	2.97834457e+003	0.00000000e+000	1.1772e+015	1.0000e-010	0.0000e+000
1.870000e+003	1.95565164e-001	-3.20443484e+000	2.95617900e+003	0.00000000e+000	1.1637e+015	1.0000e-010	0.0000e+000
1.880000e+003	1.95860781e-001	-3.20413922e+000	2.93426545e+003	0.00000000e+000	1.1505e+015	1.0000e-010	0.0000e+000
1.890000e+003	1.96154208e-001	-3.20384579e+000	2.91259922e+003	0.00000000e+000	1.1375e+015	1.0000e-010	0.0000e+000
1.900000e+003	1.96445468e-001	-3.20355453e+000	2.89117572e+003	0.00000000e+000	1.1247e+015	1.0000e-010	0.0000e+000
1.910000e+003	1.96734585e-001	-3.20326541e+000	2.86999048e+003	0.00000000e+000	1.1122e+015	1.0000e-010	0.0000e+000
1.920000e+003	1.97021585e-001	-3.20297842e+000	2.84903912e+003	0.00000000e+000	1.0999e+015	1.0000e-010	0.0000e+000
1.930000e+003	1.97306488e-001	-3.20269351e+000	2.82831740e+003	0.00000000e+000	1.0879e+015	1.0000e-010	0.0000e+000
1.940000e+003	1.97589320e-001	-3.20241068e+000	2.80782114e+003	0.00000000e+000	1.0761e+015	1.0000e-010	0.0000e+000
1.950000e+003	1.97870102e-001	-3.20212990e+000	2.78754629e+003	0.00000000e+000	1.0644e+015	1.0000e-010	0.0000e+000
1.960000e+003	1.98148857e-001	-3.20185114e+000	2.76748889e+003	0.00000000e+000	1.0530e+015	1.0000e-010	0.0000e+000
1.970000e+003	1.98425606e-001	-3.20157439e+000	2.74764505e+003	0.00000000e+000	1.0418e+015	1.0000e-010	0.0000e+000
1.980000e+003	1.98700370e-001	-3.20129963e+000	2.72801101e+003	0.00000000e+000	1.0308e+015	1.0000e-010	0.0000e+000
1.990000e+003	1.98973171e-001	-3.20102683e+000	2.70858307e+003	0.00000000e+000	1.0200e+015	1.0000e-010	0.0000e+000
2.000000e+003	1.99244030e-001	-3.20075597e+000	2.68935761e+003	0.00000000e+000	1.0093e+015	1.0000e-010	0.0000e+000
2.010000e+003	1.99512965e-001	-3.20048703e+000	2.67033112e+003	0.00000000e+000	9.9889e+014	1.0000e-010	0.0000e+000
2.020000e+003	1.99779999e-001	-3.20022000e+000	2.65150015e+003	0.00000000e+000	9.8863e+014	1.0000e-010	0.0000e+000
2.030000e+003	2.00045149e-001	-3.19995485e+000	2.63286132e+003	0.00000000e+000	9.7854e+014	1.0000e-010	0.0000e+000
2.040000e+003	2.00308435e-001	-3.19969157e+000	2.61441136e+003	0.00000000e+000	9.6863e+014	1.0000e-010	0.0000e+000
2.050000e+003	2.00569876e-001	-3.19943012e+000	2.59614705e+003	0.00000000e+000	9.5888e+014	1.0000e-010	0.0000e+000
2.060000e+003	2.00829491e-001	-3.19917051e+000	2.57806523e+003	0.00000000e+000	9.4930e+014	1.0000e-010	0.0000e+000
2.070000e+003	2.01087297e-001	-3.19891270e+000	2.56016284e+003	0.00000000e+000	9.3988e+014	1.0000e-010	0.0000e+000
2.080000e+003	2.01343313e-001	-3.19865669e+000	2.54243686e+003	0.00000000e+000	9.3062e+014	1.0000e-010	0.0000e+000
2.090000e+003	2.01597557e-001	-3.19840244e+000	2.52488436e+003	0.00000000e+000	9.2151e+014	1.0000e-010	0.0000e+000
2.100000e+003	2.01850045e-001	-3.19814995e+000	2.50750245e+003	0.00000000e+000	9.1255e+014	1.0000e-010	0.0000e+000
2.110000e+003	2.02100796e-001	-3.19789920e+000	2.49028832e+003	0.00000000e+000	9.0374e+014	1.0000e-010	0.0000e+000
2.120000e+003	2.02349825e-001	-3.19765018e+000	2.47323921e+003	0.00000000e+000	8.9508e+014	1.0000e-010	0.0000e+000
2.130000e+003	2.02597148e-001	-3.19740285e+000	2.45635244e+003	0.00000000e+000	8.8656e+014	1.0000e-010	0.0000e+000
2.140000e+003	2.02842784e-001	-3.19715722e+000	2.43962535e+003	0.00000000e+000	8.7817e+014	1.0000e-010	0.0000e+000
2.150000e+003	2.03086746e-001	-3.19691325e+000	2.42305538e+003	0.00000000e+000	8.6993e+014	1.0000e-010	0.0000e+000
2.160000e+003	2.03329052e-001	-3.19667095e+000	2.40663999e+003	0.00000000e+000	8.6181e+014	1.0000e-010	0.0000e+000
2.170000e+003	2.03569716e-001	-3.19643028e+000	2.39037670e+003	0.00000000e+000	8.5383e+014	1.0000e-010	0.0000e+000
2.180000e+003	2.03808753e-001	-3.19619125e+000	2.37426310e+003	0.00000000e+000	8.4597e+014	1.0000e-010	0.0000e+000
2.190000e+003	2.04046180e-001	-3.19595382e+000	2.35829681e+003	0.00000000e+000	8.3823e+014	1.0000e-010	0.0000e+000
2.200000e+003	2.04282009e-001	-3.19571799e+000	2.34247551e+003	0.00000000e+000	8.3062e+014	1.0000e-010	0.0000e+000
2.210000e+003	2.04516257e-001	-3.19548374e+000	2.32679691e+003	0.00000000e+000	8.2313e+014	1.0000e-010	0.0000e+000
2.220000e+003	2.04748937e-001	-3.19525106e+000	2.31125880e+003	0.00000000e+000	8.1575e+014	1.0000e-010	0.0000e+000
2.230000e+003	2.04980063e-001	-3.19501994e+000	2.29585899e+003	0.00000000e+000	8.0849e+014	1.0000e-010	0.0000e+000
2.240000e+003	2.05209648e-001	-3.19479035e+000	2.28059533e+003	0.00000000e+000	8.0134e+014	1.0000e-010	0.0000e+000
2.250000e+003	2.05437708e-001	-3.19456229e+000	2.26546573e+003	0.00000000e+000	7.9431e+014	1.0000e-010	0.0000e+000
2.260000e+003	2.05664255e-001	-3.19433575e+000	2.25046814e+003	0.00000000e+000	7.8738e+014	1.0000e-010	0.0000e+000
2.270000e+003	2.05889301e-001	-3.19411070e+000	2.23560053e+003	0.00000000e+000	7.8055e+014	1.0000e-010	0.0000e+000
2.280000e+003	2.06112861e-001	-3.19388714e+000	2.22086095e+003	0.00000000e+000	7.7383e+014	1.0000e-010	0.0000e+000
2.290000e+003	2.06334948e-001	-3.19366505e+000	2.20624744e+003	0.00000000e+000	7.6721e+014	1.0000e-010	0.0000e+000
2.300000e+003	2.06555572e-001	-3.19344443e+000	2.19175812e+003	0.00000000e+000	7.6069e+014	1.0000e-010	0.0000e+000
2.310000e+003	2.06774748e-001	-3.19322525e+000	2.17739112e+003	0.00000000e+000	7.5427e+014	1.0000e-010	0.0000e+000
2.320000e+003	2.06992487e-001	-3.19300751e+000	2.16314462e+003	0.00000000e+000	7.4794e+014	1.0000e-010	0.0000e+000
2.330000e+003	2.07208802e-001	-3.19279120e+000	2.14901682e+003	0.00000000e+000	7.4171e+014	1.0000e-010	0.0000e+000
2.340000e+003	2.07423703e-001	-3.19257630e+000	2.13500598e+003	0.00000000e+000	7.3557e+014	1.0000e-010	0.0000e+000
2.350000e+003	2.07637204e-001	-3.19236280e+000	2.12111038e+003	0.00000000e+000	7.2952e+014	1.0000e-010	0.0000e+000
2.360000e+003	2.07849315e-001	-3.19215068e+000	2.10732832e+003	0.00000000e+000	7.2356e+014	1.0000e-010	0.0000e+000
2.370000e+003	2.08060048e-001	-3.19193995e+000	2.09365815e+003	0.00000000e+000	7.1769e+014	1.0000e-010	0.0000e+000
2.380000e+003	2.08269414e-001	-3.19173059e+000	2.08009824e+003	0.00000000e+000	7.1190e+014	1.0000e-010	0.0000e+000
2.390000e+003	2.08477423e-001	-3.19152258e+000	2.06664699e+003	0.00000000e+000	7.0619e+014	1.0000e-010	0.0000e+000
2.400000e+003	2.08684088e-001	-3.19131591e+000	2.05330285e+003	0.00000000e+000	7.0057e+014	1.0000e-010	0.0000e+000
2.410000e+003	2.08889418e-001	-3.19111058e+000	2.04006428e+003	0.00000000e+000	6.9503e+014	1.0000e-010	0.0000e+000
2.420000e+003	2.09093425e-001	-3.19090658e+000	2.02692977e+003	0.00000000e+000	6.8956e+014	1.0000e-010	0.0000e+000
2.430000e+003	2.09296118e-001	-3.19070388e+000	2.01389783e+003	0.00000000e+000	6.8418e+014	1.0000e-010	0.0000e+000
2.440000e+003	2.09497508e-001	-3.19050249e+000	2.00096702e+003	0.00000000e+000	6.7887e+014	1.0000e-010	0.0000e+000
2.450000e+003	2.09697604e-001	-3.19030240e+000	1.98813591e+003	0.00000000e+000	6.7364e+014	1.0000e-010	0.0000e+000
2.460000e+003	2.09896418e-001	-3.19010358e+000	1.97540310e+003	0.00000000e+000	6.6847e+014	1.0000e-010	0.0000e+000
2.470000e+003	2.10093958e-001	-3.18990604e+000	1.96276721e+003	0.00000000e+000	6.6339e+014	1.0000e-010	0.0000e+000
2.480000e+003	2.10290235e-001	-3.18970977e+000	1.95022689e+003	0.00000000e+000	6.5837e+014	1.0000e-010	0.0000e+000
2.490000e+003	2.10485258e-001	-3.18951474e+000	1.93778082e+003	0.00000000e+000	6.5342e+014	1.0000e-010	0.0000e+000
2.500000e+003	2.10679036e-001	-3.18932096e+000	1.92542769e+003	0.00000000e+000	6.4854e+014	1.0000e-010	0.0000e+000
2.510000e+003	2.10871579e-001	-3.18912842e+000	1.91316623e+003	0.00000000e+000	6.4373e+014	1.0000e-010	0.0000e+000
2.520000e+003	2.11062895e-001	-3.18893710e+000	1.90099517e+003	0.00000000e+000	6.3898e+014	1.0000e-010	0.0000e+000
2.530000e+003	2.11252995e-001	-3.18874701e+000	1.88891328e+003	0.00000000e+000	6.3430e+014	1.0000e-010	0.0000e+000
2.540000e+003	2.11441886e-001	-3.18855811e+000	1.87691935e+003	0.00000000e+000	6.2968e+014	1.0000e-010	0.0000e+000
2.550000e+003	2.11629578e-001	-3.18837042e+000	1.86501218e+003	0.00000000e+000	6.2513e+014	1.0000e-010	0.0000e+000
2.560000e+003	2.11816079e-001	-3.18818392e+000	1.85319060e+003	0.00000000e+000	6.2063e+014	1.0000e-010	0.0000e+000
2.570000e+003	2.12001398e-001	-3.18799860e+000	1.84145347e+003	0.00000000e+000	6.1620e+014	1.0000e-010	0.0000e+000
2.580000e+003	2.12185544e-001	-3.18781446e+000	1.82979963e+003	0.00000000e+000	6.1183e+014	1.0000e-010	0.0000e+000
2.590000e+003	2.12368524e-001	-3.18763148e+000	1.81822800e+003	0.00000000e+000	6.0751e+014	1.0000e-010	0.0000e+000
2.600000e+003	2.12550346e-001	-3.18744965e+000	1.80673746e+003	0.00000000e+000	6.0325e+014	1.0000e-010	0.0000e+000
2.610000e+003	2.12731020e-001	-3.18726898e+000	1.79532695e+003	0.00000000e+000	5.9905e+014	1.0000e-010	0.0000e+000
2.620000e+003	2.12910553e-001	-3.18708945e+000	1.78399541e+003	0.00000000e+000	5.9491e+014	1.0000e-010	0.0000e+000
2.630000e+003	2.13088952e-001	-3.18691105e+000	1.77274179e+003	0.00000000e+000	5.9082e+014	1.0000e-010	0.0000e+000
2.640000e+003	2.13266226e-001	-3.18673377e+000	1.76156508e+003	0.00000000e+000	5.8678e+014	1.0000e-010	0.0000e+000
2.650000e+003	2.13442383e-001	-3.18655762e+000	1.75046427e+003	0.00000000e+000	5.8279e+014	1.0000e-010	0.0000e+000
2.660000e+003	2.13617429e-001	-3.18638257e+000	1.73943837e+003	0.00000000e+000	5.7886e+014	1.0000e-010	0.0000e+000
2.670000e+003	2.13791373e-001	-3.18620863e+000	1.72848641e+003	0.00000000e+000	5.7498e+014	1.0000e-010	0.0000e+000
2.680000e+003	2.13964222e-001	-3.18603578e+000	1.71760743e+003	0.00000000e+000	5.7115e+014	1.0000e-010	0.0000e+000
2.690000e+003	2.14135983e-001	-3.18586402e+000	1.70680049e+003	0.00000000e+000	5.6737e+014	1.0000e-010	0.0000e+000
2.700000e+003	2.14306663e-001	-3.18569334e+000	1.69606466e+003	0.00000000e+000	5.6363e+014	1.0000e-010	0.0000e+000
2.710000e+003	2.14476269e-001	-3.18552373e+000	1.68539904e+003	0.00000000e+000	5.5995e+014	1.0000e-010	0.0000e+000
2.720000e+003	2.14644809e-001	-3.18535519e+000	1.67480272e+003	0.00000000e+000	5.5631e+014	1.0000e-010	0.0000e+000
2.730000e+003	2.14812289e-001	-3.18518771e+000	1.66427484e+003	0.00000000e+000	5.5272e+014	1.0000e-010	0.0000e+000
2.740000e+003	2.14978717e-001	-3.18502128e+000	1.65381450e+003	0.00000000e+000	5.4917e+014	1.0000e-010	0.0000e+000
2.750000e+003	2.15144098e-001	-3.18485590e+000	1.64342088e+003	0.00000000e+000	5.4567e+014	1.0000e-010	0.0000e+000
2.760000e+003	2.15308440e-001	-3.18469156e+000	1.63309311e+003	0.00000000e+000	5.4221e+014	1.0000e-010	0.0000e+000
2.770000e+003	2.15471750e-001	-3.18452825e+000	1.62283038e+003	0.00000000e+000	5.3879e+014	1.0000e-010	0.0000e+000
2.780000e+003	2.15634033e-001	-3.18436597e+000	1.61263188e+003	0.00000000e+000	5.3542e+014	1.0000e-010	0.0000e+000
2.790000e+003	2.15795296e-001	-3.18420470e+000	1.60249679e+003	0.00000000e+000	5.3209e+014	1.0000e-010	0.0000e+000
2.800000e+003	2.15955546e-001	-3.18404445e+000	1.59242433e+003	0.00000000e+000	5.2881e+014	1.0000e-010	0.0000e+000
2.810000e+003	2.16114788e-001	-3.18388521e+000	1.58241373e+003	0.00000000e+000	5.2556e+014	1.0000e-010	0.0000e+000
2.820000e+003	2.16273029e-001	-3.18372697e+000	1.57246421e+003	0.00000000e+000	5.2235e+014	1.0000e-010	0.0000e+000
2.830000e+003	2.16430276e-001	-3.18356972e+000	1.56257503e+003	0.00000000e+000	5.1918e+014	1.0000e-010	0.0000e+000
2.840000e+003	2.16586533e-001	-3.18341347e+000	1.55274544e+003	0.00000000e+000	5.1605e+014	1.0000e-010	0.0000e+000
2.850000e+003	2.16741808e-001	-3.18325819e+000	1.54297472e+003	0.00000000e+000	5.1296e+014	1.0000e-010	0.0000e+000
2.860000e+003	2.16896105e-001	-3.18310389e+000	1.53326214e+003	0.00000000e+000	5.0991e+014	1.0000e-010	0.0000e+000
2.870000e+003	2.17049432e-001	-3.18295057e+000	1.52360699e+003	0.00000000e+000	5.0690e+014	1.0000e-010	0.0000e+000
2.880000e+003	2.17201792e-001	-3.18279821e+000	1.51400858e+003	0.00000000e+000	5.0392e+014	1.0000e-010	0.0000e+000
2.890000e+003	2.17353193e-001	-3.18264681e+000	1.50446621e+003	0.00000000e+000	5.0098e+014	1.0000e-010	0.0000e+000
2.900000e+003	2.17503640e-001	-3.18249636e+000	1.49497922e+003	0.00000000e+000	4.9807e+014	1.0000e-010	0.0000e+000
2.910000e+003	2.17653138e-001	-3.18234686e+000	1.48554693e+003	0.00000000e+000	4.9520e+014	1.0000e-010	0.0000e+000
2.920000e+003	2.17801692e-001	-3.18219831e+000	1.47616869e+003	0.00000000e+000	4.9236e+014	1.0000e-010	0.0000e+000
2.930000e+003	2.17949309e-001	-3.18205069e+000	1.46684384e+003	0.00000000e+000	4.8956e+014	1.0000e-010	0.0000e+000
2.940000e+003	2.18095994e-001	-3.18190401e+000	1.45757175e+003	0.00000000e+000	4.8679e+014	1.0000e-010	0.0000e+000
2.950000e+003	2.18241751e-001	-3.18175825e+000	1.44835180e+003	0.00000000e+000	4.8405e+014	1.0000e-010	0.0000e+000
2.960000e+003	2.18386586e-001	-3.18161341e+000	1.43918335e+003	0.00000000e+000	4.8134e+014	1.0000e-010	0.0000e+000
2.970000e+003	2.18530504e-001	-3.18146950e+000	1.43006580e+003	0.00000000e+000	4.7867e+014	1.0000e-010	0.0000e+000
2.980000e+003	2.18673511e-001	-3.18132649e+000	1.42099855e+003	0.00000000e+000	4.7603e+014	1.0000e-010	0.0000e+000
2.990000e+003	2.18815611e-001	-3.18118439e+000	1.41198101e+003	0.00000000e+000	4.7342e+014	1.0000e-010	0.0000e+000
3.000000e+003	2.18956809e-001	-3.18104319e+000	1.40301258e+003	0.00000000e+000	4.7084e+014	1.0000e-010	0.0000e+000
3.010000e+003	2.19097110e-001	-3.18090289e+000	1.39409269e+003	0.00000000e+000	4.6830e+014	1.0000e-010	0.0000e+000
3.020000e+003	2.19236519e-001	-3.18076348e+000	1.38522077e+003	0.00000000e+000	4.6578e+014	1.0000e-010	0.0000e+000
3.030000e+003	2.19375041e-001	-3.18062496e+000	1.37639627e+003	0.00000000e+000	4.6329e+014	1.0000e-010	0.0000e+000
3.040000e+003	2.19512681e-001	-3.18048732e+000	1.36761862e+003	0.00000000e+000	4.6083e+014	1.0000e-010	0.0000e+000
3.050000e+003	2.19649443e-001	-3.18035056e+000	1.35888728e+003	0.00000000e+000	4.5840e+014	1.0000e-010	0.0000e+000
3.060000e+003	2.19785332e-001	-3.18021467e+000	1.35020172e+003	0.00000000e+000	4.5599e+014	1.0000e-010	0.0000e+000
3.070000e+003	2.19920352e-001	-3.18007965e+000	1.34156141e+003	0.00000000e+000	4.5362e+014	1.0000e-010	0.0000e+000
3.080000e+003	2.20054508e-001	-3.17994549e+000	1.33296581e+003	0.00000000e+000	4.5127e+014	1.0000e-010	0.0000e+000
3.090000e+003	2.20187804e-001	-3.17981220e+000	1.32441443e+003	0.00000000e+000	4.4895e+014	1.0000e-010	0.0000e+000
3.100000e+003	2.20320246e-001	-3.17967975e+000	1.31590674e+003	0.00000000e+000	4.4666e+014	1.0000e-010	0.0000e+000
3.110000e+003	2.20451837e-001	-3.17954816e+000	1.30744224e+003	0.00000000e+000	4.4439e+014	1.0000e-010	0.0000e+000
3.120000e+003	2.20582581e-001	-3.17941742e+000	1.29902045e+003	0.00000000e+000	4.4215e+014	1.0000e-010	0.0000e+000
3.130000e+003	2.20712483e-001	-3.17928752e+000	1.29064086e+003	0.00000000e+000	4.3993e+014	1.0000e-010	0.0000e+000
3.140000e+003	2.20841547e-001	-3.17915845e+000	1.28230301e+003	0.00000000e+000	4.3774e+014	1.0000e-010	0.0000e+000
3.150000e+003	2.20969777e-001	-3.17903022e+000	1.27400642e+003	0.00000000e+000	4.3557e+014	1.0000e-010	0.0000e+000
3.160000e+003	2.21097178e-001	-3.17890282e+000	1.26575060e+003	0.00000000e+000	4.3343e+014	1.0000e-010	0.0000e+000
3.170000e+003	2.21223753e-001	-3.17877625e+000	1.25753511e+003	0.00000000e+000	4.3131e+014	1.0000e-010	0.0000e+000
3.180000e+003	2.21349506e-001	-3.17865049e+000	1.24935949e+003	0.00000000e+000	4.2922e+014	1.0000e-010	0.0000e+000
3.190000e+003	2.21474442e-001	-3.17852556e+000	1.24122329e+003	0.00000000e+000	4.2715e+014	1.0000e-010	0.0000e+000
3.200000e+003	2.21598565e-001	-3.17840144e+000	1.23312605e+003	0.00000000e+000	4.2511e+014	1.0000e-010	0.0000e+000
3.210000e+003	2.21721877e-001	-3.17827812e+000	1.22506734e+003	0.00000000e+000	4.2308e+014	1.0000e-010	0.0000e+000
3.220000e+003	2.21844384e-001	-3.17815562e+000	1.21704674e+003	0.00000000e+000	4.2108e+014	1.0000e-010	0.0000e+000
3.230000e+003	2.21966089e-001	-3.17803391e+000	1.20906380e+003	0.00000000e+000	4.1911e+014	1.0000e-010	0.0000e+000
3.240000e+003	2.22086995e-001	-3.17791300e+000	1.20111811e+003	0.00000000e+000	4.1715e+014	1.0000e-010	0.0000e+000
3.250000e+003	2.22207107e-001	-3.17779289e+000	1.19320925e+003	0.00000000e+000	4.1522e+014	1.0000e-010	0.0000e+000
3.260000e+003	2.22326428e-001	-3.17767357e+000	1.18533681e+003	0.00000000e+000	4.1330e+014	1.0000e-010	0.0000e+000
3.270000e+003	2.22444962e-001	-3.17755504e+000	1.17750039e+003	0.00000000e+000	4.1141e+014	1.0000e-010	0.0000e+000
3.280000e+003	2.22562712e-001	-3.17743729e+000	1.16969957e+003	0.00000000e+000	4.0954e+014	1.0000e-010	0.0000e+000
3.290000e+003	2.22679682e-001	-3.17732032e+000	1.16193398e+003	0.00000000e+000	4.0770e+014	1.0000e-010	0.0000e+000
3.300000e+003	2.22795875e-001	-3.17720413e+000	1.15420320e+003	0.00000000e+000	4.0587e+014	1.0000e-010	0.0000e+000
3.310000e+003	2.22911295e-001	-3.17708870e+000	1.14650687e+003	0.00000000e+000	4.0406e+014	1.0000e-010	0.0000e+000
3.320000e+003	2.23025946e-001	-3.17697405e+000	1.13884459e+003	0.00000000e+000	4.0227e+014	1.0000e-010	0.0000e+000
3.330000e+003	2.23139830e-001	-3.17686017e+000	1.13121599e+003	0.00000000e+000	4.0050e+014	1.0000e-010	0.0000e+000
3.340000e+003	2.23252952e-001	-3.17674705e+000	1.12362070e+003	0.00000000e+000	3.9875e+014	1.0000e-010	0.0000e+000
3.350000e+003	2.23365314e-001	-3.17663469e+000	1.11605835e+003	0.00000000e+000	3.9702e+014	1.0000e-010	0.0000e+000
3.360000e+003	2.23476920e-001	-3.17652308e+000	1.10852858e+003	0.00000000e+000	3.9531e+014	1.0000e-010	0.0000e+000
3.370000e+003	2.23587773e-001	-3.17641223e+000	1.10103103e+003	0.00000000e+000	3.9362e+014	1.0000e-010	0.0000e+000
3.380000e+003	2.23697876e-001	-3.17630212e+000	1.09356534e+003	0.00000000e+000	3.9195e+014	1.0000e-010	0.0000e+000
3.390000e+003	2.23807232e-001	-3.17619277e+000	1.08613116e+003	0.00000000e+000	3.9030e+014	1.0000e-010	0.0000e+000
3.400000e+003	2.23915846e-001	-3.17608415e+000	1.07872815e+003	0.00000000e+000	3.8866e+014	1.0000e-010	0.0000e+000
3.410000e+003	2.24023718e-001	-3.17597628e+000	1.07135597e+003	0.00000000e+000	3.8704e+014	1.0000e-010	0.0000e+000
3.420000e+003	2.24130854e-001	-3.17586915e+000	1.06401428e+003	0.00000000e+000	3.8544e+014	1.0000e-010	0.0000e+000
3.430000e+003	2.24237255e-001	-3.17576274e+000	1.05670274e+003	0.00000000e+000	3.8386e+014	1.0000e-010	0.0000e+000
3.440000e+003	2.24342926e-001	-3.17565707e+000	1.04942103e+003	0.00000000e+000	3.8229e+014	1.0000e-010	0.0000e+000
3.450000e+003	2.24447868e-001	-3.17555213e+000	1.04216881e+003	0.00000000e+000	3.8074e+014	1.0000e-010	0.0000e+000
3.460000e+003	2.24552085e-001	-3.17544792e+000	1.03494577e+003	0.00000000e+000	3.7921e+014	1.0000e-010	0.0000e+000
3.470000e+003	2.24655579e-001	-3.17534442e+000	1.02775160e+003	0.00000000e+000	3.7770e+014	1.0000e-010	0.0000e+000
3.480000e+003	2.24758354e-001	-3.17524165e+000	1.02058596e+003	0.00000000e+000	3.7620e+014	1.0000e-010	0.0000e+000
3.490000e+003	2.24860413e-001	-3.17513959e+000	1.01344856e+003	0.00000000e+000	3.7471e+014	1.0000e-010	0.0000e+000
3.500000e+003	2.24961758e-001	-3.17503824e+000	1.00633908e+003	0.00000000e+000	3.7325e+014	1.0000e-010	0.0000e+000
3.510000e+003	2.25062392e-001	-3.17493761e+000	9.99257225e+002	0.00000000e+000	3.7180e+014	1.0000e-010	0.0000e+000
3.520000e+003	2.25162317e-001	-3.17483768e+000	9.92202690e+002	0.00000000e+000	3.7036e+014	1.0000e-010	0.0000e+000
3.530000e+003	2.25261538e-001	-3.17473846e+000	9.85175178e+002	0.00000000e+000	3.6895e+014	1.0000e-010	0.0000e+000
3.540000e+003	2.25360055e-001	-3.17463994e+000	9.78174396e+002	0.00000000e+000	3.6754e+014	1.0000e-010	0.0000e+000
3.550000e+003	2.25457873e-001	-3.17454213e+000	9.71200053e+002	0.00000000e+000	3.6615e+014	1.0000e-010	0.0000e+000
3.560000e+003	2.25554993e-001	-3.17444501e+000	9.64251862e+002	0.00000000e+000	3.6478e+014	1.0000e-010	0.0000e+000
3.570000e+003	2.25651418e-001	-3.17434858e+000	9.57329539e+002	0.00000000e+000	3.6342e+014	1.0000e-010	0.0000e+000
3.580000e+003	2.25747151e-001	-3.17425285e+000	9.50432802e+002	0.00000000e+000	3.6208e+014	1.0000e-010	0.0000e+000
3.590000e+003	2.25842194e-001	-3.17415781e+000	9.43561375e+002	0.00000000e+000	3.6075e+014	1.0000e-010	0.0000e+000
3.600000e+003	2.25936550e-001	-3.17406345e+000	9.36714981e+002	0.00000000e+000	3.5944e+014	1.0000e-010	0.0000e+000
3.610000e+003	2.26030222e-001	-3.17396978e+000	9.29893350e+002	0.00000000e+000	3.5814e+014	1.0000e-010	0.0000e+000
3.620000e+003	2.26123211e-001	-3.17387679e+000	9.23096211e+002	0.00000000e+000	3.5685e+014	1.0000e-010	0.0000e+000
3.630000e+003	2.26215521e-001	-3.17378448e+000	9.16323300e+002	0.00000000e+000	3.5558e+014	1.0000e-010	0.0000e+000
3.640000e+003	2.26307153e-001	-3.17369285e+000	9.09574354e+002	0.00000000e+000	3.5432e+014	1.0000e-010	0.0000e+000
3.650000e+003	2.26398110e-001	-3.17360189e+000	9.02849110e+002	0.00000000e+000	3.5308e+014	1.0000e-010	0.0000e+000
3.660000e+003	2.26488395e-001	-3.17351160e+000	8.96147313e+002	0.00000000e+000	3.5185e+014	1.0000e-010	0.0000e+000
3.670000e+003	2.26578010e-001	-3.17342199e+000	8.89468708e+002	0.00000000e+000	3.5063e+014	1.0000e-010	0.0000e+000
3.680000e+003	2.26666957e-001	-3.17333304e+000	8.82813041e+002	0.00000000e+000	3.4942e+014	1.0000e-010	0.0000e+000
3.690000e+003	2.26755238e-001	-3.17324476e+000	8.76180064e+002	0.00000000e+000	3.4823e+014	1.0000e-010	0.0000e+000
3.700000e+003	2.26842856e-001	-3.17315714e+000	8.69569529e+002	0.00000000e+000	3.4705e+014	1.0000e-010	0.0000e+000
3.710000e+003	2.26929813e-001	-3.17307019e+000	8.62981192e+002	0.00000000e+000	3.4589e+014	1.0000e-010	0.0000e+000
3.720000e+003	2.27016111e-001	-3.17298389e+000	8.56414812e+002	0.00000000e+000	3.4474e+014	1.0000e-010	0.0000e+000
3.730000e+003	2.27101753e-001	-3.17289825e+000	8.49870149e+002	0.00000000e+000	3.4360e+014	1.0000e-010	0.0000e+000
3.740000e+003	2.27186740e-001	-3.17281326e+000	8.43346965e+002	0.00000000e+000	3.4247e+014	1.0000e-010	0.0000e+000
3.750000e+003	2.27271075e-001	-3.17272893e+000	8.36845027e+002	0.00000000e+000	3.4135e+014	1.0000e-010	0.0000e+000
3.760000e+003	2.27354759e-001	-3.17264524e+000	8.30364102e+002	0.00000000e+000	3.4025e+014	1.0000e-010	0.0000e+000
3.770000e+003	2.27437795e-001	-3.17256220e+000	8.23903960e+002	0.00000000e+000	3.3916e+014	1.0000e-010	0.0000e+000
3.780000e+003	2.27520186e-001	-3.17247981e+000	8.17464374e+002	0.00000000e+000	3.3808e+014	1.0000e-010	0.0000e+000
3.790000e+003	2.27601932e-001	-3.17239807e+000	8.11045119e+002	0.00000000e+000	3.3701e+014	1.0000e-010	0.0000e+000
3.800000e+003	2.27683037e-001	-3.17231696e+000	8.04645970e+002	0.00000000e+000	3.3596e+014	1.0000e-010	0.0000e+000
3.810000e+003	2.27763501e-001	-3.17223650e+000	7.98266709e+002	0.00000000e+000	3.3491e+014	1.0000e-010	0.0000e+000
3.820000e+003	2.27843328e-001	-3.17215667e+000	7.91907115e+002	0.00000000e+000	3.3388e+014	1.0000e-010	0.0000e+000
3.830000e+003	2.27922519e-001	-3.17207748e+000	7.85566972e+002	0.00000000e+000	3.3286e+014	1.0000e-010	0.0000e+000
3.840000e+003	2.28001076e-001	-3.17199892e+000	7.79246065e+002	0.00000000e+000	3.3185e+014	1.0000e-010	0.0000e+000
3.850000e+003	2.28079000e-001	-3.17192100e+000	7.72944183e+002	0.00000000e+000	3.3085e+014	1.0000e-010	0.0000e+000
3.860000e+003	2.28156295e-001	-3.17184371e+000	7.66661115e+002	0.00000000e+000	3.2986e+014	1.0000e-010	0.0000e+000
3.870000e+003	2.28232961e-001	-3.17176704e+000	7.60396652e+002	0.00000000e+000	3.2889e+014	1.0000e-010	0.0000e+000
3.880000e+003	2.28309000e-001	-3.17169100e+000	7.54150587e+002	0.00000000e+000	3.2792e+014	1.0000e-010	0.0000e+000
3.890000e+003	2.28384415e-001	-3.17161558e+000	7.47922718e+002	0.00000000e+000	3.2696e+014	1.0000e-010	0.0000e+000
3.900000e+003	2.28459208e-001	-3.17154079e+000	7.41712840e+002	0.00000000e+000	3.2602e+014	1.0000e-010	0.0000e+000
3.910000e+003	2.28533379e-001	-3.17146662e+000	7.35520753e+002	0.00000000e+000	3.2509e+014	1.0000e-010	0.0000e+000
3.920000e+003	2.28606931e-001	-3.17139307e+000	7.29346258e+002	0.00000000e+000	3.2416e+014	1.0000e-010	0.0000e+000
3.930000e+003	2.28679866e-001	-3.17132013e+000	7.23189158e+002	0.00000000e+000	3.2325e+014	1.0000e-010	0.0000e+000
3.940000e+003	2.28752185e-001	-3.17124782e+000	7.17049259e+002	0.00000000e+000	3.2235e+014	1.0000e-010	0.0000e+000
3.950000e+003	2.28823889e-001	-3.17117611e+000	7.10926365e+002	0.00000000e+000	3.2145e+014	1.0000e-010	0.0000e+000
3.960000e+003	2.28894982e-001	-3.17110502e+000	7.04820287e+002	0.00000000e+000	3.2057e+014	1.0000e-010	0.0000e+000
3.970000e+003	2.28965464e-001	-3.17103454e+000	6.98730833e+002	0.00000000e+000	3.1970e+014	1.0000e-010	0.0000e+000
3.980000e+003	2.29035337e-001	-3.17096466e+000	6.92657816e+002	0.00000000e+000	3.1883e+014	1.0000e-010	0.0000e+000
3.990000e+003	2.29104603e-001	-3.17089540e+000	6.86601049e+002	0.00000000e+000	3.1798e+014	1.0000e-010	0.0000e+000
4.000000e+003	2.29173263e-001	-3.17082674e+000	6.80560346e+002	0.00000000e+000	3.1714e+014	1.0000e-010	0.0000e+000
4.010000e+003	2.29241319e-001	-3.17075868e+000	6.74535525e+002	0.00000000e+000	3.1630e+014	1.0000e-010	0.0000e+000
4.020000e+003	2.29308773e-001	-3.17069123e+000	6.68526403e+002	0.00000000e+000	3.1548e+014	1.0000e-010	0.0000e+000
4.030000e+003	2.29375625e-001	-3.17062437e+000	6.62532800e+002	0.00000000e+000	3.1467e+014	1.0000e-010	0.0000e+000
4.040000e+003	2.29441879e-001	-3.17055812e+000	6.56554539e+002	0.00000000e+000	3.1386e+014	1.0000e-010	0.0000e+000
4.050000e+003	2.29507534e-001	-3.17049247e+000	6.50591441e+002	0.00000000e+000	3.1306e+014	1.0000e-010	0.0000e+000
4.060000e+003	2.29572593e-001	-3.17042741e+000	6.44643330e+002	0.00000000e+000	3.1228e+014	1.0000e-010	0.0000e+000
4.070000e+003	2.29637058e-001	-3.17036294e+000	6.38710034e+002	0.00000000e+000	3.1150e+014	1.0000e-010	0.0000e+000
4.080000e+003	2.29700929e-001	-3.17029907e+000	6.32791378e+002	0.00000000e+000	3.1073e+014	1.0000e-010	0.0000e+000
4.090000e+003	2.29764208e-001	-3.17023579e+000	6.26887192e+002	0.00000000e+000	3.0997e+014	1.0000e-010	0.0000e+000
4.100000e+003	2.29826896e-001	-3.17017310e+000	6.20997306e+002	0.00000000e+000	3.0922e+014	1.0000e-010	0.0000e+000
4.110000e+003	2.29888996e-001	-3.17011100e+000	6.15121551e+002	0.00000000e+000	3.0848e+014	1.0000e-010	0.0000e+000
4.120000e+003	2.29950508e-001	-3.17004949e+000	6.09259761e+002	0.00000000e+000	3.0774e+014	1.0000e-010	0.0000e+000
4.130000e+003	2.30011434e-001	-3.16998857e+000	6.03411768e+002	0.00000000e+000	3.0702e+014	1.0000e-010	0.0000e+000
4.140000e+003	2.30071775e-001	-3.16992822e+000	5.97577410e+002	0.00000000e+000	3.0630e+014	1.0000e-010	0.0000e+000
4.150000e+003	2.30131533e-001	-3.16986847e+000	5.91756522e+002	0.00000000e+000	3.0560e+014	1.0000e-010	0.0000e+000
4.160000e+003	2.30190709e-001	-3.16980929e+000	5.85948943e+002	0.00000000e+000	3.0490e+014	1.0000e-010	0.0000e+000
4.170000e+003	2.30249304e-001	-3.16975070e+000	5.80154512e+002	0.00000000e+000	3.0421e+014	1.0000e-010	0.0000e+000
4.180000e+003	2.30307319e-001	-3.16969268e+000	5.74373070e+002	0.00000000e+000	3.0353e+014	1.0000e-010	0.0000e+000
4.190000e+003	2.30364756e-001	-3.16963524e+000	5.68604460e+002	0.00000000e+000	3.0285e+014	1.0000e-010	0.0000e+000
4.200000e+003	2.30421617e-001	-3.16957838e+000	5.62848523e+002	0.00000000e+000	3.0219e+014	1.0000e-010	0.0000e+000
4.210000e+003	2.30477902e-001	-3.16952210e+000	5.57105104e+002	0.00000000e+000	3.0153e+014	1.0000e-010	0.0000e+000
4.220000e+003	2.30533612e-001	-3.16946639e+000	5.51374049e+002	0.00000000e+000	3.0088e+014	1.0000e-010	0.0000e+000
4.230000e+003	2.30588750e-001	-3.16941125e+000	5.45655204e+002	0.00000000e+000	3.0024e+014	1.0000e-010	0.0000e+000
4.240000e+003	2.30643315e-001	-3.16935668e+000	5.39948417e+002	0.00000000e+000	2.9961e+014	1.0000e-010	0.0000e+000
4.250000e+003	2.30697310e-001	-3.16930269e+000	5.34253536e+002	0.00000000e+000	2.9898e+014	1.0000e-010	0.0000e+000
4.260000e+003	2.30750735e-001	-3.16924926e+000	5.28570413e+002	0.00000000e+000	2.9836e+014	1.0000e-010	0.0000e+000
4.270000e+003	2.30803592e-001	-3.16919641e+000	5.22898897e+002	0.00000000e+000	2.9776e+014	1.0000e-010	0.0000e+000
4.280000e+003	2.30855882e-001	-3.16914412e+000	5.17238842e+002	0.00000000e+000	2.9715e+014	1.0000e-010	0.0000e+000
4.290000e+003	2.30907606e-001	-3.16909239e+000	5.11590100e+002	0.00000000e+000	2.9656e+014	1.0000e-010	0.0000e+000
4.300000e+003	2.30958765e-001	-3.16904123e+000	5.05952524e+002	0.00000000e+000	2.9597e+014	1.0000e-010	0.0000e+000
4.310000e+003	2.31009360e-001	-3.16899064e+000	5.00325972e+002	0.00000000e+000	2.9539e+014	1.0000e-010	0.0000e+000
4.320000e+003	2.31059393e-001	-3.16894061e+000	4.94710298e+002	0.00000000e+000	2.9482e+014	1.0000e-010	0.0000e+000
4.330000e+003	2.31108864e-001	-3.16889114e+000	4.89105361e+002	0.00000000e+000	2.9426e+014	1.0000e-010	0.0000e+000
4.340000e+003	2.31157775e-001	-3.16884223e+000	4.83511017e+002	0.00000000e+000	2.9370e+014	1.0000e-010	0.0000e+000
4.350000e+003	2.31206126e-001	-3.16879387e+000	4.77927127e+002	0.00000000e+000	2.9316e+014	1.0000e-010	0.0000e+000
4.360000e+003	2.31253918e-001	-3.16874608e+000	4.72353551e+002	0.00000000e+000	2.9261e+014	1.0000e-010	0.0000e+000
4.370000e+003	2.31301154e-001	-3.16869885e+000	4.66790148e+002	0.00000000e+000	2.9208e+014	1.0000e-010	0.0000e+000
4.380000e+003	2.31347833e-001	-3.16865217e+000	4.61236783e+002	0.00000000e+000	2.9155e+014	1.0000e-010	0.0000e+000
4.390000e+003	2.31393957e-001	-3.16860604e+000	4.55693316e+002	0.00000000e+000	2.9103e+014	1.0000e-010	0.0000e+000
4.400000e+003	2.31439526e-001	-3.16856047e+000	4.50159612e+002	0.00000000e+000	2.9052e+014	1.0000e-010	0.0000e+000
4.410000e+003	2.31484542e-001	-3.16851546e+000	4.44635536e+002	0.00000000e+000	2.9001e+014	1.0000e-010	0.0000e+000
4.420000e+003	2.31529005e-001	-3.16847099e+000	4.39120952e+002	0.00000000e+000	2.8952e+014	1.0000e-010	0.0000e+000
4.430000e+003	2.31572917e-001	-3.16842708e+000	4.33615728e+002	0.00000000e+000	2.8903e+014	1.0000e-010	0.0000e+000
4.440000e+003	2.31616279e-001	-3.16838372e+000	4.28119730e+002	0.00000000e+000	2.8854e+014	1.0000e-010	0.0000e+000
4.450000e+003	2.31659091e-001	-3.16834091e+000	4.22632825e+002	0.00000000e+000	2.8806e+014	1.0000e-010	0.0000e+000
4.460000e+003	2.31701354e-001	-3.16829865e+000	4.17154884e+002	0.00000000e+000	2.8759e+014	1.0000e-010	0.0000e+000
4.470000e+003	2.31743070e-001	-3.16825693e+000	4.11685775e+002	0.00000000e+000	2.8713e+014	1.0000e-010	0.0000e+000
4.480000e+003	2.31784238e-001	-3.16821576e+000	4.06225368e+002	0.00000000e+000	2.8667e+014	1.0000e-010	0.0000e+000
4.490000e+003	2.31824861e-001	-3.16817514e+000	4.00773535e+002	0.00000000e+000	2.8622e+014	1.0000e-010	0.0000e+000
4.500000e+003	2.31864938e-001	-3.16813506e+000	3.95330147e+002	0.00000000e+000	2.8578e+014	1.0000e-010	0.0000e+000
4.510000e+003	2.31904471e-001	-3.16809553e+000	3.89895076e+002	0.00000000e+000	2.8534e+014	1.0000e-010	0.0000e+000
4.520000e+003	2.31943461e-001	-3.16805654e+000	3.84468197e+002	0.00000000e+000	2.8491e+014	1.0000e-010	0.0000e+000
4.530000e+003	2.31981908e-001	-3.16801809e+000	3.79049382e+002	0.00000000e+000	2.8449e+014	1.0000e-010	0.0000e+000
4.540000e+003	2.32019813e-001	-3.16798019e+000	3.73638507e+002	0.00000000e+000	2.8407e+014	1.0000e-010	0.0000e+000
4.550000e+003	2.32057176e-001	-3.16794282e+000	3.68235447e+002	0.00000000e+000	2.8366e+014	1.0000e-010	0.0000e+000
4.560000e+003	2.32094000e-001	-3.16790600e+000	3.62840077e+002	0.00000000e+000	2.8326e+014	1.0000e-010	0.0000e+000
4.570000e+003	2.32130284e-001	-3.16786972e+000	3.57452274e+002	0.00000000e+000	2.8286e+014	1.0000e-010	0.0000e+000
4.580000e+003	2.32166029e-001	-3.16783397e+000	3.52071916e+002	0.00000000e+000	2.8247e+014	1.0000e-010	0.0000e+000
4.590000e+003	2.32201236e-001	-3.16779876e+000	3.46698880e+002	0.00000000e+000	2.8209e+014	1.0000e-010	0.0000e+000
4.600000e+003	2.32235906e-001	-3.16776409e+000	3.41333045e+002	0.00000000e+000	2.8171e+014	1.0000e-010	0.0000e+000
4.610000e+003	2.32270040e-001	-3.16772996e+000	3.35974291e+002	0.00000000e+000	2.8134e+014	1.0000e-010	0.0000e+000
4.620000e+003	2.32303637e-001	-3.16769636e+000	3.30622495e+002	0.00000000e+000	2.8097e+014	1.0000e-010	0.0000e+000
4.630000e+003	2.32336699e-001	-3.16766330e+000	3.25277540e+002	0.00000000e+000	2.8061e+014	1.0000e-010	0.0000e+000
4.640000e+003	2.32369227e-001	-3.16763077e+000	3.19939306e+002	0.00000000e+000	2.8026e+014	1.0000e-010	0.0000e+000
4.650000e+003	2.32401221e-001	-3.16759878e+000	3.14607675e+002	0.00000000e+000	2.7991e+014	1.0000e-010	0.0000e+000
4.660000e+003	2.32432682e-001	-3.16756732e+000	3.09282527e+002	0.00000000e+000	2.7957e+014	1.0000e-010	0.0000e+000
4.670000e+003	2.32463610e-001	-3.16753639e+000	3.03963747e+002	0.00000000e+000	2.7924e+014	1.0000e-010	0.0000e+000
4.680000e+003	2.32494006e-001	-3.16750599e+000	2.98651217e+002	0.00000000e+000	2.7891e+014	1.0000e-010	0.0000e+000
4.690000e+003	2.32523871e-001	-3.16747613e+000	2.93344821e+002	0.00000000e+000	2.7859e+014	1.0000e-010	0.0000e+000
4.700000e+003	2.32553206e-001	-3.16744679e+000	2.88044442e+002	0.00000000e+000	2.7827e+014	1.0000e-010	0.0000e+000
4.710000e+003	2.32582010e-001	-3.16741799e+000	2.82749966e+002	0.00000000e+000	2.7796e+014	1.0000e-010	0.0000e+000
4.720000e+003	2.32610285e-001	-3.16738971e+000	2.77461277e+002	0.00000000e+000	2.7766e+014	1.0000e-010	0.0000e+000
4.730000e+003	2.32638031e-001	-3.16736197e+000	2.72178261e+002	0.00000000e+000	2.7736e+014	1.0000e-010	0.0000e+000
4.740000e+003	2.32665249e-001	-3.16733475e+000	2.66900805e+002	0.00000000e+000	2.7707e+014	1.0000e-010	0.0000e+000
4.750000e+003	2.32691939e-001	-3.16730806e+000	2.61628794e+002	0.00000000e+000	2.7678e+014	1.0000e-010	0.0000e+000
4.760000e+003	2.32718102e-001	-3.16728190e+000	2.56362116e+002	0.00000000e+000	2.7650e+014	1.0000e-010	0.0000e+000
4.770000e+003	2.32743738e-001	-3.16725626e+000	2.51100658e+002	0.00000000e+000	2.7623e+014	1.0000e-010	0.0000e+000
4.780000e+003	2.32768849e-001	-3.16723115e+000	2.45844309e+002	0.00000000e+000	2.7596e+014	1.0000e-010	0.0000e+000
4.790000e+003	2.32793433e-001	-3.16720657e+000	2.40592955e+002	0.00000000e+000	2.7570e+014	1.0000e-010	0.0000e+000
4.800000e+003	2.32817492e-001	-3.16718251e+000	2.35346486e+002	0.00000000e+000	2.7544e+014	1.0000e-010	0.0000e+000
4.810000e+003	2.32841027e-001	-3.16715897e+000	2.30104792e+002	0.00000000e+000	2.7519e+014	1.0000e-010	0.0000e+000
4.820000e+003	2.32864037e-001	-3.16713596e+000	2.24867760e+002	0.00000000e+000	2.7494e+014	1.0000e-010	0.0000e+000
4.830000e+003	2.32886524e-001	-3.16711348e+000	2.19635283e+002	0.00000000e+000	2.7471e+014	1.0000e-010	0.0000e+000
4.840000e+003	2.32908488e-001	-3.16709151e+000	2.14407248e+002	0.00000000e+000	2.7447e+014	1.0000e-010	0.0000e+000
4.850000e+003	2.32929928e-001	-3.16707007e+000	2.09183548e+002	0.00000000e+000	2.7425e+014	1.0000e-010	0.0000e+000
4.860000e+003	2.32950847e-001	-3.16704915e+000	2.03964073e+002	0.00000000e+000	2.7402e+014	1.0000e-010	0.0000e+000
4.870000e+003	2.32971243e-001	-3.16702876e+000	1.98748714e+002	0.00000000e+000	2.7381e+014	1.0000e-010	0.0000e+000
4.880000e+003	2.32991118e-001	-3.16700888e+000	1.93537364e+002	0.00000000e+000	2.7360e+014	1.0000e-010	0.0000e+000
4.890000e+003	2.33010472e-001	-3.16698953e+000	1.88329913e+002	0.00000000e+000	2.7339e+014	1.0000e-010	0.0000e+000
4.900000e+003	2.33029305e-001	-3.16697070e+000	1.83126255e+002	0.00000000e+000	2.7319e+014	1.0000e-010	0.0000e+000
4.910000e+003	2.33047617e-001	-3.16695238e+000	1.77926281e+002	0.00000000e+000	2.7300e+014	1.0000e-010	0.0000e+000
4.920000e+003	2.33065410e-001	-3.16693459e+000	1.72729885e+002	0.00000000e+000	2.7281e+014	1.0000e-010	0.0000e+000
4.930000e+003	2.33082683e-001	-3.16691732e+000	1.67536959e+002	0.00000000e+000	2.7263e+014	1.0000e-010	0.0000e+000
4.940000e+003	2.33099437e-001	-3.16690056e+000	1.62347398e+002	0.00000000e+000	2.7245e+014	1.0000e-010	0.0000e+000
4.950000e+003	2.33115671e-001	-3.16688433e+000	1.57161095e+002	0.00000000e+000	2.7228e+014	1.0000e-010	0.0000e+000
4.960000e+003	2.33131388e-001	-3.16686861e+000	1.51977944e+002	0.00000000e+000	2.7212e+014	1.0000e-010	0.0000e+000
4.970000e+003	2.33146585e-001	-3.16685341e+000	1.46797839e+002	0.00000000e+000	2.7196e+014	1.0000e-010	0.0000e+000
4.980000e+003	2.33161265e-001	-3.16683873e+000	1.41620675e+002	0.00000000e+000	2.7180e+014	1.0000e-010	0.0000e+000
4.990000e+003	2.33175427e-001	-3.16682457e+000	1.36446346e+002	0.00000000e+000	2.7165e+014	1.0000e-010	0.0000e+000
5.000000e+003	2.33189072e-001	-3.16681093e+000	1.31274747e+002	0.00000000e+000	2.7151e+014	1.0000e-010	0.0000e+000
5.010000e+003	2.33202199e-001	-3.16679780e+000	1.26105774e+002	0.00000000e+000	2.7137e+014	1.0000e-010	0.0000e+000
5.020000e+003	2.33214810e-001	-3.16678519e+000	1.20939321e+002	0.00000000e+000	2.7124e+014	1.0000e-010	0.0000e+000
5.030000e+003	2.33226904e-001	-3.16677310e+000	1.15775285e+002	0.00000000e+000	2.7111e+014	1.0000e-010	0.0000e+000
5.040000e+003	2.33238481e-001	-3.16676152e+000	1.10613561e+002	0.00000000e+000	2.7099e+014	1.0000e-010	0.0000e+000
5.050000e+003	2.33249543e-001	-3.16675046e+000	1.05454045e+002	0.00000000e+000	2.7088e+014	1.0000e-010	0.0000e+000
5.060000e+003	2.33260088e-001	-3.16673991e+000	1.00296634e+002	0.00000000e+000	2.7076e+014	1.0000e-010	0.0000e+000
5.070000e+003	2.33270118e-001	-3.16672988e+000	9.51412227e+001	0.00000000e+000	2.7066e+014	1.0000e-010	0.0000e+000
5.080000e+003	2.33279632e-001	-3.16672037e+000	8.99877085e+001	0.00000000e+000	2.7056e+014	1.0000e-010	0.0000e+000
5.090000e+003	2.33288631e-001	-3.16671137e+000	8.48359878e+001	0.00000000e+000	2.7047e+014	1.0000e-010	0.0000e+000
5.100000e+003	2.33297114e-001	-3.16670289e+000	7.96859575e+001	0.00000000e+000	2.7038e+014	1.0000e-010	0.0000e+000
5.110000e+003	2.33305083e-001	-3.16669492e+000	7.45375144e+001	0.00000000e+000	2.7029e+014	1.0000e-010	0.0000e+000
5.120000e+003	2.33312537e-001	-3.16668746e+000	6.93905555e+001	0.00000000e+000	2.7022e+014	1.0000e-010	0.0000e+000
5.130000e+003	2.33319476e-001	-3.16668052e+000	6.42449779e+001	0.00000000e+000	2.7014e+014	1.0000e-010	0.0000e+000
5.140000e+003	2.33325900e-001	-3.16667410e+000	5.91006789e+001	0.00000000e+000	2.7008e+014	1.0000e-010	0.0000e+000
5.150000e+003	2.33331810e-001	-3.16666819e+000	5.39575558e+001	0.00000000e+000	2.7001e+014	1.0000e-010	0.0000e+000
5.160000e+003	2.33337206e-001	-3.16666279e+000	4.88155061e+001	0.00000000e+000	2.6996e+014	1.0000e-010	0.0000e+000
5.170000e+003	2.33342088e-001	-3.16665791e+000	4.36744272e+001	0.00000000e+000	2.6991e+014	1.0000e-010	0.0000e+000
5.180000e+003	2.33346455e-001	-3.16665355e+000	3.85342168e+001	0.00000000e+000	2.6986e+014	1.0000e-010	0.0000e+000
5.190000e+003	2.33350308e-001	-3.16664969e+000	3.33947725e+001	0.00000000e+000	2.6982e+014	1.0000e-010	0.0000e+000
5.200000e+003	2.33353648e-001	-3.16664635e+000	2.82559920e+001	0.00000000e+000	2.6979e+014	1.0000e-010	0.0000e+000
5.210000e+003	2.33356473e-001	-3.16664353e+000	2.31177732e+001	0.00000000e+000	2.6976e+014	1.0000e-010	0.0000e+000
5.220000e+003	2.33358785e-001	-3.16664121e+000	1.79800139e+001	0.00000000e+000	2.6973e+014	1.0000e-010	0.0000e+000
5.230000e+003	2.33360583e-001	-3.16663942e+000	1.28426119e+001	0.00000000e+000	2.6971e+014	1.0000e-010	0.0000e+000
5.240000e+003	2.33361868e-001	-3.16663813e+000	7.70546504e+000	0.00000000e+000	2.6970e+014	1.0000e-010	0.0000e+000
5.250000e+003	2.33362638e-001	-3.16663736e+000	2.56847133e+000	0.00000000e+000	2.6969e+014	1.0000e-010	0.0000e+000
5.260000e+003	2.33362895e-001	-3.16663711e+000	2.56847133e+000	0.00000000e+000	2.6969e+014	1.0000e-010	0.0000e+000
