Y (ang)	Ec (eV)	Ev (eV)	E (V/cm)	Ef (eV)	n (cm-3)	p (cm-3)	Nd - Na (cm-3)
0.000000e+000	6.00000000e-001	-2.80000000e+000	2.21323874e+006	-0.00000000e+000	1.8691e+008	1.0000e-010	0.0000e+000
1.000000e+001	1.38132387e+000	-2.71867613e+000	-4.36001919e+005	0.00000000e+000	1.3995e-005	1.0000e-010	-1.3848e+020
2.000000e+001	1.33772368e+000	-2.76227632e+000	-4.36001919e+005	0.00000000e+000	7.5581e-005	1.0000e-010	0.0000e+000
3.000000e+001	1.29412349e+000	-2.80587651e+000	-4.36001919e+005	0.00000000e+000	4.0819e-004	1.0000e-010	0.0000e+000
4.000000e+001	1.25052330e+000	-2.84947670e+000	-4.36001919e+005	0.00000000e+000	2.2045e-003	1.0000e-010	0.0000e+000
5.000000e+001	1.20692311e+000	-2.89307689e+000	-4.36001919e+005	0.00000000e+000	1.1906e-002	1.0000e-010	0.0000e+000
6.000000e+001	1.16332291e+000	-2.93667709e+000	-4.36001919e+005	0.00000000e+000	6.4301e-002	1.0000e-010	0.0000e+000
7.000000e+001	1.11972272e+000	-2.98027728e+000	-4.36001919e+005	0.00000000e+000	3.4727e-001	1.0000e-010	0.0000e+000
8.000000e+001	1.07612253e+000	-3.02387747e+000	-4.36001919e+005	0.00000000e+000	1.8755e+000	1.0000e-010	0.0000e+000
9.000000e+001	1.03252234e+000	-3.06747766e+000	-4.36001919e+005	0.00000000e+000	1.0129e+001	1.0000e-010	0.0000e+000
1.000000e+002	9.88922147e-001	-3.11107785e+000	-4.36001919e+005	0.00000000e+000	5.4705e+001	1.0000e-010	0.0000e+000
1.100000e+002	9.45321955e-001	-3.15467805e+000	-4.36001919e+005	0.00000000e+000	2.9544e+002	1.0000e-010	0.0000e+000
1.200000e+002	9.01721763e-001	-3.19827824e+000	-4.36001919e+005	0.00000000e+000	1.5956e+003	1.0000e-010	0.0000e+000
1.300000e+002	8.58121571e-001	-3.24187843e+000	-4.36001919e+005	0.00000000e+000	8.6174e+003	1.0000e-010	0.0000e+000
1.400000e+002	8.14521379e-001	-3.28547862e+000	-4.36001919e+005	0.00000000e+000	4.6540e+004	1.0000e-010	0.0000e+000
1.500000e+002	7.70921187e-001	-3.32907881e+000	-4.36001919e+005	0.00000000e+000	2.5135e+005	1.0000e-010	0.0000e+000
1.600000e+002	7.27320995e-001	-3.37267901e+000	-4.36001919e+005	0.00000000e+000	1.3575e+006	1.0000e-010	0.0000e+000
1.700000e+002	6.83720803e-001	-3.41627920e+000	-4.36001919e+005	0.00000000e+000	7.3313e+006	1.0000e-010	0.0000e+000
1.800000e+002	6.40120611e-001	-3.45987939e+000	-4.36001919e+005	0.00000000e+000	3.9594e+007	1.0000e-010	0.0000e+000
1.900000e+002	5.96520419e-001	-3.50347958e+000	-4.36001919e+005	0.00000000e+000	2.1384e+008	1.0000e-010	0.0000e+000
2.000000e+002	5.52920227e-001	-3.54707977e+000	-4.36001919e+005	0.00000000e+000	1.1549e+009	1.0000e-010	0.0000e+000
2.100000e+002	5.09320035e-001	-3.59067996e+000	-4.36001920e+005	0.00000000e+000	6.2372e+009	1.0000e-010	0.0000e+000
2.200000e+002	4.65719843e-001	-3.63428016e+000	-4.36001920e+005	0.00000000e+000	3.3685e+010	1.0000e-010	0.0000e+000
2.300000e+002	4.22119651e-001	-3.67788035e+000	-4.36001924e+005	0.00000000e+000	1.8192e+011	1.0000e-010	0.0000e+000
2.400000e+002	3.78519459e-001	-3.72148054e+000	-4.36001943e+005	0.00000000e+000	9.8252e+011	1.0000e-010	0.0000e+000
2.500000e+002	3.34919265e-001	-3.76508074e+000	-4.36002047e+005	0.00000000e+000	5.3063e+012	1.0000e-010	0.0000e+000
2.600000e+002	-2.68680940e-001	-3.66868094e+000	1.12254574e+006	0.00000000e+000	5.7262e+019	1.0000e-010	1.3848e+020
2.700000e+002	-1.56426367e-001	-3.55642637e+000	6.28702784e+005	0.00000000e+000	2.5927e+019	1.0000e-010	0.0000e+000
2.800000e+002	-9.35560881e-002	-3.49355609e+000	3.87596907e+005	0.00000000e+000	1.2658e+019	1.0000e-010	0.0000e+000
2.900000e+002	-5.47963973e-002	-3.45479640e+000	2.60132676e+005	0.00000000e+000	6.6919e+018	1.0000e-010	0.0000e+000
3.000000e+002	-2.87831297e-002	-3.42878313e+000	1.87856797e+005	0.00000000e+000	3.7945e+018	1.0000e-010	0.0000e+000
3.100000e+002	-9.99745003e-003	-3.40999745e+000	1.43901890e+005	0.00000000e+000	2.3076e+018	1.0000e-010	0.0000e+000
3.200000e+002	4.39273893e-003	-3.39560726e+000	1.15341433e+005	0.00000000e+000	1.4994e+018	1.0000e-010	0.0000e+000
3.300000e+002	1.59268822e-002	-3.38407312e+000	9.56811455e+004	0.00000000e+000	1.0322e+018	1.0000e-010	0.0000e+000
3.400000e+002	2.54949967e-002	-3.37450500e+000	8.14821971e+004	0.00000000e+000	7.4545e+017	1.0000e-010	0.0000e+000
3.500000e+002	3.36432165e-002	-3.36635678e+000	7.08178257e+004	0.00000000e+000	5.5988e+017	1.0000e-010	0.0000e+000
3.600000e+002	4.07249990e-002	-3.35927500e+000	6.25483079e+004	0.00000000e+000	4.3415e+017	1.0000e-010	0.0000e+000
3.700000e+002	4.69798298e-002	-3.35302017e+000	5.59656570e+004	0.00000000e+000	3.4559e+017	1.0000e-010	0.0000e+000
3.800000e+002	5.25763955e-002	-3.34742360e+000	5.06108005e+004	0.00000000e+000	2.8113e+017	1.0000e-010	0.0000e+000
3.900000e+002	5.76374755e-002	-3.34236252e+000	4.61747934e+004	0.00000000e+000	2.3289e+017	1.0000e-010	0.0000e+000
4.000000e+002	6.22549549e-002	-3.33774505e+000	4.24429327e+004	0.00000000e+000	1.9592e+017	1.0000e-010	0.0000e+000
4.100000e+002	6.64992482e-002	-3.33350075e+000	3.92617954e+004	0.00000000e+000	1.6701e+017	1.0000e-010	0.0000e+000
4.200000e+002	7.04254277e-002	-3.32957457e+000	3.65190589e+004	0.00000000e+000	1.4399e+017	1.0000e-010	0.0000e+000
4.300000e+002	7.40773336e-002	-3.32592267e+000	3.41307267e+004	0.00000000e+000	1.2539e+017	1.0000e-010	0.0000e+000
4.400000e+002	7.74904063e-002	-3.32250959e+000	3.20328011e+004	0.00000000e+000	1.1014e+017	1.0000e-010	0.0000e+000
4.500000e+002	8.06936864e-002	-3.31930631e+000	3.01757087e+004	0.00000000e+000	9.7498e+016	1.0000e-010	0.0000e+000
4.600000e+002	8.37112572e-002	-3.31628874e+000	2.85204793e+004	0.00000000e+000	8.6900e+016	1.0000e-010	0.0000e+000
4.700000e+002	8.65633052e-002	-3.31343669e+000	2.70360717e+004	0.00000000e+000	7.7932e+016	1.0000e-010	0.0000e+000
4.800000e+002	8.92669123e-002	-3.31073309e+000	2.56974653e+004	0.00000000e+000	7.0277e+016	1.0000e-010	0.0000e+000
4.900000e+002	9.18366589e-002	-3.30816334e+000	2.44842751e+004	0.00000000e+000	6.3693e+016	1.0000e-010	0.0000e+000
5.000000e+002	9.42850864e-002	-3.30571491e+000	2.33797303e+004	0.00000000e+000	5.7989e+016	1.0000e-010	0.0000e+000
5.100000e+002	9.66230594e-002	-3.30337694e+000	2.23699106e+004	0.00000000e+000	5.3016e+016	1.0000e-010	0.0000e+000
5.200000e+002	9.88600505e-002	-3.30113995e+000	2.14431674e+004	0.00000000e+000	4.8654e+016	1.0000e-010	0.0000e+000
5.300000e+002	1.01004367e-001	-3.29899563e+000	2.05896805e+004	0.00000000e+000	4.4808e+016	1.0000e-010	0.0000e+000
5.400000e+002	1.03063335e-001	-3.29693666e+000	1.98011136e+004	0.00000000e+000	4.1400e+016	1.0000e-010	0.0000e+000
5.500000e+002	1.05043447e-001	-3.29495655e+000	1.90659612e+004	0.00000000e+000	3.8596e+016	1.0000e-010	0.0000e+000
5.600000e+002	1.06950043e-001	-3.29304996e+000	1.83830756e+004	0.00000000e+000	3.5852e+016	1.0000e-010	0.0000e+000
5.700000e+002	1.08788350e-001	-3.29121165e+000	1.77470629e+004	0.00000000e+000	3.3391e+016	1.0000e-010	0.0000e+000
5.800000e+002	1.10563057e-001	-3.28943694e+000	1.71532468e+004	0.00000000e+000	3.1175e+016	1.0000e-010	0.0000e+000
5.900000e+002	1.12278381e-001	-3.28772162e+000	1.65975527e+004	0.00000000e+000	2.9174e+016	1.0000e-010	0.0000e+000
6.000000e+002	1.13938137e-001	-3.28606186e+000	1.60764143e+004	0.00000000e+000	2.7360e+016	1.0000e-010	0.0000e+000
6.100000e+002	1.15545778e-001	-3.28445422e+000	1.55866964e+004	0.00000000e+000	2.5710e+016	1.0000e-010	0.0000e+000
6.200000e+002	1.17104448e-001	-3.28289555e+000	1.51256322e+004	0.00000000e+000	2.4206e+016	1.0000e-010	0.0000e+000
6.300000e+002	1.18617011e-001	-3.28138299e+000	1.46907702e+004	0.00000000e+000	2.2830e+016	1.0000e-010	0.0000e+000
6.400000e+002	1.20086088e-001	-3.27991391e+000	1.42799308e+004	0.00000000e+000	2.1569e+016	1.0000e-010	0.0000e+000
6.500000e+002	1.21514081e-001	-3.27848592e+000	1.38911697e+004	0.00000000e+000	2.0410e+016	1.0000e-010	0.0000e+000
6.600000e+002	1.22903198e-001	-3.27709680e+000	1.35227468e+004	0.00000000e+000	1.9342e+016	1.0000e-010	0.0000e+000
6.700000e+002	1.24255473e-001	-3.27574453e+000	1.31731001e+004	0.00000000e+000	1.8357e+016	1.0000e-010	0.0000e+000
6.800000e+002	1.25572783e-001	-3.27442722e+000	1.28408236e+004	0.00000000e+000	1.7445e+016	1.0000e-010	0.0000e+000
6.900000e+002	1.26856865e-001	-3.27314314e+000	1.25246483e+004	0.00000000e+000	1.6599e+016	1.0000e-010	0.0000e+000
7.000000e+002	1.28109330e-001	-3.27189067e+000	1.22234258e+004	0.00000000e+000	1.5814e+016	1.0000e-010	0.0000e+000
7.100000e+002	1.29331672e-001	-3.27066833e+000	1.19361143e+004	0.00000000e+000	1.5084e+016	1.0000e-010	0.0000e+000
7.200000e+002	1.30525284e-001	-3.26947472e+000	1.16617667e+004	0.00000000e+000	1.4403e+016	1.0000e-010	0.0000e+000
7.300000e+002	1.31691460e-001	-3.26830854e+000	1.13995198e+004	0.00000000e+000	1.3768e+016	1.0000e-010	0.0000e+000
7.400000e+002	1.32831412e-001	-3.26716859e+000	1.11485856e+004	0.00000000e+000	1.3174e+016	1.0000e-010	0.0000e+000
7.500000e+002	1.33946271e-001	-3.26605373e+000	1.09082428e+004	0.00000000e+000	1.2618e+016	1.0000e-010	0.0000e+000
7.600000e+002	1.35037095e-001	-3.26496290e+000	1.06778302e+004	0.00000000e+000	1.2097e+016	1.0000e-010	0.0000e+000
7.700000e+002	1.36104878e-001	-3.26389512e+000	1.04567408e+004	0.00000000e+000	1.1607e+016	1.0000e-010	0.0000e+000
7.800000e+002	1.37150552e-001	-3.26284945e+000	1.02444156e+004	0.00000000e+000	1.1147e+016	1.0000e-010	0.0000e+000
7.900000e+002	1.38174994e-001	-3.26182501e+000	1.00403397e+004	0.00000000e+000	1.0714e+016	1.0000e-010	0.0000e+000
8.000000e+002	1.39179028e-001	-3.26082097e+000	9.84403771e+003	0.00000000e+000	1.0306e+016	1.0000e-010	0.0000e+000
8.100000e+002	1.40163432e-001	-3.25983657e+000	9.65507009e+003	0.00000000e+000	9.9208e+015	1.0000e-010	0.0000e+000
8.200000e+002	1.41128939e-001	-3.25887106e+000	9.47302978e+003	0.00000000e+000	9.5571e+015	1.0000e-010	0.0000e+000
8.300000e+002	1.42076242e-001	-3.25792376e+000	9.29753929e+003	0.00000000e+000	9.2133e+015	1.0000e-010	0.0000e+000
8.400000e+002	1.43005996e-001	-3.25699400e+000	9.12824809e+003	0.00000000e+000	8.8878e+015	1.0000e-010	0.0000e+000
8.500000e+002	1.43918820e-001	-3.25608118e+000	8.96483019e+003	0.00000000e+000	8.5795e+015	1.0000e-010	0.0000e+000
8.600000e+002	1.44815303e-001	-3.25518470e+000	8.80698210e+003	0.00000000e+000	8.2871e+015	1.0000e-010	0.0000e+000
8.700000e+002	1.45696002e-001	-3.25430400e+000	8.65442084e+003	0.00000000e+000	8.0095e+015	1.0000e-010	0.0000e+000
8.800000e+002	1.46561444e-001	-3.25343856e+000	8.50688230e+003	0.00000000e+000	7.7458e+015	1.0000e-010	0.0000e+000
8.900000e+002	1.47412132e-001	-3.25258787e+000	8.36411967e+003	0.00000000e+000	7.4951e+015	1.0000e-010	0.0000e+000
9.000000e+002	1.48248544e-001	-3.25175146e+000	8.22590205e+003	0.00000000e+000	7.2564e+015	1.0000e-010	0.0000e+000
9.100000e+002	1.49071134e-001	-3.25092887e+000	8.09201317e+003	0.00000000e+000	7.0292e+015	1.0000e-010	0.0000e+000
9.200000e+002	1.49880335e-001	-3.25011966e+000	7.96225027e+003	0.00000000e+000	6.8126e+015	1.0000e-010	0.0000e+000
9.300000e+002	1.50676560e-001	-3.24932344e+000	7.83642308e+003	0.00000000e+000	6.6059e+015	1.0000e-010	0.0000e+000
9.400000e+002	1.51460203e-001	-3.24853980e+000	7.71435280e+003	0.00000000e+000	6.4087e+015	1.0000e-010	0.0000e+000
9.500000e+002	1.52231638e-001	-3.24776836e+000	7.59587135e+003	0.00000000e+000	6.2203e+015	1.0000e-010	0.0000e+000
9.600000e+002	1.52991225e-001	-3.24700877e+000	7.48082050e+003	0.00000000e+000	6.0402e+015	1.0000e-010	0.0000e+000
9.700000e+002	1.53739307e-001	-3.24626069e+000	7.36905117e+003	0.00000000e+000	5.8679e+015	1.0000e-010	0.0000e+000
9.800000e+002	1.54476212e-001	-3.24552379e+000	7.26042283e+003	0.00000000e+000	5.7030e+015	1.0000e-010	0.0000e+000
9.900000e+002	1.55202255e-001	-3.24479775e+000	7.15480282e+003	0.00000000e+000	5.5451e+015	1.0000e-010	0.0000e+000
1.000000e+003	1.55917735e-001	-3.24408227e+000	7.05206588e+003	0.00000000e+000	5.3937e+015	1.0000e-010	0.0000e+000
1.010000e+003	1.56622942e-001	-3.24337706e+000	6.95209358e+003	0.00000000e+000	5.2486e+015	1.0000e-010	0.0000e+000
1.020000e+003	1.57318151e-001	-3.24268185e+000	6.85477390e+003	0.00000000e+000	5.1093e+015	1.0000e-010	0.0000e+000
1.030000e+003	1.58003628e-001	-3.24199637e+000	6.76000079e+003	0.00000000e+000	4.9756e+015	1.0000e-010	0.0000e+000
1.040000e+003	1.58679628e-001	-3.24132037e+000	6.66767376e+003	0.00000000e+000	4.8472e+015	1.0000e-010	0.0000e+000
1.050000e+003	1.59346396e-001	-3.24065360e+000	6.57769756e+003	0.00000000e+000	4.7238e+015	1.0000e-010	0.0000e+000
1.060000e+003	1.60004165e-001	-3.23999583e+000	6.48998180e+003	0.00000000e+000	4.6051e+015	1.0000e-010	0.0000e+000
1.070000e+003	1.60653164e-001	-3.23934684e+000	6.40444069e+003	0.00000000e+000	4.4909e+015	1.0000e-010	0.0000e+000
1.080000e+003	1.61293608e-001	-3.23870639e+000	6.32099269e+003	0.00000000e+000	4.3810e+015	1.0000e-010	0.0000e+000
1.090000e+003	1.61925707e-001	-3.23807429e+000	6.23956032e+003	0.00000000e+000	4.2752e+015	1.0000e-010	0.0000e+000
1.100000e+003	1.62549663e-001	-3.23745034e+000	6.16006984e+003	0.00000000e+000	4.1733e+015	1.0000e-010	0.0000e+000
1.110000e+003	1.63165670e-001	-3.23683433e+000	6.08245109e+003	0.00000000e+000	4.0750e+015	1.0000e-010	0.0000e+000
1.120000e+003	1.63773915e-001	-3.23622608e+000	6.00663724e+003	0.00000000e+000	3.9802e+015	1.0000e-010	0.0000e+000
1.130000e+003	1.64374579e-001	-3.23562542e+000	5.93256459e+003	0.00000000e+000	3.8888e+015	1.0000e-010	0.0000e+000
1.140000e+003	1.64967835e-001	-3.23503216e+000	5.86017242e+003	0.00000000e+000	3.8006e+015	1.0000e-010	0.0000e+000
1.150000e+003	1.65553853e-001	-3.23444615e+000	5.78940279e+003	0.00000000e+000	3.7154e+015	1.0000e-010	0.0000e+000
1.160000e+003	1.66132793e-001	-3.23386721e+000	5.72020039e+003	0.00000000e+000	3.6331e+015	1.0000e-010	0.0000e+000
1.170000e+003	1.66704813e-001	-3.23329519e+000	5.65251240e+003	0.00000000e+000	3.5536e+015	1.0000e-010	0.0000e+000
1.180000e+003	1.67270064e-001	-3.23272994e+000	5.58628833e+003	0.00000000e+000	3.4768e+015	1.0000e-010	0.0000e+000
1.190000e+003	1.67828693e-001	-3.23217131e+000	5.52147994e+003	0.00000000e+000	3.4025e+015	1.0000e-010	0.0000e+000
1.200000e+003	1.68380841e-001	-3.23161916e+000	5.45804105e+003	0.00000000e+000	3.3306e+015	1.0000e-010	0.0000e+000
1.210000e+003	1.68926645e-001	-3.23107335e+000	5.39592748e+003	0.00000000e+000	3.2610e+015	1.0000e-010	0.0000e+000
1.220000e+003	1.69466238e-001	-3.23053376e+000	5.33509693e+003	0.00000000e+000	3.1936e+015	1.0000e-010	0.0000e+000
1.230000e+003	1.69999747e-001	-3.23000025e+000	5.27550888e+003	0.00000000e+000	3.1284e+015	1.0000e-010	0.0000e+000
1.240000e+003	1.70527298e-001	-3.22947270e+000	5.21712450e+003	0.00000000e+000	3.0652e+015	1.0000e-010	0.0000e+000
1.250000e+003	1.71049011e-001	-3.22895099e+000	5.15990655e+003	0.00000000e+000	3.0040e+015	1.0000e-010	0.0000e+000
1.260000e+003	1.71565001e-001	-3.22843500e+000	5.10381932e+003	0.00000000e+000	2.9446e+015	1.0000e-010	0.0000e+000
1.270000e+003	1.72075383e-001	-3.22792462e+000	5.04882852e+003	0.00000000e+000	2.8870e+015	1.0000e-010	0.0000e+000
1.280000e+003	1.72580266e-001	-3.22741973e+000	4.99490127e+003	0.00000000e+000	2.8312e+015	1.0000e-010	0.0000e+000
1.290000e+003	1.73079756e-001	-3.22692024e+000	4.94200595e+003	0.00000000e+000	2.7770e+015	1.0000e-010	0.0000e+000
1.300000e+003	1.73573957e-001	-3.22642604e+000	4.89011220e+003	0.00000000e+000	2.7244e+015	1.0000e-010	0.0000e+000
1.310000e+003	1.74062968e-001	-3.22593703e+000	4.83919083e+003	0.00000000e+000	2.6734e+015	1.0000e-010	0.0000e+000
1.320000e+003	1.74546887e-001	-3.22545311e+000	4.78921379e+003	0.00000000e+000	2.6238e+015	1.0000e-010	0.0000e+000
1.330000e+003	1.75025809e-001	-3.22497419e+000	4.74015408e+003	0.00000000e+000	2.5756e+015	1.0000e-010	0.0000e+000
1.340000e+003	1.75499824e-001	-3.22450018e+000	4.69198572e+003	0.00000000e+000	2.5288e+015	1.0000e-010	0.0000e+000
1.350000e+003	1.75969023e-001	-3.22403098e+000	4.64468370e+003	0.00000000e+000	2.4834e+015	1.0000e-010	0.0000e+000
1.360000e+003	1.76433491e-001	-3.22356651e+000	4.59822393e+003	0.00000000e+000	2.4391e+015	1.0000e-010	0.0000e+000
1.370000e+003	1.76893313e-001	-3.22310669e+000	4.55258323e+003	0.00000000e+000	2.3961e+015	1.0000e-010	0.0000e+000
1.380000e+003	1.77348572e-001	-3.22265143e+000	4.50773924e+003	0.00000000e+000	2.3543e+015	1.0000e-010	0.0000e+000
1.390000e+003	1.77799346e-001	-3.22220065e+000	4.46367040e+003	0.00000000e+000	2.3136e+015	1.0000e-010	0.0000e+000
1.400000e+003	1.78245713e-001	-3.22175429e+000	4.42035593e+003	0.00000000e+000	2.2740e+015	1.0000e-010	0.0000e+000
1.410000e+003	1.78687748e-001	-3.22131225e+000	4.37777579e+003	0.00000000e+000	2.2355e+015	1.0000e-010	0.0000e+000
1.420000e+003	1.79125526e-001	-3.22087447e+000	4.33591063e+003	0.00000000e+000	2.1979e+015	1.0000e-010	0.0000e+000
1.430000e+003	1.79559117e-001	-3.22044088e+000	4.29474178e+003	0.00000000e+000	2.1614e+015	1.0000e-010	0.0000e+000
1.440000e+003	1.79988591e-001	-3.22001141e+000	4.25425121e+003	0.00000000e+000	2.1258e+015	1.0000e-010	0.0000e+000
1.450000e+003	1.80414016e-001	-3.21958598e+000	4.21442151e+003	0.00000000e+000	2.0911e+015	1.0000e-010	0.0000e+000
1.460000e+003	1.80835458e-001	-3.21916454e+000	4.17523585e+003	0.00000000e+000	2.0573e+015	1.0000e-010	0.0000e+000
1.470000e+003	1.81252982e-001	-3.21874702e+000	4.13667797e+003	0.00000000e+000	2.0243e+015	1.0000e-010	0.0000e+000
1.480000e+003	1.81666650e-001	-3.21833335e+000	4.09873217e+003	0.00000000e+000	1.9922e+015	1.0000e-010	0.0000e+000
1.490000e+003	1.82076523e-001	-3.21792348e+000	4.06138324e+003	0.00000000e+000	1.9608e+015	1.0000e-010	0.0000e+000
1.500000e+003	1.82482661e-001	-3.21751734e+000	4.02461648e+003	0.00000000e+000	1.9303e+015	1.0000e-010	0.0000e+000
1.510000e+003	1.82885123e-001	-3.21711488e+000	3.98841767e+003	0.00000000e+000	1.9004e+015	1.0000e-010	0.0000e+000
1.520000e+003	1.83283965e-001	-3.21671604e+000	3.95277305e+003	0.00000000e+000	1.8713e+015	1.0000e-010	0.0000e+000
1.530000e+003	1.83679242e-001	-3.21632076e+000	3.91766929e+003	0.00000000e+000	1.8430e+015	1.0000e-010	0.0000e+000
1.540000e+003	1.84071009e-001	-3.21592899e+000	3.88309348e+003	0.00000000e+000	1.8152e+015	1.0000e-010	0.0000e+000
1.550000e+003	1.84459318e-001	-3.21554068e+000	3.84903315e+003	0.00000000e+000	1.7882e+015	1.0000e-010	0.0000e+000
1.560000e+003	1.84844222e-001	-3.21515578e+000	3.81547617e+003	0.00000000e+000	1.7617e+015	1.0000e-010	0.0000e+000
1.570000e+003	1.85225769e-001	-3.21477423e+000	3.78241081e+003	0.00000000e+000	1.7359e+015	1.0000e-010	0.0000e+000
1.580000e+003	1.85604010e-001	-3.21439599e+000	3.74982572e+003	0.00000000e+000	1.7107e+015	1.0000e-010	0.0000e+000
1.590000e+003	1.85978993e-001	-3.21402101e+000	3.71770986e+003	0.00000000e+000	1.6861e+015	1.0000e-010	0.0000e+000
1.600000e+003	1.86350764e-001	-3.21364924e+000	3.68605255e+003	0.00000000e+000	1.6620e+015	1.0000e-010	0.0000e+000
1.610000e+003	1.86719369e-001	-3.21328063e+000	3.65484341e+003	0.00000000e+000	1.6385e+015	1.0000e-010	0.0000e+000
1.620000e+003	1.87084853e-001	-3.21291515e+000	3.62407239e+003	0.00000000e+000	1.6155e+015	1.0000e-010	0.0000e+000
1.630000e+003	1.87447261e-001	-3.21255274e+000	3.59372973e+003	0.00000000e+000	1.5930e+015	1.0000e-010	0.0000e+000
1.640000e+003	1.87806634e-001	-3.21219337e+000	3.56380594e+003	0.00000000e+000	1.5710e+015	1.0000e-010	0.0000e+000
1.650000e+003	1.88163014e-001	-3.21183699e+000	3.53429184e+003	0.00000000e+000	1.5495e+015	1.0000e-010	0.0000e+000
1.660000e+003	1.88516443e-001	-3.21148356e+000	3.50517849e+003	0.00000000e+000	1.5285e+015	1.0000e-010	0.0000e+000
1.670000e+003	1.88866961e-001	-3.21113304e+000	3.47645721e+003	0.00000000e+000	1.5079e+015	1.0000e-010	0.0000e+000
1.680000e+003	1.89214607e-001	-3.21078539e+000	3.44811957e+003	0.00000000e+000	1.4877e+015	1.0000e-010	0.0000e+000
1.690000e+003	1.89559419e-001	-3.21044058e+000	3.42015739e+003	0.00000000e+000	1.4680e+015	1.0000e-010	0.0000e+000
1.700000e+003	1.89901435e-001	-3.21009857e+000	3.39256271e+003	0.00000000e+000	1.4487e+015	1.0000e-010	0.0000e+000
1.710000e+003	1.90240691e-001	-3.20975931e+000	3.36532779e+003	0.00000000e+000	1.4298e+015	1.0000e-010	0.0000e+000
1.720000e+003	1.90577224e-001	-3.20942278e+000	3.33844511e+003	0.00000000e+000	1.4113e+015	1.0000e-010	0.0000e+000
1.730000e+003	1.90911068e-001	-3.20908893e+000	3.31190734e+003	0.00000000e+000	1.3932e+015	1.0000e-010	0.0000e+000
1.740000e+003	1.91242259e-001	-3.20875774e+000	3.28570739e+003	0.00000000e+000	1.3755e+015	1.0000e-010	0.0000e+000
1.750000e+003	1.91570830e-001	-3.20842917e+000	3.25983832e+003	0.00000000e+000	1.3581e+015	1.0000e-010	0.0000e+000
1.760000e+003	1.91896814e-001	-3.20810319e+000	3.23429341e+003	0.00000000e+000	1.3411e+015	1.0000e-010	0.0000e+000
1.770000e+003	1.92220243e-001	-3.20777976e+000	3.20906609e+003	0.00000000e+000	1.3244e+015	1.0000e-010	0.0000e+000
1.780000e+003	1.92541150e-001	-3.20745885e+000	3.18414998e+003	0.00000000e+000	1.3081e+015	1.0000e-010	0.0000e+000
1.790000e+003	1.92859565e-001	-3.20714044e+000	3.15953889e+003	0.00000000e+000	1.2921e+015	1.0000e-010	0.0000e+000
1.800000e+003	1.93175518e-001	-3.20682448e+000	3.13522675e+003	0.00000000e+000	1.2764e+015	1.0000e-010	0.0000e+000
1.810000e+003	1.93489041e-001	-3.20651096e+000	3.11120767e+003	0.00000000e+000	1.2610e+015	1.0000e-010	0.0000e+000
1.820000e+003	1.93800162e-001	-3.20619984e+000	3.08747593e+003	0.00000000e+000	1.2459e+015	1.0000e-010	0.0000e+000
1.830000e+003	1.94108909e-001	-3.20589109e+000	3.06402593e+003	0.00000000e+000	1.2311e+015	1.0000e-010	0.0000e+000
1.840000e+003	1.94415312e-001	-3.20558469e+000	3.04085222e+003	0.00000000e+000	1.2166e+015	1.0000e-010	0.0000e+000
1.850000e+003	1.94719397e-001	-3.20528060e+000	3.01794949e+003	0.00000000e+000	1.2024e+015	1.0000e-010	0.0000e+000
1.860000e+003	1.95021192e-001	-3.20497881e+000	2.99531258e+003	0.00000000e+000	1.1884e+015	1.0000e-010	0.0000e+000
1.870000e+003	1.95320723e-001	-3.20467928e+000	2.97293643e+003	0.00000000e+000	1.1748e+015	1.0000e-010	0.0000e+000
1.880000e+003	1.95618017e-001	-3.20438198e+000	2.95081613e+003	0.00000000e+000	1.1613e+015	1.0000e-010	0.0000e+000
1.890000e+003	1.95913099e-001	-3.20408690e+000	2.92894688e+003	0.00000000e+000	1.1481e+015	1.0000e-010	0.0000e+000
1.900000e+003	1.96205993e-001	-3.20379401e+000	2.90732401e+003	0.00000000e+000	1.1352e+015	1.0000e-010	0.0000e+000
1.910000e+003	1.96496726e-001	-3.20350327e+000	2.88594294e+003	0.00000000e+000	1.1225e+015	1.0000e-010	0.0000e+000
1.920000e+003	1.96785320e-001	-3.20321468e+000	2.86479924e+003	0.00000000e+000	1.1100e+015	1.0000e-010	0.0000e+000
1.930000e+003	1.97071800e-001	-3.20292820e+000	2.84388854e+003	0.00000000e+000	1.0978e+015	1.0000e-010	0.0000e+000
1.940000e+003	1.97356189e-001	-3.20264381e+000	2.82320661e+003	0.00000000e+000	1.0858e+015	1.0000e-010	0.0000e+000
1.950000e+003	1.97638510e-001	-3.20236149e+000	2.80274932e+003	0.00000000e+000	1.0740e+015	1.0000e-010	0.0000e+000
1.960000e+003	1.97918784e-001	-3.20208122e+000	2.78251261e+003	0.00000000e+000	1.0624e+015	1.0000e-010	0.0000e+000
1.970000e+003	1.98197036e-001	-3.20180296e+000	2.76249255e+003	0.00000000e+000	1.0511e+015	1.0000e-010	0.0000e+000
1.980000e+003	1.98473285e-001	-3.20152672e+000	2.74268528e+003	0.00000000e+000	1.0399e+015	1.0000e-010	0.0000e+000
1.990000e+003	1.98747554e-001	-3.20125245e+000	2.72308704e+003	0.00000000e+000	1.0289e+015	1.0000e-010	0.0000e+000
2.000000e+003	1.99019862e-001	-3.20098014e+000	2.70369416e+003	0.00000000e+000	1.0181e+015	1.0000e-010	0.0000e+000
2.010000e+003	1.99290232e-001	-3.20070977e+000	2.68450303e+003	0.00000000e+000	1.0075e+015	1.0000e-010	0.0000e+000
2.020000e+003	1.99558682e-001	-3.20044132e+000	2.66551015e+003	0.00000000e+000	9.9713e+014	1.0000e-010	0.0000e+000
2.030000e+003	1.99825233e-001	-3.20017477e+000	2.64671210e+003	0.00000000e+000	9.8690e+014	1.0000e-010	0.0000e+000
2.040000e+003	2.00089904e-001	-3.19991010e+000	2.62810552e+003	0.00000000e+000	9.7685e+014	1.0000e-010	0.0000e+000
2.050000e+003	2.00352715e-001	-3.19964729e+000	2.60968714e+003	0.00000000e+000	9.6697e+014	1.0000e-010	0.0000e+000
2.060000e+003	2.00613683e-001	-3.19938632e+000	2.59145374e+003	0.00000000e+000	9.5726e+014	1.0000e-010	0.0000e+000
2.070000e+003	2.00872829e-001	-3.19912717e+000	2.57340221e+003	0.00000000e+000	9.4771e+014	1.0000e-010	0.0000e+000
2.080000e+003	2.01130169e-001	-3.19886983e+000	2.55552948e+003	0.00000000e+000	9.3832e+014	1.0000e-010	0.0000e+000
2.090000e+003	2.01385722e-001	-3.19861428e+000	2.53783256e+003	0.00000000e+000	9.2909e+014	1.0000e-010	0.0000e+000
2.100000e+003	2.01639505e-001	-3.19836049e+000	2.52030851e+003	0.00000000e+000	9.2002e+014	1.0000e-010	0.0000e+000
2.110000e+003	2.01891536e-001	-3.19810846e+000	2.50295448e+003	0.00000000e+000	9.1109e+014	1.0000e-010	0.0000e+000
2.120000e+003	2.02141832e-001	-3.19785817e+000	2.48576765e+003	0.00000000e+000	9.0231e+014	1.0000e-010	0.0000e+000
2.130000e+003	2.02390408e-001	-3.19760959e+000	2.46874529e+003	0.00000000e+000	8.9368e+014	1.0000e-010	0.0000e+000
2.140000e+003	2.02637283e-001	-3.19736272e+000	2.45188471e+003	0.00000000e+000	8.8518e+014	1.0000e-010	0.0000e+000
2.150000e+003	2.02882471e-001	-3.19711753e+000	2.43518329e+003	0.00000000e+000	8.7683e+014	1.0000e-010	0.0000e+000
2.160000e+003	2.03125990e-001	-3.19687401e+000	2.41863845e+003	0.00000000e+000	8.6861e+014	1.0000e-010	0.0000e+000
2.170000e+003	2.03367853e-001	-3.19663215e+000	2.40224768e+003	0.00000000e+000	8.6052e+014	1.0000e-010	0.0000e+000
2.180000e+003	2.03608078e-001	-3.19639192e+000	2.38600851e+003	0.00000000e+000	8.5256e+014	1.0000e-010	0.0000e+000
2.190000e+003	2.03846679e-001	-3.19615332e+000	2.36991853e+003	0.00000000e+000	8.4473e+014	1.0000e-010	0.0000e+000
2.200000e+003	2.04083671e-001	-3.19591633e+000	2.35397537e+003	0.00000000e+000	8.3702e+014	1.0000e-010	0.0000e+000
2.210000e+003	2.04319068e-001	-3.19568093e+000	2.33817673e+003	0.00000000e+000	8.2943e+014	1.0000e-010	0.0000e+000
2.220000e+003	2.04552886e-001	-3.19544711e+000	2.32252034e+003	0.00000000e+000	8.2196e+014	1.0000e-010	0.0000e+000
2.230000e+003	2.04785138e-001	-3.19521486e+000	2.30700397e+003	0.00000000e+000	8.1461e+014	1.0000e-010	0.0000e+000
2.240000e+003	2.05015839e-001	-3.19498416e+000	2.29162545e+003	0.00000000e+000	8.0737e+014	1.0000e-010	0.0000e+000
2.250000e+003	2.05245001e-001	-3.19475500e+000	2.27638265e+003	0.00000000e+000	8.0025e+014	1.0000e-010	0.0000e+000
2.260000e+003	2.05472639e-001	-3.19452736e+000	2.26127348e+003	0.00000000e+000	7.9323e+014	1.0000e-010	0.0000e+000
2.270000e+003	2.05698767e-001	-3.19430123e+000	2.24629590e+003	0.00000000e+000	7.8633e+014	1.0000e-010	0.0000e+000
2.280000e+003	2.05923396e-001	-3.19407660e+000	2.23144789e+003	0.00000000e+000	7.7952e+014	1.0000e-010	0.0000e+000
2.290000e+003	2.06146541e-001	-3.19385346e+000	2.21672749e+003	0.00000000e+000	7.7282e+014	1.0000e-010	0.0000e+000
2.300000e+003	2.06368214e-001	-3.19363179e+000	2.20213278e+003	0.00000000e+000	7.6622e+014	1.0000e-010	0.0000e+000
2.310000e+003	2.06588427e-001	-3.19341157e+000	2.18766186e+003	0.00000000e+000	7.5973e+014	1.0000e-010	0.0000e+000
2.320000e+003	2.06807193e-001	-3.19319281e+000	2.17331288e+003	0.00000000e+000	7.5332e+014	1.0000e-010	0.0000e+000
2.330000e+003	2.07024525e-001	-3.19297548e+000	2.15908402e+003	0.00000000e+000	7.4702e+014	1.0000e-010	0.0000e+000
2.340000e+003	2.07240433e-001	-3.19275957e+000	2.14497351e+003	0.00000000e+000	7.4080e+014	1.0000e-010	0.0000e+000
2.350000e+003	2.07454930e-001	-3.19254507e+000	2.13097958e+003	0.00000000e+000	7.3468e+014	1.0000e-010	0.0000e+000
2.360000e+003	2.07668028e-001	-3.19233197e+000	2.11710053e+003	0.00000000e+000	7.2865e+014	1.0000e-010	0.0000e+000
2.370000e+003	2.07879738e-001	-3.19212026e+000	2.10333468e+003	0.00000000e+000	7.2271e+014	1.0000e-010	0.0000e+000
2.380000e+003	2.08090072e-001	-3.19190993e+000	2.08968038e+003	0.00000000e+000	7.1685e+014	1.0000e-010	0.0000e+000
2.390000e+003	2.08299040e-001	-3.19170096e+000	2.07613600e+003	0.00000000e+000	7.1108e+014	1.0000e-010	0.0000e+000
2.400000e+003	2.08506653e-001	-3.19149335e+000	2.06269996e+003	0.00000000e+000	7.0539e+014	1.0000e-010	0.0000e+000
2.410000e+003	2.08712923e-001	-3.19128708e+000	2.04937069e+003	0.00000000e+000	6.9979e+014	1.0000e-010	0.0000e+000
2.420000e+003	2.08917861e-001	-3.19108214e+000	2.03614668e+003	0.00000000e+000	6.9426e+014	1.0000e-010	0.0000e+000
2.430000e+003	2.09121475e-001	-3.19087852e+000	2.02302640e+003	0.00000000e+000	6.8882e+014	1.0000e-010	0.0000e+000
2.440000e+003	2.09323778e-001	-3.19067622e+000	2.01000840e+003	0.00000000e+000	6.8345e+014	1.0000e-010	0.0000e+000
2.450000e+003	2.09524779e-001	-3.19047522e+000	1.99709123e+003	0.00000000e+000	6.7815e+014	1.0000e-010	0.0000e+000
2.460000e+003	2.09724488e-001	-3.19027551e+000	1.98427345e+003	0.00000000e+000	6.7294e+014	1.0000e-010	0.0000e+000
2.470000e+003	2.09922915e-001	-3.19007708e+000	1.97155369e+003	0.00000000e+000	6.6779e+014	1.0000e-010	0.0000e+000
2.480000e+003	2.10120071e-001	-3.18987993e+000	1.95893055e+003	0.00000000e+000	6.6272e+014	1.0000e-010	0.0000e+000
2.490000e+003	2.10315964e-001	-3.18968404e+000	1.94640271e+003	0.00000000e+000	6.5771e+014	1.0000e-010	0.0000e+000
2.500000e+003	2.10510604e-001	-3.18948940e+000	1.93396884e+003	0.00000000e+000	6.5278e+014	1.0000e-010	0.0000e+000
2.510000e+003	2.10704001e-001	-3.18929600e+000	1.92162763e+003	0.00000000e+000	6.4792e+014	1.0000e-010	0.0000e+000
2.520000e+003	2.10896164e-001	-3.18910384e+000	1.90937782e+003	0.00000000e+000	6.4312e+014	1.0000e-010	0.0000e+000
2.530000e+003	2.11087101e-001	-3.18891290e+000	1.89721816e+003	0.00000000e+000	6.3838e+014	1.0000e-010	0.0000e+000
2.540000e+003	2.11276823e-001	-3.18872318e+000	1.88514740e+003	0.00000000e+000	6.3372e+014	1.0000e-010	0.0000e+000
2.550000e+003	2.11465338e-001	-3.18853466e+000	1.87316434e+003	0.00000000e+000	6.2911e+014	1.0000e-010	0.0000e+000
2.560000e+003	2.11652654e-001	-3.18834735e+000	1.86126780e+003	0.00000000e+000	6.2457e+014	1.0000e-010	0.0000e+000
2.570000e+003	2.11838781e-001	-3.18816122e+000	1.84945659e+003	0.00000000e+000	6.2009e+014	1.0000e-010	0.0000e+000
2.580000e+003	2.12023727e-001	-3.18797627e+000	1.83772959e+003	0.00000000e+000	6.1567e+014	1.0000e-010	0.0000e+000
2.590000e+003	2.12207500e-001	-3.18779250e+000	1.82608565e+003	0.00000000e+000	6.1131e+014	1.0000e-010	0.0000e+000
2.600000e+003	2.12390108e-001	-3.18760989e+000	1.81452367e+003	0.00000000e+000	6.0701e+014	1.0000e-010	0.0000e+000
2.610000e+003	2.12571561e-001	-3.18742844e+000	1.80304256e+003	0.00000000e+000	6.0276e+014	1.0000e-010	0.0000e+000
2.620000e+003	2.12751865e-001	-3.18724814e+000	1.79164125e+003	0.00000000e+000	5.9857e+014	1.0000e-010	0.0000e+000
2.630000e+003	2.12931029e-001	-3.18706897e+000	1.78031868e+003	0.00000000e+000	5.9444e+014	1.0000e-010	0.0000e+000
2.640000e+003	2.13109061e-001	-3.18689094e+000	1.76907381e+003	0.00000000e+000	5.9036e+014	1.0000e-010	0.0000e+000
2.650000e+003	2.13285968e-001	-3.18671403e+000	1.75790563e+003	0.00000000e+000	5.8633e+014	1.0000e-010	0.0000e+000
2.660000e+003	2.13461759e-001	-3.18653824e+000	1.74681314e+003	0.00000000e+000	5.8236e+014	1.0000e-010	0.0000e+000
2.670000e+003	2.13636440e-001	-3.18636356e+000	1.73579534e+003	0.00000000e+000	5.7844e+014	1.0000e-010	0.0000e+000
2.680000e+003	2.13810020e-001	-3.18618998e+000	1.72485128e+003	0.00000000e+000	5.7457e+014	1.0000e-010	0.0000e+000
2.690000e+003	2.13982505e-001	-3.18601750e+000	1.71397999e+003	0.00000000e+000	5.7074e+014	1.0000e-010	0.0000e+000
2.700000e+003	2.14153903e-001	-3.18584610e+000	1.70318054e+003	0.00000000e+000	5.6697e+014	1.0000e-010	0.0000e+000
2.710000e+003	2.14324221e-001	-3.18567578e+000	1.69245200e+003	0.00000000e+000	5.6325e+014	1.0000e-010	0.0000e+000
2.720000e+003	2.14493466e-001	-3.18550653e+000	1.68179347e+003	0.00000000e+000	5.5957e+014	1.0000e-010	0.0000e+000
2.730000e+003	2.14661645e-001	-3.18533835e+000	1.67120405e+003	0.00000000e+000	5.5595e+014	1.0000e-010	0.0000e+000
2.740000e+003	2.14828766e-001	-3.18517123e+000	1.66068287e+003	0.00000000e+000	5.5236e+014	1.0000e-010	0.0000e+000
2.750000e+003	2.14994834e-001	-3.18500517e+000	1.65022906e+003	0.00000000e+000	5.4883e+014	1.0000e-010	0.0000e+000
2.760000e+003	2.15159857e-001	-3.18484014e+000	1.63984177e+003	0.00000000e+000	5.4533e+014	1.0000e-010	0.0000e+000
2.770000e+003	2.15323841e-001	-3.18467616e+000	1.62952015e+003	0.00000000e+000	5.4189e+014	1.0000e-010	0.0000e+000
2.780000e+003	2.15486793e-001	-3.18451321e+000	1.61926340e+003	0.00000000e+000	5.3848e+014	1.0000e-010	0.0000e+000
2.790000e+003	2.15648720e-001	-3.18435128e+000	1.60907068e+003	0.00000000e+000	5.3512e+014	1.0000e-010	0.0000e+000
2.800000e+003	2.15809627e-001	-3.18419037e+000	1.59894121e+003	0.00000000e+000	5.3180e+014	1.0000e-010	0.0000e+000
2.810000e+003	2.15969521e-001	-3.18403048e+000	1.58887420e+003	0.00000000e+000	5.2852e+014	1.0000e-010	0.0000e+000
2.820000e+003	2.16128408e-001	-3.18387159e+000	1.57886886e+003	0.00000000e+000	5.2528e+014	1.0000e-010	0.0000e+000
2.830000e+003	2.16286295e-001	-3.18371370e+000	1.56892445e+003	0.00000000e+000	5.2208e+014	1.0000e-010	0.0000e+000
2.840000e+003	2.16443187e-001	-3.18355681e+000	1.55904021e+003	0.00000000e+000	5.1892e+014	1.0000e-010	0.0000e+000
2.850000e+003	2.16599091e-001	-3.18340091e+000	1.54921540e+003	0.00000000e+000	5.1580e+014	1.0000e-010	0.0000e+000
2.860000e+003	2.16754013e-001	-3.18324599e+000	1.53944928e+003	0.00000000e+000	5.1272e+014	1.0000e-010	0.0000e+000
2.870000e+003	2.16907958e-001	-3.18309204e+000	1.52974115e+003	0.00000000e+000	5.0968e+014	1.0000e-010	0.0000e+000
2.880000e+003	2.17060932e-001	-3.18293907e+000	1.52009030e+003	0.00000000e+000	5.0667e+014	1.0000e-010	0.0000e+000
2.890000e+003	2.17212941e-001	-3.18278706e+000	1.51049603e+003	0.00000000e+000	5.0370e+014	1.0000e-010	0.0000e+000
2.900000e+003	2.17363991e-001	-3.18263601e+000	1.50095765e+003	0.00000000e+000	5.0077e+014	1.0000e-010	0.0000e+000
2.910000e+003	2.17514086e-001	-3.18248591e+000	1.49147449e+003	0.00000000e+000	4.9787e+014	1.0000e-010	0.0000e+000
2.920000e+003	2.17663234e-001	-3.18233677e+000	1.48204588e+003	0.00000000e+000	4.9500e+014	1.0000e-010	0.0000e+000
2.930000e+003	2.17811439e-001	-3.18218856e+000	1.47267117e+003	0.00000000e+000	4.9217e+014	1.0000e-010	0.0000e+000
2.940000e+003	2.17958706e-001	-3.18204129e+000	1.46334971e+003	0.00000000e+000	4.8938e+014	1.0000e-010	0.0000e+000
2.950000e+003	2.18105041e-001	-3.18189496e+000	1.45408087e+003	0.00000000e+000	4.8662e+014	1.0000e-010	0.0000e+000
2.960000e+003	2.18250449e-001	-3.18174955e+000	1.44486402e+003	0.00000000e+000	4.8389e+014	1.0000e-010	0.0000e+000
2.970000e+003	2.18394935e-001	-3.18160506e+000	1.43569853e+003	0.00000000e+000	4.8119e+014	1.0000e-010	0.0000e+000
2.980000e+003	2.18538505e-001	-3.18146150e+000	1.42658381e+003	0.00000000e+000	4.7852e+014	1.0000e-010	0.0000e+000
2.990000e+003	2.18681163e-001	-3.18131884e+000	1.41751924e+003	0.00000000e+000	4.7589e+014	1.0000e-010	0.0000e+000
3.000000e+003	2.18822915e-001	-3.18117708e+000	1.40850424e+003	0.00000000e+000	4.7329e+014	1.0000e-010	0.0000e+000
3.010000e+003	2.18963766e-001	-3.18103623e+000	1.39953822e+003	0.00000000e+000	4.7072e+014	1.0000e-010	0.0000e+000
3.020000e+003	2.19103719e-001	-3.18089628e+000	1.39062061e+003	0.00000000e+000	4.6818e+014	1.0000e-010	0.0000e+000
3.030000e+003	2.19242782e-001	-3.18075722e+000	1.38175085e+003	0.00000000e+000	4.6566e+014	1.0000e-010	0.0000e+000
3.040000e+003	2.19380957e-001	-3.18061904e+000	1.37292836e+003	0.00000000e+000	4.6318e+014	1.0000e-010	0.0000e+000
3.050000e+003	2.19518249e-001	-3.18048175e+000	1.36415260e+003	0.00000000e+000	4.6073e+014	1.0000e-010	0.0000e+000
3.060000e+003	2.19654665e-001	-3.18034534e+000	1.35542303e+003	0.00000000e+000	4.5830e+014	1.0000e-010	0.0000e+000
3.070000e+003	2.19790207e-001	-3.18020979e+000	1.34673911e+003	0.00000000e+000	4.5591e+014	1.0000e-010	0.0000e+000
3.080000e+003	2.19924881e-001	-3.18007512e+000	1.33810031e+003	0.00000000e+000	4.5354e+014	1.0000e-010	0.0000e+000
3.090000e+003	2.20058691e-001	-3.17994131e+000	1.32950610e+003	0.00000000e+000	4.5120e+014	1.0000e-010	0.0000e+000
3.100000e+003	2.20191642e-001	-3.17980836e+000	1.32095598e+003	0.00000000e+000	4.4888e+014	1.0000e-010	0.0000e+000
3.110000e+003	2.20323737e-001	-3.17967626e+000	1.31244944e+003	0.00000000e+000	4.4659e+014	1.0000e-010	0.0000e+000
3.120000e+003	2.20454982e-001	-3.17954502e+000	1.30398598e+003	0.00000000e+000	4.4433e+014	1.0000e-010	0.0000e+000
3.130000e+003	2.20585381e-001	-3.17941462e+000	1.29556510e+003	0.00000000e+000	4.4210e+014	1.0000e-010	0.0000e+000
3.140000e+003	2.20714937e-001	-3.17928506e+000	1.28718631e+003	0.00000000e+000	4.3989e+014	1.0000e-010	0.0000e+000
3.150000e+003	2.20843656e-001	-3.17915634e+000	1.27884914e+003	0.00000000e+000	4.3770e+014	1.0000e-010	0.0000e+000
3.160000e+003	2.20971541e-001	-3.17902846e+000	1.27055311e+003	0.00000000e+000	4.3554e+014	1.0000e-010	0.0000e+000
3.170000e+003	2.21098596e-001	-3.17890140e+000	1.26229775e+003	0.00000000e+000	4.3341e+014	1.0000e-010	0.0000e+000
3.180000e+003	2.21224826e-001	-3.17877517e+000	1.25408260e+003	0.00000000e+000	4.3130e+014	1.0000e-010	0.0000e+000
3.190000e+003	2.21350234e-001	-3.17864977e+000	1.24590721e+003	0.00000000e+000	4.2921e+014	1.0000e-010	0.0000e+000
3.200000e+003	2.21474825e-001	-3.17852518e+000	1.23777112e+003	0.00000000e+000	4.2715e+014	1.0000e-010	0.0000e+000
3.210000e+003	2.21598602e-001	-3.17840140e+000	1.22967390e+003	0.00000000e+000	4.2511e+014	1.0000e-010	0.0000e+000
3.220000e+003	2.21721569e-001	-3.17827843e+000	1.22161509e+003	0.00000000e+000	4.2309e+014	1.0000e-010	0.0000e+000
3.230000e+003	2.21843731e-001	-3.17815627e+000	1.21359428e+003	0.00000000e+000	4.2109e+014	1.0000e-010	0.0000e+000
3.240000e+003	2.21965090e-001	-3.17803491e+000	1.20561104e+003	0.00000000e+000	4.1912e+014	1.0000e-010	0.0000e+000
3.250000e+003	2.22085651e-001	-3.17791435e+000	1.19766494e+003	0.00000000e+000	4.1717e+014	1.0000e-010	0.0000e+000
3.260000e+003	2.22205418e-001	-3.17779458e+000	1.18975556e+003	0.00000000e+000	4.1524e+014	1.0000e-010	0.0000e+000
3.270000e+003	2.22324393e-001	-3.17767561e+000	1.18188250e+003	0.00000000e+000	4.1334e+014	1.0000e-010	0.0000e+000
3.280000e+003	2.22442582e-001	-3.17755742e+000	1.17404536e+003	0.00000000e+000	4.1145e+014	1.0000e-010	0.0000e+000
3.290000e+003	2.22559986e-001	-3.17744001e+000	1.16624372e+003	0.00000000e+000	4.0959e+014	1.0000e-010	0.0000e+000
3.300000e+003	2.22676611e-001	-3.17732339e+000	1.15847720e+003	0.00000000e+000	4.0774e+014	1.0000e-010	0.0000e+000
3.310000e+003	2.22792458e-001	-3.17720754e+000	1.15074541e+003	0.00000000e+000	4.0592e+014	1.0000e-010	0.0000e+000
3.320000e+003	2.22907533e-001	-3.17709247e+000	1.14304795e+003	0.00000000e+000	4.0412e+014	1.0000e-010	0.0000e+000
3.330000e+003	2.23021838e-001	-3.17697816e+000	1.13538446e+003	0.00000000e+000	4.0233e+014	1.0000e-010	0.0000e+000
3.340000e+003	2.23135376e-001	-3.17686462e+000	1.12775454e+003	0.00000000e+000	4.0057e+014	1.0000e-010	0.0000e+000
3.350000e+003	2.23248152e-001	-3.17675185e+000	1.12015784e+003	0.00000000e+000	3.9883e+014	1.0000e-010	0.0000e+000
3.360000e+003	2.23360167e-001	-3.17663983e+000	1.11259399e+003	0.00000000e+000	3.9710e+014	1.0000e-010	0.0000e+000
3.370000e+003	2.23471427e-001	-3.17652857e+000	1.10506262e+003	0.00000000e+000	3.9540e+014	1.0000e-010	0.0000e+000
3.380000e+003	2.23581933e-001	-3.17641807e+000	1.09756337e+003	0.00000000e+000	3.9371e+014	1.0000e-010	0.0000e+000
3.390000e+003	2.23691689e-001	-3.17630831e+000	1.09009589e+003	0.00000000e+000	3.9204e+014	1.0000e-010	0.0000e+000
3.400000e+003	2.23800699e-001	-3.17619930e+000	1.08265984e+003	0.00000000e+000	3.9039e+014	1.0000e-010	0.0000e+000
3.410000e+003	2.23908965e-001	-3.17609104e+000	1.07525486e+003	0.00000000e+000	3.8876e+014	1.0000e-010	0.0000e+000
3.420000e+003	2.24016490e-001	-3.17598351e+000	1.06788061e+003	0.00000000e+000	3.8715e+014	1.0000e-010	0.0000e+000
3.430000e+003	2.24123278e-001	-3.17587672e+000	1.06053677e+003	0.00000000e+000	3.8555e+014	1.0000e-010	0.0000e+000
3.440000e+003	2.24229332e-001	-3.17577067e+000	1.05322299e+003	0.00000000e+000	3.8397e+014	1.0000e-010	0.0000e+000
3.450000e+003	2.24334654e-001	-3.17566535e+000	1.04593895e+003	0.00000000e+000	3.8241e+014	1.0000e-010	0.0000e+000
3.460000e+003	2.24439248e-001	-3.17556075e+000	1.03868431e+003	0.00000000e+000	3.8087e+014	1.0000e-010	0.0000e+000
3.470000e+003	2.24543117e-001	-3.17545688e+000	1.03145877e+003	0.00000000e+000	3.7934e+014	1.0000e-010	0.0000e+000
3.480000e+003	2.24646263e-001	-3.17535374e+000	1.02426200e+003	0.00000000e+000	3.7783e+014	1.0000e-010	0.0000e+000
3.490000e+003	2.24748689e-001	-3.17525131e+000	1.01709368e+003	0.00000000e+000	3.7634e+014	1.0000e-010	0.0000e+000
3.500000e+003	2.24850398e-001	-3.17514960e+000	1.00995351e+003	0.00000000e+000	3.7486e+014	1.0000e-010	0.0000e+000
3.510000e+003	2.24951394e-001	-3.17504861e+000	1.00284119e+003	0.00000000e+000	3.7340e+014	1.0000e-010	0.0000e+000
3.520000e+003	2.25051678e-001	-3.17494832e+000	9.95756395e+002	0.00000000e+000	3.7195e+014	1.0000e-010	0.0000e+000
3.530000e+003	2.25151253e-001	-3.17484875e+000	9.88698840e+002	0.00000000e+000	3.7052e+014	1.0000e-010	0.0000e+000
3.540000e+003	2.25250123e-001	-3.17474988e+000	9.81668225e+002	0.00000000e+000	3.6911e+014	1.0000e-010	0.0000e+000
3.550000e+003	2.25348290e-001	-3.17465171e+000	9.74664256e+002	0.00000000e+000	3.6771e+014	1.0000e-010	0.0000e+000
3.560000e+003	2.25445756e-001	-3.17455424e+000	9.67686643e+002	0.00000000e+000	3.6633e+014	1.0000e-010	0.0000e+000
3.570000e+003	2.25542525e-001	-3.17445747e+000	9.60735100e+002	0.00000000e+000	3.6496e+014	1.0000e-010	0.0000e+000
3.580000e+003	2.25638599e-001	-3.17436140e+000	9.53809344e+002	0.00000000e+000	3.6360e+014	1.0000e-010	0.0000e+000
3.590000e+003	2.25733980e-001	-3.17426602e+000	9.46909092e+002	0.00000000e+000	3.6226e+014	1.0000e-010	0.0000e+000
3.600000e+003	2.25828670e-001	-3.17417133e+000	9.40034069e+002	0.00000000e+000	3.6094e+014	1.0000e-010	0.0000e+000
3.610000e+003	2.25922674e-001	-3.17407733e+000	9.33184000e+002	0.00000000e+000	3.5963e+014	1.0000e-010	0.0000e+000
3.620000e+003	2.26015992e-001	-3.17398401e+000	9.26358612e+002	0.00000000e+000	3.5833e+014	1.0000e-010	0.0000e+000
3.630000e+003	2.26108628e-001	-3.17389137e+000	9.19557639e+002	0.00000000e+000	3.5705e+014	1.0000e-010	0.0000e+000
3.640000e+003	2.26200584e-001	-3.17379942e+000	9.12780814e+002	0.00000000e+000	3.5578e+014	1.0000e-010	0.0000e+000
3.650000e+003	2.26291862e-001	-3.17370814e+000	9.06027874e+002	0.00000000e+000	3.5453e+014	1.0000e-010	0.0000e+000
3.660000e+003	2.26382465e-001	-3.17361754e+000	8.99298559e+002	0.00000000e+000	3.5329e+014	1.0000e-010	0.0000e+000
3.670000e+003	2.26472395e-001	-3.17352761e+000	8.92592613e+002	0.00000000e+000	3.5206e+014	1.0000e-010	0.0000e+000
3.680000e+003	2.26561654e-001	-3.17343835e+000	8.85909780e+002	0.00000000e+000	3.5085e+014	1.0000e-010	0.0000e+000
3.690000e+003	2.26650245e-001	-3.17334976e+000	8.79249809e+002	0.00000000e+000	3.4965e+014	1.0000e-010	0.0000e+000
3.700000e+003	2.26738170e-001	-3.17326183e+000	8.72612451e+002	0.00000000e+000	3.4846e+014	1.0000e-010	0.0000e+000
3.710000e+003	2.26825431e-001	-3.17317457e+000	8.65997460e+002	0.00000000e+000	3.4729e+014	1.0000e-010	0.0000e+000
3.720000e+003	2.26912031e-001	-3.17308797e+000	8.59404590e+002	0.00000000e+000	3.4613e+014	1.0000e-010	0.0000e+000
3.730000e+003	2.26997971e-001	-3.17300203e+000	8.52833600e+002	0.00000000e+000	3.4498e+014	1.0000e-010	0.0000e+000
3.740000e+003	2.27083255e-001	-3.17291675e+000	8.46284252e+002	0.00000000e+000	3.4384e+014	1.0000e-010	0.0000e+000
3.750000e+003	2.27167883e-001	-3.17283212e+000	8.39756309e+002	0.00000000e+000	3.4272e+014	1.0000e-010	0.0000e+000
3.760000e+003	2.27251859e-001	-3.17274814e+000	8.33249536e+002	0.00000000e+000	3.4161e+014	1.0000e-010	0.0000e+000
3.770000e+003	2.27335184e-001	-3.17266482e+000	8.26763702e+002	0.00000000e+000	3.4051e+014	1.0000e-010	0.0000e+000
3.780000e+003	2.27417860e-001	-3.17258214e+000	8.20298576e+002	0.00000000e+000	3.3942e+014	1.0000e-010	0.0000e+000
3.790000e+003	2.27499890e-001	-3.17250011e+000	8.13853933e+002	0.00000000e+000	3.3834e+014	1.0000e-010	0.0000e+000
3.800000e+003	2.27581275e-001	-3.17241872e+000	8.07429546e+002	0.00000000e+000	3.3728e+014	1.0000e-010	0.0000e+000
3.810000e+003	2.27662018e-001	-3.17233798e+000	8.01025193e+002	0.00000000e+000	3.3623e+014	1.0000e-010	0.0000e+000
3.820000e+003	2.27742121e-001	-3.17225788e+000	7.94640653e+002	0.00000000e+000	3.3519e+014	1.0000e-010	0.0000e+000
3.830000e+003	2.27821585e-001	-3.17217842e+000	7.88275708e+002	0.00000000e+000	3.3416e+014	1.0000e-010	0.0000e+000
3.840000e+003	2.27900412e-001	-3.17209959e+000	7.81930141e+002	0.00000000e+000	3.3314e+014	1.0000e-010	0.0000e+000
3.850000e+003	2.27978605e-001	-3.17202139e+000	7.75603738e+002	0.00000000e+000	3.3214e+014	1.0000e-010	0.0000e+000
3.860000e+003	2.28056166e-001	-3.17194383e+000	7.69296287e+002	0.00000000e+000	3.3114e+014	1.0000e-010	0.0000e+000
3.870000e+003	2.28133095e-001	-3.17186690e+000	7.63007578e+002	0.00000000e+000	3.3016e+014	1.0000e-010	0.0000e+000
3.880000e+003	2.28209396e-001	-3.17179060e+000	7.56737402e+002	0.00000000e+000	3.2919e+014	1.0000e-010	0.0000e+000
3.890000e+003	2.28285070e-001	-3.17171493e+000	7.50485553e+002	0.00000000e+000	3.2822e+014	1.0000e-010	0.0000e+000
3.900000e+003	2.28360118e-001	-3.17163988e+000	7.44251827e+002	0.00000000e+000	3.2727e+014	1.0000e-010	0.0000e+000
3.910000e+003	2.28434544e-001	-3.17156546e+000	7.38036022e+002	0.00000000e+000	3.2633e+014	1.0000e-010	0.0000e+000
3.920000e+003	2.28508347e-001	-3.17149165e+000	7.31837937e+002	0.00000000e+000	3.2540e+014	1.0000e-010	0.0000e+000
3.930000e+003	2.28581531e-001	-3.17141847e+000	7.25657372e+002	0.00000000e+000	3.2448e+014	1.0000e-010	0.0000e+000
3.940000e+003	2.28654097e-001	-3.17134590e+000	7.19494132e+002	0.00000000e+000	3.2357e+014	1.0000e-010	0.0000e+000
3.950000e+003	2.28726046e-001	-3.17127395e+000	7.13348022e+002	0.00000000e+000	3.2267e+014	1.0000e-010	0.0000e+000
3.960000e+003	2.28797381e-001	-3.17120262e+000	7.07218847e+002	0.00000000e+000	3.2178e+014	1.0000e-010	0.0000e+000
3.970000e+003	2.28868103e-001	-3.17113190e+000	7.01106416e+002	0.00000000e+000	3.2090e+014	1.0000e-010	0.0000e+000
3.980000e+003	2.28938214e-001	-3.17106179e+000	6.95010540e+002	0.00000000e+000	3.2003e+014	1.0000e-010	0.0000e+000
3.990000e+003	2.29007715e-001	-3.17099229e+000	6.88931031e+002	0.00000000e+000	3.1918e+014	1.0000e-010	0.0000e+000
4.000000e+003	2.29076608e-001	-3.17092339e+000	6.82867701e+002	0.00000000e+000	3.1833e+014	1.0000e-010	0.0000e+000
4.010000e+003	2.29144894e-001	-3.17085511e+000	6.76820366e+002	0.00000000e+000	3.1749e+014	1.0000e-010	0.0000e+000
4.020000e+003	2.29212576e-001	-3.17078742e+000	6.70788842e+002	0.00000000e+000	3.1666e+014	1.0000e-010	0.0000e+000
4.030000e+003	2.29279655e-001	-3.17072034e+000	6.64772949e+002	0.00000000e+000	3.1584e+014	1.0000e-010	0.0000e+000
4.040000e+003	2.29346133e-001	-3.17065387e+000	6.58772505e+002	0.00000000e+000	3.1502e+014	1.0000e-010	0.0000e+000
4.050000e+003	2.29412010e-001	-3.17058799e+000	6.52787332e+002	0.00000000e+000	3.1422e+014	1.0000e-010	0.0000e+000
4.060000e+003	2.29477289e-001	-3.17052271e+000	6.46817253e+002	0.00000000e+000	3.1343e+014	1.0000e-010	0.0000e+000
4.070000e+003	2.29541970e-001	-3.17045803e+000	6.40862093e+002	0.00000000e+000	3.1265e+014	1.0000e-010	0.0000e+000
4.080000e+003	2.29606057e-001	-3.17039394e+000	6.34921677e+002	0.00000000e+000	3.1187e+014	1.0000e-010	0.0000e+000
4.090000e+003	2.29669549e-001	-3.17033045e+000	6.28995833e+002	0.00000000e+000	3.1111e+014	1.0000e-010	0.0000e+000
4.100000e+003	2.29732448e-001	-3.17026755e+000	6.23084389e+002	0.00000000e+000	3.1035e+014	1.0000e-010	0.0000e+000
4.110000e+003	2.29794757e-001	-3.17020524e+000	6.17187176e+002	0.00000000e+000	3.0960e+014	1.0000e-010	0.0000e+000
4.120000e+003	2.29856475e-001	-3.17014352e+000	6.11304025e+002	0.00000000e+000	3.0887e+014	1.0000e-010	0.0000e+000
4.130000e+003	2.29917606e-001	-3.17008239e+000	6.05434769e+002	0.00000000e+000	3.0814e+014	1.0000e-010	0.0000e+000
4.140000e+003	2.29978149e-001	-3.17002185e+000	5.99579242e+002	0.00000000e+000	3.0742e+014	1.0000e-010	0.0000e+000
4.150000e+003	2.30038107e-001	-3.16996189e+000	5.93737281e+002	0.00000000e+000	3.0670e+014	1.0000e-010	0.0000e+000
4.160000e+003	2.30097481e-001	-3.16990252e+000	5.87908721e+002	0.00000000e+000	3.0600e+014	1.0000e-010	0.0000e+000
4.170000e+003	2.30156272e-001	-3.16984373e+000	5.82093400e+002	0.00000000e+000	3.0531e+014	1.0000e-010	0.0000e+000
4.180000e+003	2.30214481e-001	-3.16978552e+000	5.76291159e+002	0.00000000e+000	3.0462e+014	1.0000e-010	0.0000e+000
4.190000e+003	2.30272110e-001	-3.16972789e+000	5.70501838e+002	0.00000000e+000	3.0394e+014	1.0000e-010	0.0000e+000
4.200000e+003	2.30329161e-001	-3.16967084e+000	5.64725279e+002	0.00000000e+000	3.0327e+014	1.0000e-010	0.0000e+000
4.210000e+003	2.30385633e-001	-3.16961437e+000	5.58961325e+002	0.00000000e+000	3.0261e+014	1.0000e-010	0.0000e+000
4.220000e+003	2.30441529e-001	-3.16955847e+000	5.53209819e+002	0.00000000e+000	3.0195e+014	1.0000e-010	0.0000e+000
4.230000e+003	2.30496850e-001	-3.16950315e+000	5.47470609e+002	0.00000000e+000	3.0131e+014	1.0000e-010	0.0000e+000
4.240000e+003	2.30551597e-001	-3.16944840e+000	5.41743539e+002	0.00000000e+000	3.0067e+014	1.0000e-010	0.0000e+000
4.250000e+003	2.30605772e-001	-3.16939423e+000	5.36028458e+002	0.00000000e+000	3.0004e+014	1.0000e-010	0.0000e+000
4.260000e+003	2.30659374e-001	-3.16934063e+000	5.30325215e+002	0.00000000e+000	2.9942e+014	1.0000e-010	0.0000e+000
4.270000e+003	2.30712407e-001	-3.16928759e+000	5.24633660e+002	0.00000000e+000	2.9881e+014	1.0000e-010	0.0000e+000
4.280000e+003	2.30764870e-001	-3.16923513e+000	5.18953643e+002	0.00000000e+000	2.9820e+014	1.0000e-010	0.0000e+000
4.290000e+003	2.30816766e-001	-3.16918323e+000	5.13285017e+002	0.00000000e+000	2.9760e+014	1.0000e-010	0.0000e+000
4.300000e+003	2.30868094e-001	-3.16913191e+000	5.07627634e+002	0.00000000e+000	2.9701e+014	1.0000e-010	0.0000e+000
4.310000e+003	2.30918857e-001	-3.16908114e+000	5.01981350e+002	0.00000000e+000	2.9643e+014	1.0000e-010	0.0000e+000
4.320000e+003	2.30969055e-001	-3.16903094e+000	4.96346018e+002	0.00000000e+000	2.9586e+014	1.0000e-010	0.0000e+000
4.330000e+003	2.31018690e-001	-3.16898131e+000	4.90721496e+002	0.00000000e+000	2.9529e+014	1.0000e-010	0.0000e+000
4.340000e+003	2.31067762e-001	-3.16893224e+000	4.85107640e+002	0.00000000e+000	2.9473e+014	1.0000e-010	0.0000e+000
4.350000e+003	2.31116273e-001	-3.16888373e+000	4.79504308e+002	0.00000000e+000	2.9418e+014	1.0000e-010	0.0000e+000
4.360000e+003	2.31164223e-001	-3.16883578e+000	4.73911360e+002	0.00000000e+000	2.9363e+014	1.0000e-010	0.0000e+000
4.370000e+003	2.31211614e-001	-3.16878839e+000	4.68328655e+002	0.00000000e+000	2.9309e+014	1.0000e-010	0.0000e+000
4.380000e+003	2.31258447e-001	-3.16874155e+000	4.62756055e+002	0.00000000e+000	2.9256e+014	1.0000e-010	0.0000e+000
4.390000e+003	2.31304723e-001	-3.16869528e+000	4.57193420e+002	0.00000000e+000	2.9204e+014	1.0000e-010	0.0000e+000
4.400000e+003	2.31350442e-001	-3.16864956e+000	4.51640615e+002	0.00000000e+000	2.9152e+014	1.0000e-010	0.0000e+000
4.410000e+003	2.31395606e-001	-3.16860439e+000	4.46097502e+002	0.00000000e+000	2.9101e+014	1.0000e-010	0.0000e+000
4.420000e+003	2.31440216e-001	-3.16855978e+000	4.40563946e+002	0.00000000e+000	2.9051e+014	1.0000e-010	0.0000e+000
4.430000e+003	2.31484272e-001	-3.16851573e+000	4.35039812e+002	0.00000000e+000	2.9002e+014	1.0000e-010	0.0000e+000
4.440000e+003	2.31527776e-001	-3.16847222e+000	4.29524966e+002	0.00000000e+000	2.8953e+014	1.0000e-010	0.0000e+000
4.450000e+003	2.31570729e-001	-3.16842927e+000	4.24019276e+002	0.00000000e+000	2.8905e+014	1.0000e-010	0.0000e+000
4.460000e+003	2.31613131e-001	-3.16838687e+000	4.18522608e+002	0.00000000e+000	2.8858e+014	1.0000e-010	0.0000e+000
4.470000e+003	2.31654983e-001	-3.16834502e+000	4.13034832e+002	0.00000000e+000	2.8811e+014	1.0000e-010	0.0000e+000
4.480000e+003	2.31696286e-001	-3.16830371e+000	4.07555816e+002	0.00000000e+000	2.8765e+014	1.0000e-010	0.0000e+000
4.490000e+003	2.31737042e-001	-3.16826296e+000	4.02085432e+002	0.00000000e+000	2.8720e+014	1.0000e-010	0.0000e+000
4.500000e+003	2.31777250e-001	-3.16822275e+000	3.96623549e+002	0.00000000e+000	2.8675e+014	1.0000e-010	0.0000e+000
4.510000e+003	2.31816913e-001	-3.16818309e+000	3.91170039e+002	0.00000000e+000	2.8631e+014	1.0000e-010	0.0000e+000
4.520000e+003	2.31856030e-001	-3.16814397e+000	3.85724775e+002	0.00000000e+000	2.8588e+014	1.0000e-010	0.0000e+000
4.530000e+003	2.31894602e-001	-3.16810540e+000	3.80287630e+002	0.00000000e+000	2.8545e+014	1.0000e-010	0.0000e+000
4.540000e+003	2.31932631e-001	-3.16806737e+000	3.74858476e+002	0.00000000e+000	2.8503e+014	1.0000e-010	0.0000e+000
4.550000e+003	2.31970117e-001	-3.16802988e+000	3.69437190e+002	0.00000000e+000	2.8462e+014	1.0000e-010	0.0000e+000
4.560000e+003	2.32007061e-001	-3.16799294e+000	3.64023645e+002	0.00000000e+000	2.8421e+014	1.0000e-010	0.0000e+000
4.570000e+003	2.32043463e-001	-3.16795654e+000	3.58617718e+002	0.00000000e+000	2.8381e+014	1.0000e-010	0.0000e+000
4.580000e+003	2.32079325e-001	-3.16792068e+000	3.53219284e+002	0.00000000e+000	2.8342e+014	1.0000e-010	0.0000e+000
4.590000e+003	2.32114647e-001	-3.16788535e+000	3.47828221e+002	0.00000000e+000	2.8303e+014	1.0000e-010	0.0000e+000
4.600000e+003	2.32149430e-001	-3.16785057e+000	3.42444407e+002	0.00000000e+000	2.8265e+014	1.0000e-010	0.0000e+000
4.610000e+003	2.32183674e-001	-3.16781633e+000	3.37067720e+002	0.00000000e+000	2.8228e+014	1.0000e-010	0.0000e+000
4.620000e+003	2.32217381e-001	-3.16778262e+000	3.31698039e+002	0.00000000e+000	2.8191e+014	1.0000e-010	0.0000e+000
4.630000e+003	2.32250551e-001	-3.16774945e+000	3.26335243e+002	0.00000000e+000	2.8155e+014	1.0000e-010	0.0000e+000
4.640000e+003	2.32283184e-001	-3.16771682e+000	3.20979212e+002	0.00000000e+000	2.8119e+014	1.0000e-010	0.0000e+000
4.650000e+003	2.32315282e-001	-3.16768472e+000	3.15629827e+002	0.00000000e+000	2.8084e+014	1.0000e-010	0.0000e+000
4.660000e+003	2.32346845e-001	-3.16765316e+000	3.10286969e+002	0.00000000e+000	2.8050e+014	1.0000e-010	0.0000e+000
4.670000e+003	2.32377874e-001	-3.16762213e+000	3.04950520e+002	0.00000000e+000	2.8016e+014	1.0000e-010	0.0000e+000
4.680000e+003	2.32408369e-001	-3.16759163e+000	2.99620363e+002	0.00000000e+000	2.7983e+014	1.0000e-010	0.0000e+000
4.690000e+003	2.32438331e-001	-3.16756167e+000	2.94296379e+002	0.00000000e+000	2.7951e+014	1.0000e-010	0.0000e+000
4.700000e+003	2.32467760e-001	-3.16753224e+000	2.88978453e+002	0.00000000e+000	2.7919e+014	1.0000e-010	0.0000e+000
4.710000e+003	2.32496658e-001	-3.16750334e+000	2.83666467e+002	0.00000000e+000	2.7888e+014	1.0000e-010	0.0000e+000
4.720000e+003	2.32525025e-001	-3.16747498e+000	2.78360308e+002	0.00000000e+000	2.7857e+014	1.0000e-010	0.0000e+000
4.730000e+003	2.32552861e-001	-3.16744714e+000	2.73059858e+002	0.00000000e+000	2.7827e+014	1.0000e-010	0.0000e+000
4.740000e+003	2.32580167e-001	-3.16741983e+000	2.67765004e+002	0.00000000e+000	2.7798e+014	1.0000e-010	0.0000e+000
4.750000e+003	2.32606943e-001	-3.16739306e+000	2.62475632e+002	0.00000000e+000	2.7769e+014	1.0000e-010	0.0000e+000
4.760000e+003	2.32633191e-001	-3.16736681e+000	2.57191627e+002	0.00000000e+000	2.7741e+014	1.0000e-010	0.0000e+000
4.770000e+003	2.32658910e-001	-3.16734109e+000	2.51912876e+002	0.00000000e+000	2.7714e+014	1.0000e-010	0.0000e+000
4.780000e+003	2.32684101e-001	-3.16731590e+000	2.46639267e+002	0.00000000e+000	2.7687e+014	1.0000e-010	0.0000e+000
4.790000e+003	2.32708765e-001	-3.16729123e+000	2.41370686e+002	0.00000000e+000	2.7660e+014	1.0000e-010	0.0000e+000
4.800000e+003	2.32732902e-001	-3.16726710e+000	2.36107023e+002	0.00000000e+000	2.7634e+014	1.0000e-010	0.0000e+000
4.810000e+003	2.32756513e-001	-3.16724349e+000	2.30848164e+002	0.00000000e+000	2.7609e+014	1.0000e-010	0.0000e+000
4.820000e+003	2.32779598e-001	-3.16722040e+000	2.25594000e+002	0.00000000e+000	2.7584e+014	1.0000e-010	0.0000e+000
4.830000e+003	2.32802157e-001	-3.16719784e+000	2.20344418e+002	0.00000000e+000	2.7560e+014	1.0000e-010	0.0000e+000
4.840000e+003	2.32824192e-001	-3.16717581e+000	2.15099309e+002	0.00000000e+000	2.7537e+014	1.0000e-010	0.0000e+000
4.850000e+003	2.32845702e-001	-3.16715430e+000	2.09858562e+002	0.00000000e+000	2.7514e+014	1.0000e-010	0.0000e+000
4.860000e+003	2.32866688e-001	-3.16713331e+000	2.04622067e+002	0.00000000e+000	2.7492e+014	1.0000e-010	0.0000e+000
4.870000e+003	2.32887150e-001	-3.16711285e+000	1.99389716e+002	0.00000000e+000	2.7470e+014	1.0000e-010	0.0000e+000
4.880000e+003	2.32907089e-001	-3.16709291e+000	1.94161399e+002	0.00000000e+000	2.7449e+014	1.0000e-010	0.0000e+000
4.890000e+003	2.32926505e-001	-3.16707350e+000	1.88937007e+002	0.00000000e+000	2.7428e+014	1.0000e-010	0.0000e+000
4.900000e+003	2.32945399e-001	-3.16705460e+000	1.83716432e+002	0.00000000e+000	2.7408e+014	1.0000e-010	0.0000e+000
4.910000e+003	2.32963770e-001	-3.16703623e+000	1.78499565e+002	0.00000000e+000	2.7389e+014	1.0000e-010	0.0000e+000
4.920000e+003	2.32981620e-001	-3.16701838e+000	1.73286300e+002	0.00000000e+000	2.7370e+014	1.0000e-010	0.0000e+000
4.930000e+003	2.32998949e-001	-3.16700105e+000	1.68076527e+002	0.00000000e+000	2.7351e+014	1.0000e-010	0.0000e+000
4.940000e+003	2.33015756e-001	-3.16698424e+000	1.62870141e+002	0.00000000e+000	2.7334e+014	1.0000e-010	0.0000e+000
4.950000e+003	2.33032043e-001	-3.16696796e+000	1.57667034e+002	0.00000000e+000	2.7316e+014	1.0000e-010	0.0000e+000
4.960000e+003	2.33047810e-001	-3.16695219e+000	1.52467099e+002	0.00000000e+000	2.7300e+014	1.0000e-010	0.0000e+000
4.970000e+003	2.33063057e-001	-3.16693694e+000	1.47270230e+002	0.00000000e+000	2.7284e+014	1.0000e-010	0.0000e+000
4.980000e+003	2.33077784e-001	-3.16692222e+000	1.42076320e+002	0.00000000e+000	2.7268e+014	1.0000e-010	0.0000e+000
4.990000e+003	2.33091992e-001	-3.16690801e+000	1.36885264e+002	0.00000000e+000	2.7253e+014	1.0000e-010	0.0000e+000
5.000000e+003	2.33105680e-001	-3.16689432e+000	1.31696957e+002	0.00000000e+000	2.7239e+014	1.0000e-010	0.0000e+000
5.010000e+003	2.33118850e-001	-3.16688115e+000	1.26511291e+002	0.00000000e+000	2.7225e+014	1.0000e-010	0.0000e+000
5.020000e+003	2.33131501e-001	-3.16686850e+000	1.21328163e+002	0.00000000e+000	2.7212e+014	1.0000e-010	0.0000e+000
5.030000e+003	2.33143634e-001	-3.16685637e+000	1.16147466e+002	0.00000000e+000	2.7199e+014	1.0000e-010	0.0000e+000
5.040000e+003	2.33155248e-001	-3.16684475e+000	1.10969097e+002	0.00000000e+000	2.7187e+014	1.0000e-010	0.0000e+000
5.050000e+003	2.33166345e-001	-3.16683365e+000	1.05792950e+002	0.00000000e+000	2.7175e+014	1.0000e-010	0.0000e+000
5.060000e+003	2.33176925e-001	-3.16682308e+000	1.00618920e+002	0.00000000e+000	2.7164e+014	1.0000e-010	0.0000e+000
5.070000e+003	2.33186987e-001	-3.16681301e+000	9.54469046e+001	0.00000000e+000	2.7153e+014	1.0000e-010	0.0000e+000
5.080000e+003	2.33196531e-001	-3.16680347e+000	9.02767978e+001	0.00000000e+000	2.7143e+014	1.0000e-010	0.0000e+000
5.090000e+003	2.33205559e-001	-3.16679444e+000	8.51084963e+001	0.00000000e+000	2.7134e+014	1.0000e-010	0.0000e+000
5.100000e+003	2.33214070e-001	-3.16678593e+000	7.99418959e+001	0.00000000e+000	2.7125e+014	1.0000e-010	0.0000e+000
5.110000e+003	2.33222064e-001	-3.16677794e+000	7.47768929e+001	0.00000000e+000	2.7116e+014	1.0000e-010	0.0000e+000
5.120000e+003	2.33229542e-001	-3.16677046e+000	6.96133837e+001	0.00000000e+000	2.7109e+014	1.0000e-010	0.0000e+000
5.130000e+003	2.33236503e-001	-3.16676350e+000	6.44512647e+001	0.00000000e+000	2.7101e+014	1.0000e-010	0.0000e+000
5.140000e+003	2.33242948e-001	-3.16675705e+000	5.92904325e+001	0.00000000e+000	2.7094e+014	1.0000e-010	0.0000e+000
5.150000e+003	2.33248877e-001	-3.16675112e+000	5.41307838e+001	0.00000000e+000	2.7088e+014	1.0000e-010	0.0000e+000
5.160000e+003	2.33254290e-001	-3.16674571e+000	4.89722153e+001	0.00000000e+000	2.7083e+014	1.0000e-010	0.0000e+000
5.170000e+003	2.33259187e-001	-3.16674081e+000	4.38146240e+001	0.00000000e+000	2.7077e+014	1.0000e-010	0.0000e+000
5.180000e+003	2.33263569e-001	-3.16673643e+000	3.86579067e+001	0.00000000e+000	2.7073e+014	1.0000e-010	0.0000e+000
5.190000e+003	2.33267435e-001	-3.16673257e+000	3.35019605e+001	0.00000000e+000	2.7069e+014	1.0000e-010	0.0000e+000
5.200000e+003	2.33270785e-001	-3.16672922e+000	2.83466823e+001	0.00000000e+000	2.7065e+014	1.0000e-010	0.0000e+000
5.210000e+003	2.33273620e-001	-3.16672638e+000	2.31919695e+001	0.00000000e+000	2.7062e+014	1.0000e-010	0.0000e+000
5.220000e+003	2.33275939e-001	-3.16672406e+000	1.80377190e+001	0.00000000e+000	2.7060e+014	1.0000e-010	0.0000e+000
5.230000e+003	2.33277743e-001	-3.16672226e+000	1.28838282e+001	0.00000000e+000	2.7058e+014	1.0000e-010	0.0000e+000
5.240000e+003	2.33279031e-001	-3.16672097e+000	7.73019417e+000	0.00000000e+000	2.7057e+014	1.0000e-010	0.0000e+000
5.250000e+003	2.33279804e-001	-3.16672020e+000	2.57671427e+000	0.00000000e+000	2.7056e+014	1.0000e-010	0.0000e+000
5.260000e+003	2.33280062e-001	-3.16671994e+000	2.57671427e+000	0.00000000e+000	2.7056e+014	1.0000e-010	0.0000e+000
