Y (ang)	Ec (eV)	Ev (eV)	E (V/cm)	Ef (eV)	n (cm-3)	p (cm-3)	Nd - Na (cm-3)	el eval 1 (eV)	el eval 2 (eV)	el eval 3 (eV)	el eval 4 (eV)	el eval 5 (eV)	el eval 6 (eV)	el eval 7 (eV)	el eval 8 (eV)	el eval 9 (eV)	el eval 10 (eV)	el eval 11 (eV)	el eval 12 (eV)
0.000000e+000	6.00000000e-001	-2.80000000e+000	2.20874636e+006	-0.00000000e+000	1.8691e+008	1.0000e-010	0.0000e+000
1.000000e+001	1.38087464e+000	-2.71912536e+000	-4.40615715e+005	0.00000000e+000	1.3995e-005	1.0000e-010	-1.3848e+020
2.000000e+001	1.33681306e+000	-2.76318694e+000	-4.40615715e+005	0.00000000e+000	7.8291e-005	1.0000e-010	0.0000e+000	-1.1732e-001	7.4498e-003	5.3269e-002	7.8705e-002	9.6059e-002	1.0917e-001	1.1968e-001	1.2843e-001	1.3593e-001	1.4249e-001	1.4837e-001	1.5408e-001
3.000000e+001	1.29275149e+000	-2.80724851e+000	-4.40615715e+005	0.00000000e+000	4.3044e-004	1.0000e-010	0.0000e+000
4.000000e+001	1.24868992e+000	-2.85131008e+000	-4.40615715e+005	0.00000000e+000	2.3666e-003	1.0000e-010	0.0000e+000
5.000000e+001	1.20462835e+000	-2.89537165e+000	-4.40615715e+005	0.00000000e+000	1.3011e-002	1.0000e-010	0.0000e+000
6.000000e+001	1.16056678e+000	-2.93943322e+000	-4.40615715e+005	0.00000000e+000	7.1535e-002	1.0000e-010	0.0000e+000
7.000000e+001	1.11650521e+000	-2.98349479e+000	-4.40615715e+005	0.00000000e+000	3.9330e-001	1.0000e-010	0.0000e+000
8.000000e+001	1.07244364e+000	-3.02755636e+000	-4.40615715e+005	0.00000000e+000	2.1623e+000	1.0000e-010	0.0000e+000
9.000000e+001	1.02838206e+000	-3.07161794e+000	-4.40615715e+005	0.00000000e+000	1.1888e+001	1.0000e-010	0.0000e+000
1.000000e+002	9.84320493e-001	-3.11567951e+000	-4.40615715e+005	0.00000000e+000	6.5363e+001	1.0000e-010	0.0000e+000
1.100000e+002	9.40258922e-001	-3.15974108e+000	-4.40615715e+005	0.00000000e+000	3.5937e+002	1.0000e-010	0.0000e+000
1.200000e+002	8.96197350e-001	-3.20380265e+000	-4.40615715e+005	0.00000000e+000	1.9760e+003	1.0000e-010	0.0000e+000
1.300000e+002	8.52135779e-001	-3.24786422e+000	-4.40615715e+005	0.00000000e+000	1.0872e+004	1.0000e-010	0.0000e+000
1.400000e+002	8.08074207e-001	-3.29192579e+000	-4.40615715e+005	0.00000000e+000	6.0095e+004	1.0000e-010	0.0000e+000
1.500000e+002	7.64012636e-001	-3.33598736e+000	-4.40615715e+005	0.00000000e+000	3.4281e+005	1.0000e-010	0.0000e+000
1.600000e+002	7.19951064e-001	-3.38004894e+000	-4.40615715e+005	0.00000000e+000	2.3354e+006	1.0000e-010	0.0000e+000
1.700000e+002	6.75889493e-001	-3.42411051e+000	-4.40615715e+005	0.00000000e+000	2.8264e+007	1.0000e-010	0.0000e+000
1.800000e+002	6.31827921e-001	-3.46817208e+000	-4.40615715e+005	0.00000000e+000	6.5143e+008	1.0000e-010	0.0000e+000
1.900000e+002	5.87766350e-001	-3.51223365e+000	-4.40615715e+005	0.00000000e+000	1.8507e+010	1.0000e-010	0.0000e+000
2.000000e+002	5.43704778e-001	-3.55629522e+000	-4.40615725e+005	0.00000000e+000	5.1982e+011	1.0000e-010	0.0000e+000
2.100000e+002	4.99643206e-001	-3.60035679e+000	-4.40615993e+005	0.00000000e+000	1.3694e+013	1.0000e-010	0.0000e+000
2.200000e+002	4.55581607e-001	-3.64441839e+000	-4.40622516e+005	0.00000000e+000	3.3342e+014	1.0000e-010	0.0000e+000
2.300000e+002	4.11519355e-001	-3.68848065e+000	-4.40768095e+005	0.00000000e+000	7.4418e+015	1.0000e-010	0.0000e+000
2.400000e+002	3.67442545e-001	-3.73255745e+000	-4.43724627e+005	0.00000000e+000	1.5113e+017	1.0000e-010	0.0000e+000
2.500000e+002	3.23070083e-001	-3.77692992e+000	-4.97935225e+005	0.00000000e+000	2.7712e+018	1.0000e-010	0.0000e+000
2.600000e+002	-2.86723440e-001	-3.68672344e+000	1.28654158e+006	0.00000000e+000	4.5486e+019	1.0000e-010	1.3848e+020
2.700000e+002	-1.58069281e-001	-3.55806928e+000	6.56338379e+005	0.00000000e+000	3.3086e+019	1.0000e-010	0.0000e+000
2.800000e+002	-9.24354436e-002	-3.49243544e+000	3.86124967e+005	0.00000000e+000	1.4186e+019	1.0000e-010	0.0000e+000
2.900000e+002	-5.38229468e-002	-3.45382295e+000	2.63229356e+005	0.00000000e+000	6.4521e+018	1.0000e-010	0.0000e+000
3.000000e+002	-2.75000112e-002	-3.42750001e+000	1.91852159e+005	0.00000000e+000	3.7474e+018	1.0000e-010	0.0000e+000
3.100000e+002	-8.31479533e-003	-3.40831480e+000	1.45921502e+005	0.00000000e+000	2.4115e+018	1.0000e-010	0.0000e+000
3.200000e+002	6.27735486e-003	-3.39372265e+000	1.15698216e+005	0.00000000e+000	1.5868e+018	1.0000e-010	0.0000e+000
3.300000e+002	1.78471764e-002	-3.38215282e+000	9.52089195e+004	0.00000000e+000	1.0758e+018	1.0000e-010	0.0000e+000
3.400000e+002	2.73680684e-002	-3.37263193e+000	8.06970774e+004	0.00000000e+000	7.6198e+017	1.0000e-010	0.0000e+000
3.500000e+002	3.54377761e-002	-3.36456222e+000	6.99375174e+004	0.00000000e+000	5.6497e+017	1.0000e-010	0.0000e+000
3.600000e+002	4.24315278e-002	-3.35756847e+000	6.16531872e+004	0.00000000e+000	4.3501e+017	1.0000e-010	0.0000e+000
3.700000e+002	4.85968466e-002	-3.35140315e+000	5.51003818e+004	0.00000000e+000	3.4410e+017	1.0000e-010	0.0000e+000
3.800000e+002	5.41068847e-002	-3.34589312e+000	4.98017571e+004	0.00000000e+000	2.7825e+017	1.0000e-010	0.0000e+000
3.900000e+002	5.90870604e-002	-3.34091294e+000	4.54255692e+004	0.00000000e+000	2.2982e+017	1.0000e-010	0.0000e+000
4.000000e+002	6.36296174e-002	-3.33637038e+000	4.17469553e+004	0.00000000e+000	1.9319e+017	1.0000e-010	0.0000e+000
4.100000e+002	6.78043129e-002	-3.33219569e+000	3.86166542e+004	0.00000000e+000	1.6440e+017	1.0000e-010	0.0000e+000
4.200000e+002	7.16659783e-002	-3.32833402e+000	3.59254619e+004	0.00000000e+000	1.4134e+017	1.0000e-010	0.0000e+000
4.300000e+002	7.52585245e-002	-3.32474148e+000	3.35851970e+004	0.00000000e+000	1.2291e+017	1.0000e-010	0.0000e+000
4.400000e+002	7.86170442e-002	-3.32138296e+000	3.15275894e+004	0.00000000e+000	1.0807e+017	1.0000e-010	0.0000e+000
4.500000e+002	8.17698031e-002	-3.31823020e+000	2.97044764e+004	0.00000000e+000	9.5757e+016	1.0000e-010	0.0000e+000
4.600000e+002	8.47402508e-002	-3.31525975e+000	2.80809524e+004	0.00000000e+000	8.5276e+016	1.0000e-010	0.0000e+000
4.700000e+002	8.75483460e-002	-3.31245165e+000	2.66273352e+004	0.00000000e+000	7.6354e+016	1.0000e-010	0.0000e+000
4.800000e+002	9.02110795e-002	-3.30978892e+000	2.53167432e+004	0.00000000e+000	6.8843e+016	1.0000e-010	0.0000e+000
4.900000e+002	9.27427539e-002	-3.30725725e+000	2.41270974e+004	0.00000000e+000	6.2491e+016	1.0000e-010	0.0000e+000
5.000000e+002	9.51554636e-002	-3.30484454e+000	2.30423585e+004	0.00000000e+000	5.6981e+016	1.0000e-010	0.0000e+000
5.100000e+002	9.74596994e-002	-3.30254030e+000	2.20507227e+004	0.00000000e+000	5.2091e+016	1.0000e-010	0.0000e+000
5.200000e+002	9.96647717e-002	-3.30033523e+000	2.11417691e+004	0.00000000e+000	4.7749e+016	1.0000e-010	0.0000e+000
5.300000e+002	1.01778949e-001	-3.29822105e+000	2.03052048e+004	0.00000000e+000	4.3947e+016	1.0000e-010	0.0000e+000
5.400000e+002	1.03809469e-001	-3.29619053e+000	1.95315714e+004	0.00000000e+000	4.0642e+016	1.0000e-010	0.0000e+000
5.500000e+002	1.05762626e-001	-3.29423737e+000	1.88133615e+004	0.00000000e+000	3.7731e+016	1.0000e-010	0.0000e+000
5.600000e+002	1.07643962e-001	-3.29235604e+000	1.81451468e+004	0.00000000e+000	3.5104e+016	1.0000e-010	0.0000e+000
5.700000e+002	1.09458477e-001	-3.29054152e+000	1.75226837e+004	0.00000000e+000	3.2701e+016	1.0000e-010	0.0000e+000
5.800000e+002	1.11210745e-001	-3.28878925e+000	1.69419105e+004	0.00000000e+000	3.0511e+016	1.0000e-010	0.0000e+000
5.900000e+002	1.12904937e-001	-3.28709506e+000	1.63985951e+004	0.00000000e+000	2.8544e+016	1.0000e-010	0.0000e+000
6.000000e+002	1.14544796e-001	-3.28545520e+000	1.58886586e+004	0.00000000e+000	2.6790e+016	1.0000e-010	0.0000e+000
6.100000e+002	1.16133662e-001	-3.28386634e+000	1.54086706e+004	0.00000000e+000	2.5217e+016	1.0000e-010	0.0000e+000
6.200000e+002	1.17674529e-001	-3.28232547e+000	1.49560424e+004	0.00000000e+000	2.3780e+016	1.0000e-010	0.0000e+000
6.300000e+002	1.19170133e-001	-3.28082987e+000	1.45288176e+004	0.00000000e+000	2.2445e+016	1.0000e-010	0.0000e+000
6.400000e+002	1.20623015e-001	-3.27937699e+000	1.41252817e+004	0.00000000e+000	2.1200e+016	1.0000e-010	0.0000e+000
6.500000e+002	1.22035543e-001	-3.27796446e+000	1.37436775e+004	0.00000000e+000	2.0048e+016	1.0000e-010	0.0000e+000
6.600000e+002	1.23409911e-001	-3.27659009e+000	1.33821591e+004	0.00000000e+000	1.8993e+016	1.0000e-010	0.0000e+000
6.700000e+002	1.24748127e-001	-3.27525187e+000	1.30389277e+004	0.00000000e+000	1.8032e+016	1.0000e-010	0.0000e+000
6.800000e+002	1.26052020e-001	-3.27394798e+000	1.27123999e+004	0.00000000e+000	1.7155e+016	1.0000e-010	0.0000e+000
6.900000e+002	1.27323260e-001	-3.27267674e+000	1.24012923e+004	0.00000000e+000	1.6344e+016	1.0000e-010	0.0000e+000
7.000000e+002	1.28563389e-001	-3.27143661e+000	1.21045913e+004	0.00000000e+000	1.5587e+016	1.0000e-010	0.0000e+000
7.100000e+002	1.29773848e-001	-3.27022615e+000	1.18214527e+004	0.00000000e+000	1.4875e+016	1.0000e-010	0.0000e+000
7.200000e+002	1.30955993e-001	-3.26904401e+000	1.15510993e+004	0.00000000e+000	1.4203e+016	1.0000e-010	0.0000e+000
7.300000e+002	1.32111103e-001	-3.26788890e+000	1.12927601e+004	0.00000000e+000	1.3571e+016	1.0000e-010	0.0000e+000
7.400000e+002	1.33240379e-001	-3.26675962e+000	1.10456589e+004	0.00000000e+000	1.2981e+016	1.0000e-010	0.0000e+000
7.500000e+002	1.34344945e-001	-3.26565506e+000	1.08090334e+004	0.00000000e+000	1.2430e+016	1.0000e-010	0.0000e+000
7.600000e+002	1.35425848e-001	-3.26457415e+000	1.05821600e+004	0.00000000e+000	1.1918e+016	1.0000e-010	0.0000e+000
7.700000e+002	1.36484064e-001	-3.26351594e+000	1.03643714e+004	0.00000000e+000	1.1440e+016	1.0000e-010	0.0000e+000
7.800000e+002	1.37520501e-001	-3.26247950e+000	1.01550595e+004	0.00000000e+000	1.0995e+016	1.0000e-010	0.0000e+000
7.900000e+002	1.38536007e-001	-3.26146399e+000	9.95367504e+003	0.00000000e+000	1.0578e+016	1.0000e-010	0.0000e+000
8.000000e+002	1.39531375e-001	-3.26046863e+000	9.75972867e+003	0.00000000e+000	1.0187e+016	1.0000e-010	0.0000e+000
8.100000e+002	1.40507348e-001	-3.25949265e+000	9.57279493e+003	0.00000000e+000	9.8183e+015	1.0000e-010	0.0000e+000
8.200000e+002	1.41464627e-001	-3.25853537e+000	9.39251774e+003	0.00000000e+000	9.4684e+015	1.0000e-010	0.0000e+000
8.300000e+002	1.42403879e-001	-3.25759612e+000	9.21861132e+003	0.00000000e+000	9.1335e+015	1.0000e-010	0.0000e+000
8.400000e+002	1.43325740e-001	-3.25667426e+000	9.05085251e+003	0.00000000e+000	8.8103e+015	1.0000e-010	0.0000e+000
8.500000e+002	1.44230825e-001	-3.25576917e+000	8.88906357e+003	0.00000000e+000	8.4964e+015	1.0000e-010	0.0000e+000
8.600000e+002	1.45119732e-001	-3.25488027e+000	8.73308791e+003	0.00000000e+000	8.1908e+015	1.0000e-010	0.0000e+000
8.700000e+002	1.45993041e-001	-3.25400696e+000	8.58276408e+003	0.00000000e+000	7.8936e+015	1.0000e-010	0.0000e+000
8.800000e+002	1.46851317e-001	-3.25314868e+000	8.43790351e+003	0.00000000e+000	7.6064e+015	1.0000e-010	0.0000e+000
8.900000e+002	1.47695107e-001	-3.25230489e+000	8.29827634e+003	0.00000000e+000	7.3313e+015	1.0000e-010	0.0000e+000
9.000000e+002	1.48524935e-001	-3.25147507e+000	8.16360731e+003	0.00000000e+000	7.0706e+015	1.0000e-010	0.0000e+000
9.100000e+002	1.49341296e-001	-3.25065870e+000	8.03358136e+003	0.00000000e+000	6.8266e+015	1.0000e-010	0.0000e+000
9.200000e+002	1.50144654e-001	-3.24985535e+000	7.90785647e+003	0.00000000e+000	6.6006e+015	1.0000e-010	0.0000e+000
9.300000e+002	1.50935439e-001	-3.24906456e+000	7.78608058e+003	0.00000000e+000	6.3931e+015	1.0000e-010	0.0000e+000
9.400000e+002	1.51714048e-001	-3.24828595e+000	7.66790714e+003	0.00000000e+000	6.2039e+015	1.0000e-010	0.0000e+000
9.500000e+002	1.52480838e-001	-3.24751916e+000	7.55301580e+003	0.00000000e+000	6.0316e+015	1.0000e-010	0.0000e+000
9.600000e+002	1.53236140e-001	-3.24676386e+000	7.44111975e+003	0.00000000e+000	5.8743e+015	1.0000e-010	0.0000e+000
9.700000e+002	1.53980252e-001	-3.24601975e+000	7.33197488e+003	0.00000000e+000	5.7299e+015	1.0000e-010	0.0000e+000
9.800000e+002	1.54713449e-001	-3.24528655e+000	7.22538477e+003	0.00000000e+000	5.5957e+015	1.0000e-010	0.0000e+000
9.900000e+002	1.55435988e-001	-3.24456401e+000	7.12120331e+003	0.00000000e+000	5.4693e+015	1.0000e-010	0.0000e+000
1.000000e+003	1.56148108e-001	-3.24385189e+000	7.01951296e+003	0.00000000e+000	5.3385e+015	1.0000e-010	0.0000e+000	-1.1732e-001	7.4498e-003	5.3269e-002	7.8705e-002	9.6059e-002	1.0917e-001	1.1968e-001	1.2843e-001	1.3593e-001	1.4249e-001	1.4837e-001	1.5408e-001
1.010000e+003	1.56850059e-001	-3.24314994e+000	6.92041510e+003	0.00000000e+000	5.2026e+015	1.0000e-010	0.0000e+000
1.020000e+003	1.57542101e-001	-3.24245790e+000	6.82393484e+003	0.00000000e+000	5.0652e+015	1.0000e-010	0.0000e+000
1.030000e+003	1.58224494e-001	-3.24177551e+000	6.72996796e+003	0.00000000e+000	4.9332e+015	1.0000e-010	0.0000e+000
1.040000e+003	1.58897491e-001	-3.24110251e+000	6.63841574e+003	0.00000000e+000	4.8064e+015	1.0000e-010	0.0000e+000
1.050000e+003	1.59561333e-001	-3.24043867e+000	6.54918451e+003	0.00000000e+000	4.6846e+015	1.0000e-010	0.0000e+000
1.060000e+003	1.60216251e-001	-3.23978375e+000	6.46218542e+003	0.00000000e+000	4.5674e+015	1.0000e-010	0.0000e+000
1.070000e+003	1.60862470e-001	-3.23913753e+000	6.37733408e+003	0.00000000e+000	4.4547e+015	1.0000e-010	0.0000e+000
1.080000e+003	1.61500203e-001	-3.23849980e+000	6.29455029e+003	0.00000000e+000	4.3461e+015	1.0000e-010	0.0000e+000
1.090000e+003	1.62129658e-001	-3.23787034e+000	6.21375783e+003	0.00000000e+000	4.2416e+015	1.0000e-010	0.0000e+000
1.100000e+003	1.62751034e-001	-3.23724897e+000	6.13488412e+003	0.00000000e+000	4.1408e+015	1.0000e-010	0.0000e+000
1.110000e+003	1.63364522e-001	-3.23663548e+000	6.05786012e+003	0.00000000e+000	4.0437e+015	1.0000e-010	0.0000e+000
1.120000e+003	1.63970308e-001	-3.23602969e+000	5.98262003e+003	0.00000000e+000	3.9501e+015	1.0000e-010	0.0000e+000
1.130000e+003	1.64568570e-001	-3.23543143e+000	5.90910114e+003	0.00000000e+000	3.8597e+015	1.0000e-010	0.0000e+000
1.140000e+003	1.65159481e-001	-3.23484052e+000	5.83724365e+003	0.00000000e+000	3.7725e+015	1.0000e-010	0.0000e+000
1.150000e+003	1.65743205e-001	-3.23425680e+000	5.76699047e+003	0.00000000e+000	3.6883e+015	1.0000e-010	0.0000e+000
1.160000e+003	1.66319904e-001	-3.23368010e+000	5.69828714e+003	0.00000000e+000	3.6069e+015	1.0000e-010	0.0000e+000
1.170000e+003	1.66889733e-001	-3.23311027e+000	5.63108159e+003	0.00000000e+000	3.5283e+015	1.0000e-010	0.0000e+000
1.180000e+003	1.67452841e-001	-3.23254716e+000	5.56532409e+003	0.00000000e+000	3.4522e+015	1.0000e-010	0.0000e+000
1.190000e+003	1.68009373e-001	-3.23199063e+000	5.50096706e+003	0.00000000e+000	3.3787e+015	1.0000e-010	0.0000e+000
1.200000e+003	1.68559470e-001	-3.23144053e+000	5.43796500e+003	0.00000000e+000	3.3076e+015	1.0000e-010	0.0000e+000
1.210000e+003	1.69103266e-001	-3.23089673e+000	5.37627435e+003	0.00000000e+000	3.2387e+015	1.0000e-010	0.0000e+000
1.220000e+003	1.69640894e-001	-3.23035911e+000	5.31585339e+003	0.00000000e+000	3.1721e+015	1.0000e-010	0.0000e+000
1.230000e+003	1.70172479e-001	-3.22982752e+000	5.25666215e+003	0.00000000e+000	3.1075e+015	1.0000e-010	0.0000e+000
1.240000e+003	1.70698145e-001	-3.22930185e+000	5.19866234e+003	0.00000000e+000	3.0450e+015	1.0000e-010	0.0000e+000
1.250000e+003	1.71218012e-001	-3.22878199e+000	5.14181722e+003	0.00000000e+000	2.9843e+015	1.0000e-010	0.0000e+000
1.260000e+003	1.71732193e-001	-3.22826781e+000	5.08609155e+003	0.00000000e+000	2.9256e+015	1.0000e-010	0.0000e+000
1.270000e+003	1.72240803e-001	-3.22775920e+000	5.03145150e+003	0.00000000e+000	2.8686e+015	1.0000e-010	0.0000e+000
1.280000e+003	1.72743948e-001	-3.22725605e+000	4.97786460e+003	0.00000000e+000	2.8133e+015	1.0000e-010	0.0000e+000
1.290000e+003	1.73241734e-001	-3.22675827e+000	4.92529967e+003	0.00000000e+000	2.7596e+015	1.0000e-010	0.0000e+000
1.300000e+003	1.73734264e-001	-3.22626574e+000	4.87372671e+003	0.00000000e+000	2.7076e+015	1.0000e-010	0.0000e+000
1.310000e+003	1.74221637e-001	-3.22577836e+000	4.82311693e+003	0.00000000e+000	2.6570e+015	1.0000e-010	0.0000e+000
1.320000e+003	1.74703948e-001	-3.22529605e+000	4.77344260e+003	0.00000000e+000	2.6079e+015	1.0000e-010	0.0000e+000
1.330000e+003	1.75181293e-001	-3.22481871e+000	4.72467706e+003	0.00000000e+000	2.5602e+015	1.0000e-010	0.0000e+000
1.340000e+003	1.75653760e-001	-3.22434624e+000	4.67679466e+003	0.00000000e+000	2.5138e+015	1.0000e-010	0.0000e+000
1.350000e+003	1.76121440e-001	-3.22387856e+000	4.62977070e+003	0.00000000e+000	2.4687e+015	1.0000e-010	0.0000e+000
1.360000e+003	1.76584417e-001	-3.22341558e+000	4.58358139e+003	0.00000000e+000	2.4249e+015	1.0000e-010	0.0000e+000
1.370000e+003	1.77042775e-001	-3.22295722e+000	4.53820380e+003	0.00000000e+000	2.3823e+015	1.0000e-010	0.0000e+000
1.380000e+003	1.77496595e-001	-3.22250340e+000	4.49361584e+003	0.00000000e+000	2.3409e+015	1.0000e-010	0.0000e+000
1.390000e+003	1.77945957e-001	-3.22205404e+000	4.44979621e+003	0.00000000e+000	2.3005e+015	1.0000e-010	0.0000e+000
1.400000e+003	1.78390937e-001	-3.22160906e+000	4.40672438e+003	0.00000000e+000	2.2613e+015	1.0000e-010	0.0000e+000
1.410000e+003	1.78831609e-001	-3.22116839e+000	4.36438053e+003	0.00000000e+000	2.2230e+015	1.0000e-010	0.0000e+000
1.420000e+003	1.79268047e-001	-3.22073195e+000	4.32274554e+003	0.00000000e+000	2.1858e+015	1.0000e-010	0.0000e+000
1.430000e+003	1.79700322e-001	-3.22029968e+000	4.28180094e+003	0.00000000e+000	2.1496e+015	1.0000e-010	0.0000e+000
1.440000e+003	1.80128502e-001	-3.21987150e+000	4.24152891e+003	0.00000000e+000	2.1143e+015	1.0000e-010	0.0000e+000
1.450000e+003	1.80552655e-001	-3.21944735e+000	4.20191224e+003	0.00000000e+000	2.0799e+015	1.0000e-010	0.0000e+000
1.460000e+003	1.80972846e-001	-3.21902715e+000	4.16293427e+003	0.00000000e+000	2.0463e+015	1.0000e-010	0.0000e+000
1.470000e+003	1.81389139e-001	-3.21861086e+000	4.12457894e+003	0.00000000e+000	2.0136e+015	1.0000e-010	0.0000e+000
1.480000e+003	1.81801597e-001	-3.21819840e+000	4.08683070e+003	0.00000000e+000	1.9818e+015	1.0000e-010	0.0000e+000
1.490000e+003	1.82210280e-001	-3.21778972e+000	4.04967451e+003	0.00000000e+000	1.9507e+015	1.0000e-010	0.0000e+000
1.500000e+003	1.82615248e-001	-3.21738475e+000	4.01309584e+003	0.00000000e+000	1.9204e+015	1.0000e-010	0.0000e+000
1.510000e+003	1.83016557e-001	-3.21698344e+000	3.97708060e+003	0.00000000e+000	1.8908e+015	1.0000e-010	0.0000e+000
1.520000e+003	1.83414265e-001	-3.21658573e+000	3.94161518e+003	0.00000000e+000	1.8619e+015	1.0000e-010	0.0000e+000
1.530000e+003	1.83808427e-001	-3.21619157e+000	3.90668640e+003	0.00000000e+000	1.8338e+015	1.0000e-010	0.0000e+000
1.540000e+003	1.84199096e-001	-3.21580090e+000	3.87228148e+003	0.00000000e+000	1.8062e+015	1.0000e-010	0.0000e+000
1.550000e+003	1.84586324e-001	-3.21541368e+000	3.83838806e+003	0.00000000e+000	1.7794e+015	1.0000e-010	0.0000e+000
1.560000e+003	1.84970163e-001	-3.21502984e+000	3.80499416e+003	0.00000000e+000	1.7532e+015	1.0000e-010	0.0000e+000
1.570000e+003	1.85350662e-001	-3.21464934e+000	3.77208817e+003	0.00000000e+000	1.7276e+015	1.0000e-010	0.0000e+000
1.580000e+003	1.85727871e-001	-3.21427213e+000	3.73965882e+003	0.00000000e+000	1.7025e+015	1.0000e-010	0.0000e+000
1.590000e+003	1.86101837e-001	-3.21389816e+000	3.70769521e+003	0.00000000e+000	1.6781e+015	1.0000e-010	0.0000e+000
1.600000e+003	1.86472606e-001	-3.21352739e+000	3.67618675e+003	0.00000000e+000	1.6542e+015	1.0000e-010	0.0000e+000
1.610000e+003	1.86840225e-001	-3.21315978e+000	3.64512317e+003	0.00000000e+000	1.6308e+015	1.0000e-010	0.0000e+000
1.620000e+003	1.87204737e-001	-3.21279526e+000	3.61449451e+003	0.00000000e+000	1.6080e+015	1.0000e-010	0.0000e+000
1.630000e+003	1.87566187e-001	-3.21243381e+000	3.58429111e+003	0.00000000e+000	1.5857e+015	1.0000e-010	0.0000e+000
1.640000e+003	1.87924616e-001	-3.21207538e+000	3.55450358e+003	0.00000000e+000	1.5638e+015	1.0000e-010	0.0000e+000
1.650000e+003	1.88280066e-001	-3.21171993e+000	3.52512281e+003	0.00000000e+000	1.5425e+015	1.0000e-010	0.0000e+000
1.660000e+003	1.88632578e-001	-3.21136742e+000	3.49613995e+003	0.00000000e+000	1.5216e+015	1.0000e-010	0.0000e+000
1.670000e+003	1.88982192e-001	-3.21101781e+000	3.46754641e+003	0.00000000e+000	1.5012e+015	1.0000e-010	0.0000e+000
1.680000e+003	1.89328947e-001	-3.21067105e+000	3.43933383e+003	0.00000000e+000	1.4812e+015	1.0000e-010	0.0000e+000
1.690000e+003	1.89672880e-001	-3.21032712e+000	3.41149410e+003	0.00000000e+000	1.4616e+015	1.0000e-010	0.0000e+000
1.700000e+003	1.90014030e-001	-3.20998597e+000	3.38401935e+003	0.00000000e+000	1.4424e+015	1.0000e-010	0.0000e+000
1.710000e+003	1.90352432e-001	-3.20964757e+000	3.35690189e+003	0.00000000e+000	1.4237e+015	1.0000e-010	0.0000e+000
1.720000e+003	1.90688122e-001	-3.20931188e+000	3.33013428e+003	0.00000000e+000	1.4053e+015	1.0000e-010	0.0000e+000
1.730000e+003	1.91021135e-001	-3.20897886e+000	3.30370926e+003	0.00000000e+000	1.3873e+015	1.0000e-010	0.0000e+000
1.740000e+003	1.91351506e-001	-3.20864849e+000	3.27761979e+003	0.00000000e+000	1.3697e+015	1.0000e-010	0.0000e+000
1.750000e+003	1.91679268e-001	-3.20832073e+000	3.25185901e+003	0.00000000e+000	1.3524e+015	1.0000e-010	0.0000e+000
1.760000e+003	1.92004454e-001	-3.20799555e+000	3.22642023e+003	0.00000000e+000	1.3355e+015	1.0000e-010	0.0000e+000
1.770000e+003	1.92327096e-001	-3.20767290e+000	3.20129697e+003	0.00000000e+000	1.3190e+015	1.0000e-010	0.0000e+000
1.780000e+003	1.92647226e-001	-3.20735277e+000	3.17648289e+003	0.00000000e+000	1.3027e+015	1.0000e-010	0.0000e+000
1.790000e+003	1.92964874e-001	-3.20703513e+000	3.15197184e+003	0.00000000e+000	1.2868e+015	1.0000e-010	0.0000e+000
1.800000e+003	1.93280071e-001	-3.20671993e+000	3.12775783e+003	0.00000000e+000	1.2712e+015	1.0000e-010	0.0000e+000
1.810000e+003	1.93592847e-001	-3.20640715e+000	3.10383501e+003	0.00000000e+000	1.2559e+015	1.0000e-010	0.0000e+000
1.820000e+003	1.93903231e-001	-3.20609677e+000	3.08019770e+003	0.00000000e+000	1.2410e+015	1.0000e-010	0.0000e+000
1.830000e+003	1.94211250e-001	-3.20578875e+000	3.05684034e+003	0.00000000e+000	1.2263e+015	1.0000e-010	0.0000e+000
1.840000e+003	1.94516934e-001	-3.20548307e+000	3.03375755e+003	0.00000000e+000	1.2118e+015	1.0000e-010	0.0000e+000
1.850000e+003	1.94820310e-001	-3.20517969e+000	3.01094405e+003	0.00000000e+000	1.1977e+015	1.0000e-010	0.0000e+000
1.860000e+003	1.95121405e-001	-3.20487860e+000	2.98839471e+003	0.00000000e+000	1.1838e+015	1.0000e-010	0.0000e+000
1.870000e+003	1.95420244e-001	-3.20457976e+000	2.96610454e+003	0.00000000e+000	1.1702e+015	1.0000e-010	0.0000e+000
1.880000e+003	1.95716855e-001	-3.20428315e+000	2.94406865e+003	0.00000000e+000	1.1569e+015	1.0000e-010	0.0000e+000
1.890000e+003	1.96011261e-001	-3.20398874e+000	2.92228229e+003	0.00000000e+000	1.1438e+015	1.0000e-010	0.0000e+000
1.900000e+003	1.96303490e-001	-3.20369651e+000	2.90074080e+003	0.00000000e+000	1.1309e+015	1.0000e-010	0.0000e+000
1.910000e+003	1.96593564e-001	-3.20340644e+000	2.87943968e+003	0.00000000e+000	1.1183e+015	1.0000e-010	0.0000e+000
1.920000e+003	1.96881508e-001	-3.20311849e+000	2.85837449e+003	0.00000000e+000	1.1059e+015	1.0000e-010	0.0000e+000
1.930000e+003	1.97167345e-001	-3.20283265e+000	2.83754094e+003	0.00000000e+000	1.0938e+015	1.0000e-010	0.0000e+000
1.940000e+003	1.97451099e-001	-3.20254890e+000	2.81693480e+003	0.00000000e+000	1.0818e+015	1.0000e-010	0.0000e+000
1.950000e+003	1.97732793e-001	-3.20226721e+000	2.79655198e+003	0.00000000e+000	1.0701e+015	1.0000e-010	0.0000e+000
1.960000e+003	1.98012448e-001	-3.20198755e+000	2.77638846e+003	0.00000000e+000	1.0586e+015	1.0000e-010	0.0000e+000
1.970000e+003	1.98290087e-001	-3.20170991e+000	2.75644033e+003	0.00000000e+000	1.0473e+015	1.0000e-010	0.0000e+000
1.980000e+003	1.98565731e-001	-3.20143427e+000	2.73670377e+003	0.00000000e+000	1.0362e+015	1.0000e-010	0.0000e+000
1.990000e+003	1.98839401e-001	-3.20116060e+000	2.71717503e+003	0.00000000e+000	1.0253e+015	1.0000e-010	0.0000e+000
2.000000e+003	1.99111119e-001	-3.20088888e+000	2.69785048e+003	0.00000000e+000	1.0145e+015	1.0000e-010	0.0000e+000
2.010000e+003	1.99380904e-001	-3.20061910e+000	2.67872654e+003	0.00000000e+000	1.0040e+015	1.0000e-010	0.0000e+000
2.020000e+003	1.99648776e-001	-3.20035122e+000	2.65979974e+003	0.00000000e+000	9.9365e+014	1.0000e-010	0.0000e+000
2.030000e+003	1.99914756e-001	-3.20008524e+000	2.64106667e+003	0.00000000e+000	9.8348e+014	1.0000e-010	0.0000e+000
2.040000e+003	2.00178863e-001	-3.19982114e+000	2.62252401e+003	0.00000000e+000	9.7349e+014	1.0000e-010	0.0000e+000
2.050000e+003	2.00441115e-001	-3.19955888e+000	2.60416850e+003	0.00000000e+000	9.6366e+014	1.0000e-010	0.0000e+000
2.060000e+003	2.00701532e-001	-3.19929847e+000	2.58599696e+003	0.00000000e+000	9.5400e+014	1.0000e-010	0.0000e+000
2.070000e+003	2.00960132e-001	-3.19903987e+000	2.56800629e+003	0.00000000e+000	9.4451e+014	1.0000e-010	0.0000e+000
2.080000e+003	2.01216933e-001	-3.19878307e+000	2.55019344e+003	0.00000000e+000	9.3517e+014	1.0000e-010	0.0000e+000
2.090000e+003	2.01471952e-001	-3.19852805e+000	2.53255545e+003	0.00000000e+000	9.2599e+014	1.0000e-010	0.0000e+000
2.100000e+003	2.01725207e-001	-3.19827479e+000	2.51508940e+003	0.00000000e+000	9.1697e+014	1.0000e-010	0.0000e+000
2.110000e+003	2.01976716e-001	-3.19802328e+000	2.49779245e+003	0.00000000e+000	9.0809e+014	1.0000e-010	0.0000e+000
2.120000e+003	2.02226496e-001	-3.19777350e+000	2.48066182e+003	0.00000000e+000	8.9936e+014	1.0000e-010	0.0000e+000
2.130000e+003	2.02474562e-001	-3.19752544e+000	2.46369478e+003	0.00000000e+000	8.9077e+014	1.0000e-010	0.0000e+000
2.140000e+003	2.02720931e-001	-3.19727907e+000	2.44688867e+003	0.00000000e+000	8.8232e+014	1.0000e-010	0.0000e+000
2.150000e+003	2.02965620e-001	-3.19703438e+000	2.43024088e+003	0.00000000e+000	8.7401e+014	1.0000e-010	0.0000e+000
2.160000e+003	2.03208644e-001	-3.19679136e+000	2.41374885e+003	0.00000000e+000	8.6583e+014	1.0000e-010	0.0000e+000
2.170000e+003	2.03450019e-001	-3.19654998e+000	2.39741009e+003	0.00000000e+000	8.5778e+014	1.0000e-010	0.0000e+000
2.180000e+003	2.03689760e-001	-3.19631024e+000	2.38122215e+003	0.00000000e+000	8.4987e+014	1.0000e-010	0.0000e+000
2.190000e+003	2.03927882e-001	-3.19607212e+000	2.36518263e+003	0.00000000e+000	8.4207e+014	1.0000e-010	0.0000e+000
2.200000e+003	2.04164401e-001	-3.19583560e+000	2.34928918e+003	0.00000000e+000	8.3440e+014	1.0000e-010	0.0000e+000
2.210000e+003	2.04399330e-001	-3.19560067e+000	2.33353952e+003	0.00000000e+000	8.2686e+014	1.0000e-010	0.0000e+000
2.220000e+003	2.04632683e-001	-3.19536732e+000	2.31793137e+003	0.00000000e+000	8.1943e+014	1.0000e-010	0.0000e+000
2.230000e+003	2.04864477e-001	-3.19513552e+000	2.30246255e+003	0.00000000e+000	8.1211e+014	1.0000e-010	0.0000e+000
2.240000e+003	2.05094723e-001	-3.19490528e+000	2.28713089e+003	0.00000000e+000	8.0491e+014	1.0000e-010	0.0000e+000
2.250000e+003	2.05323436e-001	-3.19467656e+000	2.27193426e+003	0.00000000e+000	7.9782e+014	1.0000e-010	0.0000e+000
2.260000e+003	2.05550629e-001	-3.19444937e+000	2.25687061e+003	0.00000000e+000	7.9084e+014	1.0000e-010	0.0000e+000
2.270000e+003	2.05776316e-001	-3.19422368e+000	2.24193789e+003	0.00000000e+000	7.8397e+014	1.0000e-010	0.0000e+000
2.280000e+003	2.06000510e-001	-3.19399949e+000	2.22713410e+003	0.00000000e+000	7.7720e+014	1.0000e-010	0.0000e+000
2.290000e+003	2.06223224e-001	-3.19377678e+000	2.21245730e+003	0.00000000e+000	7.7053e+014	1.0000e-010	0.0000e+000
2.300000e+003	2.06444469e-001	-3.19355553e+000	2.19790558e+003	0.00000000e+000	7.6396e+014	1.0000e-010	0.0000e+000
2.310000e+003	2.06664260e-001	-3.19333574e+000	2.18347704e+003	0.00000000e+000	7.5750e+014	1.0000e-010	0.0000e+000
2.320000e+003	2.06882608e-001	-3.19311739e+000	2.16916986e+003	0.00000000e+000	7.5113e+014	1.0000e-010	0.0000e+000
2.330000e+003	2.07099525e-001	-3.19290048e+000	2.15498222e+003	0.00000000e+000	7.4485e+014	1.0000e-010	0.0000e+000
2.340000e+003	2.07315023e-001	-3.19268498e+000	2.14091236e+003	0.00000000e+000	7.3867e+014	1.0000e-010	0.0000e+000
2.350000e+003	2.07529114e-001	-3.19247089e+000	2.12695853e+003	0.00000000e+000	7.3257e+014	1.0000e-010	0.0000e+000
2.360000e+003	2.07741810e-001	-3.19225819e+000	2.11311904e+003	0.00000000e+000	7.2657e+014	1.0000e-010	0.0000e+000
2.370000e+003	2.07953122e-001	-3.19204688e+000	2.09939221e+003	0.00000000e+000	7.2066e+014	1.0000e-010	0.0000e+000
2.380000e+003	2.08163061e-001	-3.19183694e+000	2.08577640e+003	0.00000000e+000	7.1483e+014	1.0000e-010	0.0000e+000
2.390000e+003	2.08371639e-001	-3.19162836e+000	2.07227000e+003	0.00000000e+000	7.0908e+014	1.0000e-010	0.0000e+000
2.400000e+003	2.08578866e-001	-3.19142113e+000	2.05887144e+003	0.00000000e+000	7.0342e+014	1.0000e-010	0.0000e+000
2.410000e+003	2.08784753e-001	-3.19121525e+000	2.04557916e+003	0.00000000e+000	6.9784e+014	1.0000e-010	0.0000e+000
2.420000e+003	2.08989311e-001	-3.19101069e+000	2.03239164e+003	0.00000000e+000	6.9234e+014	1.0000e-010	0.0000e+000
2.430000e+003	2.09192550e-001	-3.19080745e+000	2.01930739e+003	0.00000000e+000	6.8692e+014	1.0000e-010	0.0000e+000
2.440000e+003	2.09394481e-001	-3.19060552e+000	2.00632495e+003	0.00000000e+000	6.8158e+014	1.0000e-010	0.0000e+000
2.450000e+003	2.09595113e-001	-3.19040489e+000	1.99344287e+003	0.00000000e+000	6.7631e+014	1.0000e-010	0.0000e+000
2.460000e+003	2.09794457e-001	-3.19020554e+000	1.98065974e+003	0.00000000e+000	6.7111e+014	1.0000e-010	0.0000e+000
2.470000e+003	2.09992523e-001	-3.19000748e+000	1.96797417e+003	0.00000000e+000	6.6599e+014	1.0000e-010	0.0000e+000
2.480000e+003	2.10189321e-001	-3.18981068e+000	1.95538481e+003	0.00000000e+000	6.6094e+014	1.0000e-010	0.0000e+000
2.490000e+003	2.10384859e-001	-3.18961514e+000	1.94289031e+003	0.00000000e+000	6.5596e+014	1.0000e-010	0.0000e+000
2.500000e+003	2.10579148e-001	-3.18942085e+000	1.93048936e+003	0.00000000e+000	6.5105e+014	1.0000e-010	0.0000e+000
2.510000e+003	2.10772197e-001	-3.18922780e+000	1.91818067e+003	0.00000000e+000	6.4621e+014	1.0000e-010	0.0000e+000
2.520000e+003	2.10964015e-001	-3.18903598e+000	1.90596297e+003	0.00000000e+000	6.4143e+014	1.0000e-010	0.0000e+000
2.530000e+003	2.11154612e-001	-3.18884539e+000	1.89383501e+003	0.00000000e+000	6.3672e+014	1.0000e-010	0.0000e+000
2.540000e+003	2.11343995e-001	-3.18865600e+000	1.88179558e+003	0.00000000e+000	6.3207e+014	1.0000e-010	0.0000e+000
2.550000e+003	2.11532175e-001	-3.18846783e+000	1.86984346e+003	0.00000000e+000	6.2749e+014	1.0000e-010	0.0000e+000
2.560000e+003	2.11719159e-001	-3.18828084e+000	1.85797748e+003	0.00000000e+000	6.2296e+014	1.0000e-010	0.0000e+000
2.570000e+003	2.11904957e-001	-3.18809504e+000	1.84619647e+003	0.00000000e+000	6.1850e+014	1.0000e-010	0.0000e+000
2.580000e+003	2.12089576e-001	-3.18791042e+000	1.83449930e+003	0.00000000e+000	6.1410e+014	1.0000e-010	0.0000e+000
2.590000e+003	2.12273026e-001	-3.18772697e+000	1.82288484e+003	0.00000000e+000	6.0976e+014	1.0000e-010	0.0000e+000
2.600000e+003	2.12455315e-001	-3.18754469e+000	1.81135199e+003	0.00000000e+000	6.0547e+014	1.0000e-010	0.0000e+000
2.610000e+003	2.12636450e-001	-3.18736355e+000	1.79989966e+003	0.00000000e+000	6.0125e+014	1.0000e-010	0.0000e+000
2.620000e+003	2.12816440e-001	-3.18718356e+000	1.78852679e+003	0.00000000e+000	5.9708e+014	1.0000e-010	0.0000e+000
2.630000e+003	2.12995293e-001	-3.18700471e+000	1.77723233e+003	0.00000000e+000	5.9296e+014	1.0000e-010	0.0000e+000
2.640000e+003	2.13173016e-001	-3.18682698e+000	1.76601525e+003	0.00000000e+000	5.8890e+014	1.0000e-010	0.0000e+000
2.650000e+003	2.13349617e-001	-3.18665038e+000	1.75487453e+003	0.00000000e+000	5.8489e+014	1.0000e-010	0.0000e+000
2.660000e+003	2.13525105e-001	-3.18647490e+000	1.74380918e+003	0.00000000e+000	5.8093e+014	1.0000e-010	0.0000e+000
2.670000e+003	2.13699486e-001	-3.18630051e+000	1.73281822e+003	0.00000000e+000	5.7702e+014	1.0000e-010	0.0000e+000
2.680000e+003	2.13872768e-001	-3.18612723e+000	1.72190069e+003	0.00000000e+000	5.7317e+014	1.0000e-010	0.0000e+000
2.690000e+003	2.14044958e-001	-3.18595504e+000	1.71105563e+003	0.00000000e+000	5.6937e+014	1.0000e-010	0.0000e+000
2.700000e+003	2.14216063e-001	-3.18578394e+000	1.70028212e+003	0.00000000e+000	5.6561e+014	1.0000e-010	0.0000e+000
2.710000e+003	2.14386092e-001	-3.18561391e+000	1.68957922e+003	0.00000000e+000	5.6190e+014	1.0000e-010	0.0000e+000
2.720000e+003	2.14555049e-001	-3.18544495e+000	1.67894606e+003	0.00000000e+000	5.5824e+014	1.0000e-010	0.0000e+000
2.730000e+003	2.14722944e-001	-3.18527706e+000	1.66838172e+003	0.00000000e+000	5.5463e+014	1.0000e-010	0.0000e+000
2.740000e+003	2.14889782e-001	-3.18511022e+000	1.65788534e+003	0.00000000e+000	5.5106e+014	1.0000e-010	0.0000e+000
2.750000e+003	2.15055571e-001	-3.18494443e+000	1.64745606e+003	0.00000000e+000	5.4754e+014	1.0000e-010	0.0000e+000
2.760000e+003	2.15220316e-001	-3.18477968e+000	1.63709303e+003	0.00000000e+000	5.4406e+014	1.0000e-010	0.0000e+000
2.770000e+003	2.15384026e-001	-3.18461597e+000	1.62679542e+003	0.00000000e+000	5.4062e+014	1.0000e-010	0.0000e+000
2.780000e+003	2.15546705e-001	-3.18445329e+000	1.61656240e+003	0.00000000e+000	5.3723e+014	1.0000e-010	0.0000e+000
2.790000e+003	2.15708361e-001	-3.18429164e+000	1.60639318e+003	0.00000000e+000	5.3388e+014	1.0000e-010	0.0000e+000
2.800000e+003	2.15869001e-001	-3.18413100e+000	1.59628694e+003	0.00000000e+000	5.3058e+014	1.0000e-010	0.0000e+000
2.810000e+003	2.16028629e-001	-3.18397137e+000	1.58624292e+003	0.00000000e+000	5.2731e+014	1.0000e-010	0.0000e+000
2.820000e+003	2.16187254e-001	-3.18381275e+000	1.57626034e+003	0.00000000e+000	5.2409e+014	1.0000e-010	0.0000e+000
2.830000e+003	2.16344880e-001	-3.18365512e+000	1.56633844e+003	0.00000000e+000	5.2090e+014	1.0000e-010	0.0000e+000
2.840000e+003	2.16501514e-001	-3.18349849e+000	1.55647647e+003	0.00000000e+000	5.1775e+014	1.0000e-010	0.0000e+000
2.850000e+003	2.16657161e-001	-3.18334284e+000	1.54667370e+003	0.00000000e+000	5.1465e+014	1.0000e-010	0.0000e+000
2.860000e+003	2.16811829e-001	-3.18318817e+000	1.53692940e+003	0.00000000e+000	5.1158e+014	1.0000e-010	0.0000e+000
2.870000e+003	2.16965522e-001	-3.18303448e+000	1.52724286e+003	0.00000000e+000	5.0854e+014	1.0000e-010	0.0000e+000
2.880000e+003	2.17118246e-001	-3.18288175e+000	1.51761338e+003	0.00000000e+000	5.0555e+014	1.0000e-010	0.0000e+000
2.890000e+003	2.17270007e-001	-3.18272999e+000	1.50804026e+003	0.00000000e+000	5.0259e+014	1.0000e-010	0.0000e+000
2.900000e+003	2.17420811e-001	-3.18257919e+000	1.49852283e+003	0.00000000e+000	4.9967e+014	1.0000e-010	0.0000e+000
2.910000e+003	2.17570664e-001	-3.18242934e+000	1.48906040e+003	0.00000000e+000	4.9678e+014	1.0000e-010	0.0000e+000
2.920000e+003	2.17719570e-001	-3.18228043e+000	1.47965232e+003	0.00000000e+000	4.9392e+014	1.0000e-010	0.0000e+000
2.930000e+003	2.17867535e-001	-3.18213247e+000	1.47029793e+003	0.00000000e+000	4.9111e+014	1.0000e-010	0.0000e+000
2.940000e+003	2.18014565e-001	-3.18198544e+000	1.46099659e+003	0.00000000e+000	4.8832e+014	1.0000e-010	0.0000e+000
2.950000e+003	2.18160664e-001	-3.18183934e+000	1.45174767e+003	0.00000000e+000	4.8557e+014	1.0000e-010	0.0000e+000
2.960000e+003	2.18305839e-001	-3.18169416e+000	1.44255054e+003	0.00000000e+000	4.8285e+014	1.0000e-010	0.0000e+000
2.970000e+003	2.18450094e-001	-3.18154991e+000	1.43340459e+003	0.00000000e+000	4.8016e+014	1.0000e-010	0.0000e+000
2.980000e+003	2.18593435e-001	-3.18140657e+000	1.42430921e+003	0.00000000e+000	4.7751e+014	1.0000e-010	0.0000e+000
2.990000e+003	2.18735865e-001	-3.18126413e+000	1.41526380e+003	0.00000000e+000	4.7488e+014	1.0000e-010	0.0000e+000
3.000000e+003	2.18877392e-001	-3.18112261e+000	1.40626778e+003	0.00000000e+000	4.7229e+014	1.0000e-010	0.0000e+000
3.010000e+003	2.19018019e-001	-3.18098198e+000	1.39732056e+003	0.00000000e+000	4.6973e+014	1.0000e-010	0.0000e+000
3.020000e+003	2.19157751e-001	-3.18084225e+000	1.38842157e+003	0.00000000e+000	4.6720e+014	1.0000e-010	0.0000e+000
3.030000e+003	2.19296593e-001	-3.18070341e+000	1.37957025e+003	0.00000000e+000	4.6469e+014	1.0000e-010	0.0000e+000
3.040000e+003	2.19434550e-001	-3.18056545e+000	1.37076603e+003	0.00000000e+000	4.6222e+014	1.0000e-010	0.0000e+000
3.050000e+003	2.19571626e-001	-3.18042837e+000	1.36200837e+003	0.00000000e+000	4.5978e+014	1.0000e-010	0.0000e+000
3.060000e+003	2.19707827e-001	-3.18029217e+000	1.35329673e+003	0.00000000e+000	4.5736e+014	1.0000e-010	0.0000e+000
3.070000e+003	2.19843157e-001	-3.18015684e+000	1.34463058e+003	0.00000000e+000	4.5497e+014	1.0000e-010	0.0000e+000
3.080000e+003	2.19977620e-001	-3.18002238e+000	1.33600938e+003	0.00000000e+000	4.5261e+014	1.0000e-010	0.0000e+000
3.090000e+003	2.20111221e-001	-3.17988878e+000	1.32743263e+003	0.00000000e+000	4.5028e+014	1.0000e-010	0.0000e+000
3.100000e+003	2.20243964e-001	-3.17975604e+000	1.31889980e+003	0.00000000e+000	4.4797e+014	1.0000e-010	0.0000e+000
3.110000e+003	2.20375854e-001	-3.17962415e+000	1.31041039e+003	0.00000000e+000	4.4569e+014	1.0000e-010	0.0000e+000
3.120000e+003	2.20506895e-001	-3.17949310e+000	1.30196390e+003	0.00000000e+000	4.4344e+014	1.0000e-010	0.0000e+000
3.130000e+003	2.20637092e-001	-3.17936291e+000	1.29355984e+003	0.00000000e+000	4.4121e+014	1.0000e-010	0.0000e+000
3.140000e+003	2.20766448e-001	-3.17923355e+000	1.28519774e+003	0.00000000e+000	4.3901e+014	1.0000e-010	0.0000e+000
3.150000e+003	2.20894967e-001	-3.17910503e+000	1.27687710e+003	0.00000000e+000	4.3683e+014	1.0000e-010	0.0000e+000
3.160000e+003	2.21022655e-001	-3.17897734e+000	1.26859745e+003	0.00000000e+000	4.3468e+014	1.0000e-010	0.0000e+000
3.170000e+003	2.21149515e-001	-3.17885049e+000	1.26035834e+003	0.00000000e+000	4.3255e+014	1.0000e-010	0.0000e+000
3.180000e+003	2.21275551e-001	-3.17872445e+000	1.25215929e+003	0.00000000e+000	4.3045e+014	1.0000e-010	0.0000e+000
3.190000e+003	2.21400767e-001	-3.17859923e+000	1.24399986e+003	0.00000000e+000	4.2837e+014	1.0000e-010	0.0000e+000
3.200000e+003	2.21525167e-001	-3.17847483e+000	1.23587960e+003	0.00000000e+000	4.2631e+014	1.0000e-010	0.0000e+000
3.210000e+003	2.21648755e-001	-3.17835125e+000	1.22779807e+003	0.00000000e+000	4.2428e+014	1.0000e-010	0.0000e+000
3.220000e+003	2.21771534e-001	-3.17822847e+000	1.21975483e+003	0.00000000e+000	4.2227e+014	1.0000e-010	0.0000e+000
3.230000e+003	2.21893510e-001	-3.17810649e+000	1.21174945e+003	0.00000000e+000	4.2028e+014	1.0000e-010	0.0000e+000
3.240000e+003	2.22014685e-001	-3.17798532e+000	1.20378151e+003	0.00000000e+000	4.1832e+014	1.0000e-010	0.0000e+000
3.250000e+003	2.22135063e-001	-3.17786494e+000	1.19585058e+003	0.00000000e+000	4.1637e+014	1.0000e-010	0.0000e+000
3.260000e+003	2.22254648e-001	-3.17774535e+000	1.18795625e+003	0.00000000e+000	4.1445e+014	1.0000e-010	0.0000e+000
3.270000e+003	2.22373444e-001	-3.17762656e+000	1.18009812e+003	0.00000000e+000	4.1255e+014	1.0000e-010	0.0000e+000
3.280000e+003	2.22491453e-001	-3.17750855e+000	1.17227577e+003	0.00000000e+000	4.1067e+014	1.0000e-010	0.0000e+000
3.290000e+003	2.22608681e-001	-3.17739132e+000	1.16448882e+003	0.00000000e+000	4.0882e+014	1.0000e-010	0.0000e+000
3.300000e+003	2.22725130e-001	-3.17727487e+000	1.15673686e+003	0.00000000e+000	4.0698e+014	1.0000e-010	0.0000e+000
3.310000e+003	2.22840804e-001	-3.17715920e+000	1.14901951e+003	0.00000000e+000	4.0516e+014	1.0000e-010	0.0000e+000
3.320000e+003	2.22955706e-001	-3.17704429e+000	1.14133639e+003	0.00000000e+000	4.0336e+014	1.0000e-010	0.0000e+000
3.330000e+003	2.23069839e-001	-3.17693016e+000	1.13368711e+003	0.00000000e+000	4.0159e+014	1.0000e-010	0.0000e+000
3.340000e+003	2.23183208e-001	-3.17681679e+000	1.12607130e+003	0.00000000e+000	3.9983e+014	1.0000e-010	0.0000e+000
3.350000e+003	2.23295815e-001	-3.17670419e+000	1.11848859e+003	0.00000000e+000	3.9809e+014	1.0000e-010	0.0000e+000
3.360000e+003	2.23407664e-001	-3.17659234e+000	1.11093862e+003	0.00000000e+000	3.9637e+014	1.0000e-010	0.0000e+000
3.370000e+003	2.23518758e-001	-3.17648124e+000	1.10342102e+003	0.00000000e+000	3.9467e+014	1.0000e-010	0.0000e+000
3.380000e+003	2.23629100e-001	-3.17637090e+000	1.09593545e+003	0.00000000e+000	3.9299e+014	1.0000e-010	0.0000e+000
3.390000e+003	2.23738693e-001	-3.17626131e+000	1.08848153e+003	0.00000000e+000	3.9133e+014	1.0000e-010	0.0000e+000
3.400000e+003	2.23847542e-001	-3.17615246e+000	1.08105894e+003	0.00000000e+000	3.8969e+014	1.0000e-010	0.0000e+000
3.410000e+003	2.23955647e-001	-3.17604435e+000	1.07366732e+003	0.00000000e+000	3.8806e+014	1.0000e-010	0.0000e+000
3.420000e+003	2.24063014e-001	-3.17593699e+000	1.06630634e+003	0.00000000e+000	3.8645e+014	1.0000e-010	0.0000e+000
3.430000e+003	2.24169645e-001	-3.17583036e+000	1.05897565e+003	0.00000000e+000	3.8486e+014	1.0000e-010	0.0000e+000
3.440000e+003	2.24275542e-001	-3.17572446e+000	1.05167493e+003	0.00000000e+000	3.8329e+014	1.0000e-010	0.0000e+000
3.450000e+003	2.24380710e-001	-3.17561929e+000	1.04440385e+003	0.00000000e+000	3.8173e+014	1.0000e-010	0.0000e+000
3.460000e+003	2.24485150e-001	-3.17551485e+000	1.03716209e+003	0.00000000e+000	3.8019e+014	1.0000e-010	0.0000e+000
3.470000e+003	2.24588866e-001	-3.17541113e+000	1.02994932e+003	0.00000000e+000	3.7867e+014	1.0000e-010	0.0000e+000
3.480000e+003	2.24691861e-001	-3.17530814e+000	1.02276523e+003	0.00000000e+000	3.7716e+014	1.0000e-010	0.0000e+000
3.490000e+003	2.24794138e-001	-3.17520586e+000	1.01560951e+003	0.00000000e+000	3.7568e+014	1.0000e-010	0.0000e+000
3.500000e+003	2.24895699e-001	-3.17510430e+000	1.00848184e+003	0.00000000e+000	3.7420e+014	1.0000e-010	0.0000e+000
3.510000e+003	2.24996547e-001	-3.17500345e+000	1.00138193e+003	0.00000000e+000	3.7275e+014	1.0000e-010	0.0000e+000
3.520000e+003	2.25096685e-001	-3.17490331e+000	9.94309459e+002	0.00000000e+000	3.7130e+014	1.0000e-010	0.0000e+000
3.530000e+003	2.25196116e-001	-3.17480388e+000	9.87264140e+002	0.00000000e+000	3.6988e+014	1.0000e-010	0.0000e+000
3.540000e+003	2.25294843e-001	-3.17470516e+000	9.80245676e+002	0.00000000e+000	3.6847e+014	1.0000e-010	0.0000e+000
3.550000e+003	2.25392867e-001	-3.17460713e+000	9.73253774e+002	0.00000000e+000	3.6708e+014	1.0000e-010	0.0000e+000
3.560000e+003	2.25490193e-001	-3.17450981e+000	9.66288145e+002	0.00000000e+000	3.6570e+014	1.0000e-010	0.0000e+000
3.570000e+003	2.25586821e-001	-3.17441318e+000	9.59348503e+002	0.00000000e+000	3.6433e+014	1.0000e-010	0.0000e+000
3.580000e+003	2.25682756e-001	-3.17431724e+000	9.52434566e+002	0.00000000e+000	3.6298e+014	1.0000e-010	0.0000e+000
3.590000e+003	2.25778000e-001	-3.17422200e+000	9.45546054e+002	0.00000000e+000	3.6165e+014	1.0000e-010	0.0000e+000
3.600000e+003	2.25872554e-001	-3.17412745e+000	9.38682692e+002	0.00000000e+000	3.6033e+014	1.0000e-010	0.0000e+000
3.610000e+003	2.25966423e-001	-3.17403358e+000	9.31844205e+002	0.00000000e+000	3.5902e+014	1.0000e-010	0.0000e+000
3.620000e+003	2.26059607e-001	-3.17394039e+000	9.25030323e+002	0.00000000e+000	3.5773e+014	1.0000e-010	0.0000e+000
3.630000e+003	2.26152110e-001	-3.17384789e+000	9.18240778e+002	0.00000000e+000	3.5645e+014	1.0000e-010	0.0000e+000
3.640000e+003	2.26243934e-001	-3.17375607e+000	9.11475307e+002	0.00000000e+000	3.5519e+014	1.0000e-010	0.0000e+000
3.650000e+003	2.26335082e-001	-3.17366492e+000	9.04733648e+002	0.00000000e+000	3.5394e+014	1.0000e-010	0.0000e+000
3.660000e+003	2.26425555e-001	-3.17357445e+000	8.98015540e+002	0.00000000e+000	3.5270e+014	1.0000e-010	0.0000e+000
3.670000e+003	2.26515356e-001	-3.17348464e+000	8.91320729e+002	0.00000000e+000	3.5148e+014	1.0000e-010	0.0000e+000
3.680000e+003	2.26604489e-001	-3.17339551e+000	8.84648960e+002	0.00000000e+000	3.5027e+014	1.0000e-010	0.0000e+000
3.690000e+003	2.26692953e-001	-3.17330705e+000	8.77999983e+002	0.00000000e+000	3.4907e+014	1.0000e-010	0.0000e+000
3.700000e+003	2.26780753e-001	-3.17321925e+000	8.71373549e+002	0.00000000e+000	3.4789e+014	1.0000e-010	0.0000e+000
3.710000e+003	2.26867891e-001	-3.17313211e+000	8.64769412e+002	0.00000000e+000	3.4672e+014	1.0000e-010	0.0000e+000
3.720000e+003	2.26954368e-001	-3.17304563e+000	8.58187331e+002	0.00000000e+000	3.4556e+014	1.0000e-010	0.0000e+000
3.730000e+003	2.27040186e-001	-3.17295981e+000	8.51627063e+002	0.00000000e+000	3.4441e+014	1.0000e-010	0.0000e+000
3.740000e+003	2.27125349e-001	-3.17287465e+000	8.45088370e+002	0.00000000e+000	3.4328e+014	1.0000e-010	0.0000e+000
3.750000e+003	2.27209858e-001	-3.17279014e+000	8.38571017e+002	0.00000000e+000	3.4216e+014	1.0000e-010	0.0000e+000
3.760000e+003	2.27293715e-001	-3.17270628e+000	8.32074771e+002	0.00000000e+000	3.4105e+014	1.0000e-010	0.0000e+000
3.770000e+003	2.27376923e-001	-3.17262308e+000	8.25599400e+002	0.00000000e+000	3.3996e+014	1.0000e-010	0.0000e+000
3.780000e+003	2.27459483e-001	-3.17254052e+000	8.19144675e+002	0.00000000e+000	3.3887e+014	1.0000e-010	0.0000e+000
3.790000e+003	2.27541397e-001	-3.17245860e+000	8.12710371e+002	0.00000000e+000	3.3780e+014	1.0000e-010	0.0000e+000
3.800000e+003	2.27622668e-001	-3.17237733e+000	8.06296262e+002	0.00000000e+000	3.3674e+014	1.0000e-010	0.0000e+000
3.810000e+003	2.27703298e-001	-3.17229670e+000	7.99902127e+002	0.00000000e+000	3.3569e+014	1.0000e-010	0.0000e+000
3.820000e+003	2.27783288e-001	-3.17221671e+000	7.93527746e+002	0.00000000e+000	3.3466e+014	1.0000e-010	0.0000e+000
3.830000e+003	2.27862641e-001	-3.17213736e+000	7.87172901e+002	0.00000000e+000	3.3363e+014	1.0000e-010	0.0000e+000
3.840000e+003	2.27941358e-001	-3.17205864e+000	7.80837376e+002	0.00000000e+000	3.3262e+014	1.0000e-010	0.0000e+000
3.850000e+003	2.28019442e-001	-3.17198056e+000	7.74520959e+002	0.00000000e+000	3.3161e+014	1.0000e-010	0.0000e+000
3.860000e+003	2.28096894e-001	-3.17190311e+000	7.68223437e+002	0.00000000e+000	3.3062e+014	1.0000e-010	0.0000e+000
3.870000e+003	2.28173716e-001	-3.17182628e+000	7.61944601e+002	0.00000000e+000	3.2964e+014	1.0000e-010	0.0000e+000
3.880000e+003	2.28249911e-001	-3.17175009e+000	7.55684244e+002	0.00000000e+000	3.2867e+014	1.0000e-010	0.0000e+000
3.890000e+003	2.28325479e-001	-3.17167452e+000	7.49442160e+002	0.00000000e+000	3.2771e+014	1.0000e-010	0.0000e+000
3.900000e+003	2.28400423e-001	-3.17159958e+000	7.43218146e+002	0.00000000e+000	3.2676e+014	1.0000e-010	0.0000e+000
3.910000e+003	2.28474745e-001	-3.17152525e+000	7.37011999e+002	0.00000000e+000	3.2582e+014	1.0000e-010	0.0000e+000
3.920000e+003	2.28548446e-001	-3.17145155e+000	7.30823520e+002	0.00000000e+000	3.2490e+014	1.0000e-010	0.0000e+000
3.930000e+003	2.28621529e-001	-3.17137847e+000	7.24652510e+002	0.00000000e+000	3.2398e+014	1.0000e-010	0.0000e+000
3.940000e+003	2.28693994e-001	-3.17130601e+000	7.18498775e+002	0.00000000e+000	3.2307e+014	1.0000e-010	0.0000e+000
3.950000e+003	2.28765844e-001	-3.17123416e+000	7.12362118e+002	0.00000000e+000	3.2217e+014	1.0000e-010	0.0000e+000
3.960000e+003	2.28837080e-001	-3.17116292e+000	7.06242348e+002	0.00000000e+000	3.2129e+014	1.0000e-010	0.0000e+000
3.970000e+003	2.28907704e-001	-3.17109230e+000	7.00139274e+002	0.00000000e+000	3.2041e+014	1.0000e-010	0.0000e+000
3.980000e+003	2.28977718e-001	-3.17102228e+000	6.94052706e+002	0.00000000e+000	3.1955e+014	1.0000e-010	0.0000e+000
3.990000e+003	2.29047123e-001	-3.17095288e+000	6.87982457e+002	0.00000000e+000	3.1869e+014	1.0000e-010	0.0000e+000
4.000000e+003	2.29115922e-001	-3.17088408e+000	6.81928341e+002	0.00000000e+000	3.1784e+014	1.0000e-010	0.0000e+000
4.010000e+003	2.29184114e-001	-3.17081589e+000	6.75890173e+002	0.00000000e+000	3.1700e+014	1.0000e-010	0.0000e+000
4.020000e+003	2.29251703e-001	-3.17074830e+000	6.69867771e+002	0.00000000e+000	3.1618e+014	1.0000e-010	0.0000e+000
4.030000e+003	2.29318690e-001	-3.17068131e+000	6.63860955e+002	0.00000000e+000	3.1536e+014	1.0000e-010	0.0000e+000
4.040000e+003	2.29385076e-001	-3.17061492e+000	6.57869543e+002	0.00000000e+000	3.1455e+014	1.0000e-010	0.0000e+000
4.050000e+003	2.29450863e-001	-3.17054914e+000	6.51893359e+002	0.00000000e+000	3.1375e+014	1.0000e-010	0.0000e+000
4.060000e+003	2.29516053e-001	-3.17048395e+000	6.45932225e+002	0.00000000e+000	3.1296e+014	1.0000e-010	0.0000e+000
4.070000e+003	2.29580646e-001	-3.17041935e+000	6.39985967e+002	0.00000000e+000	3.1218e+014	1.0000e-010	0.0000e+000
4.080000e+003	2.29644644e-001	-3.17035536e+000	6.34054412e+002	0.00000000e+000	3.1141e+014	1.0000e-010	0.0000e+000
4.090000e+003	2.29708050e-001	-3.17029195e+000	6.28137386e+002	0.00000000e+000	3.1064e+014	1.0000e-010	0.0000e+000
4.100000e+003	2.29770864e-001	-3.17022914e+000	6.22234720e+002	0.00000000e+000	3.0989e+014	1.0000e-010	0.0000e+000
4.110000e+003	2.29833087e-001	-3.17016691e+000	6.16346244e+002	0.00000000e+000	3.0915e+014	1.0000e-010	0.0000e+000
4.120000e+003	2.29894722e-001	-3.17010528e+000	6.10471791e+002	0.00000000e+000	3.0841e+014	1.0000e-010	0.0000e+000
4.130000e+003	2.29955769e-001	-3.17004423e+000	6.04611193e+002	0.00000000e+000	3.0768e+014	1.0000e-010	0.0000e+000
4.140000e+003	2.30016230e-001	-3.16998377e+000	5.98764285e+002	0.00000000e+000	3.0696e+014	1.0000e-010	0.0000e+000
4.150000e+003	2.30076106e-001	-3.16992389e+000	5.92930904e+002	0.00000000e+000	3.0625e+014	1.0000e-010	0.0000e+000
4.160000e+003	2.30135400e-001	-3.16986460e+000	5.87110887e+002	0.00000000e+000	3.0555e+014	1.0000e-010	0.0000e+000
4.170000e+003	2.30194111e-001	-3.16980589e+000	5.81304072e+002	0.00000000e+000	3.0486e+014	1.0000e-010	0.0000e+000
4.180000e+003	2.30252241e-001	-3.16974776e+000	5.75510299e+002	0.00000000e+000	3.0417e+014	1.0000e-010	0.0000e+000
4.190000e+003	2.30309792e-001	-3.16969021e+000	5.69729411e+002	0.00000000e+000	3.0350e+014	1.0000e-010	0.0000e+000
4.200000e+003	2.30366765e-001	-3.16963323e+000	5.63961248e+002	0.00000000e+000	3.0283e+014	1.0000e-010	0.0000e+000
4.210000e+003	2.30423161e-001	-3.16957684e+000	5.58205655e+002	0.00000000e+000	3.0217e+014	1.0000e-010	0.0000e+000
4.220000e+003	2.30478982e-001	-3.16952102e+000	5.52462476e+002	0.00000000e+000	3.0152e+014	1.0000e-010	0.0000e+000
4.230000e+003	2.30534228e-001	-3.16946577e+000	5.46731557e+002	0.00000000e+000	3.0087e+014	1.0000e-010	0.0000e+000
4.240000e+003	2.30588901e-001	-3.16941110e+000	5.41012746e+002	0.00000000e+000	3.0024e+014	1.0000e-010	0.0000e+000
4.250000e+003	2.30643002e-001	-3.16935700e+000	5.35305890e+002	0.00000000e+000	2.9961e+014	1.0000e-010	0.0000e+000
4.260000e+003	2.30696533e-001	-3.16930347e+000	5.29610838e+002	0.00000000e+000	2.9899e+014	1.0000e-010	0.0000e+000
4.270000e+003	2.30749494e-001	-3.16925051e+000	5.23927442e+002	0.00000000e+000	2.9838e+014	1.0000e-010	0.0000e+000
4.280000e+003	2.30801887e-001	-3.16919811e+000	5.18255552e+002	0.00000000e+000	2.9777e+014	1.0000e-010	0.0000e+000
4.290000e+003	2.30853712e-001	-3.16914629e+000	5.12595022e+002	0.00000000e+000	2.9718e+014	1.0000e-010	0.0000e+000
4.300000e+003	2.30904972e-001	-3.16909503e+000	5.06945704e+002	0.00000000e+000	2.9659e+014	1.0000e-010	0.0000e+000
4.310000e+003	2.30955666e-001	-3.16904433e+000	5.01307453e+002	0.00000000e+000	2.9601e+014	1.0000e-010	0.0000e+000
4.320000e+003	2.31005797e-001	-3.16899420e+000	4.95680125e+002	0.00000000e+000	2.9543e+014	1.0000e-010	0.0000e+000
4.330000e+003	2.31055365e-001	-3.16894463e+000	4.90063576e+002	0.00000000e+000	2.9487e+014	1.0000e-010	0.0000e+000
4.340000e+003	2.31104372e-001	-3.16889563e+000	4.84457664e+002	0.00000000e+000	2.9431e+014	1.0000e-010	0.0000e+000
4.350000e+003	2.31152817e-001	-3.16884718e+000	4.78862248e+002	0.00000000e+000	2.9376e+014	1.0000e-010	0.0000e+000
4.360000e+003	2.31200704e-001	-3.16879930e+000	4.73277187e+002	0.00000000e+000	2.9322e+014	1.0000e-010	0.0000e+000
4.370000e+003	2.31248031e-001	-3.16875197e+000	4.67702341e+002	0.00000000e+000	2.9268e+014	1.0000e-010	0.0000e+000
4.380000e+003	2.31294801e-001	-3.16870520e+000	4.62137571e+002	0.00000000e+000	2.9215e+014	1.0000e-010	0.0000e+000
4.390000e+003	2.31341015e-001	-3.16865898e+000	4.56582741e+002	0.00000000e+000	2.9163e+014	1.0000e-010	0.0000e+000
4.400000e+003	2.31386674e-001	-3.16861333e+000	4.51037712e+002	0.00000000e+000	2.9111e+014	1.0000e-010	0.0000e+000
4.410000e+003	2.31431777e-001	-3.16856822e+000	4.45502349e+002	0.00000000e+000	2.9061e+014	1.0000e-010	0.0000e+000
4.420000e+003	2.31476328e-001	-3.16852367e+000	4.39976517e+002	0.00000000e+000	2.9011e+014	1.0000e-010	0.0000e+000
4.430000e+003	2.31520325e-001	-3.16847967e+000	4.34460082e+002	0.00000000e+000	2.8961e+014	1.0000e-010	0.0000e+000
4.440000e+003	2.31563771e-001	-3.16843623e+000	4.28952910e+002	0.00000000e+000	2.8913e+014	1.0000e-010	0.0000e+000
4.450000e+003	2.31606666e-001	-3.16839333e+000	4.23454867e+002	0.00000000e+000	2.8865e+014	1.0000e-010	0.0000e+000
4.460000e+003	2.31649012e-001	-3.16835099e+000	4.17965824e+002	0.00000000e+000	2.8818e+014	1.0000e-010	0.0000e+000
4.470000e+003	2.31690809e-001	-3.16830919e+000	4.12485647e+002	0.00000000e+000	2.8771e+014	1.0000e-010	0.0000e+000
4.480000e+003	2.31732057e-001	-3.16826794e+000	4.07014208e+002	0.00000000e+000	2.8725e+014	1.0000e-010	0.0000e+000
4.490000e+003	2.31772759e-001	-3.16822724e+000	4.01551376e+002	0.00000000e+000	2.8680e+014	1.0000e-010	0.0000e+000
4.500000e+003	2.31812914e-001	-3.16818709e+000	3.96097022e+002	0.00000000e+000	2.8635e+014	1.0000e-010	0.0000e+000
4.510000e+003	2.31852523e-001	-3.16814748e+000	3.90651020e+002	0.00000000e+000	2.8592e+014	1.0000e-010	0.0000e+000
4.520000e+003	2.31891588e-001	-3.16810841e+000	3.85213240e+002	0.00000000e+000	2.8548e+014	1.0000e-010	0.0000e+000
4.530000e+003	2.31930110e-001	-3.16806989e+000	3.79783557e+002	0.00000000e+000	2.8506e+014	1.0000e-010	0.0000e+000
4.540000e+003	2.31968088e-001	-3.16803191e+000	3.74361845e+002	0.00000000e+000	2.8464e+014	1.0000e-010	0.0000e+000
4.550000e+003	2.32005524e-001	-3.16799448e+000	3.68947979e+002	0.00000000e+000	2.8423e+014	1.0000e-010	0.0000e+000
4.560000e+003	2.32042419e-001	-3.16795758e+000	3.63541833e+002	0.00000000e+000	2.8382e+014	1.0000e-010	0.0000e+000
4.570000e+003	2.32078773e-001	-3.16792123e+000	3.58143284e+002	0.00000000e+000	2.8342e+014	1.0000e-010	0.0000e+000
4.580000e+003	2.32114588e-001	-3.16788541e+000	3.52752209e+002	0.00000000e+000	2.8303e+014	1.0000e-010	0.0000e+000
4.590000e+003	2.32149863e-001	-3.16785014e+000	3.47368486e+002	0.00000000e+000	2.8265e+014	1.0000e-010	0.0000e+000
4.600000e+003	2.32184600e-001	-3.16781540e+000	3.41991991e+002	0.00000000e+000	2.8227e+014	1.0000e-010	0.0000e+000
4.610000e+003	2.32218799e-001	-3.16778120e+000	3.36622604e+002	0.00000000e+000	2.8189e+014	1.0000e-010	0.0000e+000
4.620000e+003	2.32252461e-001	-3.16774754e+000	3.31260204e+002	0.00000000e+000	2.8153e+014	1.0000e-010	0.0000e+000
4.630000e+003	2.32285587e-001	-3.16771441e+000	3.25904671e+002	0.00000000e+000	2.8117e+014	1.0000e-010	0.0000e+000
4.640000e+003	2.32318178e-001	-3.16768182e+000	3.20555886e+002	0.00000000e+000	2.8081e+014	1.0000e-010	0.0000e+000
4.650000e+003	2.32350233e-001	-3.16764977e+000	3.15213728e+002	0.00000000e+000	2.8046e+014	1.0000e-010	0.0000e+000
4.660000e+003	2.32381755e-001	-3.16761825e+000	3.09878080e+002	0.00000000e+000	2.8012e+014	1.0000e-010	0.0000e+000
4.670000e+003	2.32412742e-001	-3.16758726e+000	3.04548824e+002	0.00000000e+000	2.7979e+014	1.0000e-010	0.0000e+000
4.680000e+003	2.32443197e-001	-3.16755680e+000	2.99225843e+002	0.00000000e+000	2.7946e+014	1.0000e-010	0.0000e+000
4.690000e+003	2.32473120e-001	-3.16752688e+000	2.93909019e+002	0.00000000e+000	2.7913e+014	1.0000e-010	0.0000e+000
4.700000e+003	2.32502511e-001	-3.16749749e+000	2.88598236e+002	0.00000000e+000	2.7882e+014	1.0000e-010	0.0000e+000
4.710000e+003	2.32531371e-001	-3.16746863e+000	2.83293378e+002	0.00000000e+000	2.7851e+014	1.0000e-010	0.0000e+000
4.720000e+003	2.32559700e-001	-3.16744030e+000	2.77994331e+002	0.00000000e+000	2.7820e+014	1.0000e-010	0.0000e+000
4.730000e+003	2.32587499e-001	-3.16741250e+000	2.72700979e+002	0.00000000e+000	2.7790e+014	1.0000e-010	0.0000e+000
4.740000e+003	2.32614769e-001	-3.16738523e+000	2.67413207e+002	0.00000000e+000	2.7761e+014	1.0000e-010	0.0000e+000
4.750000e+003	2.32641511e-001	-3.16735849e+000	2.62130903e+002	0.00000000e+000	2.7732e+014	1.0000e-010	0.0000e+000
4.760000e+003	2.32667724e-001	-3.16733228e+000	2.56853951e+002	0.00000000e+000	2.7704e+014	1.0000e-010	0.0000e+000
4.770000e+003	2.32693409e-001	-3.16730659e+000	2.51582241e+002	0.00000000e+000	2.7677e+014	1.0000e-010	0.0000e+000
4.780000e+003	2.32718568e-001	-3.16728143e+000	2.46315657e+002	0.00000000e+000	2.7650e+014	1.0000e-010	0.0000e+000
4.790000e+003	2.32743199e-001	-3.16725680e+000	2.41054090e+002	0.00000000e+000	2.7623e+014	1.0000e-010	0.0000e+000
4.800000e+003	2.32767304e-001	-3.16723270e+000	2.35797426e+002	0.00000000e+000	2.7598e+014	1.0000e-010	0.0000e+000
4.810000e+003	2.32790884e-001	-3.16720912e+000	2.30545555e+002	0.00000000e+000	2.7572e+014	1.0000e-010	0.0000e+000
4.820000e+003	2.32813939e-001	-3.16718606e+000	2.25298365e+002	0.00000000e+000	2.7548e+014	1.0000e-010	0.0000e+000
4.830000e+003	2.32836469e-001	-3.16716353e+000	2.20055746e+002	0.00000000e+000	2.7524e+014	1.0000e-010	0.0000e+000
4.840000e+003	2.32858474e-001	-3.16714153e+000	2.14817587e+002	0.00000000e+000	2.7500e+014	1.0000e-010	0.0000e+000
4.850000e+003	2.32879956e-001	-3.16712004e+000	2.09583780e+002	0.00000000e+000	2.7478e+014	1.0000e-010	0.0000e+000
4.860000e+003	2.32900914e-001	-3.16709909e+000	2.04354214e+002	0.00000000e+000	2.7455e+014	1.0000e-010	0.0000e+000
4.870000e+003	2.32921350e-001	-3.16707865e+000	1.99128780e+002	0.00000000e+000	2.7434e+014	1.0000e-010	0.0000e+000
4.880000e+003	2.32941263e-001	-3.16705874e+000	1.93907370e+002	0.00000000e+000	2.7412e+014	1.0000e-010	0.0000e+000
4.890000e+003	2.32960653e-001	-3.16703935e+000	1.88689874e+002	0.00000000e+000	2.7392e+014	1.0000e-010	0.0000e+000
4.900000e+003	2.32979522e-001	-3.16702048e+000	1.83476186e+002	0.00000000e+000	2.7372e+014	1.0000e-010	0.0000e+000
4.910000e+003	2.32997870e-001	-3.16700213e+000	1.78266196e+002	0.00000000e+000	2.7352e+014	1.0000e-010	0.0000e+000
4.920000e+003	2.33015697e-001	-3.16698430e+000	1.73059797e+002	0.00000000e+000	2.7334e+014	1.0000e-010	0.0000e+000
4.930000e+003	2.33033003e-001	-3.16696700e+000	1.67856883e+002	0.00000000e+000	2.7315e+014	1.0000e-010	0.0000e+000
4.940000e+003	2.33049788e-001	-3.16695021e+000	1.62657346e+002	0.00000000e+000	2.7298e+014	1.0000e-010	0.0000e+000
4.950000e+003	2.33066054e-001	-3.16693395e+000	1.57461079e+002	0.00000000e+000	2.7280e+014	1.0000e-010	0.0000e+000
4.960000e+003	2.33081800e-001	-3.16691820e+000	1.52267977e+002	0.00000000e+000	2.7264e+014	1.0000e-010	0.0000e+000
4.970000e+003	2.33097027e-001	-3.16690297e+000	1.47077932e+002	0.00000000e+000	2.7248e+014	1.0000e-010	0.0000e+000
4.980000e+003	2.33111735e-001	-3.16688827e+000	1.41890839e+002	0.00000000e+000	2.7232e+014	1.0000e-010	0.0000e+000
4.990000e+003	2.33125924e-001	-3.16687408e+000	1.36706592e+002	0.00000000e+000	2.7217e+014	1.0000e-010	0.0000e+000
5.000000e+003	2.33139594e-001	-3.16686041e+000	1.31525086e+002	0.00000000e+000	2.7203e+014	1.0000e-010	0.0000e+000
5.010000e+003	2.33152747e-001	-3.16684725e+000	1.26346216e+002	0.00000000e+000	2.7189e+014	1.0000e-010	0.0000e+000
5.020000e+003	2.33165382e-001	-3.16683462e+000	1.21169876e+002	0.00000000e+000	2.7176e+014	1.0000e-010	0.0000e+000
5.030000e+003	2.33177499e-001	-3.16682250e+000	1.15995961e+002	0.00000000e+000	2.7163e+014	1.0000e-010	0.0000e+000
5.040000e+003	2.33189098e-001	-3.16681090e+000	1.10824368e+002	0.00000000e+000	2.7151e+014	1.0000e-010	0.0000e+000
5.050000e+003	2.33200181e-001	-3.16679982e+000	1.05654991e+002	0.00000000e+000	2.7139e+014	1.0000e-010	0.0000e+000
5.060000e+003	2.33210746e-001	-3.16678925e+000	1.00487726e+002	0.00000000e+000	2.7128e+014	1.0000e-010	0.0000e+000
5.070000e+003	2.33220795e-001	-3.16677921e+000	9.53224699e+001	0.00000000e+000	2.7118e+014	1.0000e-010	0.0000e+000
5.080000e+003	2.33230327e-001	-3.16676967e+000	9.01591176e+001	0.00000000e+000	2.7108e+014	1.0000e-010	0.0000e+000
5.090000e+003	2.33239343e-001	-3.16676066e+000	8.49975656e+001	0.00000000e+000	2.7098e+014	1.0000e-010	0.0000e+000
5.100000e+003	2.33247843e-001	-3.16675216e+000	7.98377105e+001	0.00000000e+000	2.7089e+014	1.0000e-010	0.0000e+000
5.110000e+003	2.33255827e-001	-3.16674417e+000	7.46794486e+001	0.00000000e+000	2.7081e+014	1.0000e-010	0.0000e+000
5.120000e+003	2.33263295e-001	-3.16673671e+000	6.95226766e+001	0.00000000e+000	2.7073e+014	1.0000e-010	0.0000e+000
5.130000e+003	2.33270247e-001	-3.16672975e+000	6.43672911e+001	0.00000000e+000	2.7066e+014	1.0000e-010	0.0000e+000
5.140000e+003	2.33276683e-001	-3.16672332e+000	5.92131892e+001	0.00000000e+000	2.7059e+014	1.0000e-010	0.0000e+000
5.150000e+003	2.33282605e-001	-3.16671740e+000	5.40602676e+001	0.00000000e+000	2.7053e+014	1.0000e-010	0.0000e+000
5.160000e+003	2.33288011e-001	-3.16671199e+000	4.89084234e+001	0.00000000e+000	2.7047e+014	1.0000e-010	0.0000e+000
5.170000e+003	2.33292902e-001	-3.16670710e+000	4.37575538e+001	0.00000000e+000	2.7042e+014	1.0000e-010	0.0000e+000
5.180000e+003	2.33297277e-001	-3.16670272e+000	3.86075560e+001	0.00000000e+000	2.7038e+014	1.0000e-010	0.0000e+000
5.190000e+003	2.33301138e-001	-3.16669886e+000	3.34583273e+001	0.00000000e+000	2.7033e+014	1.0000e-010	0.0000e+000
5.200000e+003	2.33304484e-001	-3.16669552e+000	2.83097649e+001	0.00000000e+000	2.7030e+014	1.0000e-010	0.0000e+000
5.210000e+003	2.33307315e-001	-3.16669268e+000	2.31617663e+001	0.00000000e+000	2.7027e+014	1.0000e-010	0.0000e+000
5.220000e+003	2.33309631e-001	-3.16669037e+000	1.80142289e+001	0.00000000e+000	2.7025e+014	1.0000e-010	0.0000e+000
5.230000e+003	2.33311433e-001	-3.16668857e+000	1.28670502e+001	0.00000000e+000	2.7023e+014	1.0000e-010	0.0000e+000
5.240000e+003	2.33312719e-001	-3.16668728e+000	7.72012764e+000	0.00000000e+000	2.7021e+014	1.0000e-010	0.0000e+000
5.250000e+003	2.33313491e-001	-3.16668651e+000	2.57335880e+000	0.00000000e+000	2.7021e+014	1.0000e-010	0.0000e+000
5.260000e+003	2.33313749e-001	-3.16668625e+000	2.57335880e+000	0.00000000e+000	2.7020e+014	1.0000e-010	0.0000e+000
