Y (ang)	Ec (eV)	Ev (eV)	E (V/cm)	Ef (eV)	n (cm-3)	p (cm-3)	Nd - Na (cm-3)	el eval 1 (eV)	el eval 2 (eV)	el eval 3 (eV)	el eval 4 (eV)	el eval 5 (eV)	el eval 6 (eV)	el eval 7 (eV)	el eval 8 (eV)	el eval 9 (eV)	el eval 10 (eV)	el eval 11 (eV)	el eval 12 (eV)
0.000000e+000	6.00000000e-001	-2.80000000e+000	2.31458844e+006	-0.00000000e+000	1.8691e+008	1.0000e-010	0.0000e+000
1.000000e+001	1.39145884e+000	-2.70854116e+000	-3.31913042e+005	0.00000000e+000	9.3331e-006	1.0000e-010	-1.3848e+020
2.000000e+001	1.36844936e+000	-2.74427792e+000	-3.84041505e+005	0.00000000e+000	2.3027e-005	1.0000e-010	-2.6551e+018	-1.2297e-001	5.4483e-003	5.2263e-002	7.8047e-002	9.5572e-002	1.0878e-001	1.1936e-001	1.2816e-001	1.3570e-001	1.4228e-001	1.4815e-001	1.5376e-001
3.000000e+001	1.34022703e+000	-2.78522752e+000	-4.36317207e+005	0.00000000e+000	6.8606e-005	1.0000e-010	-2.6600e+018
4.000000e+001	1.30677712e+000	-2.83140470e+000	-4.88740366e+005	0.00000000e+000	2.5020e-004	1.0000e-010	-2.6649e+018
5.000000e+001	1.26808490e+000	-2.88282419e+000	-5.41311198e+005	0.00000000e+000	1.1176e-003	1.0000e-010	-2.6698e+018
6.000000e+001	1.22413560e+000	-2.93950076e+000	-5.94029924e+005	0.00000000e+000	6.1180e-003	1.0000e-010	-2.6747e+018
7.000000e+001	1.17491443e+000	-3.00144921e+000	-6.46896760e+005	0.00000000e+000	4.1067e-002	1.0000e-010	-2.6796e+018
8.000000e+001	1.12040657e+000	-3.06868434e+000	-6.99911926e+005	0.00000000e+000	3.3821e-001	1.0000e-010	-2.6845e+018
9.000000e+001	1.06059720e+000	-3.14122099e+000	-7.53075642e+005	0.00000000e+000	3.4193e+000	1.0000e-010	-2.6894e+018
1.000000e+002	9.95471450e-001	-3.21907400e+000	-8.06388128e+005	0.00000000e+000	4.2464e+001	1.0000e-010	-2.6943e+018
1.100000e+002	9.25014456e-001	-3.30225827e+000	-8.59849603e+005	0.00000000e+000	6.4815e+002	1.0000e-010	-2.6992e+018
1.200000e+002	7.37211314e-001	-3.36278869e+000	-3.31913042e+005	0.00000000e+000	9.2594e+005	1.0000e-010	2.6771e+019
1.300000e+002	7.04020009e-001	-3.39597999e+000	-3.31913042e+005	0.00000000e+000	3.3434e+006	1.0000e-010	0.0000e+000
1.400000e+002	6.70828705e-001	-3.42917129e+000	-3.31913042e+005	0.00000000e+000	1.2075e+007	1.0000e-010	0.0000e+000
1.500000e+002	6.37637401e-001	-3.46236260e+000	-3.31913042e+005	0.00000000e+000	4.3674e+007	1.0000e-010	0.0000e+000
1.600000e+002	6.04446097e-001	-3.49555390e+000	-3.31913042e+005	0.00000000e+000	1.5983e+008	1.0000e-010	0.0000e+000
1.700000e+002	5.71254793e-001	-3.52874521e+000	-3.31913042e+005	0.00000000e+000	6.3427e+008	1.0000e-010	0.0000e+000
1.800000e+002	5.38063488e-001	-3.56193651e+000	-3.31913042e+005	0.00000000e+000	3.7613e+009	1.0000e-010	0.0000e+000
1.900000e+002	5.04872184e-001	-3.59512782e+000	-3.31913043e+005	0.00000000e+000	4.9858e+010	1.0000e-010	0.0000e+000
2.000000e+002	4.71680880e-001	-3.62831912e+000	-3.31913063e+005	0.00000000e+000	1.0334e+012	1.0000e-010	0.0000e+000
2.100000e+002	4.38489573e-001	-3.66151043e+000	-3.31913509e+005	0.00000000e+000	2.2770e+013	1.0000e-010	0.0000e+000
2.200000e+002	4.05298223e-001	-3.69470178e+000	-3.31922948e+005	0.00000000e+000	4.8252e+014	1.0000e-010	0.0000e+000
2.300000e+002	3.72105928e-001	-3.72789407e+000	-3.32111143e+005	0.00000000e+000	9.6203e+015	1.0000e-010	0.0000e+000
2.400000e+002	3.38894813e-001	-3.76110519e+000	-3.35610036e+005	0.00000000e+000	1.7886e+017	1.0000e-010	0.0000e+000
2.500000e+002	3.05333810e-001	-3.79466619e+000	-3.95854779e+005	0.00000000e+000	3.0796e+018	1.0000e-010	0.0000e+000
2.600000e+002	-2.94251668e-001	-3.69425167e+000	1.32334620e+006	0.00000000e+000	4.8772e+019	1.0000e-010	1.3848e+020
2.700000e+002	-1.61917048e-001	-3.56191705e+000	6.69502630e+005	0.00000000e+000	3.4327e+019	1.0000e-010	0.0000e+000
2.800000e+002	-9.49667851e-002	-3.49496679e+000	3.94521973e+005	0.00000000e+000	1.4437e+019	1.0000e-010	0.0000e+000
2.900000e+002	-5.55145878e-002	-3.45551459e+000	2.68771573e+005	0.00000000e+000	6.6022e+018	1.0000e-010	0.0000e+000
3.000000e+002	-2.86374305e-002	-3.42863743e+000	1.95086424e+005	0.00000000e+000	3.8688e+018	1.0000e-010	0.0000e+000
3.100000e+002	-9.12878813e-003	-3.40912879e+000	1.47797452e+005	0.00000000e+000	2.4830e+018	1.0000e-010	0.0000e+000
3.200000e+002	5.65095708e-003	-3.39434904e+000	1.16881949e+005	0.00000000e+000	1.6233e+018	1.0000e-010	0.0000e+000
3.300000e+002	1.73391519e-002	-3.38266085e+000	9.60279643e+004	0.00000000e+000	1.0951e+018	1.0000e-010	0.0000e+000
3.400000e+002	2.69419484e-002	-3.37305805e+000	8.12982903e+004	0.00000000e+000	7.7351e+017	1.0000e-010	0.0000e+000
3.500000e+002	3.50717774e-002	-3.36492822e+000	7.03937992e+004	0.00000000e+000	5.7266e+017	1.0000e-010	0.0000e+000
3.600000e+002	4.21111573e-002	-3.35788884e+000	6.20095802e+004	0.00000000e+000	4.4033e+017	1.0000e-010	0.0000e+000
3.700000e+002	4.83121153e-002	-3.35168788e+000	5.53868451e+004	0.00000000e+000	3.4783e+017	1.0000e-010	0.0000e+000
3.800000e+002	5.38507999e-002	-3.34614920e+000	5.00367238e+004	0.00000000e+000	2.8100e+017	1.0000e-010	0.0000e+000
3.900000e+002	5.88544722e-002	-3.34114553e+000	4.56208729e+004	0.00000000e+000	2.3194e+017	1.0000e-010	0.0000e+000
4.000000e+002	6.34165595e-002	-3.33658344e+000	4.19118576e+004	0.00000000e+000	1.9482e+017	1.0000e-010	0.0000e+000
4.100000e+002	6.76077453e-002	-3.33239225e+000	3.87584280e+004	0.00000000e+000	1.6564e+017	1.0000e-010	0.0000e+000
4.200000e+002	7.14835881e-002	-3.32851641e+000	3.60488400e+004	0.00000000e+000	1.4233e+017	1.0000e-010	0.0000e+000
4.300000e+002	7.50884721e-002	-3.32491153e+000	3.36931077e+004	0.00000000e+000	1.2375e+017	1.0000e-010	0.0000e+000
4.400000e+002	7.84577829e-002	-3.32154222e+000	3.16225301e+004	0.00000000e+000	1.0877e+017	1.0000e-010	0.0000e+000
4.500000e+002	8.16200359e-002	-3.31837996e+000	2.97889534e+004	0.00000000e+000	9.6321e+016	1.0000e-010	0.0000e+000
4.600000e+002	8.45989312e-002	-3.31540107e+000	2.81569871e+004	0.00000000e+000	8.5732e+016	1.0000e-010	0.0000e+000
4.700000e+002	8.74146299e-002	-3.31258537e+000	2.66961293e+004	0.00000000e+000	7.6745e+016	1.0000e-010	0.0000e+000
4.800000e+002	9.00842428e-002	-3.30991576e+000	2.53790144e+004	0.00000000e+000	6.9195e+016	1.0000e-010	0.0000e+000
4.900000e+002	9.26221443e-002	-3.30737786e+000	2.41836081e+004	0.00000000e+000	6.2802e+016	1.0000e-010	0.0000e+000
5.000000e+002	9.50405051e-002	-3.30495949e+000	2.30940471e+004	0.00000000e+000	5.7242e+016	1.0000e-010	0.0000e+000
5.100000e+002	9.73499098e-002	-3.30265009e+000	2.20984377e+004	0.00000000e+000	5.2306e+016	1.0000e-010	0.0000e+000
5.200000e+002	9.95597536e-002	-3.30044025e+000	2.11860239e+004	0.00000000e+000	4.7936e+016	1.0000e-010	0.0000e+000
5.300000e+002	1.01678356e-001	-3.29832164e+000	2.03462302e+004	0.00000000e+000	4.4122e+016	1.0000e-010	0.0000e+000
5.400000e+002	1.03712979e-001	-3.29628702e+000	1.95695641e+004	0.00000000e+000	4.0805e+016	1.0000e-010	0.0000e+000
5.500000e+002	1.05669935e-001	-3.29433006e+000	1.88486551e+004	0.00000000e+000	3.7876e+016	1.0000e-010	0.0000e+000
5.600000e+002	1.07554801e-001	-3.29244520e+000	1.81781708e+004	0.00000000e+000	3.5227e+016	1.0000e-010	0.0000e+000
5.700000e+002	1.09372618e-001	-3.29062738e+000	1.75538036e+004	0.00000000e+000	3.2804e+016	1.0000e-010	0.0000e+000
5.800000e+002	1.11127998e-001	-3.28887200e+000	1.69713204e+004	0.00000000e+000	3.0604e+016	1.0000e-010	0.0000e+000
5.900000e+002	1.12825130e-001	-3.28717487e+000	1.64263507e+004	0.00000000e+000	2.8633e+016	1.0000e-010	0.0000e+000
6.000000e+002	1.14467765e-001	-3.28553223e+000	1.59147975e+004	0.00000000e+000	2.6878e+016	1.0000e-010	0.0000e+000
6.100000e+002	1.16059245e-001	-3.28394075e+000	1.54333101e+004	0.00000000e+000	2.5298e+016	1.0000e-010	0.0000e+000
6.200000e+002	1.17602576e-001	-3.28239742e+000	1.49793859e+004	0.00000000e+000	2.3850e+016	1.0000e-010	0.0000e+000
6.300000e+002	1.19100515e-001	-3.28089949e+000	1.45510838e+004	0.00000000e+000	2.2504e+016	1.0000e-010	0.0000e+000
6.400000e+002	1.20555623e-001	-3.27944438e+000	1.41466244e+004	0.00000000e+000	2.1251e+016	1.0000e-010	0.0000e+000
6.500000e+002	1.21970286e-001	-3.27802971e+000	1.37641538e+004	0.00000000e+000	2.0096e+016	1.0000e-010	0.0000e+000
6.600000e+002	1.23346701e-001	-3.27665330e+000	1.34017600e+004	0.00000000e+000	1.9041e+016	1.0000e-010	0.0000e+000
6.700000e+002	1.24686877e-001	-3.27531312e+000	1.30576409e+004	0.00000000e+000	1.8081e+016	1.0000e-010	0.0000e+000
6.800000e+002	1.25992641e-001	-3.27400736e+000	1.27302620e+004	0.00000000e+000	1.7202e+016	1.0000e-010	0.0000e+000
6.900000e+002	1.27265667e-001	-3.27273433e+000	1.24184010e+004	0.00000000e+000	1.6386e+016	1.0000e-010	0.0000e+000
7.000000e+002	1.28507507e-001	-3.27149249e+000	1.21210782e+004	0.00000000e+000	1.5622e+016	1.0000e-010	0.0000e+000
7.100000e+002	1.29719615e-001	-3.27028038e+000	1.18374380e+004	0.00000000e+000	1.4903e+016	1.0000e-010	0.0000e+000
7.200000e+002	1.30903359e-001	-3.26909664e+000	1.15666551e+004	0.00000000e+000	1.4228e+016	1.0000e-010	0.0000e+000
7.300000e+002	1.32060025e-001	-3.26793998e+000	1.13078990e+004	0.00000000e+000	1.3596e+016	1.0000e-010	0.0000e+000
7.400000e+002	1.33190814e-001	-3.26680919e+000	1.10603501e+004	0.00000000e+000	1.3007e+016	1.0000e-010	0.0000e+000
7.500000e+002	1.34296849e-001	-3.26570315e+000	1.08232354e+004	0.00000000e+000	1.2459e+016	1.0000e-010	0.0000e+000
7.600000e+002	1.35379173e-001	-3.26462083e+000	1.05958534e+004	0.00000000e+000	1.1947e+016	1.0000e-010	0.0000e+000
7.700000e+002	1.36438758e-001	-3.26356124e+000	1.03775798e+004	0.00000000e+000	1.1469e+016	1.0000e-010	0.0000e+000
7.800000e+002	1.37476516e-001	-3.26252348e+000	1.01678518e+004	0.00000000e+000	1.1020e+016	1.0000e-010	0.0000e+000
7.900000e+002	1.38493301e-001	-3.26150670e+000	9.96615109e+003	0.00000000e+000	1.0598e+016	1.0000e-010	0.0000e+000
8.000000e+002	1.39489917e-001	-3.26051008e+000	9.77199471e+003	0.00000000e+000	1.0201e+016	1.0000e-010	0.0000e+000
8.100000e+002	1.40467116e-001	-3.25953288e+000	9.58493800e+003	0.00000000e+000	9.8282e+015	1.0000e-010	0.0000e+000
8.200000e+002	1.41425610e-001	-3.25857439e+000	9.40458553e+003	0.00000000e+000	9.4759e+015	1.0000e-010	0.0000e+000
8.300000e+002	1.42366068e-001	-3.25763393e+000	9.23060187e+003	0.00000000e+000	9.1413e+015	1.0000e-010	0.0000e+000
8.400000e+002	1.43289129e-001	-3.25671087e+000	9.06271454e+003	0.00000000e+000	8.8210e+015	1.0000e-010	0.0000e+000
8.500000e+002	1.44195400e-001	-3.25580460e+000	8.90070550e+003	0.00000000e+000	8.5122e+015	1.0000e-010	0.0000e+000
8.600000e+002	1.45085471e-001	-3.25491453e+000	8.74439247e+003	0.00000000e+000	8.2129e+015	1.0000e-010	0.0000e+000
8.700000e+002	1.45959910e-001	-3.25404009e+000	8.59360482e+003	0.00000000e+000	7.9226e+015	1.0000e-010	0.0000e+000
8.800000e+002	1.46819270e-001	-3.25318073e+000	8.44816028e+003	0.00000000e+000	7.6418e+015	1.0000e-010	0.0000e+000
8.900000e+002	1.47664086e-001	-3.25233591e+000	8.30784769e+003	0.00000000e+000	7.3721e+015	1.0000e-010	0.0000e+000
9.000000e+002	1.48494871e-001	-3.25150513e+000	8.17241890e+003	0.00000000e+000	7.1154e+015	1.0000e-010	0.0000e+000
9.100000e+002	1.49312113e-001	-3.25068789e+000	8.04159031e+003	0.00000000e+000	6.8736e+015	1.0000e-010	0.0000e+000
9.200000e+002	1.50116272e-001	-3.24988373e+000	7.91505228e+003	0.00000000e+000	6.6480e+015	1.0000e-010	0.0000e+000
9.300000e+002	1.50907777e-001	-3.24909222e+000	7.79248360e+003	0.00000000e+000	6.4394e+015	1.0000e-010	0.0000e+000
9.400000e+002	1.51687026e-001	-3.24831297e+000	7.67356564e+003	0.00000000e+000	6.2474e+015	1.0000e-010	0.0000e+000
9.500000e+002	1.52454382e-001	-3.24754562e+000	7.55800286e+003	0.00000000e+000	6.0711e+015	1.0000e-010	0.0000e+000
9.600000e+002	1.53210182e-001	-3.24678982e+000	7.44553087e+003	0.00000000e+000	5.9086e+015	1.0000e-010	0.0000e+000
9.700000e+002	1.53954736e-001	-3.24604526e+000	7.33592736e+003	0.00000000e+000	5.7579e+015	1.0000e-010	0.0000e+000
9.800000e+002	1.54688328e-001	-3.24531167e+000	7.22901993e+003	0.00000000e+000	5.6162e+015	1.0000e-010	0.0000e+000
9.900000e+002	1.55411230e-001	-3.24458877e+000	7.12469286e+003	0.00000000e+000	5.4806e+015	1.0000e-010	0.0000e+000
1.000000e+003	1.56123700e-001	-3.24387630e+000	7.02295538e+003	0.00000000e+000	5.3447e+015	1.0000e-010	0.0000e+000	-1.2297e-001	5.4483e-003	5.2263e-002	7.8047e-002	9.5572e-002	1.0878e-001	1.1936e-001	1.2816e-001	1.3570e-001	1.4228e-001	1.4815e-001	1.5376e-001
1.010000e+003	1.56825995e-001	-3.24317400e+000	6.92376523e+003	0.00000000e+000	5.2086e+015	1.0000e-010	0.0000e+000
1.020000e+003	1.57518372e-001	-3.24248163e+000	6.82719637e+003	0.00000000e+000	5.0709e+015	1.0000e-010	0.0000e+000
1.030000e+003	1.58201091e-001	-3.24179891e+000	6.73314440e+003	0.00000000e+000	4.9387e+015	1.0000e-010	0.0000e+000
1.040000e+003	1.58874406e-001	-3.24112559e+000	6.64151038e+003	0.00000000e+000	4.8118e+015	1.0000e-010	0.0000e+000
1.050000e+003	1.59538557e-001	-3.24046144e+000	6.55220051e+003	0.00000000e+000	4.6897e+015	1.0000e-010	0.0000e+000
1.060000e+003	1.60193777e-001	-3.23980622e+000	6.46512575e+003	0.00000000e+000	4.5723e+015	1.0000e-010	0.0000e+000
1.070000e+003	1.60840289e-001	-3.23915971e+000	6.38020158e+003	0.00000000e+000	4.4594e+015	1.0000e-010	0.0000e+000
1.080000e+003	1.61478310e-001	-3.23852169e+000	6.29734766e+003	0.00000000e+000	4.3507e+015	1.0000e-010	0.0000e+000
1.090000e+003	1.62108044e-001	-3.23789196e+000	6.21648762e+003	0.00000000e+000	4.2460e+015	1.0000e-010	0.0000e+000
1.100000e+003	1.62729693e-001	-3.23727031e+000	6.13754878e+003	0.00000000e+000	4.1451e+015	1.0000e-010	0.0000e+000
1.110000e+003	1.63343448e-001	-3.23665655e+000	6.06046197e+003	0.00000000e+000	4.0478e+015	1.0000e-010	0.0000e+000
1.120000e+003	1.63949494e-001	-3.23605051e+000	5.98516128e+003	0.00000000e+000	3.9540e+015	1.0000e-010	0.0000e+000
1.130000e+003	1.64548010e-001	-3.23545199e+000	5.91158389e+003	0.00000000e+000	3.8635e+015	1.0000e-010	0.0000e+000
1.140000e+003	1.65139169e-001	-3.23486083e+000	5.83966992e+003	0.00000000e+000	3.7762e+015	1.0000e-010	0.0000e+000
1.150000e+003	1.65723136e-001	-3.23427686e+000	5.76936219e+003	0.00000000e+000	3.6918e+015	1.0000e-010	0.0000e+000
1.160000e+003	1.66300072e-001	-3.23369993e+000	5.70060613e+003	0.00000000e+000	3.6103e+015	1.0000e-010	0.0000e+000
1.170000e+003	1.66870133e-001	-3.23312987e+000	5.63334961e+003	0.00000000e+000	3.5316e+015	1.0000e-010	0.0000e+000
1.180000e+003	1.67433467e-001	-3.23256653e+000	5.56754281e+003	0.00000000e+000	3.4554e+015	1.0000e-010	0.0000e+000
1.190000e+003	1.67990222e-001	-3.23200978e+000	5.50313809e+003	0.00000000e+000	3.3818e+015	1.0000e-010	0.0000e+000
1.200000e+003	1.68540536e-001	-3.23145946e+000	5.44008987e+003	0.00000000e+000	3.3106e+015	1.0000e-010	0.0000e+000
1.210000e+003	1.69084545e-001	-3.23091546e+000	5.37835452e+003	0.00000000e+000	3.2416e+015	1.0000e-010	0.0000e+000
1.220000e+003	1.69622380e-001	-3.23037762e+000	5.31789028e+003	0.00000000e+000	3.1749e+015	1.0000e-010	0.0000e+000
1.230000e+003	1.70154169e-001	-3.22984583e+000	5.25865711e+003	0.00000000e+000	3.1102e+015	1.0000e-010	0.0000e+000
1.240000e+003	1.70680035e-001	-3.22931997e+000	5.20061665e+003	0.00000000e+000	3.0476e+015	1.0000e-010	0.0000e+000
1.250000e+003	1.71200096e-001	-3.22879990e+000	5.14373212e+003	0.00000000e+000	2.9869e+015	1.0000e-010	0.0000e+000
1.260000e+003	1.71714470e-001	-3.22828553e+000	5.08796823e+003	0.00000000e+000	2.9281e+015	1.0000e-010	0.0000e+000
1.270000e+003	1.72223266e-001	-3.22777673e+000	5.03329111e+003	0.00000000e+000	2.8710e+015	1.0000e-010	0.0000e+000
1.280000e+003	1.72726596e-001	-3.22727340e+000	4.97966823e+003	0.00000000e+000	2.8156e+015	1.0000e-010	0.0000e+000
1.290000e+003	1.73224562e-001	-3.22677544e+000	4.92706837e+003	0.00000000e+000	2.7619e+015	1.0000e-010	0.0000e+000
1.300000e+003	1.73717269e-001	-3.22628273e+000	4.87546150e+003	0.00000000e+000	2.7098e+015	1.0000e-010	0.0000e+000
1.310000e+003	1.74204815e-001	-3.22579518e+000	4.82481877e+003	0.00000000e+000	2.6591e+015	1.0000e-010	0.0000e+000
1.320000e+003	1.74687297e-001	-3.22531270e+000	4.77511244e+003	0.00000000e+000	2.6100e+015	1.0000e-010	0.0000e+000
1.330000e+003	1.75164808e-001	-3.22483519e+000	4.72631580e+003	0.00000000e+000	2.5622e+015	1.0000e-010	0.0000e+000
1.340000e+003	1.75637440e-001	-3.22436256e+000	4.67840317e+003	0.00000000e+000	2.5158e+015	1.0000e-010	0.0000e+000
1.350000e+003	1.76105280e-001	-3.22389472e+000	4.63134980e+003	0.00000000e+000	2.4707e+015	1.0000e-010	0.0000e+000
1.360000e+003	1.76568415e-001	-3.22343158e+000	4.58513189e+003	0.00000000e+000	2.4268e+015	1.0000e-010	0.0000e+000
1.370000e+003	1.77026929e-001	-3.22297307e+000	4.53972647e+003	0.00000000e+000	2.3841e+015	1.0000e-010	0.0000e+000
1.380000e+003	1.77480901e-001	-3.22251910e+000	4.49511144e+003	0.00000000e+000	2.3426e+015	1.0000e-010	0.0000e+000
1.390000e+003	1.77930412e-001	-3.22206959e+000	4.45126546e+003	0.00000000e+000	2.3022e+015	1.0000e-010	0.0000e+000
1.400000e+003	1.78375539e-001	-3.22162446e+000	4.40816797e+003	0.00000000e+000	2.2629e+015	1.0000e-010	0.0000e+000
1.410000e+003	1.78816356e-001	-3.22118364e+000	4.36579912e+003	0.00000000e+000	2.2247e+015	1.0000e-010	0.0000e+000
1.420000e+003	1.79252936e-001	-3.22074706e+000	4.32413979e+003	0.00000000e+000	2.1874e+015	1.0000e-010	0.0000e+000
1.430000e+003	1.79685350e-001	-3.22031465e+000	4.28317147e+003	0.00000000e+000	2.1511e+015	1.0000e-010	0.0000e+000
1.440000e+003	1.80113667e-001	-3.21988633e+000	4.24287632e+003	0.00000000e+000	2.1158e+015	1.0000e-010	0.0000e+000
1.450000e+003	1.80537954e-001	-3.21946205e+000	4.20323711e+003	0.00000000e+000	2.0813e+015	1.0000e-010	0.0000e+000
1.460000e+003	1.80958278e-001	-3.21904172e+000	4.16423718e+003	0.00000000e+000	2.0478e+015	1.0000e-010	0.0000e+000
1.470000e+003	1.81374702e-001	-3.21862530e+000	4.12586043e+003	0.00000000e+000	2.0150e+015	1.0000e-010	0.0000e+000
1.480000e+003	1.81787288e-001	-3.21821271e+000	4.08809128e+003	0.00000000e+000	1.9831e+015	1.0000e-010	0.0000e+000
1.490000e+003	1.82196097e-001	-3.21780390e+000	4.05091471e+003	0.00000000e+000	1.9520e+015	1.0000e-010	0.0000e+000
1.500000e+003	1.82601188e-001	-3.21739881e+000	4.01431613e+003	0.00000000e+000	1.9217e+015	1.0000e-010	0.0000e+000
1.510000e+003	1.83002620e-001	-3.21699738e+000	3.97828147e+003	0.00000000e+000	1.8921e+015	1.0000e-010	0.0000e+000
1.520000e+003	1.83400448e-001	-3.21659955e+000	3.94279709e+003	0.00000000e+000	1.8632e+015	1.0000e-010	0.0000e+000
1.530000e+003	1.83794728e-001	-3.21620527e+000	3.90784980e+003	0.00000000e+000	1.8350e+015	1.0000e-010	0.0000e+000
1.540000e+003	1.84185513e-001	-3.21581449e+000	3.87342680e+003	0.00000000e+000	1.8074e+015	1.0000e-010	0.0000e+000
1.550000e+003	1.84572856e-001	-3.21542714e+000	3.83951572e+003	0.00000000e+000	1.7805e+015	1.0000e-010	0.0000e+000
1.560000e+003	1.84956807e-001	-3.21504319e+000	3.80610456e+003	0.00000000e+000	1.7543e+015	1.0000e-010	0.0000e+000
1.570000e+003	1.85337418e-001	-3.21466258e+000	3.77318171e+003	0.00000000e+000	1.7287e+015	1.0000e-010	0.0000e+000
1.580000e+003	1.85714736e-001	-3.21428526e+000	3.74073588e+003	0.00000000e+000	1.7036e+015	1.0000e-010	0.0000e+000
1.590000e+003	1.86088809e-001	-3.21391119e+000	3.70875615e+003	0.00000000e+000	1.6791e+015	1.0000e-010	0.0000e+000
1.600000e+003	1.86459685e-001	-3.21354032e+000	3.67723194e+003	0.00000000e+000	1.6552e+015	1.0000e-010	0.0000e+000
1.610000e+003	1.86827408e-001	-3.21317259e+000	3.64615296e+003	0.00000000e+000	1.6318e+015	1.0000e-010	0.0000e+000
1.620000e+003	1.87192023e-001	-3.21280798e+000	3.61550924e+003	0.00000000e+000	1.6090e+015	1.0000e-010	0.0000e+000
1.630000e+003	1.87553574e-001	-3.21244643e+000	3.58529110e+003	0.00000000e+000	1.5866e+015	1.0000e-010	0.0000e+000
1.640000e+003	1.87912103e-001	-3.21208790e+000	3.55548915e+003	0.00000000e+000	1.5648e+015	1.0000e-010	0.0000e+000
1.650000e+003	1.88267652e-001	-3.21173235e+000	3.52609426e+003	0.00000000e+000	1.5434e+015	1.0000e-010	0.0000e+000
1.660000e+003	1.88620262e-001	-3.21137974e+000	3.49709759e+003	0.00000000e+000	1.5225e+015	1.0000e-010	0.0000e+000
1.670000e+003	1.88969972e-001	-3.21103003e+000	3.46849053e+003	0.00000000e+000	1.5020e+015	1.0000e-010	0.0000e+000
1.680000e+003	1.89316821e-001	-3.21068318e+000	3.44026471e+003	0.00000000e+000	1.4820e+015	1.0000e-010	0.0000e+000
1.690000e+003	1.89660847e-001	-3.21033915e+000	3.41241203e+003	0.00000000e+000	1.4624e+015	1.0000e-010	0.0000e+000
1.700000e+003	1.90002088e-001	-3.20999791e+000	3.38492458e+003	0.00000000e+000	1.4432e+015	1.0000e-010	0.0000e+000
1.710000e+003	1.90340581e-001	-3.20965942e+000	3.35779468e+003	0.00000000e+000	1.4245e+015	1.0000e-010	0.0000e+000
1.720000e+003	1.90676360e-001	-3.20932364e+000	3.33101489e+003	0.00000000e+000	1.4061e+015	1.0000e-010	0.0000e+000
1.730000e+003	1.91009462e-001	-3.20899054e+000	3.30457794e+003	0.00000000e+000	1.3881e+015	1.0000e-010	0.0000e+000
1.740000e+003	1.91339920e-001	-3.20866008e+000	3.27847678e+003	0.00000000e+000	1.3705e+015	1.0000e-010	0.0000e+000
1.750000e+003	1.91667767e-001	-3.20833223e+000	3.25270453e+003	0.00000000e+000	1.3532e+015	1.0000e-010	0.0000e+000
1.760000e+003	1.91993038e-001	-3.20800696e+000	3.22725452e+003	0.00000000e+000	1.3363e+015	1.0000e-010	0.0000e+000
1.770000e+003	1.92315763e-001	-3.20768424e+000	3.20212024e+003	0.00000000e+000	1.3197e+015	1.0000e-010	0.0000e+000
1.780000e+003	1.92635975e-001	-3.20736402e+000	3.17729536e+003	0.00000000e+000	1.3034e+015	1.0000e-010	0.0000e+000
1.790000e+003	1.92953705e-001	-3.20704630e+000	3.15277372e+003	0.00000000e+000	1.2875e+015	1.0000e-010	0.0000e+000
1.800000e+003	1.93268982e-001	-3.20673102e+000	3.12854932e+003	0.00000000e+000	1.2719e+015	1.0000e-010	0.0000e+000
1.810000e+003	1.93581837e-001	-3.20641816e+000	3.10461631e+003	0.00000000e+000	1.2566e+015	1.0000e-010	0.0000e+000
1.820000e+003	1.93892299e-001	-3.20610770e+000	3.08096899e+003	0.00000000e+000	1.2416e+015	1.0000e-010	0.0000e+000
1.830000e+003	1.94200395e-001	-3.20579960e+000	3.05760183e+003	0.00000000e+000	1.2269e+015	1.0000e-010	0.0000e+000
1.840000e+003	1.94506156e-001	-3.20549384e+000	3.03450941e+003	0.00000000e+000	1.2125e+015	1.0000e-010	0.0000e+000
1.850000e+003	1.94809607e-001	-3.20519039e+000	3.01168646e+003	0.00000000e+000	1.1983e+015	1.0000e-010	0.0000e+000
1.860000e+003	1.95110775e-001	-3.20488922e+000	2.98912786e+003	0.00000000e+000	1.1844e+015	1.0000e-010	0.0000e+000
1.870000e+003	1.95409688e-001	-3.20459031e+000	2.96682858e+003	0.00000000e+000	1.1708e+015	1.0000e-010	0.0000e+000
1.880000e+003	1.95706371e-001	-3.20429363e+000	2.94478375e+003	0.00000000e+000	1.1575e+015	1.0000e-010	0.0000e+000
1.890000e+003	1.96000849e-001	-3.20399915e+000	2.92298861e+003	0.00000000e+000	1.1444e+015	1.0000e-010	0.0000e+000
1.900000e+003	1.96293148e-001	-3.20370685e+000	2.90143851e+003	0.00000000e+000	1.1315e+015	1.0000e-010	0.0000e+000
1.910000e+003	1.96583292e-001	-3.20341671e+000	2.88012892e+003	0.00000000e+000	1.1189e+015	1.0000e-010	0.0000e+000
1.920000e+003	1.96871305e-001	-3.20312870e+000	2.85905542e+003	0.00000000e+000	1.1065e+015	1.0000e-010	0.0000e+000
1.930000e+003	1.97157210e-001	-3.20284279e+000	2.83821369e+003	0.00000000e+000	1.0943e+015	1.0000e-010	0.0000e+000
1.940000e+003	1.97441032e-001	-3.20255897e+000	2.81759953e+003	0.00000000e+000	1.0823e+015	1.0000e-010	0.0000e+000
1.950000e+003	1.97722792e-001	-3.20227721e+000	2.79720882e+003	0.00000000e+000	1.0706e+015	1.0000e-010	0.0000e+000
1.960000e+003	1.98002513e-001	-3.20199749e+000	2.77703755e+003	0.00000000e+000	1.0591e+015	1.0000e-010	0.0000e+000
1.970000e+003	1.98280216e-001	-3.20171978e+000	2.75708181e+003	0.00000000e+000	1.0478e+015	1.0000e-010	0.0000e+000
1.980000e+003	1.98555925e-001	-3.20144408e+000	2.73733775e+003	0.00000000e+000	1.0367e+015	1.0000e-010	0.0000e+000
1.990000e+003	1.98829658e-001	-3.20117034e+000	2.71780166e+003	0.00000000e+000	1.0257e+015	1.0000e-010	0.0000e+000
2.000000e+003	1.99101439e-001	-3.20089856e+000	2.69846987e+003	0.00000000e+000	1.0150e+015	1.0000e-010	0.0000e+000
2.010000e+003	1.99371285e-001	-3.20062871e+000	2.67933882e+003	0.00000000e+000	1.0045e+015	1.0000e-010	0.0000e+000
2.020000e+003	1.99639219e-001	-3.20036078e+000	2.66040502e+003	0.00000000e+000	9.9411e+014	1.0000e-010	0.0000e+000
2.030000e+003	1.99905260e-001	-3.20009474e+000	2.64166507e+003	0.00000000e+000	9.8393e+014	1.0000e-010	0.0000e+000
2.040000e+003	2.00169426e-001	-3.19983057e+000	2.62311563e+003	0.00000000e+000	9.7393e+014	1.0000e-010	0.0000e+000
2.050000e+003	2.00431738e-001	-3.19956826e+000	2.60475346e+003	0.00000000e+000	9.6409e+014	1.0000e-010	0.0000e+000
2.060000e+003	2.00692213e-001	-3.19930779e+000	2.58657537e+003	0.00000000e+000	9.5443e+014	1.0000e-010	0.0000e+000
2.070000e+003	2.00950871e-001	-3.19904913e+000	2.56857826e+003	0.00000000e+000	9.4493e+014	1.0000e-010	0.0000e+000
2.080000e+003	2.01207729e-001	-3.19879227e+000	2.55075907e+003	0.00000000e+000	9.3558e+014	1.0000e-010	0.0000e+000
2.090000e+003	2.01462805e-001	-3.19853720e+000	2.53311483e+003	0.00000000e+000	9.2640e+014	1.0000e-010	0.0000e+000
2.100000e+003	2.01716116e-001	-3.19828388e+000	2.51564264e+003	0.00000000e+000	9.1736e+014	1.0000e-010	0.0000e+000
2.110000e+003	2.01967680e-001	-3.19803232e+000	2.49833964e+003	0.00000000e+000	9.0848e+014	1.0000e-010	0.0000e+000
2.120000e+003	2.02217514e-001	-3.19778249e+000	2.48120306e+003	0.00000000e+000	8.9974e+014	1.0000e-010	0.0000e+000
2.130000e+003	2.02465635e-001	-3.19753437e+000	2.46423016e+003	0.00000000e+000	8.9115e+014	1.0000e-010	0.0000e+000
2.140000e+003	2.02712058e-001	-3.19728794e+000	2.44741828e+003	0.00000000e+000	8.8269e+014	1.0000e-010	0.0000e+000
2.150000e+003	2.02956799e-001	-3.19704320e+000	2.43076480e+003	0.00000000e+000	8.7438e+014	1.0000e-010	0.0000e+000
2.160000e+003	2.03199876e-001	-3.19680012e+000	2.41426718e+003	0.00000000e+000	8.6619e+014	1.0000e-010	0.0000e+000
2.170000e+003	2.03441303e-001	-3.19655870e+000	2.39792291e+003	0.00000000e+000	8.5814e+014	1.0000e-010	0.0000e+000
2.180000e+003	2.03681095e-001	-3.19631891e+000	2.38172954e+003	0.00000000e+000	8.5022e+014	1.0000e-010	0.0000e+000
2.190000e+003	2.03919268e-001	-3.19608073e+000	2.36568468e+003	0.00000000e+000	8.4242e+014	1.0000e-010	0.0000e+000
2.200000e+003	2.04155836e-001	-3.19584416e+000	2.34978597e+003	0.00000000e+000	8.3475e+014	1.0000e-010	0.0000e+000
2.210000e+003	2.04390815e-001	-3.19560919e+000	2.33403111e+003	0.00000000e+000	8.2719e+014	1.0000e-010	0.0000e+000
2.220000e+003	2.04624218e-001	-3.19537578e+000	2.31841786e+003	0.00000000e+000	8.1976e+014	1.0000e-010	0.0000e+000
2.230000e+003	2.04856060e-001	-3.19514394e+000	2.30294400e+003	0.00000000e+000	8.1244e+014	1.0000e-010	0.0000e+000
2.240000e+003	2.05086354e-001	-3.19491365e+000	2.28760737e+003	0.00000000e+000	8.0523e+014	1.0000e-010	0.0000e+000
2.250000e+003	2.05315115e-001	-3.19468489e+000	2.27240586e+003	0.00000000e+000	7.9814e+014	1.0000e-010	0.0000e+000
2.260000e+003	2.05542356e-001	-3.19445764e+000	2.25733738e+003	0.00000000e+000	7.9115e+014	1.0000e-010	0.0000e+000
2.270000e+003	2.05768089e-001	-3.19423191e+000	2.24239990e+003	0.00000000e+000	7.8428e+014	1.0000e-010	0.0000e+000
2.280000e+003	2.05992329e-001	-3.19400767e+000	2.22759143e+003	0.00000000e+000	7.7750e+014	1.0000e-010	0.0000e+000
2.290000e+003	2.06215088e-001	-3.19378491e+000	2.21291002e+003	0.00000000e+000	7.7083e+014	1.0000e-010	0.0000e+000
2.300000e+003	2.06436379e-001	-3.19356362e+000	2.19835374e+003	0.00000000e+000	7.6426e+014	1.0000e-010	0.0000e+000
2.310000e+003	2.06656215e-001	-3.19334379e+000	2.18392071e+003	0.00000000e+000	7.5779e+014	1.0000e-010	0.0000e+000
2.320000e+003	2.06874607e-001	-3.19312539e+000	2.16960910e+003	0.00000000e+000	7.5141e+014	1.0000e-010	0.0000e+000
2.330000e+003	2.07091568e-001	-3.19290843e+000	2.15541709e+003	0.00000000e+000	7.4513e+014	1.0000e-010	0.0000e+000
2.340000e+003	2.07307109e-001	-3.19269289e+000	2.14134292e+003	0.00000000e+000	7.3895e+014	1.0000e-010	0.0000e+000
2.350000e+003	2.07521244e-001	-3.19247876e+000	2.12738485e+003	0.00000000e+000	7.3285e+014	1.0000e-010	0.0000e+000
2.360000e+003	2.07733982e-001	-3.19226602e+000	2.11354117e+003	0.00000000e+000	7.2684e+014	1.0000e-010	0.0000e+000
2.370000e+003	2.07945336e-001	-3.19205466e+000	2.09981020e+003	0.00000000e+000	7.2093e+014	1.0000e-010	0.0000e+000
2.380000e+003	2.08155317e-001	-3.19184468e+000	2.08619031e+003	0.00000000e+000	7.1509e+014	1.0000e-010	0.0000e+000
2.390000e+003	2.08363936e-001	-3.19163606e+000	2.07267989e+003	0.00000000e+000	7.0935e+014	1.0000e-010	0.0000e+000
2.400000e+003	2.08571204e-001	-3.19142880e+000	2.05927736e+003	0.00000000e+000	7.0368e+014	1.0000e-010	0.0000e+000
2.410000e+003	2.08777132e-001	-3.19122287e+000	2.04598116e+003	0.00000000e+000	6.9810e+014	1.0000e-010	0.0000e+000
2.420000e+003	2.08981730e-001	-3.19101827e+000	2.03278977e+003	0.00000000e+000	6.9259e+014	1.0000e-010	0.0000e+000
2.430000e+003	2.09185009e-001	-3.19081499e+000	2.01970170e+003	0.00000000e+000	6.8717e+014	1.0000e-010	0.0000e+000
2.440000e+003	2.09386979e-001	-3.19061302e+000	2.00671549e+003	0.00000000e+000	6.8182e+014	1.0000e-010	0.0000e+000
2.450000e+003	2.09587651e-001	-3.19041235e+000	1.99382969e+003	0.00000000e+000	6.7655e+014	1.0000e-010	0.0000e+000
2.460000e+003	2.09787034e-001	-3.19021297e+000	1.98104289e+003	0.00000000e+000	6.7135e+014	1.0000e-010	0.0000e+000
2.470000e+003	2.09985138e-001	-3.19001486e+000	1.96835370e+003	0.00000000e+000	6.6623e+014	1.0000e-010	0.0000e+000
2.480000e+003	2.10181974e-001	-3.18981803e+000	1.95576076e+003	0.00000000e+000	6.6117e+014	1.0000e-010	0.0000e+000
2.490000e+003	2.10377550e-001	-3.18962245e+000	1.94326273e+003	0.00000000e+000	6.5619e+014	1.0000e-010	0.0000e+000
2.500000e+003	2.10571876e-001	-3.18942812e+000	1.93085829e+003	0.00000000e+000	6.5128e+014	1.0000e-010	0.0000e+000
2.510000e+003	2.10764962e-001	-3.18923504e+000	1.91854615e+003	0.00000000e+000	6.4643e+014	1.0000e-010	0.0000e+000
2.520000e+003	2.10956816e-001	-3.18904318e+000	1.90632505e+003	0.00000000e+000	6.4165e+014	1.0000e-010	0.0000e+000
2.530000e+003	2.11147449e-001	-3.18885255e+000	1.89419373e+003	0.00000000e+000	6.3694e+014	1.0000e-010	0.0000e+000
2.540000e+003	2.11336868e-001	-3.18866313e+000	1.88215098e+003	0.00000000e+000	6.3229e+014	1.0000e-010	0.0000e+000
2.550000e+003	2.11525083e-001	-3.18847492e+000	1.87019558e+003	0.00000000e+000	6.2770e+014	1.0000e-010	0.0000e+000
2.560000e+003	2.11712103e-001	-3.18828790e+000	1.85832636e+003	0.00000000e+000	6.2317e+014	1.0000e-010	0.0000e+000
2.570000e+003	2.11897936e-001	-3.18810206e+000	1.84654216e+003	0.00000000e+000	6.1871e+014	1.0000e-010	0.0000e+000
2.580000e+003	2.12082590e-001	-3.18791741e+000	1.83484182e+003	0.00000000e+000	6.1431e+014	1.0000e-010	0.0000e+000
2.590000e+003	2.12266074e-001	-3.18773393e+000	1.82322424e+003	0.00000000e+000	6.0996e+014	1.0000e-010	0.0000e+000
2.600000e+003	2.12448396e-001	-3.18755160e+000	1.81168830e+003	0.00000000e+000	6.0567e+014	1.0000e-010	0.0000e+000
2.610000e+003	2.12629565e-001	-3.18737043e+000	1.80023292e+003	0.00000000e+000	6.0144e+014	1.0000e-010	0.0000e+000
2.620000e+003	2.12809589e-001	-3.18719041e+000	1.78885703e+003	0.00000000e+000	5.9727e+014	1.0000e-010	0.0000e+000
2.630000e+003	2.12988474e-001	-3.18701153e+000	1.77755959e+003	0.00000000e+000	5.9315e+014	1.0000e-010	0.0000e+000
2.640000e+003	2.13166230e-001	-3.18683377e+000	1.76633957e+003	0.00000000e+000	5.8909e+014	1.0000e-010	0.0000e+000
2.650000e+003	2.13342864e-001	-3.18665714e+000	1.75519594e+003	0.00000000e+000	5.8508e+014	1.0000e-010	0.0000e+000
2.660000e+003	2.13518384e-001	-3.18648162e+000	1.74412772e+003	0.00000000e+000	5.8112e+014	1.0000e-010	0.0000e+000
2.670000e+003	2.13692796e-001	-3.18630720e+000	1.73313391e+003	0.00000000e+000	5.7721e+014	1.0000e-010	0.0000e+000
2.680000e+003	2.13866110e-001	-3.18613389e+000	1.72221357e+003	0.00000000e+000	5.7335e+014	1.0000e-010	0.0000e+000
2.690000e+003	2.14038331e-001	-3.18596167e+000	1.71136573e+003	0.00000000e+000	5.6955e+014	1.0000e-010	0.0000e+000
2.700000e+003	2.14209468e-001	-3.18579053e+000	1.70058946e+003	0.00000000e+000	5.6579e+014	1.0000e-010	0.0000e+000
2.710000e+003	2.14379527e-001	-3.18562047e+000	1.68988385e+003	0.00000000e+000	5.6208e+014	1.0000e-010	0.0000e+000
2.720000e+003	2.14548515e-001	-3.18545148e+000	1.67924800e+003	0.00000000e+000	5.5842e+014	1.0000e-010	0.0000e+000
2.730000e+003	2.14716440e-001	-3.18528356e+000	1.66868100e+003	0.00000000e+000	5.5480e+014	1.0000e-010	0.0000e+000
2.740000e+003	2.14883308e-001	-3.18511669e+000	1.65818200e+003	0.00000000e+000	5.5123e+014	1.0000e-010	0.0000e+000
2.750000e+003	2.15049126e-001	-3.18495087e+000	1.64775011e+003	0.00000000e+000	5.4771e+014	1.0000e-010	0.0000e+000
2.760000e+003	2.15213901e-001	-3.18478610e+000	1.63738451e+003	0.00000000e+000	5.4423e+014	1.0000e-010	0.0000e+000
2.770000e+003	2.15377640e-001	-3.18462236e+000	1.62708436e+003	0.00000000e+000	5.4079e+014	1.0000e-010	0.0000e+000
2.780000e+003	2.15540348e-001	-3.18445965e+000	1.61684882e+003	0.00000000e+000	5.3740e+014	1.0000e-010	0.0000e+000
2.790000e+003	2.15702033e-001	-3.18429797e+000	1.60667711e+003	0.00000000e+000	5.3405e+014	1.0000e-010	0.0000e+000
2.800000e+003	2.15862701e-001	-3.18413730e+000	1.59656841e+003	0.00000000e+000	5.3074e+014	1.0000e-010	0.0000e+000
2.810000e+003	2.16022358e-001	-3.18397764e+000	1.58652195e+003	0.00000000e+000	5.2747e+014	1.0000e-010	0.0000e+000
2.820000e+003	2.16181010e-001	-3.18381899e+000	1.57653696e+003	0.00000000e+000	5.2424e+014	1.0000e-010	0.0000e+000
2.830000e+003	2.16338663e-001	-3.18366134e+000	1.56661267e+003	0.00000000e+000	5.2105e+014	1.0000e-010	0.0000e+000
2.840000e+003	2.16495325e-001	-3.18350468e+000	1.55674834e+003	0.00000000e+000	5.1791e+014	1.0000e-010	0.0000e+000
2.850000e+003	2.16651000e-001	-3.18334900e+000	1.54694324e+003	0.00000000e+000	5.1480e+014	1.0000e-010	0.0000e+000
2.860000e+003	2.16805694e-001	-3.18319431e+000	1.53719663e+003	0.00000000e+000	5.1173e+014	1.0000e-010	0.0000e+000
2.870000e+003	2.16959414e-001	-3.18304059e+000	1.52750780e+003	0.00000000e+000	5.0869e+014	1.0000e-010	0.0000e+000
2.880000e+003	2.17112164e-001	-3.18288784e+000	1.51787605e+003	0.00000000e+000	5.0569e+014	1.0000e-010	0.0000e+000
2.890000e+003	2.17263952e-001	-3.18273605e+000	1.50830069e+003	0.00000000e+000	5.0273e+014	1.0000e-010	0.0000e+000
2.900000e+003	2.17414782e-001	-3.18258522e+000	1.49878103e+003	0.00000000e+000	4.9981e+014	1.0000e-010	0.0000e+000
2.910000e+003	2.17564660e-001	-3.18243534e+000	1.48931641e+003	0.00000000e+000	4.9692e+014	1.0000e-010	0.0000e+000
2.920000e+003	2.17713592e-001	-3.18228641e+000	1.47990615e+003	0.00000000e+000	4.9407e+014	1.0000e-010	0.0000e+000
2.930000e+003	2.17861582e-001	-3.18213842e+000	1.47054961e+003	0.00000000e+000	4.9125e+014	1.0000e-010	0.0000e+000
2.940000e+003	2.18008637e-001	-3.18199136e+000	1.46124614e+003	0.00000000e+000	4.8846e+014	1.0000e-010	0.0000e+000
2.950000e+003	2.18154762e-001	-3.18184524e+000	1.45199510e+003	0.00000000e+000	4.8571e+014	1.0000e-010	0.0000e+000
2.960000e+003	2.18299961e-001	-3.18170004e+000	1.44279588e+003	0.00000000e+000	4.8298e+014	1.0000e-010	0.0000e+000
2.970000e+003	2.18444241e-001	-3.18155576e+000	1.43364786e+003	0.00000000e+000	4.8030e+014	1.0000e-010	0.0000e+000
2.980000e+003	2.18587606e-001	-3.18141239e+000	1.42455043e+003	0.00000000e+000	4.7764e+014	1.0000e-010	0.0000e+000
2.990000e+003	2.18730061e-001	-3.18126994e+000	1.41550299e+003	0.00000000e+000	4.7502e+014	1.0000e-010	0.0000e+000
3.000000e+003	2.18871611e-001	-3.18112839e+000	1.40650496e+003	0.00000000e+000	4.7242e+014	1.0000e-010	0.0000e+000
3.010000e+003	2.19012262e-001	-3.18098774e+000	1.39755575e+003	0.00000000e+000	4.6986e+014	1.0000e-010	0.0000e+000
3.020000e+003	2.19152017e-001	-3.18084798e+000	1.38865478e+003	0.00000000e+000	4.6733e+014	1.0000e-010	0.0000e+000
3.030000e+003	2.19290883e-001	-3.18070912e+000	1.37980150e+003	0.00000000e+000	4.6482e+014	1.0000e-010	0.0000e+000
3.040000e+003	2.19428863e-001	-3.18057114e+000	1.37099535e+003	0.00000000e+000	4.6235e+014	1.0000e-010	0.0000e+000
3.050000e+003	2.19565962e-001	-3.18043404e+000	1.36223577e+003	0.00000000e+000	4.5990e+014	1.0000e-010	0.0000e+000
3.060000e+003	2.19702186e-001	-3.18029781e+000	1.35352223e+003	0.00000000e+000	4.5748e+014	1.0000e-010	0.0000e+000
3.070000e+003	2.19837538e-001	-3.18016246e+000	1.34485420e+003	0.00000000e+000	4.5510e+014	1.0000e-010	0.0000e+000
3.080000e+003	2.19972024e-001	-3.18002798e+000	1.33623113e+003	0.00000000e+000	4.5273e+014	1.0000e-010	0.0000e+000
3.090000e+003	2.20105647e-001	-3.17989435e+000	1.32765253e+003	0.00000000e+000	4.5040e+014	1.0000e-010	0.0000e+000
3.100000e+003	2.20238412e-001	-3.17976159e+000	1.31911786e+003	0.00000000e+000	4.4809e+014	1.0000e-010	0.0000e+000
3.110000e+003	2.20370324e-001	-3.17962968e+000	1.31062664e+003	0.00000000e+000	4.4581e+014	1.0000e-010	0.0000e+000
3.120000e+003	2.20501386e-001	-3.17949861e+000	1.30217835e+003	0.00000000e+000	4.4356e+014	1.0000e-010	0.0000e+000
3.130000e+003	2.20631604e-001	-3.17936840e+000	1.29377251e+003	0.00000000e+000	4.4133e+014	1.0000e-010	0.0000e+000
3.140000e+003	2.20760982e-001	-3.17923902e+000	1.28540864e+003	0.00000000e+000	4.3913e+014	1.0000e-010	0.0000e+000
3.150000e+003	2.20889522e-001	-3.17911048e+000	1.27708624e+003	0.00000000e+000	4.3695e+014	1.0000e-010	0.0000e+000
3.160000e+003	2.21017231e-001	-3.17898277e+000	1.26880486e+003	0.00000000e+000	4.3479e+014	1.0000e-010	0.0000e+000
3.170000e+003	2.21144111e-001	-3.17885589e+000	1.26056402e+003	0.00000000e+000	4.3267e+014	1.0000e-010	0.0000e+000
3.180000e+003	2.21270168e-001	-3.17872983e+000	1.25236327e+003	0.00000000e+000	4.3056e+014	1.0000e-010	0.0000e+000
3.190000e+003	2.21395404e-001	-3.17860460e+000	1.24420215e+003	0.00000000e+000	4.2848e+014	1.0000e-010	0.0000e+000
3.200000e+003	2.21519824e-001	-3.17848018e+000	1.23608021e+003	0.00000000e+000	4.2642e+014	1.0000e-010	0.0000e+000
3.210000e+003	2.21643432e-001	-3.17835657e+000	1.22799702e+003	0.00000000e+000	4.2439e+014	1.0000e-010	0.0000e+000
3.220000e+003	2.21766232e-001	-3.17823377e+000	1.21995213e+003	0.00000000e+000	4.2238e+014	1.0000e-010	0.0000e+000
3.230000e+003	2.21888227e-001	-3.17811177e+000	1.21194511e+003	0.00000000e+000	4.2039e+014	1.0000e-010	0.0000e+000
3.240000e+003	2.22009422e-001	-3.17799058e+000	1.20397554e+003	0.00000000e+000	4.1842e+014	1.0000e-010	0.0000e+000
3.250000e+003	2.22129819e-001	-3.17787018e+000	1.19604301e+003	0.00000000e+000	4.1648e+014	1.0000e-010	0.0000e+000
3.260000e+003	2.22249424e-001	-3.17775058e+000	1.18814708e+003	0.00000000e+000	4.1456e+014	1.0000e-010	0.0000e+000
3.270000e+003	2.22368238e-001	-3.17763176e+000	1.18028737e+003	0.00000000e+000	4.1265e+014	1.0000e-010	0.0000e+000
3.280000e+003	2.22486267e-001	-3.17751373e+000	1.17246345e+003	0.00000000e+000	4.1078e+014	1.0000e-010	0.0000e+000
3.290000e+003	2.22603514e-001	-3.17739649e+000	1.16467494e+003	0.00000000e+000	4.0892e+014	1.0000e-010	0.0000e+000
3.300000e+003	2.22719981e-001	-3.17728002e+000	1.15692144e+003	0.00000000e+000	4.0708e+014	1.0000e-010	0.0000e+000
3.310000e+003	2.22835673e-001	-3.17716433e+000	1.14920256e+003	0.00000000e+000	4.0526e+014	1.0000e-010	0.0000e+000
3.320000e+003	2.22950593e-001	-3.17704941e+000	1.14151791e+003	0.00000000e+000	4.0346e+014	1.0000e-010	0.0000e+000
3.330000e+003	2.23064745e-001	-3.17693525e+000	1.13386713e+003	0.00000000e+000	4.0169e+014	1.0000e-010	0.0000e+000
3.340000e+003	2.23178132e-001	-3.17682187e+000	1.12624982e+003	0.00000000e+000	3.9993e+014	1.0000e-010	0.0000e+000
3.350000e+003	2.23290757e-001	-3.17670924e+000	1.11866563e+003	0.00000000e+000	3.9819e+014	1.0000e-010	0.0000e+000
3.360000e+003	2.23402623e-001	-3.17659738e+000	1.11111419e+003	0.00000000e+000	3.9647e+014	1.0000e-010	0.0000e+000
3.370000e+003	2.23513735e-001	-3.17648627e+000	1.10359513e+003	0.00000000e+000	3.9477e+014	1.0000e-010	0.0000e+000
3.380000e+003	2.23624094e-001	-3.17637591e+000	1.09610811e+003	0.00000000e+000	3.9309e+014	1.0000e-010	0.0000e+000
3.390000e+003	2.23733705e-001	-3.17626629e+000	1.08865276e+003	0.00000000e+000	3.9142e+014	1.0000e-010	0.0000e+000
3.400000e+003	2.23842570e-001	-3.17615743e+000	1.08122873e+003	0.00000000e+000	3.8978e+014	1.0000e-010	0.0000e+000
3.410000e+003	2.23950693e-001	-3.17604931e+000	1.07383570e+003	0.00000000e+000	3.8815e+014	1.0000e-010	0.0000e+000
3.420000e+003	2.24058077e-001	-3.17594192e+000	1.06647331e+003	0.00000000e+000	3.8654e+014	1.0000e-010	0.0000e+000
3.430000e+003	2.24164724e-001	-3.17583528e+000	1.05914123e+003	0.00000000e+000	3.8495e+014	1.0000e-010	0.0000e+000
3.440000e+003	2.24270638e-001	-3.17572936e+000	1.05183912e+003	0.00000000e+000	3.8338e+014	1.0000e-010	0.0000e+000
3.450000e+003	2.24375822e-001	-3.17562418e+000	1.04456667e+003	0.00000000e+000	3.8182e+014	1.0000e-010	0.0000e+000
3.460000e+003	2.24480279e-001	-3.17551972e+000	1.03732354e+003	0.00000000e+000	3.8028e+014	1.0000e-010	0.0000e+000
3.470000e+003	2.24584011e-001	-3.17541599e+000	1.03010942e+003	0.00000000e+000	3.7876e+014	1.0000e-010	0.0000e+000
3.480000e+003	2.24687022e-001	-3.17531298e+000	1.02292399e+003	0.00000000e+000	3.7725e+014	1.0000e-010	0.0000e+000
3.490000e+003	2.24789315e-001	-3.17521069e+000	1.01576693e+003	0.00000000e+000	3.7576e+014	1.0000e-010	0.0000e+000
3.500000e+003	2.24890891e-001	-3.17510911e+000	1.00863793e+003	0.00000000e+000	3.7429e+014	1.0000e-010	0.0000e+000
3.510000e+003	2.24991755e-001	-3.17500824e+000	1.00153670e+003	0.00000000e+000	3.7283e+014	1.0000e-010	0.0000e+000
3.520000e+003	2.25091909e-001	-3.17490809e+000	9.94462927e+002	0.00000000e+000	3.7139e+014	1.0000e-010	0.0000e+000
3.530000e+003	2.25191355e-001	-3.17480864e+000	9.87416312e+002	0.00000000e+000	3.6996e+014	1.0000e-010	0.0000e+000
3.540000e+003	2.25290097e-001	-3.17470990e+000	9.80396559e+002	0.00000000e+000	3.6855e+014	1.0000e-010	0.0000e+000
3.550000e+003	2.25388136e-001	-3.17461186e+000	9.73403377e+002	0.00000000e+000	3.6716e+014	1.0000e-010	0.0000e+000
3.560000e+003	2.25485477e-001	-3.17451452e+000	9.66436477e+002	0.00000000e+000	3.6578e+014	1.0000e-010	0.0000e+000
3.570000e+003	2.25582120e-001	-3.17441788e+000	9.59495573e+002	0.00000000e+000	3.6441e+014	1.0000e-010	0.0000e+000
3.580000e+003	2.25678070e-001	-3.17432193e+000	9.52580383e+002	0.00000000e+000	3.6306e+014	1.0000e-010	0.0000e+000
3.590000e+003	2.25773328e-001	-3.17422667e+000	9.45690626e+002	0.00000000e+000	3.6173e+014	1.0000e-010	0.0000e+000
3.600000e+003	2.25867897e-001	-3.17413210e+000	9.38826027e+002	0.00000000e+000	3.6041e+014	1.0000e-010	0.0000e+000
3.610000e+003	2.25961780e-001	-3.17403822e+000	9.31986312e+002	0.00000000e+000	3.5910e+014	1.0000e-010	0.0000e+000
3.620000e+003	2.26054978e-001	-3.17394502e+000	9.25171210e+002	0.00000000e+000	3.5781e+014	1.0000e-010	0.0000e+000
3.630000e+003	2.26147495e-001	-3.17385250e+000	9.18380454e+002	0.00000000e+000	3.5653e+014	1.0000e-010	0.0000e+000
3.640000e+003	2.26239333e-001	-3.17376067e+000	9.11613778e+002	0.00000000e+000	3.5527e+014	1.0000e-010	0.0000e+000
3.650000e+003	2.26330495e-001	-3.17366951e+000	9.04870922e+002	0.00000000e+000	3.5401e+014	1.0000e-010	0.0000e+000
3.660000e+003	2.26420982e-001	-3.17357902e+000	8.98151626e+002	0.00000000e+000	3.5278e+014	1.0000e-010	0.0000e+000
3.670000e+003	2.26510797e-001	-3.17348920e+000	8.91455634e+002	0.00000000e+000	3.5155e+014	1.0000e-010	0.0000e+000
3.680000e+003	2.26599943e-001	-3.17340006e+000	8.84782692e+002	0.00000000e+000	3.5034e+014	1.0000e-010	0.0000e+000
3.690000e+003	2.26688421e-001	-3.17331158e+000	8.78132549e+002	0.00000000e+000	3.4915e+014	1.0000e-010	0.0000e+000
3.700000e+003	2.26776234e-001	-3.17322377e+000	8.71504957e+002	0.00000000e+000	3.4796e+014	1.0000e-010	0.0000e+000
3.710000e+003	2.26863385e-001	-3.17313662e+000	8.64899669e+002	0.00000000e+000	3.4679e+014	1.0000e-010	0.0000e+000
3.720000e+003	2.26949875e-001	-3.17305013e+000	8.58316443e+002	0.00000000e+000	3.4563e+014	1.0000e-010	0.0000e+000
3.730000e+003	2.27035706e-001	-3.17296429e+000	8.51755038e+002	0.00000000e+000	3.4449e+014	1.0000e-010	0.0000e+000
3.740000e+003	2.27120882e-001	-3.17287912e+000	8.45215216e+002	0.00000000e+000	3.4335e+014	1.0000e-010	0.0000e+000
3.750000e+003	2.27205403e-001	-3.17279460e+000	8.38696740e+002	0.00000000e+000	3.4223e+014	1.0000e-010	0.0000e+000
3.760000e+003	2.27289273e-001	-3.17271073e+000	8.32199377e+002	0.00000000e+000	3.4113e+014	1.0000e-010	0.0000e+000
3.770000e+003	2.27372493e-001	-3.17262751e+000	8.25722896e+002	0.00000000e+000	3.4003e+014	1.0000e-010	0.0000e+000
3.780000e+003	2.27455065e-001	-3.17254493e+000	8.19267069e+002	0.00000000e+000	3.3894e+014	1.0000e-010	0.0000e+000
3.790000e+003	2.27536992e-001	-3.17246301e+000	8.12831667e+002	0.00000000e+000	3.3787e+014	1.0000e-010	0.0000e+000
3.800000e+003	2.27618275e-001	-3.17238172e+000	8.06416469e+002	0.00000000e+000	3.3681e+014	1.0000e-010	0.0000e+000
3.810000e+003	2.27698917e-001	-3.17230108e+000	8.00021250e+002	0.00000000e+000	3.3576e+014	1.0000e-010	0.0000e+000
3.820000e+003	2.27778919e-001	-3.17222108e+000	7.93645791e+002	0.00000000e+000	3.3473e+014	1.0000e-010	0.0000e+000
3.830000e+003	2.27858283e-001	-3.17214172e+000	7.87289875e+002	0.00000000e+000	3.3370e+014	1.0000e-010	0.0000e+000
3.840000e+003	2.27937012e-001	-3.17206299e+000	7.80953286e+002	0.00000000e+000	3.3268e+014	1.0000e-010	0.0000e+000
3.850000e+003	2.28015108e-001	-3.17198489e+000	7.74635810e+002	0.00000000e+000	3.3168e+014	1.0000e-010	0.0000e+000
3.860000e+003	2.28092571e-001	-3.17190743e+000	7.68337235e+002	0.00000000e+000	3.3069e+014	1.0000e-010	0.0000e+000
3.870000e+003	2.28169405e-001	-3.17183059e+000	7.62057352e+002	0.00000000e+000	3.2971e+014	1.0000e-010	0.0000e+000
3.880000e+003	2.28245611e-001	-3.17175439e+000	7.55795954e+002	0.00000000e+000	3.2874e+014	1.0000e-010	0.0000e+000
3.890000e+003	2.28321190e-001	-3.17167881e+000	7.49552834e+002	0.00000000e+000	3.2778e+014	1.0000e-010	0.0000e+000
3.900000e+003	2.28396146e-001	-3.17160385e+000	7.43327789e+002	0.00000000e+000	3.2683e+014	1.0000e-010	0.0000e+000
3.910000e+003	2.28470478e-001	-3.17152952e+000	7.37120618e+002	0.00000000e+000	3.2589e+014	1.0000e-010	0.0000e+000
3.920000e+003	2.28544191e-001	-3.17145581e+000	7.30931120e+002	0.00000000e+000	3.2496e+014	1.0000e-010	0.0000e+000
3.930000e+003	2.28617284e-001	-3.17138272e+000	7.24759097e+002	0.00000000e+000	3.2404e+014	1.0000e-010	0.0000e+000
3.940000e+003	2.28689760e-001	-3.17131024e+000	7.18604354e+002	0.00000000e+000	3.2314e+014	1.0000e-010	0.0000e+000
3.950000e+003	2.28761620e-001	-3.17123838e+000	7.12466695e+002	0.00000000e+000	3.2224e+014	1.0000e-010	0.0000e+000
3.960000e+003	2.28832867e-001	-3.17116713e+000	7.06345927e+002	0.00000000e+000	3.2135e+014	1.0000e-010	0.0000e+000
3.970000e+003	2.28903501e-001	-3.17109650e+000	7.00241861e+002	0.00000000e+000	3.2048e+014	1.0000e-010	0.0000e+000
3.980000e+003	2.28973525e-001	-3.17102647e+000	6.94154306e+002	0.00000000e+000	3.1961e+014	1.0000e-010	0.0000e+000
3.990000e+003	2.29042941e-001	-3.17095706e+000	6.88083074e+002	0.00000000e+000	3.1875e+014	1.0000e-010	0.0000e+000
4.000000e+003	2.29111749e-001	-3.17088825e+000	6.82027981e+002	0.00000000e+000	3.1790e+014	1.0000e-010	0.0000e+000
4.010000e+003	2.29179952e-001	-3.17082005e+000	6.75988841e+002	0.00000000e+000	3.1707e+014	1.0000e-010	0.0000e+000
4.020000e+003	2.29247551e-001	-3.17075245e+000	6.69965472e+002	0.00000000e+000	3.1624e+014	1.0000e-010	0.0000e+000
4.030000e+003	2.29314547e-001	-3.17068545e+000	6.63957692e+002	0.00000000e+000	3.1542e+014	1.0000e-010	0.0000e+000
4.040000e+003	2.29380943e-001	-3.17061906e+000	6.57965323e+002	0.00000000e+000	3.1461e+014	1.0000e-010	0.0000e+000
4.050000e+003	2.29446740e-001	-3.17055326e+000	6.51988185e+002	0.00000000e+000	3.1381e+014	1.0000e-010	0.0000e+000
4.060000e+003	2.29511938e-001	-3.17048806e+000	6.46026103e+002	0.00000000e+000	3.1302e+014	1.0000e-010	0.0000e+000
4.070000e+003	2.29576541e-001	-3.17042346e+000	6.40078901e+002	0.00000000e+000	3.1224e+014	1.0000e-010	0.0000e+000
4.080000e+003	2.29640549e-001	-3.17035945e+000	6.34146405e+002	0.00000000e+000	3.1147e+014	1.0000e-010	0.0000e+000
4.090000e+003	2.29703964e-001	-3.17029604e+000	6.28228445e+002	0.00000000e+000	3.1070e+014	1.0000e-010	0.0000e+000
4.100000e+003	2.29766786e-001	-3.17023321e+000	6.22324848e+002	0.00000000e+000	3.0995e+014	1.0000e-010	0.0000e+000
4.110000e+003	2.29829019e-001	-3.17017098e+000	6.16435445e+002	0.00000000e+000	3.0921e+014	1.0000e-010	0.0000e+000
4.120000e+003	2.29890663e-001	-3.17010934e+000	6.10560069e+002	0.00000000e+000	3.0847e+014	1.0000e-010	0.0000e+000
4.130000e+003	2.29951719e-001	-3.17004828e+000	6.04698553e+002	0.00000000e+000	3.0774e+014	1.0000e-010	0.0000e+000
4.140000e+003	2.30012188e-001	-3.16998781e+000	5.98850731e+002	0.00000000e+000	3.0702e+014	1.0000e-010	0.0000e+000
4.150000e+003	2.30072073e-001	-3.16992793e+000	5.93016439e+002	0.00000000e+000	3.0631e+014	1.0000e-010	0.0000e+000
4.160000e+003	2.30131375e-001	-3.16986862e+000	5.87195516e+002	0.00000000e+000	3.0561e+014	1.0000e-010	0.0000e+000
4.170000e+003	2.30190095e-001	-3.16980991e+000	5.81387799e+002	0.00000000e+000	3.0492e+014	1.0000e-010	0.0000e+000
4.180000e+003	2.30248233e-001	-3.16975177e+000	5.75593129e+002	0.00000000e+000	3.0423e+014	1.0000e-010	0.0000e+000
4.190000e+003	2.30305793e-001	-3.16969421e+000	5.69811346e+002	0.00000000e+000	3.0355e+014	1.0000e-010	0.0000e+000
4.200000e+003	2.30362774e-001	-3.16963723e+000	5.64042292e+002	0.00000000e+000	3.0289e+014	1.0000e-010	0.0000e+000
4.210000e+003	2.30419178e-001	-3.16958082e+000	5.58285812e+002	0.00000000e+000	3.0223e+014	1.0000e-010	0.0000e+000
4.220000e+003	2.30475007e-001	-3.16952499e+000	5.52541750e+002	0.00000000e+000	3.0157e+014	1.0000e-010	0.0000e+000
4.230000e+003	2.30530261e-001	-3.16946974e+000	5.46809952e+002	0.00000000e+000	3.0093e+014	1.0000e-010	0.0000e+000
4.240000e+003	2.30584942e-001	-3.16941506e+000	5.41090264e+002	0.00000000e+000	3.0029e+014	1.0000e-010	0.0000e+000
4.250000e+003	2.30639051e-001	-3.16936095e+000	5.35382536e+002	0.00000000e+000	2.9967e+014	1.0000e-010	0.0000e+000
4.260000e+003	2.30692589e-001	-3.16930741e+000	5.29686616e+002	0.00000000e+000	2.9905e+014	1.0000e-010	0.0000e+000
4.270000e+003	2.30745558e-001	-3.16925444e+000	5.24002354e+002	0.00000000e+000	2.9843e+014	1.0000e-010	0.0000e+000
4.280000e+003	2.30797958e-001	-3.16920204e+000	5.18329602e+002	0.00000000e+000	2.9783e+014	1.0000e-010	0.0000e+000
4.290000e+003	2.30849791e-001	-3.16915021e+000	5.12668213e+002	0.00000000e+000	2.9723e+014	1.0000e-010	0.0000e+000
4.300000e+003	2.30901058e-001	-3.16909894e+000	5.07018040e+002	0.00000000e+000	2.9664e+014	1.0000e-010	0.0000e+000
4.310000e+003	2.30951760e-001	-3.16904824e+000	5.01378937e+002	0.00000000e+000	2.9606e+014	1.0000e-010	0.0000e+000
4.320000e+003	2.31001898e-001	-3.16899810e+000	4.95750760e+002	0.00000000e+000	2.9549e+014	1.0000e-010	0.0000e+000
4.330000e+003	2.31051473e-001	-3.16894853e+000	4.90133365e+002	0.00000000e+000	2.9492e+014	1.0000e-010	0.0000e+000
4.340000e+003	2.31100486e-001	-3.16889951e+000	4.84526611e+002	0.00000000e+000	2.9437e+014	1.0000e-010	0.0000e+000
4.350000e+003	2.31148939e-001	-3.16885106e+000	4.78930355e+002	0.00000000e+000	2.9381e+014	1.0000e-010	0.0000e+000
4.360000e+003	2.31196832e-001	-3.16880317e+000	4.73344457e+002	0.00000000e+000	2.9327e+014	1.0000e-010	0.0000e+000
4.370000e+003	2.31244166e-001	-3.16875583e+000	4.67768778e+002	0.00000000e+000	2.9273e+014	1.0000e-010	0.0000e+000
4.380000e+003	2.31290943e-001	-3.16870906e+000	4.62203177e+002	0.00000000e+000	2.9220e+014	1.0000e-010	0.0000e+000
4.390000e+003	2.31337163e-001	-3.16866284e+000	4.56647519e+002	0.00000000e+000	2.9168e+014	1.0000e-010	0.0000e+000
4.400000e+003	2.31382828e-001	-3.16861717e+000	4.51101666e+002	0.00000000e+000	2.9117e+014	1.0000e-010	0.0000e+000
4.410000e+003	2.31427938e-001	-3.16857206e+000	4.45565481e+002	0.00000000e+000	2.9066e+014	1.0000e-010	0.0000e+000
4.420000e+003	2.31472495e-001	-3.16852751e+000	4.40038830e+002	0.00000000e+000	2.9016e+014	1.0000e-010	0.0000e+000
4.430000e+003	2.31516499e-001	-3.16848350e+000	4.34521578e+002	0.00000000e+000	2.8967e+014	1.0000e-010	0.0000e+000
4.440000e+003	2.31559951e-001	-3.16844005e+000	4.29013591e+002	0.00000000e+000	2.8918e+014	1.0000e-010	0.0000e+000
4.450000e+003	2.31602852e-001	-3.16839715e+000	4.23514738e+002	0.00000000e+000	2.8870e+014	1.0000e-010	0.0000e+000
4.460000e+003	2.31645204e-001	-3.16835480e+000	4.18024885e+002	0.00000000e+000	2.8823e+014	1.0000e-010	0.0000e+000
4.470000e+003	2.31687006e-001	-3.16831299e+000	4.12543903e+002	0.00000000e+000	2.8776e+014	1.0000e-010	0.0000e+000
4.480000e+003	2.31728260e-001	-3.16827174e+000	4.07071660e+002	0.00000000e+000	2.8730e+014	1.0000e-010	0.0000e+000
4.490000e+003	2.31768968e-001	-3.16823103e+000	4.01608027e+002	0.00000000e+000	2.8685e+014	1.0000e-010	0.0000e+000
4.500000e+003	2.31809128e-001	-3.16819087e+000	3.96152875e+002	0.00000000e+000	2.8641e+014	1.0000e-010	0.0000e+000
4.510000e+003	2.31848744e-001	-3.16815126e+000	3.90706076e+002	0.00000000e+000	2.8597e+014	1.0000e-010	0.0000e+000
4.520000e+003	2.31887814e-001	-3.16811219e+000	3.85267502e+002	0.00000000e+000	2.8554e+014	1.0000e-010	0.0000e+000
4.530000e+003	2.31926341e-001	-3.16807366e+000	3.79837028e+002	0.00000000e+000	2.8511e+014	1.0000e-010	0.0000e+000
4.540000e+003	2.31964325e-001	-3.16803568e+000	3.74414527e+002	0.00000000e+000	2.8469e+014	1.0000e-010	0.0000e+000
4.550000e+003	2.32001766e-001	-3.16799823e+000	3.68999873e+002	0.00000000e+000	2.8428e+014	1.0000e-010	0.0000e+000
4.560000e+003	2.32038666e-001	-3.16796133e+000	3.63592942e+002	0.00000000e+000	2.8387e+014	1.0000e-010	0.0000e+000
4.570000e+003	2.32075026e-001	-3.16792497e+000	3.58193611e+002	0.00000000e+000	2.8347e+014	1.0000e-010	0.0000e+000
4.580000e+003	2.32110845e-001	-3.16788916e+000	3.52801756e+002	0.00000000e+000	2.8308e+014	1.0000e-010	0.0000e+000
4.590000e+003	2.32146125e-001	-3.16785387e+000	3.47417253e+002	0.00000000e+000	2.8270e+014	1.0000e-010	0.0000e+000
4.600000e+003	2.32180867e-001	-3.16781913e+000	3.42039982e+002	0.00000000e+000	2.8232e+014	1.0000e-010	0.0000e+000
4.610000e+003	2.32215071e-001	-3.16778493e+000	3.36669821e+002	0.00000000e+000	2.8194e+014	1.0000e-010	0.0000e+000
4.620000e+003	2.32248738e-001	-3.16775126e+000	3.31306649e+002	0.00000000e+000	2.8158e+014	1.0000e-010	0.0000e+000
4.630000e+003	2.32281868e-001	-3.16771813e+000	3.25950345e+002	0.00000000e+000	2.8122e+014	1.0000e-010	0.0000e+000
4.640000e+003	2.32314463e-001	-3.16768554e+000	3.20600791e+002	0.00000000e+000	2.8086e+014	1.0000e-010	0.0000e+000
4.650000e+003	2.32346524e-001	-3.16765348e+000	3.15257867e+002	0.00000000e+000	2.8051e+014	1.0000e-010	0.0000e+000
4.660000e+003	2.32378049e-001	-3.16762195e+000	3.09921454e+002	0.00000000e+000	2.8017e+014	1.0000e-010	0.0000e+000
4.670000e+003	2.32409041e-001	-3.16759096e+000	3.04591435e+002	0.00000000e+000	2.7984e+014	1.0000e-010	0.0000e+000
4.680000e+003	2.32439501e-001	-3.16756050e+000	2.99267693e+002	0.00000000e+000	2.7951e+014	1.0000e-010	0.0000e+000
4.690000e+003	2.32469427e-001	-3.16753057e+000	2.93950109e+002	0.00000000e+000	2.7918e+014	1.0000e-010	0.0000e+000
4.700000e+003	2.32498822e-001	-3.16750118e+000	2.88638569e+002	0.00000000e+000	2.7887e+014	1.0000e-010	0.0000e+000
4.710000e+003	2.32527686e-001	-3.16747231e+000	2.83332955e+002	0.00000000e+000	2.7855e+014	1.0000e-010	0.0000e+000
4.720000e+003	2.32556020e-001	-3.16744398e+000	2.78033153e+002	0.00000000e+000	2.7825e+014	1.0000e-010	0.0000e+000
4.730000e+003	2.32583823e-001	-3.16741618e+000	2.72739048e+002	0.00000000e+000	2.7795e+014	1.0000e-010	0.0000e+000
4.740000e+003	2.32611097e-001	-3.16738890e+000	2.67450525e+002	0.00000000e+000	2.7766e+014	1.0000e-010	0.0000e+000
4.750000e+003	2.32637842e-001	-3.16736216e+000	2.62167471e+002	0.00000000e+000	2.7737e+014	1.0000e-010	0.0000e+000
4.760000e+003	2.32664059e-001	-3.16733594e+000	2.56889771e+002	0.00000000e+000	2.7709e+014	1.0000e-010	0.0000e+000
4.770000e+003	2.32689748e-001	-3.16731025e+000	2.51617314e+002	0.00000000e+000	2.7681e+014	1.0000e-010	0.0000e+000
4.780000e+003	2.32714909e-001	-3.16728509e+000	2.46349985e+002	0.00000000e+000	2.7654e+014	1.0000e-010	0.0000e+000
4.790000e+003	2.32739544e-001	-3.16726046e+000	2.41087674e+002	0.00000000e+000	2.7628e+014	1.0000e-010	0.0000e+000
4.800000e+003	2.32763653e-001	-3.16723635e+000	2.35830268e+002	0.00000000e+000	2.7602e+014	1.0000e-010	0.0000e+000
4.810000e+003	2.32787236e-001	-3.16721276e+000	2.30577655e+002	0.00000000e+000	2.7577e+014	1.0000e-010	0.0000e+000
4.820000e+003	2.32810294e-001	-3.16718971e+000	2.25329725e+002	0.00000000e+000	2.7553e+014	1.0000e-010	0.0000e+000
4.830000e+003	2.32832827e-001	-3.16716717e+000	2.20086368e+002	0.00000000e+000	2.7529e+014	1.0000e-010	0.0000e+000
4.840000e+003	2.32854835e-001	-3.16714516e+000	2.14847472e+002	0.00000000e+000	2.7505e+014	1.0000e-010	0.0000e+000
4.850000e+003	2.32876320e-001	-3.16712368e+000	2.09612929e+002	0.00000000e+000	2.7482e+014	1.0000e-010	0.0000e+000
4.860000e+003	2.32897281e-001	-3.16710272e+000	2.04382628e+002	0.00000000e+000	2.7460e+014	1.0000e-010	0.0000e+000
4.870000e+003	2.32917720e-001	-3.16708228e+000	1.99156460e+002	0.00000000e+000	2.7438e+014	1.0000e-010	0.0000e+000
4.880000e+003	2.32937635e-001	-3.16706236e+000	1.93934317e+002	0.00000000e+000	2.7417e+014	1.0000e-010	0.0000e+000
4.890000e+003	2.32957029e-001	-3.16704297e+000	1.88716090e+002	0.00000000e+000	2.7397e+014	1.0000e-010	0.0000e+000
4.900000e+003	2.32975900e-001	-3.16702410e+000	1.83501671e+002	0.00000000e+000	2.7377e+014	1.0000e-010	0.0000e+000
4.910000e+003	2.32994251e-001	-3.16700575e+000	1.78290951e+002	0.00000000e+000	2.7357e+014	1.0000e-010	0.0000e+000
4.920000e+003	2.33012080e-001	-3.16698792e+000	1.73083825e+002	0.00000000e+000	2.7338e+014	1.0000e-010	0.0000e+000
4.930000e+003	2.33029388e-001	-3.16697061e+000	1.67880183e+002	0.00000000e+000	2.7320e+014	1.0000e-010	0.0000e+000
4.940000e+003	2.33046176e-001	-3.16695382e+000	1.62679919e+002	0.00000000e+000	2.7302e+014	1.0000e-010	0.0000e+000
4.950000e+003	2.33062444e-001	-3.16693756e+000	1.57482927e+002	0.00000000e+000	2.7285e+014	1.0000e-010	0.0000e+000
4.960000e+003	2.33078192e-001	-3.16692181e+000	1.52289099e+002	0.00000000e+000	2.7269e+014	1.0000e-010	0.0000e+000
4.970000e+003	2.33093421e-001	-3.16690658e+000	1.47098331e+002	0.00000000e+000	2.7252e+014	1.0000e-010	0.0000e+000
4.980000e+003	2.33108131e-001	-3.16689187e+000	1.41910515e+002	0.00000000e+000	2.7237e+014	1.0000e-010	0.0000e+000
4.990000e+003	2.33122322e-001	-3.16687768e+000	1.36725546e+002	0.00000000e+000	2.7222e+014	1.0000e-010	0.0000e+000
5.000000e+003	2.33135995e-001	-3.16686401e+000	1.31543318e+002	0.00000000e+000	2.7208e+014	1.0000e-010	0.0000e+000
5.010000e+003	2.33149149e-001	-3.16685085e+000	1.26363727e+002	0.00000000e+000	2.7194e+014	1.0000e-010	0.0000e+000
5.020000e+003	2.33161785e-001	-3.16683821e+000	1.21186667e+002	0.00000000e+000	2.7180e+014	1.0000e-010	0.0000e+000
5.030000e+003	2.33173904e-001	-3.16682610e+000	1.16012033e+002	0.00000000e+000	2.7168e+014	1.0000e-010	0.0000e+000
5.040000e+003	2.33185505e-001	-3.16681449e+000	1.10839721e+002	0.00000000e+000	2.7156e+014	1.0000e-010	0.0000e+000
5.050000e+003	2.33196589e-001	-3.16680341e+000	1.05669626e+002	0.00000000e+000	2.7144e+014	1.0000e-010	0.0000e+000
5.060000e+003	2.33207156e-001	-3.16679284e+000	1.00501643e+002	0.00000000e+000	2.7133e+014	1.0000e-010	0.0000e+000
5.070000e+003	2.33217206e-001	-3.16678279e+000	9.53356698e+001	0.00000000e+000	2.7122e+014	1.0000e-010	0.0000e+000
5.080000e+003	2.33226740e-001	-3.16677326e+000	9.01716010e+001	0.00000000e+000	2.7112e+014	1.0000e-010	0.0000e+000
5.090000e+003	2.33235757e-001	-3.16676424e+000	8.50093331e+001	0.00000000e+000	2.7103e+014	1.0000e-010	0.0000e+000
5.100000e+003	2.33244258e-001	-3.16675574e+000	7.98487624e+001	0.00000000e+000	2.7094e+014	1.0000e-010	0.0000e+000
5.110000e+003	2.33252243e-001	-3.16674776e+000	7.46897854e+001	0.00000000e+000	2.7086e+014	1.0000e-010	0.0000e+000
5.120000e+003	2.33259712e-001	-3.16674029e+000	6.95322987e+001	0.00000000e+000	2.7078e+014	1.0000e-010	0.0000e+000
5.130000e+003	2.33266665e-001	-3.16673333e+000	6.43761990e+001	0.00000000e+000	2.7070e+014	1.0000e-010	0.0000e+000
5.140000e+003	2.33273103e-001	-3.16672690e+000	5.92213831e+001	0.00000000e+000	2.7064e+014	1.0000e-010	0.0000e+000
5.150000e+003	2.33279025e-001	-3.16672098e+000	5.40677479e+001	0.00000000e+000	2.7057e+014	1.0000e-010	0.0000e+000
5.160000e+003	2.33284432e-001	-3.16671557e+000	4.89151904e+001	0.00000000e+000	2.7052e+014	1.0000e-010	0.0000e+000
5.170000e+003	2.33289323e-001	-3.16671068e+000	4.37636078e+001	0.00000000e+000	2.7047e+014	1.0000e-010	0.0000e+000
5.180000e+003	2.33293700e-001	-3.16670630e+000	3.86128972e+001	0.00000000e+000	2.7042e+014	1.0000e-010	0.0000e+000
5.190000e+003	2.33297561e-001	-3.16670244e+000	3.34629559e+001	0.00000000e+000	2.7038e+014	1.0000e-010	0.0000e+000
5.200000e+003	2.33300907e-001	-3.16669909e+000	2.83136811e+001	0.00000000e+000	2.7035e+014	1.0000e-010	0.0000e+000
5.210000e+003	2.33303739e-001	-3.16669626e+000	2.31649702e+001	0.00000000e+000	2.7032e+014	1.0000e-010	0.0000e+000
5.220000e+003	2.33306055e-001	-3.16669394e+000	1.80167207e+001	0.00000000e+000	2.7029e+014	1.0000e-010	0.0000e+000
5.230000e+003	2.33307857e-001	-3.16669214e+000	1.28688300e+001	0.00000000e+000	2.7027e+014	1.0000e-010	0.0000e+000
5.240000e+003	2.33309144e-001	-3.16669086e+000	7.72119549e+000	0.00000000e+000	2.7026e+014	1.0000e-010	0.0000e+000
5.250000e+003	2.33309916e-001	-3.16669008e+000	2.57371475e+000	0.00000000e+000	2.7025e+014	1.0000e-010	0.0000e+000
5.260000e+003	2.33310173e-001	-3.16668983e+000	2.57371475e+000	0.00000000e+000	2.7025e+014	1.0000e-010	0.0000e+000
