Y (ang)	Ec (eV)	Ev (eV)	E (V/cm)	Ef (eV)	n (cm-3)	p (cm-3)	Nd - Na (cm-3)
0.000000e+000	-6.40000000e+000	-9.80000000e+000	3.74673904e+007	-7.00000000e+000	1.8691e+008	1.0000e-010	0.0000e+000
1.000000e+001	-2.09326096e+000	-6.19326096e+000	1.16966153e+007	0.00000000e+000	1.2306e+021	1.0000e-010	-1.3848e+020
2.000000e+001	-9.23599426e-001	-5.02359943e+000	4.63505001e+006	0.00000000e+000	3.6098e+020	1.0000e-010	0.0000e+000
3.000000e+001	-4.60094425e-001	-4.56009442e+000	2.14457224e+006	0.00000000e+000	1.2731e+020	1.0000e-010	0.0000e+000
4.000000e+001	-2.45637200e-001	-4.34563720e+000	1.16308747e+006	0.00000000e+000	5.0172e+019	1.0000e-010	0.0000e+000
5.000000e+001	-1.29328453e-001	-4.22932845e+000	7.77805051e+005	0.00000000e+000	1.9695e+019	1.0000e-010	0.0000e+000
6.000000e+001	-5.15479481e-002	-4.15154795e+000	6.54983759e+005	0.00000000e+000	6.2784e+018	1.0000e-010	0.0000e+000
7.000000e+001	1.39504278e-002	-4.08604957e+000	6.33424005e+005	0.00000000e+000	1.1021e+018	1.0000e-010	0.0000e+000
8.000000e+001	7.72928283e-002	-4.02270717e+000	6.31253129e+005	0.00000000e+000	1.1097e+017	1.0000e-010	0.0000e+000
9.000000e+001	1.40418141e-001	-3.95958186e+000	6.31060957e+005	0.00000000e+000	9.8236e+015	1.0000e-010	0.0000e+000
1.000000e+002	-3.56475763e-001	-3.75647576e+000	1.59394913e+006	0.00000000e+000	8.7060e+019	1.0000e-010	1.3848e+020
1.100000e+002	-1.74680850e-001	-3.60268085e+000	9.13772745e+005	0.00000000e+000	3.0505e+019	1.0000e-010	-5.2547e+018
1.200000e+002	-6.09035753e-002	-3.51690358e+000	6.70686063e+005	0.00000000e+000	7.5073e+018	1.0000e-010	-5.2784e+018
1.300000e+002	2.85650309e-002	-3.45543497e+000	5.57282348e+005	0.00000000e+000	6.6983e+017	1.0000e-010	-5.3022e+018
1.400000e+002	1.06693266e-001	-3.40530673e+000	4.55305080e+005	0.00000000e+000	3.6209e+016	1.0000e-010	-5.3259e+018
1.500000e+002	1.74623774e-001	-3.36537623e+000	3.53301092e+005	0.00000000e+000	2.6160e+015	1.0000e-010	-5.3496e+018
1.600000e+002	2.32353883e-001	-3.33564612e+000	2.50671128e+005	0.00000000e+000	2.8042e+014	1.0000e-010	-5.3733e+018
1.700000e+002	2.79820996e-001	-3.31617900e+000	1.47372903e+005	0.00000000e+000	4.4710e+013	1.0000e-010	-5.3970e+018
1.800000e+002	3.16958286e-001	-3.30704171e+000	4.34004156e+004	0.00000000e+000	1.0630e+013	1.0000e-010	-5.4207e+018
1.900000e+002	3.43698328e-001	-3.30830167e+000	-6.12490082e+004	0.00000000e+000	3.7784e+012	1.0000e-010	-5.4445e+018
2.000000e+002	3.59973427e-001	-3.32002657e+000	-1.66577626e+005	0.00000000e+000	2.0133e+012	1.0000e-010	-5.4682e+018
2.100000e+002	3.65715664e-001	-3.34228434e+000	-2.72587635e+005	0.00000000e+000	1.6123e+012	1.0000e-010	-5.4919e+018
2.200000e+002	3.60856901e-001	-3.37514310e+000	-3.79281228e+005	0.00000000e+000	1.9456e+012	1.0000e-010	-5.5156e+018
2.300000e+002	3.45328778e-001	-3.41867122e+000	-4.86660618e+005	0.00000000e+000	3.5475e+012	1.0000e-010	-5.5393e+018
2.400000e+002	3.19062716e-001	-3.47293728e+000	-5.94728094e+005	0.00000000e+000	9.7988e+012	1.0000e-010	-5.5630e+018
2.500000e+002	2.81989907e-001	-3.53801009e+000	-7.03486347e+005	0.00000000e+000	4.1112e+013	1.0000e-010	-5.5868e+018
2.600000e+002	-1.24358728e-001	-3.52435873e+000	5.01443815e+005	0.00000000e+000	1.8635e+019	1.0000e-010	8.1311e+019
2.700000e+002	-7.42143466e-002	-3.47421435e+000	3.21429836e+005	0.00000000e+000	9.4508e+018	1.0000e-010	0.0000e+000
2.800000e+002	-4.20713630e-002	-3.44207136e+000	2.23237708e+005	0.00000000e+000	5.1551e+018	1.0000e-010	0.0000e+000
2.900000e+002	-1.97475922e-002	-3.41974759e+000	1.65794132e+005	0.00000000e+000	3.0158e+018	1.0000e-010	0.0000e+000
3.000000e+002	-3.16817901e-003	-3.40316818e+000	1.29786685e+005	0.00000000e+000	1.8904e+018	1.0000e-010	0.0000e+000
3.100000e+002	9.81048952e-003	-3.39018951e+000	1.05753375e+005	0.00000000e+000	1.2618e+018	1.0000e-010	0.0000e+000
3.200000e+002	2.03858270e-002	-3.37961417e+000	8.88327917e+004	0.00000000e+000	8.8833e+017	1.0000e-010	0.0000e+000
3.300000e+002	2.92691062e-002	-3.37073089e+000	7.63853781e+004	0.00000000e+000	6.5349e+017	1.0000e-010	0.0000e+000
3.400000e+002	3.69076440e-002	-3.36309236e+000	6.68953005e+004	0.00000000e+000	4.9823e+017	1.0000e-010	0.0000e+000
3.500000e+002	4.35971740e-002	-3.35640283e+000	5.94455103e+004	0.00000000e+000	3.9112e+017	1.0000e-010	0.0000e+000
3.600000e+002	4.95417251e-002	-3.35045827e+000	5.34549435e+004	0.00000000e+000	3.1451e+017	1.0000e-010	0.0000e+000
3.700000e+002	5.48872194e-002	-3.34511278e+000	4.85402916e+004	0.00000000e+000	2.5802e+017	1.0000e-010	0.0000e+000
3.800000e+002	5.97412486e-002	-3.34025875e+000	4.44397330e+004	0.00000000e+000	2.1528e+017	1.0000e-010	0.0000e+000
3.900000e+002	6.41852219e-002	-3.33581478e+000	4.09689569e+004	0.00000000e+000	1.8222e+017	1.0000e-010	0.0000e+000
4.000000e+002	6.82821176e-002	-3.33171788e+000	3.79947767e+004	0.00000000e+000	1.5614e+017	1.0000e-010	0.0000e+000
4.100000e+002	7.20815952e-002	-3.32791840e+000	3.54187266e+004	0.00000000e+000	1.3524e+017	1.0000e-010	0.0000e+000
4.200000e+002	7.56234679e-002	-3.32437653e+000	3.31665376e+004	0.00000000e+000	1.1824e+017	1.0000e-010	0.0000e+000
4.300000e+002	7.89401216e-002	-3.32105988e+000	3.11811918e+004	0.00000000e+000	1.0423e+017	1.0000e-010	0.0000e+000
4.400000e+002	8.20582408e-002	-3.31794176e+000	2.94182230e+004	0.00000000e+000	9.2556e+016	1.0000e-010	0.0000e+000
4.500000e+002	8.50000631e-002	-3.31499994e+000	2.78424642e+004	0.00000000e+000	8.2728e+016	1.0000e-010	0.0000e+000
4.600000e+002	8.77843095e-002	-3.31221569e+000	2.64257513e+004	0.00000000e+000	7.4378e+016	1.0000e-010	0.0000e+000
4.700000e+002	9.04268847e-002	-3.30957312e+000	2.51452712e+004	0.00000000e+000	6.7225e+016	1.0000e-010	0.0000e+000
4.800000e+002	9.29414118e-002	-3.30705859e+000	2.39823546e+004	0.00000000e+000	6.1053e+016	1.0000e-010	0.0000e+000
4.900000e+002	9.53396472e-002	-3.30466035e+000	2.29215800e+004	0.00000000e+000	5.5691e+016	1.0000e-010	0.0000e+000
5.000000e+002	9.76318052e-002	-3.30236819e+000	2.19500998e+004	0.00000000e+000	5.1003e+016	1.0000e-010	0.0000e+000
5.100000e+002	9.98268152e-002	-3.30017318e+000	2.10571264e+004	0.00000000e+000	4.6881e+016	1.0000e-010	0.0000e+000
5.200000e+002	1.01932528e-001	-3.29806747e+000	2.02335370e+004	0.00000000e+000	4.3239e+016	1.0000e-010	0.0000e+000
5.300000e+002	1.03955882e-001	-3.29604412e+000	1.94667978e+004	0.00000000e+000	4.0254e+016	1.0000e-010	0.0000e+000
5.400000e+002	1.05902561e-001	-3.29409744e+000	1.87556745e+004	0.00000000e+000	3.7334e+016	1.0000e-010	0.0000e+000
5.500000e+002	1.07778129e-001	-3.29222187e+000	1.80943163e+004	0.00000000e+000	3.4721e+016	1.0000e-010	0.0000e+000
5.600000e+002	1.09587560e-001	-3.29041244e+000	1.74776651e+004	0.00000000e+000	3.2374e+016	1.0000e-010	0.0000e+000
5.700000e+002	1.11335327e-001	-3.28866467e+000	1.69013255e+004	0.00000000e+000	3.0258e+016	1.0000e-010	0.0000e+000
5.800000e+002	1.13025459e-001	-3.28697454e+000	1.63614602e+004	0.00000000e+000	2.8343e+016	1.0000e-010	0.0000e+000
5.900000e+002	1.14661605e-001	-3.28533839e+000	1.58547037e+004	0.00000000e+000	2.6605e+016	1.0000e-010	0.0000e+000
6.000000e+002	1.16247076e-001	-3.28375292e+000	1.53780921e+004	0.00000000e+000	2.5022e+016	1.0000e-010	0.0000e+000
6.100000e+002	1.17784885e-001	-3.28221511e+000	1.49290050e+004	0.00000000e+000	2.3577e+016	1.0000e-010	0.0000e+000
6.200000e+002	1.19277786e-001	-3.28072221e+000	1.45051172e+004	0.00000000e+000	2.2254e+016	1.0000e-010	0.0000e+000
6.300000e+002	1.20728297e-001	-3.27927170e+000	1.41043581e+004	0.00000000e+000	2.1040e+016	1.0000e-010	0.0000e+000
6.400000e+002	1.22138733e-001	-3.27786127e+000	1.37248779e+004	0.00000000e+000	1.9923e+016	1.0000e-010	0.0000e+000
6.500000e+002	1.23511221e-001	-3.27648878e+000	1.33650189e+004	0.00000000e+000	1.8893e+016	1.0000e-010	0.0000e+000
6.600000e+002	1.24847723e-001	-3.27515228e+000	1.30232913e+004	0.00000000e+000	1.7941e+016	1.0000e-010	0.0000e+000
6.700000e+002	1.26150052e-001	-3.27384995e+000	1.26983523e+004	0.00000000e+000	1.7059e+016	1.0000e-010	0.0000e+000
6.800000e+002	1.27419887e-001	-3.27258011e+000	1.23889884e+004	0.00000000e+000	1.6242e+016	1.0000e-010	0.0000e+000
6.900000e+002	1.28658786e-001	-3.27134121e+000	1.20941005e+004	0.00000000e+000	1.5482e+016	1.0000e-010	0.0000e+000
7.000000e+002	1.29868196e-001	-3.27013180e+000	1.18126903e+004	0.00000000e+000	1.4774e+016	1.0000e-010	0.0000e+000
7.100000e+002	1.31049465e-001	-3.26895053e+000	1.15438494e+004	0.00000000e+000	1.4114e+016	1.0000e-010	0.0000e+000
7.200000e+002	1.32203850e-001	-3.26779615e+000	1.12867491e+004	0.00000000e+000	1.3498e+016	1.0000e-010	0.0000e+000
7.300000e+002	1.33332525e-001	-3.26666748e+000	1.10406321e+004	0.00000000e+000	1.2921e+016	1.0000e-010	0.0000e+000
7.400000e+002	1.34436588e-001	-3.26556341e+000	1.08048048e+004	0.00000000e+000	1.2381e+016	1.0000e-010	0.0000e+000
7.500000e+002	1.35517069e-001	-3.26448293e+000	1.05786307e+004	0.00000000e+000	1.1874e+016	1.0000e-010	0.0000e+000
7.600000e+002	1.36574932e-001	-3.26342507e+000	1.03615248e+004	0.00000000e+000	1.1398e+016	1.0000e-010	0.0000e+000
7.700000e+002	1.37611084e-001	-3.26238892e+000	1.01529485e+004	0.00000000e+000	1.0950e+016	1.0000e-010	0.0000e+000
7.800000e+002	1.38626379e-001	-3.26137362e+000	9.95240495e+003	0.00000000e+000	1.0529e+016	1.0000e-010	0.0000e+000
7.900000e+002	1.39621619e-001	-3.26037838e+000	9.75943511e+003	0.00000000e+000	1.0131e+016	1.0000e-010	0.0000e+000
8.000000e+002	1.40597563e-001	-3.25940244e+000	9.57361432e+003	0.00000000e+000	9.7556e+015	1.0000e-010	0.0000e+000
8.100000e+002	1.41554924e-001	-3.25844508e+000	9.39454907e+003	0.00000000e+000	9.4010e+015	1.0000e-010	0.0000e+000
8.200000e+002	1.42494379e-001	-3.25750562e+000	9.22187418e+003	0.00000000e+000	9.0655e+015	1.0000e-010	0.0000e+000
8.300000e+002	1.43416567e-001	-3.25658343e+000	9.05525036e+003	0.00000000e+000	8.7478e+015	1.0000e-010	0.0000e+000
8.400000e+002	1.44322092e-001	-3.25567791e+000	8.89436188e+003	0.00000000e+000	8.4467e+015	1.0000e-010	0.0000e+000
8.500000e+002	1.45211528e-001	-3.25478847e+000	8.73891462e+003	0.00000000e+000	8.1610e+015	1.0000e-010	0.0000e+000
8.600000e+002	1.46085419e-001	-3.25391458e+000	8.58863422e+003	0.00000000e+000	7.8897e+015	1.0000e-010	0.0000e+000
8.700000e+002	1.46944283e-001	-3.25305572e+000	8.44326447e+003	0.00000000e+000	7.6319e+015	1.0000e-010	0.0000e+000
8.800000e+002	1.47788609e-001	-3.25221139e+000	8.30256580e+003	0.00000000e+000	7.3867e+015	1.0000e-010	0.0000e+000
8.900000e+002	1.48618866e-001	-3.25138113e+000	8.16631399e+003	0.00000000e+000	7.1532e+015	1.0000e-010	0.0000e+000
9.000000e+002	1.49435497e-001	-3.25056450e+000	8.03429893e+003	0.00000000e+000	6.9308e+015	1.0000e-010	0.0000e+000
9.100000e+002	1.50238927e-001	-3.24976107e+000	7.90632354e+003	0.00000000e+000	6.7187e+015	1.0000e-010	0.0000e+000
9.200000e+002	1.51029560e-001	-3.24897044e+000	7.78220279e+003	0.00000000e+000	6.5164e+015	1.0000e-010	0.0000e+000
9.300000e+002	1.51807780e-001	-3.24819222e+000	7.66176276e+003	0.00000000e+000	6.3231e+015	1.0000e-010	0.0000e+000
9.400000e+002	1.52573956e-001	-3.24742604e+000	7.54483983e+003	0.00000000e+000	6.1385e+015	1.0000e-010	0.0000e+000
9.500000e+002	1.53328440e-001	-3.24667156e+000	7.43127996e+003	0.00000000e+000	5.9619e+015	1.0000e-010	0.0000e+000
9.600000e+002	1.54071568e-001	-3.24592843e+000	7.32093795e+003	0.00000000e+000	5.7930e+015	1.0000e-010	0.0000e+000
9.700000e+002	1.54803662e-001	-3.24519634e+000	7.21367685e+003	0.00000000e+000	5.6312e+015	1.0000e-010	0.0000e+000
9.800000e+002	1.55525030e-001	-3.24447497e+000	7.10936737e+003	0.00000000e+000	5.4763e+015	1.0000e-010	0.0000e+000
9.900000e+002	1.56235966e-001	-3.24376403e+000	7.00788734e+003	0.00000000e+000	5.3277e+015	1.0000e-010	0.0000e+000
1.000000e+003	1.56936755e-001	-3.24306324e+000	6.90912125e+003	0.00000000e+000	5.1852e+015	1.0000e-010	0.0000e+000
1.010000e+003	1.57627667e-001	-3.24237233e+000	6.81295979e+003	0.00000000e+000	5.0485e+015	1.0000e-010	0.0000e+000
1.020000e+003	1.58308963e-001	-3.24169104e+000	6.71929945e+003	0.00000000e+000	4.9172e+015	1.0000e-010	0.0000e+000
1.030000e+003	1.58980893e-001	-3.24101911e+000	6.62804210e+003	0.00000000e+000	4.7910e+015	1.0000e-010	0.0000e+000
1.040000e+003	1.59643697e-001	-3.24035630e+000	6.53909472e+003	0.00000000e+000	4.6698e+015	1.0000e-010	0.0000e+000
1.050000e+003	1.60297607e-001	-3.23970239e+000	6.45236898e+003	0.00000000e+000	4.5531e+015	1.0000e-010	0.0000e+000
1.060000e+003	1.60942844e-001	-3.23905716e+000	6.36778103e+003	0.00000000e+000	4.4409e+015	1.0000e-010	0.0000e+000
1.070000e+003	1.61579622e-001	-3.23842038e+000	6.28525117e+003	0.00000000e+000	4.3328e+015	1.0000e-010	0.0000e+000
1.080000e+003	1.62208147e-001	-3.23779185e+000	6.20470362e+003	0.00000000e+000	4.2288e+015	1.0000e-010	0.0000e+000
1.090000e+003	1.62828617e-001	-3.23717138e+000	6.12606627e+003	0.00000000e+000	4.1285e+015	1.0000e-010	0.0000e+000
1.100000e+003	1.63441224e-001	-3.23655878e+000	6.04927046e+003	0.00000000e+000	4.0318e+015	1.0000e-010	0.0000e+000
1.110000e+003	1.64046151e-001	-3.23595385e+000	5.97425078e+003	0.00000000e+000	3.9385e+015	1.0000e-010	0.0000e+000
1.120000e+003	1.64643576e-001	-3.23535642e+000	5.90094488e+003	0.00000000e+000	3.8486e+015	1.0000e-010	0.0000e+000
1.130000e+003	1.65233670e-001	-3.23476633e+000	5.82929331e+003	0.00000000e+000	3.7617e+015	1.0000e-010	0.0000e+000
1.140000e+003	1.65816600e-001	-3.23418340e+000	5.75923930e+003	0.00000000e+000	3.6778e+015	1.0000e-010	0.0000e+000
1.150000e+003	1.66392524e-001	-3.23360748e+000	5.69072869e+003	0.00000000e+000	3.5968e+015	1.0000e-010	0.0000e+000
1.160000e+003	1.66961597e-001	-3.23303840e+000	5.62370970e+003	0.00000000e+000	3.5185e+015	1.0000e-010	0.0000e+000
1.170000e+003	1.67523968e-001	-3.23247603e+000	5.55813287e+003	0.00000000e+000	3.4428e+015	1.0000e-010	0.0000e+000
1.180000e+003	1.68079781e-001	-3.23192022e+000	5.49395088e+003	0.00000000e+000	3.3696e+015	1.0000e-010	0.0000e+000
1.190000e+003	1.68629176e-001	-3.23137082e+000	5.43111846e+003	0.00000000e+000	3.2987e+015	1.0000e-010	0.0000e+000
1.200000e+003	1.69172288e-001	-3.23082771e+000	5.36959230e+003	0.00000000e+000	3.2301e+015	1.0000e-010	0.0000e+000
1.210000e+003	1.69709247e-001	-3.23029075e+000	5.30933088e+003	0.00000000e+000	3.1637e+015	1.0000e-010	0.0000e+000
1.220000e+003	1.70240180e-001	-3.22975982e+000	5.25029445e+003	0.00000000e+000	3.0994e+015	1.0000e-010	0.0000e+000
1.230000e+003	1.70765210e-001	-3.22923479e+000	5.19244491e+003	0.00000000e+000	3.0371e+015	1.0000e-010	0.0000e+000
1.240000e+003	1.71284454e-001	-3.22871555e+000	5.13574570e+003	0.00000000e+000	2.9767e+015	1.0000e-010	0.0000e+000
1.250000e+003	1.71798029e-001	-3.22820197e+000	5.08016175e+003	0.00000000e+000	2.9182e+015	1.0000e-010	0.0000e+000
1.260000e+003	1.72306045e-001	-3.22769396e+000	5.02565943e+003	0.00000000e+000	2.8614e+015	1.0000e-010	0.0000e+000
1.270000e+003	1.72808611e-001	-3.22719139e+000	4.97220640e+003	0.00000000e+000	2.8063e+015	1.0000e-010	0.0000e+000
1.280000e+003	1.73305831e-001	-3.22669417e+000	4.91977163e+003	0.00000000e+000	2.7528e+015	1.0000e-010	0.0000e+000
1.290000e+003	1.73797809e-001	-3.22620219e+000	4.86832529e+003	0.00000000e+000	2.7009e+015	1.0000e-010	0.0000e+000
1.300000e+003	1.74284641e-001	-3.22571536e+000	4.81783869e+003	0.00000000e+000	2.6506e+015	1.0000e-010	0.0000e+000
1.310000e+003	1.74766425e-001	-3.22523358e+000	4.76828427e+003	0.00000000e+000	2.6016e+015	1.0000e-010	0.0000e+000
1.320000e+003	1.75243253e-001	-3.22475675e+000	4.71963547e+003	0.00000000e+000	2.5541e+015	1.0000e-010	0.0000e+000
1.330000e+003	1.75715217e-001	-3.22428478e+000	4.67186677e+003	0.00000000e+000	2.5079e+015	1.0000e-010	0.0000e+000
1.340000e+003	1.76182404e-001	-3.22381760e+000	4.62495357e+003	0.00000000e+000	2.4630e+015	1.0000e-010	0.0000e+000
1.350000e+003	1.76644899e-001	-3.22335510e+000	4.57887219e+003	0.00000000e+000	2.4193e+015	1.0000e-010	0.0000e+000
1.360000e+003	1.77102786e-001	-3.22289721e+000	4.53359981e+003	0.00000000e+000	2.3768e+015	1.0000e-010	0.0000e+000
1.370000e+003	1.77556146e-001	-3.22244385e+000	4.48911444e+003	0.00000000e+000	2.3355e+015	1.0000e-010	0.0000e+000
1.380000e+003	1.78005058e-001	-3.22199494e+000	4.44539488e+003	0.00000000e+000	2.2953e+015	1.0000e-010	0.0000e+000
1.390000e+003	1.78449597e-001	-3.22155040e+000	4.40242067e+003	0.00000000e+000	2.2562e+015	1.0000e-010	0.0000e+000
1.400000e+003	1.78889839e-001	-3.22111016e+000	4.36017209e+003	0.00000000e+000	2.2181e+015	1.0000e-010	0.0000e+000
1.410000e+003	1.79325856e-001	-3.22067414e+000	4.31863009e+003	0.00000000e+000	2.1810e+015	1.0000e-010	0.0000e+000
1.420000e+003	1.79757719e-001	-3.22024228e+000	4.27777630e+003	0.00000000e+000	2.1448e+015	1.0000e-010	0.0000e+000
1.430000e+003	1.80185497e-001	-3.21981450e+000	4.23759296e+003	0.00000000e+000	2.1096e+015	1.0000e-010	0.0000e+000
1.440000e+003	1.80609256e-001	-3.21939074e+000	4.19806293e+003	0.00000000e+000	2.0753e+015	1.0000e-010	0.0000e+000
1.450000e+003	1.81029063e-001	-3.21897094e+000	4.15916963e+003	0.00000000e+000	2.0419e+015	1.0000e-010	0.0000e+000
1.460000e+003	1.81444980e-001	-3.21855502e+000	4.12089706e+003	0.00000000e+000	2.0093e+015	1.0000e-010	0.0000e+000
1.470000e+003	1.81857069e-001	-3.21814293e+000	4.08322973e+003	0.00000000e+000	1.9775e+015	1.0000e-010	0.0000e+000
1.480000e+003	1.82265392e-001	-3.21773461e+000	4.04615267e+003	0.00000000e+000	1.9466e+015	1.0000e-010	0.0000e+000
1.490000e+003	1.82670007e-001	-3.21732999e+000	4.00965139e+003	0.00000000e+000	1.9163e+015	1.0000e-010	0.0000e+000
1.500000e+003	1.83070973e-001	-3.21692903e+000	3.97371188e+003	0.00000000e+000	1.8868e+015	1.0000e-010	0.0000e+000
1.510000e+003	1.83468344e-001	-3.21653166e+000	3.93832058e+003	0.00000000e+000	1.8580e+015	1.0000e-010	0.0000e+000
1.520000e+003	1.83862176e-001	-3.21613782e+000	3.90346434e+003	0.00000000e+000	1.8300e+015	1.0000e-010	0.0000e+000
1.530000e+003	1.84252522e-001	-3.21574748e+000	3.86913045e+003	0.00000000e+000	1.8025e+015	1.0000e-010	0.0000e+000
1.540000e+003	1.84639435e-001	-3.21536056e+000	3.83530659e+003	0.00000000e+000	1.7758e+015	1.0000e-010	0.0000e+000
1.550000e+003	1.85022966e-001	-3.21497703e+000	3.80198083e+003	0.00000000e+000	1.7496e+015	1.0000e-010	0.0000e+000
1.560000e+003	1.85403164e-001	-3.21459684e+000	3.76914160e+003	0.00000000e+000	1.7241e+015	1.0000e-010	0.0000e+000
1.570000e+003	1.85780078e-001	-3.21421992e+000	3.73677767e+003	0.00000000e+000	1.6991e+015	1.0000e-010	0.0000e+000
1.580000e+003	1.86153756e-001	-3.21384624e+000	3.70487819e+003	0.00000000e+000	1.6747e+015	1.0000e-010	0.0000e+000
1.590000e+003	1.86524244e-001	-3.21347576e+000	3.67343260e+003	0.00000000e+000	1.6509e+015	1.0000e-010	0.0000e+000
1.600000e+003	1.86891587e-001	-3.21310841e+000	3.64243068e+003	0.00000000e+000	1.6276e+015	1.0000e-010	0.0000e+000
1.610000e+003	1.87255830e-001	-3.21274417e+000	3.61186250e+003	0.00000000e+000	1.6048e+015	1.0000e-010	0.0000e+000
1.620000e+003	1.87617016e-001	-3.21238298e+000	3.58171842e+003	0.00000000e+000	1.5826e+015	1.0000e-010	0.0000e+000
1.630000e+003	1.87975188e-001	-3.21202481e+000	3.55198911e+003	0.00000000e+000	1.5608e+015	1.0000e-010	0.0000e+000
1.640000e+003	1.88330387e-001	-3.21166961e+000	3.52266547e+003	0.00000000e+000	1.5395e+015	1.0000e-010	0.0000e+000
1.650000e+003	1.88682654e-001	-3.21131735e+000	3.49373870e+003	0.00000000e+000	1.5187e+015	1.0000e-010	0.0000e+000
1.660000e+003	1.89032028e-001	-3.21096797e+000	3.46520022e+003	0.00000000e+000	1.4983e+015	1.0000e-010	0.0000e+000
1.670000e+003	1.89378548e-001	-3.21062145e+000	3.43704172e+003	0.00000000e+000	1.4783e+015	1.0000e-010	0.0000e+000
1.680000e+003	1.89722252e-001	-3.21027775e+000	3.40925511e+003	0.00000000e+000	1.4588e+015	1.0000e-010	0.0000e+000
1.690000e+003	1.90063177e-001	-3.20993682e+000	3.38183254e+003	0.00000000e+000	1.4397e+015	1.0000e-010	0.0000e+000
1.700000e+003	1.90401361e-001	-3.20959864e+000	3.35476635e+003	0.00000000e+000	1.4210e+015	1.0000e-010	0.0000e+000
1.710000e+003	1.90736837e-001	-3.20926316e+000	3.32804913e+003	0.00000000e+000	1.4027e+015	1.0000e-010	0.0000e+000
1.720000e+003	1.91069642e-001	-3.20893036e+000	3.30167365e+003	0.00000000e+000	1.3847e+015	1.0000e-010	0.0000e+000
1.730000e+003	1.91399809e-001	-3.20860019e+000	3.27563289e+003	0.00000000e+000	1.3671e+015	1.0000e-010	0.0000e+000
1.740000e+003	1.91727373e-001	-3.20827263e+000	3.24991999e+003	0.00000000e+000	1.3499e+015	1.0000e-010	0.0000e+000
1.750000e+003	1.92052365e-001	-3.20794764e+000	3.22452832e+003	0.00000000e+000	1.3331e+015	1.0000e-010	0.0000e+000
1.760000e+003	1.92374818e-001	-3.20762518e+000	3.19945139e+003	0.00000000e+000	1.3165e+015	1.0000e-010	0.0000e+000
1.770000e+003	1.92694763e-001	-3.20730524e+000	3.17468290e+003	0.00000000e+000	1.3003e+015	1.0000e-010	0.0000e+000
1.780000e+003	1.93012231e-001	-3.20698777e+000	3.15021671e+003	0.00000000e+000	1.2845e+015	1.0000e-010	0.0000e+000
1.790000e+003	1.93327253e-001	-3.20667275e+000	3.12604685e+003	0.00000000e+000	1.2689e+015	1.0000e-010	0.0000e+000
1.800000e+003	1.93639857e-001	-3.20636014e+000	3.10216749e+003	0.00000000e+000	1.2537e+015	1.0000e-010	0.0000e+000
1.810000e+003	1.93950074e-001	-3.20604993e+000	3.07857297e+003	0.00000000e+000	1.2387e+015	1.0000e-010	0.0000e+000
1.820000e+003	1.94257931e-001	-3.20574207e+000	3.05525775e+003	0.00000000e+000	1.2241e+015	1.0000e-010	0.0000e+000
1.830000e+003	1.94563457e-001	-3.20543654e+000	3.03221646e+003	0.00000000e+000	1.2097e+015	1.0000e-010	0.0000e+000
1.840000e+003	1.94866679e-001	-3.20513332e+000	3.00944384e+003	0.00000000e+000	1.1956e+015	1.0000e-010	0.0000e+000
1.850000e+003	1.95167623e-001	-3.20483238e+000	2.98693479e+003	0.00000000e+000	1.1817e+015	1.0000e-010	0.0000e+000
1.860000e+003	1.95466317e-001	-3.20453368e+000	2.96468430e+003	0.00000000e+000	1.1682e+015	1.0000e-010	0.0000e+000
1.870000e+003	1.95762785e-001	-3.20423721e+000	2.94268753e+003	0.00000000e+000	1.1548e+015	1.0000e-010	0.0000e+000
1.880000e+003	1.96057054e-001	-3.20394295e+000	2.92093972e+003	0.00000000e+000	1.1418e+015	1.0000e-010	0.0000e+000
1.890000e+003	1.96349148e-001	-3.20365085e+000	2.89943625e+003	0.00000000e+000	1.1289e+015	1.0000e-010	0.0000e+000
1.900000e+003	1.96639091e-001	-3.20336091e+000	2.87817261e+003	0.00000000e+000	1.1163e+015	1.0000e-010	0.0000e+000
1.910000e+003	1.96926909e-001	-3.20307309e+000	2.85714438e+003	0.00000000e+000	1.1040e+015	1.0000e-010	0.0000e+000
1.920000e+003	1.97212623e-001	-3.20278738e+000	2.83634728e+003	0.00000000e+000	1.0919e+015	1.0000e-010	0.0000e+000
1.930000e+003	1.97496258e-001	-3.20250374e+000	2.81577711e+003	0.00000000e+000	1.0799e+015	1.0000e-010	0.0000e+000
1.940000e+003	1.97777836e-001	-3.20222216e+000	2.79542977e+003	0.00000000e+000	1.0682e+015	1.0000e-010	0.0000e+000
1.950000e+003	1.98057379e-001	-3.20194262e+000	2.77530127e+003	0.00000000e+000	1.0567e+015	1.0000e-010	0.0000e+000
1.960000e+003	1.98334909e-001	-3.20166509e+000	2.75538769e+003	0.00000000e+000	1.0455e+015	1.0000e-010	0.0000e+000
1.970000e+003	1.98610447e-001	-3.20138955e+000	2.73568524e+003	0.00000000e+000	1.0344e+015	1.0000e-010	0.0000e+000
1.980000e+003	1.98884016e-001	-3.20111598e+000	2.71619017e+003	0.00000000e+000	1.0235e+015	1.0000e-010	0.0000e+000
1.990000e+003	1.99155635e-001	-3.20084436e+000	2.69689887e+003	0.00000000e+000	1.0128e+015	1.0000e-010	0.0000e+000
2.000000e+003	1.99425325e-001	-3.20057468e+000	2.67780777e+003	0.00000000e+000	1.0023e+015	1.0000e-010	0.0000e+000
2.010000e+003	1.99693106e-001	-3.20030689e+000	2.65891339e+003	0.00000000e+000	9.9196e+014	1.0000e-010	0.0000e+000
2.020000e+003	1.99958997e-001	-3.20004100e+000	2.64021236e+003	0.00000000e+000	9.8181e+014	1.0000e-010	0.0000e+000
2.030000e+003	2.00223018e-001	-3.19977698e+000	2.62170133e+003	0.00000000e+000	9.7183e+014	1.0000e-010	0.0000e+000
2.040000e+003	2.00485188e-001	-3.19951481e+000	2.60337709e+003	0.00000000e+000	9.6203e+014	1.0000e-010	0.0000e+000
2.050000e+003	2.00745526e-001	-3.19925447e+000	2.58523645e+003	0.00000000e+000	9.5239e+014	1.0000e-010	0.0000e+000
2.060000e+003	2.01004050e-001	-3.19899595e+000	2.56727631e+003	0.00000000e+000	9.4291e+014	1.0000e-010	0.0000e+000
2.070000e+003	2.01260777e-001	-3.19873922e+000	2.54949365e+003	0.00000000e+000	9.3359e+014	1.0000e-010	0.0000e+000
2.080000e+003	2.01515727e-001	-3.19848427e+000	2.53188550e+003	0.00000000e+000	9.2443e+014	1.0000e-010	0.0000e+000
2.090000e+003	2.01768915e-001	-3.19823108e+000	2.51444896e+003	0.00000000e+000	9.1542e+014	1.0000e-010	0.0000e+000
2.100000e+003	2.02020360e-001	-3.19797964e+000	2.49718118e+003	0.00000000e+000	9.0656e+014	1.0000e-010	0.0000e+000
2.110000e+003	2.02270078e-001	-3.19772992e+000	2.48007941e+003	0.00000000e+000	8.9785e+014	1.0000e-010	0.0000e+000
2.120000e+003	2.02518086e-001	-3.19748191e+000	2.46314091e+003	0.00000000e+000	8.8927e+014	1.0000e-010	0.0000e+000
2.130000e+003	2.02764400e-001	-3.19723560e+000	2.44636303e+003	0.00000000e+000	8.8084e+014	1.0000e-010	0.0000e+000
2.140000e+003	2.03009037e-001	-3.19699096e+000	2.42974317e+003	0.00000000e+000	8.7255e+014	1.0000e-010	0.0000e+000
2.150000e+003	2.03252011e-001	-3.19674799e+000	2.41327879e+003	0.00000000e+000	8.6438e+014	1.0000e-010	0.0000e+000
2.160000e+003	2.03493339e-001	-3.19650666e+000	2.39696739e+003	0.00000000e+000	8.5635e+014	1.0000e-010	0.0000e+000
2.170000e+003	2.03733036e-001	-3.19626696e+000	2.38080652e+003	0.00000000e+000	8.4845e+014	1.0000e-010	0.0000e+000
2.180000e+003	2.03971116e-001	-3.19602888e+000	2.36479380e+003	0.00000000e+000	8.4067e+014	1.0000e-010	0.0000e+000
2.190000e+003	2.04207596e-001	-3.19579240e+000	2.34892689e+003	0.00000000e+000	8.3302e+014	1.0000e-010	0.0000e+000
2.200000e+003	2.04442488e-001	-3.19555751e+000	2.33320349e+003	0.00000000e+000	8.2548e+014	1.0000e-010	0.0000e+000
2.210000e+003	2.04675809e-001	-3.19532419e+000	2.31762137e+003	0.00000000e+000	8.1806e+014	1.0000e-010	0.0000e+000
2.220000e+003	2.04907571e-001	-3.19509243e+000	2.30217831e+003	0.00000000e+000	8.1076e+014	1.0000e-010	0.0000e+000
2.230000e+003	2.05137789e-001	-3.19486221e+000	2.28687216e+003	0.00000000e+000	8.0358e+014	1.0000e-010	0.0000e+000
2.240000e+003	2.05366476e-001	-3.19463352e+000	2.27170082e+003	0.00000000e+000	7.9650e+014	1.0000e-010	0.0000e+000
2.250000e+003	2.05593646e-001	-3.19440635e+000	2.25666221e+003	0.00000000e+000	7.8953e+014	1.0000e-010	0.0000e+000
2.260000e+003	2.05819312e-001	-3.19418069e+000	2.24175430e+003	0.00000000e+000	7.8267e+014	1.0000e-010	0.0000e+000
2.270000e+003	2.06043488e-001	-3.19395651e+000	2.22697511e+003	0.00000000e+000	7.7591e+014	1.0000e-010	0.0000e+000
2.280000e+003	2.06266185e-001	-3.19373381e+000	2.21232268e+003	0.00000000e+000	7.6925e+014	1.0000e-010	0.0000e+000
2.290000e+003	2.06487417e-001	-3.19351258e+000	2.19779511e+003	0.00000000e+000	7.6270e+014	1.0000e-010	0.0000e+000
2.300000e+003	2.06707197e-001	-3.19329280e+000	2.18339052e+003	0.00000000e+000	7.5624e+014	1.0000e-010	0.0000e+000
2.310000e+003	2.06925536e-001	-3.19307446e+000	2.16910707e+003	0.00000000e+000	7.4988e+014	1.0000e-010	0.0000e+000
2.320000e+003	2.07142447e-001	-3.19285755e+000	2.15494297e+003	0.00000000e+000	7.4362e+014	1.0000e-010	0.0000e+000
2.330000e+003	2.07357941e-001	-3.19264206e+000	2.14089645e+003	0.00000000e+000	7.3744e+014	1.0000e-010	0.0000e+000
2.340000e+003	2.07572031e-001	-3.19242797e+000	2.12696577e+003	0.00000000e+000	7.3136e+014	1.0000e-010	0.0000e+000
2.350000e+003	2.07784727e-001	-3.19221527e+000	2.11314923e+003	0.00000000e+000	7.2537e+014	1.0000e-010	0.0000e+000
2.360000e+003	2.07996042e-001	-3.19200396e+000	2.09944517e+003	0.00000000e+000	7.1947e+014	1.0000e-010	0.0000e+000
2.370000e+003	2.08205987e-001	-3.19179401e+000	2.08585195e+003	0.00000000e+000	7.1365e+014	1.0000e-010	0.0000e+000
2.380000e+003	2.08414572e-001	-3.19158543e+000	2.07236796e+003	0.00000000e+000	7.0791e+014	1.0000e-010	0.0000e+000
2.390000e+003	2.08621809e-001	-3.19137819e+000	2.05899164e+003	0.00000000e+000	7.0226e+014	1.0000e-010	0.0000e+000
2.400000e+003	2.08827708e-001	-3.19117229e+000	2.04572143e+003	0.00000000e+000	6.9669e+014	1.0000e-010	0.0000e+000
2.410000e+003	2.09032280e-001	-3.19096772e+000	2.03255581e+003	0.00000000e+000	6.9120e+014	1.0000e-010	0.0000e+000
2.420000e+003	2.09235535e-001	-3.19076446e+000	2.01949330e+003	0.00000000e+000	6.8578e+014	1.0000e-010	0.0000e+000
2.430000e+003	2.09437485e-001	-3.19056252e+000	2.00653243e+003	0.00000000e+000	6.8045e+014	1.0000e-010	0.0000e+000
2.440000e+003	2.09638138e-001	-3.19036186e+000	1.99367177e+003	0.00000000e+000	6.7519e+014	1.0000e-010	0.0000e+000
2.450000e+003	2.09837505e-001	-3.19016249e+000	1.98090991e+003	0.00000000e+000	6.7000e+014	1.0000e-010	0.0000e+000
2.460000e+003	2.10035596e-001	-3.18996440e+000	1.96824546e+003	0.00000000e+000	6.6489e+014	1.0000e-010	0.0000e+000
2.470000e+003	2.10232421e-001	-3.18976758e+000	1.95567707e+003	0.00000000e+000	6.5984e+014	1.0000e-010	0.0000e+000
2.480000e+003	2.10427988e-001	-3.18957201e+000	1.94320340e+003	0.00000000e+000	6.5487e+014	1.0000e-010	0.0000e+000
2.490000e+003	2.10622309e-001	-3.18937769e+000	1.93082313e+003	0.00000000e+000	6.4997e+014	1.0000e-010	0.0000e+000
2.500000e+003	2.10815391e-001	-3.18918461e+000	1.91853499e+003	0.00000000e+000	6.4513e+014	1.0000e-010	0.0000e+000
2.510000e+003	2.11007245e-001	-3.18899276e+000	1.90633770e+003	0.00000000e+000	6.4036e+014	1.0000e-010	0.0000e+000
2.520000e+003	2.11197878e-001	-3.18880212e+000	1.89423003e+003	0.00000000e+000	6.3565e+014	1.0000e-010	0.0000e+000
2.530000e+003	2.11387301e-001	-3.18861270e+000	1.88221074e+003	0.00000000e+000	6.3101e+014	1.0000e-010	0.0000e+000
2.540000e+003	2.11575522e-001	-3.18842448e+000	1.87027865e+003	0.00000000e+000	6.2644e+014	1.0000e-010	0.0000e+000
2.550000e+003	2.11762550e-001	-3.18823745e+000	1.85843257e+003	0.00000000e+000	6.2192e+014	1.0000e-010	0.0000e+000
2.560000e+003	2.11948394e-001	-3.18805161e+000	1.84667134e+003	0.00000000e+000	6.1747e+014	1.0000e-010	0.0000e+000
2.570000e+003	2.12133061e-001	-3.18786694e+000	1.83499383e+003	0.00000000e+000	6.1307e+014	1.0000e-010	0.0000e+000
2.580000e+003	2.12316560e-001	-3.18768344e+000	1.82339891e+003	0.00000000e+000	6.0874e+014	1.0000e-010	0.0000e+000
2.590000e+003	2.12498900e-001	-3.18750110e+000	1.81188549e+003	0.00000000e+000	6.0446e+014	1.0000e-010	0.0000e+000
2.600000e+003	2.12680089e-001	-3.18731991e+000	1.80045247e+003	0.00000000e+000	6.0024e+014	1.0000e-010	0.0000e+000
2.610000e+003	2.12860134e-001	-3.18713987e+000	1.78909881e+003	0.00000000e+000	5.9607e+014	1.0000e-010	0.0000e+000
2.620000e+003	2.13039044e-001	-3.18696096e+000	1.77782345e+003	0.00000000e+000	5.9196e+014	1.0000e-010	0.0000e+000
2.630000e+003	2.13216826e-001	-3.18678317e+000	1.76662536e+003	0.00000000e+000	5.8790e+014	1.0000e-010	0.0000e+000
2.640000e+003	2.13393489e-001	-3.18660651e+000	1.75550353e+003	0.00000000e+000	5.8390e+014	1.0000e-010	0.0000e+000
2.650000e+003	2.13569039e-001	-3.18643096e+000	1.74445697e+003	0.00000000e+000	5.7995e+014	1.0000e-010	0.0000e+000
2.660000e+003	2.13743485e-001	-3.18625652e+000	1.73348470e+003	0.00000000e+000	5.7605e+014	1.0000e-010	0.0000e+000
2.670000e+003	2.13916833e-001	-3.18608317e+000	1.72258576e+003	0.00000000e+000	5.7220e+014	1.0000e-010	0.0000e+000
2.680000e+003	2.14089092e-001	-3.18591091e+000	1.71175920e+003	0.00000000e+000	5.6840e+014	1.0000e-010	0.0000e+000
2.690000e+003	2.14260268e-001	-3.18573973e+000	1.70100409e+003	0.00000000e+000	5.6465e+014	1.0000e-010	0.0000e+000
2.700000e+003	2.14430368e-001	-3.18556963e+000	1.69031952e+003	0.00000000e+000	5.6094e+014	1.0000e-010	0.0000e+000
2.710000e+003	2.14599400e-001	-3.18540060e+000	1.67970457e+003	0.00000000e+000	5.5729e+014	1.0000e-010	0.0000e+000
2.720000e+003	2.14767370e-001	-3.18523263e+000	1.66915838e+003	0.00000000e+000	5.5368e+014	1.0000e-010	0.0000e+000
2.730000e+003	2.14934286e-001	-3.18506571e+000	1.65868005e+003	0.00000000e+000	5.5011e+014	1.0000e-010	0.0000e+000
2.740000e+003	2.15100154e-001	-3.18489985e+000	1.64826874e+003	0.00000000e+000	5.4660e+014	1.0000e-010	0.0000e+000
2.750000e+003	2.15264981e-001	-3.18473502e+000	1.63792360e+003	0.00000000e+000	5.4312e+014	1.0000e-010	0.0000e+000
2.760000e+003	2.15428773e-001	-3.18457123e+000	1.62764380e+003	0.00000000e+000	5.3969e+014	1.0000e-010	0.0000e+000
2.770000e+003	2.15591538e-001	-3.18440846e+000	1.61742851e+003	0.00000000e+000	5.3630e+014	1.0000e-010	0.0000e+000
2.780000e+003	2.15753281e-001	-3.18424672e+000	1.60727694e+003	0.00000000e+000	5.3296e+014	1.0000e-010	0.0000e+000
2.790000e+003	2.15914008e-001	-3.18408599e+000	1.59718829e+003	0.00000000e+000	5.2966e+014	1.0000e-010	0.0000e+000
2.800000e+003	2.16073727e-001	-3.18392627e+000	1.58716177e+003	0.00000000e+000	5.2639e+014	1.0000e-010	0.0000e+000
2.810000e+003	2.16232443e-001	-3.18376756e+000	1.57719662e+003	0.00000000e+000	5.2317e+014	1.0000e-010	0.0000e+000
2.820000e+003	2.16390163e-001	-3.18360984e+000	1.56729209e+003	0.00000000e+000	5.1999e+014	1.0000e-010	0.0000e+000
2.830000e+003	2.16546892e-001	-3.18345311e+000	1.55744741e+003	0.00000000e+000	5.1685e+014	1.0000e-010	0.0000e+000
2.840000e+003	2.16702637e-001	-3.18329736e+000	1.54766187e+003	0.00000000e+000	5.1374e+014	1.0000e-010	0.0000e+000
2.850000e+003	2.16857403e-001	-3.18314260e+000	1.53793474e+003	0.00000000e+000	5.1068e+014	1.0000e-010	0.0000e+000
2.860000e+003	2.17011197e-001	-3.18298880e+000	1.52826530e+003	0.00000000e+000	5.0765e+014	1.0000e-010	0.0000e+000
2.870000e+003	2.17164023e-001	-3.18283598e+000	1.51865285e+003	0.00000000e+000	5.0465e+014	1.0000e-010	0.0000e+000
2.880000e+003	2.17315888e-001	-3.18268411e+000	1.50909671e+003	0.00000000e+000	5.0170e+014	1.0000e-010	0.0000e+000
2.890000e+003	2.17466798e-001	-3.18253320e+000	1.49959619e+003	0.00000000e+000	4.9878e+014	1.0000e-010	0.0000e+000
2.900000e+003	2.17616758e-001	-3.18238324e+000	1.49015062e+003	0.00000000e+000	4.9589e+014	1.0000e-010	0.0000e+000
2.910000e+003	2.17765773e-001	-3.18223423e+000	1.48075933e+003	0.00000000e+000	4.9304e+014	1.0000e-010	0.0000e+000
2.920000e+003	2.17913849e-001	-3.18208615e+000	1.47142169e+003	0.00000000e+000	4.9023e+014	1.0000e-010	0.0000e+000
2.930000e+003	2.18060991e-001	-3.18193901e+000	1.46213704e+003	0.00000000e+000	4.8745e+014	1.0000e-010	0.0000e+000
2.940000e+003	2.18207205e-001	-3.18179280e+000	1.45290475e+003	0.00000000e+000	4.8470e+014	1.0000e-010	0.0000e+000
2.950000e+003	2.18352495e-001	-3.18164750e+000	1.44372421e+003	0.00000000e+000	4.8198e+014	1.0000e-010	0.0000e+000
2.960000e+003	2.18496868e-001	-3.18150313e+000	1.43459479e+003	0.00000000e+000	4.7930e+014	1.0000e-010	0.0000e+000
2.970000e+003	2.18640327e-001	-3.18135967e+000	1.42551590e+003	0.00000000e+000	4.7664e+014	1.0000e-010	0.0000e+000
2.980000e+003	2.18782879e-001	-3.18121712e+000	1.41648692e+003	0.00000000e+000	4.7402e+014	1.0000e-010	0.0000e+000
2.990000e+003	2.18924527e-001	-3.18107547e+000	1.40750729e+003	0.00000000e+000	4.7143e+014	1.0000e-010	0.0000e+000
3.000000e+003	2.19065278e-001	-3.18093472e+000	1.39857641e+003	0.00000000e+000	4.6887e+014	1.0000e-010	0.0000e+000
3.010000e+003	2.19205136e-001	-3.18079486e+000	1.38969371e+003	0.00000000e+000	4.6634e+014	1.0000e-010	0.0000e+000
3.020000e+003	2.19344105e-001	-3.18065589e+000	1.38085864e+003	0.00000000e+000	4.6384e+014	1.0000e-010	0.0000e+000
3.030000e+003	2.19482191e-001	-3.18051781e+000	1.37207064e+003	0.00000000e+000	4.6137e+014	1.0000e-010	0.0000e+000
3.040000e+003	2.19619398e-001	-3.18038060e+000	1.36332915e+003	0.00000000e+000	4.5893e+014	1.0000e-010	0.0000e+000
3.050000e+003	2.19755731e-001	-3.18024427e+000	1.35463364e+003	0.00000000e+000	4.5652e+014	1.0000e-010	0.0000e+000
3.060000e+003	2.19891194e-001	-3.18010881e+000	1.34598357e+003	0.00000000e+000	4.5413e+014	1.0000e-010	0.0000e+000
3.070000e+003	2.20025793e-001	-3.17997421e+000	1.33737842e+003	0.00000000e+000	4.5177e+014	1.0000e-010	0.0000e+000
3.080000e+003	2.20159530e-001	-3.17984047e+000	1.32881768e+003	0.00000000e+000	4.4944e+014	1.0000e-010	0.0000e+000
3.090000e+003	2.20292412e-001	-3.17970759e+000	1.32030082e+003	0.00000000e+000	4.4714e+014	1.0000e-010	0.0000e+000
3.100000e+003	2.20424442e-001	-3.17957556e+000	1.31182736e+003	0.00000000e+000	4.4486e+014	1.0000e-010	0.0000e+000
3.110000e+003	2.20555625e-001	-3.17944437e+000	1.30339678e+003	0.00000000e+000	4.4261e+014	1.0000e-010	0.0000e+000
3.120000e+003	2.20685965e-001	-3.17931404e+000	1.29500859e+003	0.00000000e+000	4.4038e+014	1.0000e-010	0.0000e+000
3.130000e+003	2.20815466e-001	-3.17918453e+000	1.28666232e+003	0.00000000e+000	4.3818e+014	1.0000e-010	0.0000e+000
3.140000e+003	2.20944132e-001	-3.17905587e+000	1.27835749e+003	0.00000000e+000	4.3601e+014	1.0000e-010	0.0000e+000
3.150000e+003	2.21071968e-001	-3.17892803e+000	1.27009363e+003	0.00000000e+000	4.3385e+014	1.0000e-010	0.0000e+000
3.160000e+003	2.21198977e-001	-3.17880102e+000	1.26187026e+003	0.00000000e+000	4.3173e+014	1.0000e-010	0.0000e+000
3.170000e+003	2.21325164e-001	-3.17867484e+000	1.25368694e+003	0.00000000e+000	4.2963e+014	1.0000e-010	0.0000e+000
3.180000e+003	2.21450533e-001	-3.17854947e+000	1.24554320e+003	0.00000000e+000	4.2755e+014	1.0000e-010	0.0000e+000
3.190000e+003	2.21575087e-001	-3.17842491e+000	1.23743861e+003	0.00000000e+000	4.2549e+014	1.0000e-010	0.0000e+000
3.200000e+003	2.21698831e-001	-3.17830117e+000	1.22937271e+003	0.00000000e+000	4.2346e+014	1.0000e-010	0.0000e+000
3.210000e+003	2.21821768e-001	-3.17817823e+000	1.22134509e+003	0.00000000e+000	4.2145e+014	1.0000e-010	0.0000e+000
3.220000e+003	2.21943903e-001	-3.17805610e+000	1.21335530e+003	0.00000000e+000	4.1947e+014	1.0000e-010	0.0000e+000
3.230000e+003	2.22065238e-001	-3.17793476e+000	1.20540292e+003	0.00000000e+000	4.1750e+014	1.0000e-010	0.0000e+000
3.240000e+003	2.22185778e-001	-3.17781422e+000	1.19748753e+003	0.00000000e+000	4.1556e+014	1.0000e-010	0.0000e+000
3.250000e+003	2.22305527e-001	-3.17769447e+000	1.18960872e+003	0.00000000e+000	4.1364e+014	1.0000e-010	0.0000e+000
3.260000e+003	2.22424488e-001	-3.17757551e+000	1.18176609e+003	0.00000000e+000	4.1174e+014	1.0000e-010	0.0000e+000
3.270000e+003	2.22542665e-001	-3.17745734e+000	1.17395923e+003	0.00000000e+000	4.0986e+014	1.0000e-010	0.0000e+000
3.280000e+003	2.22660061e-001	-3.17733994e+000	1.16618773e+003	0.00000000e+000	4.0800e+014	1.0000e-010	0.0000e+000
3.290000e+003	2.22776679e-001	-3.17722332e+000	1.15845122e+003	0.00000000e+000	4.0617e+014	1.0000e-010	0.0000e+000
3.300000e+003	2.22892524e-001	-3.17710748e+000	1.15074929e+003	0.00000000e+000	4.0435e+014	1.0000e-010	0.0000e+000
3.310000e+003	2.23007599e-001	-3.17699240e+000	1.14308158e+003	0.00000000e+000	4.0256e+014	1.0000e-010	0.0000e+000
3.320000e+003	2.23121908e-001	-3.17687809e+000	1.13544769e+003	0.00000000e+000	4.0078e+014	1.0000e-010	0.0000e+000
3.330000e+003	2.23235452e-001	-3.17676455e+000	1.12784725e+003	0.00000000e+000	3.9902e+014	1.0000e-010	0.0000e+000
3.340000e+003	2.23348237e-001	-3.17665176e+000	1.12027991e+003	0.00000000e+000	3.9729e+014	1.0000e-010	0.0000e+000
3.350000e+003	2.23460265e-001	-3.17653973e+000	1.11274528e+003	0.00000000e+000	3.9557e+014	1.0000e-010	0.0000e+000
3.360000e+003	2.23571540e-001	-3.17642846e+000	1.10524302e+003	0.00000000e+000	3.9387e+014	1.0000e-010	0.0000e+000
3.370000e+003	2.23682064e-001	-3.17631794e+000	1.09777276e+003	0.00000000e+000	3.9219e+014	1.0000e-010	0.0000e+000
3.380000e+003	2.23791841e-001	-3.17620816e+000	1.09033416e+003	0.00000000e+000	3.9053e+014	1.0000e-010	0.0000e+000
3.390000e+003	2.23900875e-001	-3.17609913e+000	1.08292686e+003	0.00000000e+000	3.8888e+014	1.0000e-010	0.0000e+000
3.400000e+003	2.24009167e-001	-3.17599083e+000	1.07555053e+003	0.00000000e+000	3.8726e+014	1.0000e-010	0.0000e+000
3.410000e+003	2.24116722e-001	-3.17588328e+000	1.06820482e+003	0.00000000e+000	3.8565e+014	1.0000e-010	0.0000e+000
3.420000e+003	2.24223543e-001	-3.17577646e+000	1.06088940e+003	0.00000000e+000	3.8406e+014	1.0000e-010	0.0000e+000
3.430000e+003	2.24329632e-001	-3.17567037e+000	1.05360394e+003	0.00000000e+000	3.8249e+014	1.0000e-010	0.0000e+000
3.440000e+003	2.24434992e-001	-3.17556501e+000	1.04634812e+003	0.00000000e+000	3.8093e+014	1.0000e-010	0.0000e+000
3.450000e+003	2.24539627e-001	-3.17546037e+000	1.03912160e+003	0.00000000e+000	3.7939e+014	1.0000e-010	0.0000e+000
3.460000e+003	2.24643539e-001	-3.17535646e+000	1.03192407e+003	0.00000000e+000	3.7787e+014	1.0000e-010	0.0000e+000
3.470000e+003	2.24746731e-001	-3.17525327e+000	1.02475521e+003	0.00000000e+000	3.7637e+014	1.0000e-010	0.0000e+000
3.480000e+003	2.24849207e-001	-3.17515079e+000	1.01761471e+003	0.00000000e+000	3.7488e+014	1.0000e-010	0.0000e+000
3.490000e+003	2.24950968e-001	-3.17504903e+000	1.01050227e+003	0.00000000e+000	3.7340e+014	1.0000e-010	0.0000e+000
3.500000e+003	2.25052019e-001	-3.17494798e+000	1.00341757e+003	0.00000000e+000	3.7195e+014	1.0000e-010	0.0000e+000
3.510000e+003	2.25152360e-001	-3.17484764e+000	9.96360318e+002	0.00000000e+000	3.7051e+014	1.0000e-010	0.0000e+000
3.520000e+003	2.25251996e-001	-3.17474800e+000	9.89330212e+002	0.00000000e+000	3.6908e+014	1.0000e-010	0.0000e+000
3.530000e+003	2.25350929e-001	-3.17464907e+000	9.82326958e+002	0.00000000e+000	3.6767e+014	1.0000e-010	0.0000e+000
3.540000e+003	2.25449162e-001	-3.17455084e+000	9.75350265e+002	0.00000000e+000	3.6628e+014	1.0000e-010	0.0000e+000
3.550000e+003	2.25546697e-001	-3.17445330e+000	9.68399844e+002	0.00000000e+000	3.6490e+014	1.0000e-010	0.0000e+000
3.560000e+003	2.25643537e-001	-3.17435646e+000	9.61475410e+002	0.00000000e+000	3.6353e+014	1.0000e-010	0.0000e+000
3.570000e+003	2.25739685e-001	-3.17426032e+000	9.54576681e+002	0.00000000e+000	3.6218e+014	1.0000e-010	0.0000e+000
3.580000e+003	2.25835142e-001	-3.17416486e+000	9.47703379e+002	0.00000000e+000	3.6085e+014	1.0000e-010	0.0000e+000
3.590000e+003	2.25929913e-001	-3.17407009e+000	9.40855227e+002	0.00000000e+000	3.5953e+014	1.0000e-010	0.0000e+000
3.600000e+003	2.26023998e-001	-3.17397600e+000	9.34031953e+002	0.00000000e+000	3.5822e+014	1.0000e-010	0.0000e+000
3.610000e+003	2.26117401e-001	-3.17388260e+000	9.27233288e+002	0.00000000e+000	3.5693e+014	1.0000e-010	0.0000e+000
3.620000e+003	2.26210125e-001	-3.17378988e+000	9.20458963e+002	0.00000000e+000	3.5565e+014	1.0000e-010	0.0000e+000
3.630000e+003	2.26302171e-001	-3.17369783e+000	9.13708715e+002	0.00000000e+000	3.5439e+014	1.0000e-010	0.0000e+000
3.640000e+003	2.26393542e-001	-3.17360646e+000	9.06982283e+002	0.00000000e+000	3.5314e+014	1.0000e-010	0.0000e+000
3.650000e+003	2.26484240e-001	-3.17351576e+000	9.00279409e+002	0.00000000e+000	3.5190e+014	1.0000e-010	0.0000e+000
3.660000e+003	2.26574268e-001	-3.17342573e+000	8.93599836e+002	0.00000000e+000	3.5068e+014	1.0000e-010	0.0000e+000
3.670000e+003	2.26663628e-001	-3.17333637e+000	8.86943312e+002	0.00000000e+000	3.4947e+014	1.0000e-010	0.0000e+000
3.680000e+003	2.26752322e-001	-3.17324768e+000	8.80309587e+002	0.00000000e+000	3.4827e+014	1.0000e-010	0.0000e+000
3.690000e+003	2.26840353e-001	-3.17315965e+000	8.73698412e+002	0.00000000e+000	3.4709e+014	1.0000e-010	0.0000e+000
3.700000e+003	2.26927723e-001	-3.17307228e+000	8.67109543e+002	0.00000000e+000	3.4592e+014	1.0000e-010	0.0000e+000
3.710000e+003	2.27014434e-001	-3.17298557e+000	8.60542736e+002	0.00000000e+000	3.4476e+014	1.0000e-010	0.0000e+000
3.720000e+003	2.27100488e-001	-3.17289951e+000	8.53997753e+002	0.00000000e+000	3.4361e+014	1.0000e-010	0.0000e+000
3.730000e+003	2.27185888e-001	-3.17281411e+000	8.47474354e+002	0.00000000e+000	3.4248e+014	1.0000e-010	0.0000e+000
3.740000e+003	2.27270635e-001	-3.17272936e+000	8.40972305e+002	0.00000000e+000	3.4136e+014	1.0000e-010	0.0000e+000
3.750000e+003	2.27354733e-001	-3.17264527e+000	8.34491374e+002	0.00000000e+000	3.4025e+014	1.0000e-010	0.0000e+000
3.760000e+003	2.27438182e-001	-3.17256182e+000	8.28031329e+002	0.00000000e+000	3.3915e+014	1.0000e-010	0.0000e+000
3.770000e+003	2.27520985e-001	-3.17247902e+000	8.21591942e+002	0.00000000e+000	3.3807e+014	1.0000e-010	0.0000e+000
3.780000e+003	2.27603144e-001	-3.17239686e+000	8.15172987e+002	0.00000000e+000	3.3700e+014	1.0000e-010	0.0000e+000
3.790000e+003	2.27684661e-001	-3.17231534e+000	8.08774241e+002	0.00000000e+000	3.3594e+014	1.0000e-010	0.0000e+000
3.800000e+003	2.27765539e-001	-3.17223446e+000	8.02395482e+002	0.00000000e+000	3.3489e+014	1.0000e-010	0.0000e+000
3.810000e+003	2.27845778e-001	-3.17215422e+000	7.96036490e+002	0.00000000e+000	3.3385e+014	1.0000e-010	0.0000e+000
3.820000e+003	2.27925382e-001	-3.17207462e+000	7.89697049e+002	0.00000000e+000	3.3282e+014	1.0000e-010	0.0000e+000
3.830000e+003	2.28004352e-001	-3.17199565e+000	7.83376944e+002	0.00000000e+000	3.3181e+014	1.0000e-010	0.0000e+000
3.840000e+003	2.28082689e-001	-3.17191731e+000	7.77075961e+002	0.00000000e+000	3.3080e+014	1.0000e-010	0.0000e+000
3.850000e+003	2.28160397e-001	-3.17183960e+000	7.70793890e+002	0.00000000e+000	3.2981e+014	1.0000e-010	0.0000e+000
3.860000e+003	2.28237476e-001	-3.17176252e+000	7.64530521e+002	0.00000000e+000	3.2883e+014	1.0000e-010	0.0000e+000
3.870000e+003	2.28313929e-001	-3.17168607e+000	7.58285647e+002	0.00000000e+000	3.2786e+014	1.0000e-010	0.0000e+000
3.880000e+003	2.28389758e-001	-3.17161024e+000	7.52059064e+002	0.00000000e+000	3.2690e+014	1.0000e-010	0.0000e+000
3.890000e+003	2.28464964e-001	-3.17153504e+000	7.45850569e+002	0.00000000e+000	3.2595e+014	1.0000e-010	0.0000e+000
3.900000e+003	2.28539549e-001	-3.17146045e+000	7.39659960e+002	0.00000000e+000	3.2501e+014	1.0000e-010	0.0000e+000
3.910000e+003	2.28613515e-001	-3.17138649e+000	7.33487037e+002	0.00000000e+000	3.2408e+014	1.0000e-010	0.0000e+000
3.920000e+003	2.28686864e-001	-3.17131314e+000	7.27331604e+002	0.00000000e+000	3.2316e+014	1.0000e-010	0.0000e+000
3.930000e+003	2.28759597e-001	-3.17124040e+000	7.21193464e+002	0.00000000e+000	3.2225e+014	1.0000e-010	0.0000e+000
3.940000e+003	2.28831716e-001	-3.17116828e+000	7.15072425e+002	0.00000000e+000	3.2136e+014	1.0000e-010	0.0000e+000
3.950000e+003	2.28903223e-001	-3.17109678e+000	7.08968292e+002	0.00000000e+000	3.2047e+014	1.0000e-010	0.0000e+000
3.960000e+003	2.28974120e-001	-3.17102588e+000	7.02880877e+002	0.00000000e+000	3.1959e+014	1.0000e-010	0.0000e+000
3.970000e+003	2.29044408e-001	-3.17095559e+000	6.96809991e+002	0.00000000e+000	3.1872e+014	1.0000e-010	0.0000e+000
3.980000e+003	2.29114089e-001	-3.17088591e+000	6.90755445e+002	0.00000000e+000	3.1786e+014	1.0000e-010	0.0000e+000
3.990000e+003	2.29183165e-001	-3.17081684e+000	6.84717056e+002	0.00000000e+000	3.1702e+014	1.0000e-010	0.0000e+000
4.000000e+003	2.29251636e-001	-3.17074836e+000	6.78694638e+002	0.00000000e+000	3.1618e+014	1.0000e-010	0.0000e+000
4.010000e+003	2.29319506e-001	-3.17068049e+000	6.72688011e+002	0.00000000e+000	3.1535e+014	1.0000e-010	0.0000e+000
4.020000e+003	2.29386775e-001	-3.17061323e+000	6.66696993e+002	0.00000000e+000	3.1453e+014	1.0000e-010	0.0000e+000
4.030000e+003	2.29453444e-001	-3.17054656e+000	6.60721405e+002	0.00000000e+000	3.1372e+014	1.0000e-010	0.0000e+000
4.040000e+003	2.29519517e-001	-3.17048048e+000	6.54761071e+002	0.00000000e+000	3.1292e+014	1.0000e-010	0.0000e+000
4.050000e+003	2.29584993e-001	-3.17041501e+000	6.48815813e+002	0.00000000e+000	3.1213e+014	1.0000e-010	0.0000e+000
4.060000e+003	2.29649874e-001	-3.17035013e+000	6.42885457e+002	0.00000000e+000	3.1134e+014	1.0000e-010	0.0000e+000
4.070000e+003	2.29714163e-001	-3.17028584e+000	6.36969830e+002	0.00000000e+000	3.1057e+014	1.0000e-010	0.0000e+000
4.080000e+003	2.29777860e-001	-3.17022214e+000	6.31068762e+002	0.00000000e+000	3.0981e+014	1.0000e-010	0.0000e+000
4.090000e+003	2.29840967e-001	-3.17015903e+000	6.25182080e+002	0.00000000e+000	3.0905e+014	1.0000e-010	0.0000e+000
4.100000e+003	2.29903485e-001	-3.17009652e+000	6.19309617e+002	0.00000000e+000	3.0831e+014	1.0000e-010	0.0000e+000
4.110000e+003	2.29965416e-001	-3.17003458e+000	6.13451206e+002	0.00000000e+000	3.0757e+014	1.0000e-010	0.0000e+000
4.120000e+003	2.30026761e-001	-3.16997324e+000	6.07606680e+002	0.00000000e+000	3.0684e+014	1.0000e-010	0.0000e+000
4.130000e+003	2.30087522e-001	-3.16991248e+000	6.01775874e+002	0.00000000e+000	3.0612e+014	1.0000e-010	0.0000e+000
4.140000e+003	2.30147699e-001	-3.16985230e+000	5.95958625e+002	0.00000000e+000	3.0541e+014	1.0000e-010	0.0000e+000
4.150000e+003	2.30207295e-001	-3.16979270e+000	5.90154771e+002	0.00000000e+000	3.0470e+014	1.0000e-010	0.0000e+000
4.160000e+003	2.30266311e-001	-3.16973369e+000	5.84364151e+002	0.00000000e+000	3.0401e+014	1.0000e-010	0.0000e+000
4.170000e+003	2.30324747e-001	-3.16967525e+000	5.78586605e+002	0.00000000e+000	3.0332e+014	1.0000e-010	0.0000e+000
4.180000e+003	2.30382606e-001	-3.16961739e+000	5.72821976e+002	0.00000000e+000	3.0264e+014	1.0000e-010	0.0000e+000
4.190000e+003	2.30439888e-001	-3.16956011e+000	5.67070105e+002	0.00000000e+000	3.0197e+014	1.0000e-010	0.0000e+000
4.200000e+003	2.30496595e-001	-3.16950341e+000	5.61330838e+002	0.00000000e+000	3.0131e+014	1.0000e-010	0.0000e+000
4.210000e+003	2.30552728e-001	-3.16944727e+000	5.55604019e+002	0.00000000e+000	3.0066e+014	1.0000e-010	0.0000e+000
4.220000e+003	2.30608288e-001	-3.16939171e+000	5.49889494e+002	0.00000000e+000	3.0001e+014	1.0000e-010	0.0000e+000
4.230000e+003	2.30663277e-001	-3.16933672e+000	5.44187112e+002	0.00000000e+000	2.9938e+014	1.0000e-010	0.0000e+000
4.240000e+003	2.30717696e-001	-3.16928230e+000	5.38496721e+002	0.00000000e+000	2.9875e+014	1.0000e-010	0.0000e+000
4.250000e+003	2.30771546e-001	-3.16922845e+000	5.32818171e+002	0.00000000e+000	2.9812e+014	1.0000e-010	0.0000e+000
4.260000e+003	2.30824827e-001	-3.16917517e+000	5.27151312e+002	0.00000000e+000	2.9751e+014	1.0000e-010	0.0000e+000
4.270000e+003	2.30877543e-001	-3.16912246e+000	5.21495997e+002	0.00000000e+000	2.9690e+014	1.0000e-010	0.0000e+000
4.280000e+003	2.30929692e-001	-3.16907031e+000	5.15852078e+002	0.00000000e+000	2.9631e+014	1.0000e-010	0.0000e+000
4.290000e+003	2.30981277e-001	-3.16901872e+000	5.10219410e+002	0.00000000e+000	2.9572e+014	1.0000e-010	0.0000e+000
4.300000e+003	2.31032299e-001	-3.16896770e+000	5.04597848e+002	0.00000000e+000	2.9513e+014	1.0000e-010	0.0000e+000
4.310000e+003	2.31082759e-001	-3.16891724e+000	4.98987248e+002	0.00000000e+000	2.9456e+014	1.0000e-010	0.0000e+000
4.320000e+003	2.31132658e-001	-3.16886734e+000	4.93387466e+002	0.00000000e+000	2.9399e+014	1.0000e-010	0.0000e+000
4.330000e+003	2.31181997e-001	-3.16881800e+000	4.87798362e+002	0.00000000e+000	2.9343e+014	1.0000e-010	0.0000e+000
4.340000e+003	2.31230776e-001	-3.16876922e+000	4.82219794e+002	0.00000000e+000	2.9288e+014	1.0000e-010	0.0000e+000
4.350000e+003	2.31278998e-001	-3.16872100e+000	4.76651622e+002	0.00000000e+000	2.9233e+014	1.0000e-010	0.0000e+000
4.360000e+003	2.31326664e-001	-3.16867334e+000	4.71093707e+002	0.00000000e+000	2.9179e+014	1.0000e-010	0.0000e+000
4.370000e+003	2.31373773e-001	-3.16862623e+000	4.65545910e+002	0.00000000e+000	2.9126e+014	1.0000e-010	0.0000e+000
4.380000e+003	2.31420328e-001	-3.16857967e+000	4.60008096e+002	0.00000000e+000	2.9074e+014	1.0000e-010	0.0000e+000
4.390000e+003	2.31466328e-001	-3.16853367e+000	4.54480126e+002	0.00000000e+000	2.9022e+014	1.0000e-010	0.0000e+000
4.400000e+003	2.31511776e-001	-3.16848822e+000	4.48961866e+002	0.00000000e+000	2.8971e+014	1.0000e-010	0.0000e+000
4.410000e+003	2.31556673e-001	-3.16844333e+000	4.43453181e+002	0.00000000e+000	2.8921e+014	1.0000e-010	0.0000e+000
4.420000e+003	2.31601018e-001	-3.16839898e+000	4.37953937e+002	0.00000000e+000	2.8871e+014	1.0000e-010	0.0000e+000
4.430000e+003	2.31644813e-001	-3.16835519e+000	4.32464002e+002	0.00000000e+000	2.8822e+014	1.0000e-010	0.0000e+000
4.440000e+003	2.31688060e-001	-3.16831194e+000	4.26983243e+002	0.00000000e+000	2.8774e+014	1.0000e-010	0.0000e+000
4.450000e+003	2.31730758e-001	-3.16826924e+000	4.21511528e+002	0.00000000e+000	2.8727e+014	1.0000e-010	0.0000e+000
4.460000e+003	2.31772909e-001	-3.16822709e+000	4.16048728e+002	0.00000000e+000	2.8680e+014	1.0000e-010	0.0000e+000
4.470000e+003	2.31814514e-001	-3.16818549e+000	4.10594713e+002	0.00000000e+000	2.8634e+014	1.0000e-010	0.0000e+000
4.480000e+003	2.31855574e-001	-3.16814443e+000	4.05149352e+002	0.00000000e+000	2.8588e+014	1.0000e-010	0.0000e+000
4.490000e+003	2.31896088e-001	-3.16810391e+000	3.99712519e+002	0.00000000e+000	2.8543e+014	1.0000e-010	0.0000e+000
4.500000e+003	2.31936060e-001	-3.16806394e+000	3.94284086e+002	0.00000000e+000	2.8499e+014	1.0000e-010	0.0000e+000
4.510000e+003	2.31975488e-001	-3.16802451e+000	3.88863926e+002	0.00000000e+000	2.8456e+014	1.0000e-010	0.0000e+000
4.520000e+003	2.32014374e-001	-3.16798563e+000	3.83451912e+002	0.00000000e+000	2.8413e+014	1.0000e-010	0.0000e+000
4.530000e+003	2.32052720e-001	-3.16794728e+000	3.78047920e+002	0.00000000e+000	2.8371e+014	1.0000e-010	0.0000e+000
4.540000e+003	2.32090524e-001	-3.16790948e+000	3.72651825e+002	0.00000000e+000	2.8330e+014	1.0000e-010	0.0000e+000
4.550000e+003	2.32127790e-001	-3.16787221e+000	3.67263502e+002	0.00000000e+000	2.8289e+014	1.0000e-010	0.0000e+000
4.560000e+003	2.32164516e-001	-3.16783548e+000	3.61882829e+002	0.00000000e+000	2.8249e+014	1.0000e-010	0.0000e+000
4.570000e+003	2.32200704e-001	-3.16779930e+000	3.56509683e+002	0.00000000e+000	2.8209e+014	1.0000e-010	0.0000e+000
4.580000e+003	2.32236355e-001	-3.16776364e+000	3.51143941e+002	0.00000000e+000	2.8170e+014	1.0000e-010	0.0000e+000
4.590000e+003	2.32271470e-001	-3.16772853e+000	3.45785483e+002	0.00000000e+000	2.8132e+014	1.0000e-010	0.0000e+000
4.600000e+003	2.32306048e-001	-3.16769395e+000	3.40434187e+002	0.00000000e+000	2.8094e+014	1.0000e-010	0.0000e+000
4.610000e+003	2.32340092e-001	-3.16765991e+000	3.35089933e+002	0.00000000e+000	2.8057e+014	1.0000e-010	0.0000e+000
4.620000e+003	2.32373601e-001	-3.16762640e+000	3.29752602e+002	0.00000000e+000	2.8021e+014	1.0000e-010	0.0000e+000
4.630000e+003	2.32406576e-001	-3.16759342e+000	3.24422075e+002	0.00000000e+000	2.7985e+014	1.0000e-010	0.0000e+000
4.640000e+003	2.32439018e-001	-3.16756098e+000	3.19098233e+002	0.00000000e+000	2.7950e+014	1.0000e-010	0.0000e+000
4.650000e+003	2.32470928e-001	-3.16752907e+000	3.13780958e+002	0.00000000e+000	2.7916e+014	1.0000e-010	0.0000e+000
4.660000e+003	2.32502306e-001	-3.16749769e+000	3.08470133e+002	0.00000000e+000	2.7882e+014	1.0000e-010	0.0000e+000
4.670000e+003	2.32533153e-001	-3.16746685e+000	3.03165641e+002	0.00000000e+000	2.7849e+014	1.0000e-010	0.0000e+000
4.680000e+003	2.32563470e-001	-3.16743653e+000	2.97867367e+002	0.00000000e+000	2.7816e+014	1.0000e-010	0.0000e+000
4.690000e+003	2.32593256e-001	-3.16740674e+000	2.92575193e+002	0.00000000e+000	2.7784e+014	1.0000e-010	0.0000e+000
4.700000e+003	2.32622514e-001	-3.16737749e+000	2.87289005e+002	0.00000000e+000	2.7753e+014	1.0000e-010	0.0000e+000
4.710000e+003	2.32651243e-001	-3.16734876e+000	2.82008689e+002	0.00000000e+000	2.7722e+014	1.0000e-010	0.0000e+000
4.720000e+003	2.32679444e-001	-3.16732056e+000	2.76734129e+002	0.00000000e+000	2.7692e+014	1.0000e-010	0.0000e+000
4.730000e+003	2.32707117e-001	-3.16729288e+000	2.71465213e+002	0.00000000e+000	2.7662e+014	1.0000e-010	0.0000e+000
4.740000e+003	2.32734264e-001	-3.16726574e+000	2.66201826e+002	0.00000000e+000	2.7633e+014	1.0000e-010	0.0000e+000
4.750000e+003	2.32760884e-001	-3.16723912e+000	2.60943857e+002	0.00000000e+000	2.7604e+014	1.0000e-010	0.0000e+000
4.760000e+003	2.32786978e-001	-3.16721302e+000	2.55691192e+002	0.00000000e+000	2.7577e+014	1.0000e-010	0.0000e+000
4.770000e+003	2.32812547e-001	-3.16718745e+000	2.50443719e+002	0.00000000e+000	2.7549e+014	1.0000e-010	0.0000e+000
4.780000e+003	2.32837592e-001	-3.16716241e+000	2.45201328e+002	0.00000000e+000	2.7523e+014	1.0000e-010	0.0000e+000
4.790000e+003	2.32862112e-001	-3.16713789e+000	2.39963907e+002	0.00000000e+000	2.7497e+014	1.0000e-010	0.0000e+000
4.800000e+003	2.32886108e-001	-3.16711389e+000	2.34731345e+002	0.00000000e+000	2.7471e+014	1.0000e-010	0.0000e+000
4.810000e+003	2.32909581e-001	-3.16709042e+000	2.29503532e+002	0.00000000e+000	2.7446e+014	1.0000e-010	0.0000e+000
4.820000e+003	2.32932532e-001	-3.16706747e+000	2.24280358e+002	0.00000000e+000	2.7422e+014	1.0000e-010	0.0000e+000
4.830000e+003	2.32954960e-001	-3.16704504e+000	2.19061713e+002	0.00000000e+000	2.7398e+014	1.0000e-010	0.0000e+000
4.840000e+003	2.32976866e-001	-3.16702313e+000	2.13847488e+002	0.00000000e+000	2.7375e+014	1.0000e-010	0.0000e+000
4.850000e+003	2.32998251e-001	-3.16700175e+000	2.08637575e+002	0.00000000e+000	2.7352e+014	1.0000e-010	0.0000e+000
4.860000e+003	2.33019114e-001	-3.16698089e+000	2.03431865e+002	0.00000000e+000	2.7330e+014	1.0000e-010	0.0000e+000
4.870000e+003	2.33039458e-001	-3.16696054e+000	1.98230250e+002	0.00000000e+000	2.7309e+014	1.0000e-010	0.0000e+000
4.880000e+003	2.33059281e-001	-3.16694072e+000	1.93032622e+002	0.00000000e+000	2.7288e+014	1.0000e-010	0.0000e+000
4.890000e+003	2.33078584e-001	-3.16692142e+000	1.87838873e+002	0.00000000e+000	2.7267e+014	1.0000e-010	0.0000e+000
4.900000e+003	2.33097368e-001	-3.16690263e+000	1.82648896e+002	0.00000000e+000	2.7247e+014	1.0000e-010	0.0000e+000
4.910000e+003	2.33115633e-001	-3.16688437e+000	1.77462586e+002	0.00000000e+000	2.7228e+014	1.0000e-010	0.0000e+000
4.920000e+003	2.33133379e-001	-3.16686662e+000	1.72279834e+002	0.00000000e+000	2.7210e+014	1.0000e-010	0.0000e+000
4.930000e+003	2.33150607e-001	-3.16684939e+000	1.67100534e+002	0.00000000e+000	2.7191e+014	1.0000e-010	0.0000e+000
4.940000e+003	2.33167317e-001	-3.16683268e+000	1.61924582e+002	0.00000000e+000	2.7174e+014	1.0000e-010	0.0000e+000
4.950000e+003	2.33183509e-001	-3.16681649e+000	1.56751870e+002	0.00000000e+000	2.7157e+014	1.0000e-010	0.0000e+000
4.960000e+003	2.33199185e-001	-3.16680082e+000	1.51582294e+002	0.00000000e+000	2.7140e+014	1.0000e-010	0.0000e+000
4.970000e+003	2.33214343e-001	-3.16678566e+000	1.46415748e+002	0.00000000e+000	2.7124e+014	1.0000e-010	0.0000e+000
4.980000e+003	2.33228984e-001	-3.16677102e+000	1.41252128e+002	0.00000000e+000	2.7109e+014	1.0000e-010	0.0000e+000
4.990000e+003	2.33243110e-001	-3.16675689e+000	1.36091328e+002	0.00000000e+000	2.7094e+014	1.0000e-010	0.0000e+000
5.000000e+003	2.33256719e-001	-3.16674328e+000	1.30933244e+002	0.00000000e+000	2.7080e+014	1.0000e-010	0.0000e+000
5.010000e+003	2.33269812e-001	-3.16673019e+000	1.25777772e+002	0.00000000e+000	2.7066e+014	1.0000e-010	0.0000e+000
5.020000e+003	2.33282390e-001	-3.16671761e+000	1.20624807e+002	0.00000000e+000	2.7053e+014	1.0000e-010	0.0000e+000
5.030000e+003	2.33294452e-001	-3.16670555e+000	1.15474247e+002	0.00000000e+000	2.7041e+014	1.0000e-010	0.0000e+000
5.040000e+003	2.33306000e-001	-3.16669400e+000	1.10325986e+002	0.00000000e+000	2.7028e+014	1.0000e-010	0.0000e+000
5.050000e+003	2.33317032e-001	-3.16668297e+000	1.05179922e+002	0.00000000e+000	2.7017e+014	1.0000e-010	0.0000e+000
5.060000e+003	2.33327550e-001	-3.16667245e+000	1.00035952e+002	0.00000000e+000	2.7006e+014	1.0000e-010	0.0000e+000
5.070000e+003	2.33337554e-001	-3.16666245e+000	9.48939710e+001	0.00000000e+000	2.6995e+014	1.0000e-010	0.0000e+000
5.080000e+003	2.33347043e-001	-3.16665296e+000	8.97538776e+001	0.00000000e+000	2.6986e+014	1.0000e-010	0.0000e+000
5.090000e+003	2.33356019e-001	-3.16664398e+000	8.46155684e+001	0.00000000e+000	2.6976e+014	1.0000e-010	0.0000e+000
5.100000e+003	2.33364480e-001	-3.16663552e+000	7.94789407e+001	0.00000000e+000	2.6967e+014	1.0000e-010	0.0000e+000
5.110000e+003	2.33372428e-001	-3.16662757e+000	7.43438920e+001	0.00000000e+000	2.6959e+014	1.0000e-010	0.0000e+000
5.120000e+003	2.33379862e-001	-3.16662014e+000	6.92103197e+001	0.00000000e+000	2.6951e+014	1.0000e-010	0.0000e+000
5.130000e+003	2.33386784e-001	-3.16661322e+000	6.40781217e+001	0.00000000e+000	2.6944e+014	1.0000e-010	0.0000e+000
5.140000e+003	2.33393191e-001	-3.16660681e+000	5.89471956e+001	0.00000000e+000	2.6937e+014	1.0000e-010	0.0000e+000
5.150000e+003	2.33399086e-001	-3.16660091e+000	5.38174393e+001	0.00000000e+000	2.6931e+014	1.0000e-010	0.0000e+000
5.160000e+003	2.33404468e-001	-3.16659553e+000	4.86887507e+001	0.00000000e+000	2.6926e+014	1.0000e-010	0.0000e+000
5.170000e+003	2.33409337e-001	-3.16659066e+000	4.35610280e+001	0.00000000e+000	2.6921e+014	1.0000e-010	0.0000e+000
5.180000e+003	2.33413693e-001	-3.16658631e+000	3.84341693e+001	0.00000000e+000	2.6916e+014	1.0000e-010	0.0000e+000
5.190000e+003	2.33417536e-001	-3.16658246e+000	3.33080727e+001	0.00000000e+000	2.6912e+014	1.0000e-010	0.0000e+000
5.200000e+003	2.33420867e-001	-3.16657913e+000	2.81826365e+001	0.00000000e+000	2.6909e+014	1.0000e-010	0.0000e+000
5.210000e+003	2.33423685e-001	-3.16657631e+000	2.30577590e+001	0.00000000e+000	2.6906e+014	1.0000e-010	0.0000e+000
5.220000e+003	2.33425991e-001	-3.16657401e+000	1.79333386e+001	0.00000000e+000	2.6903e+014	1.0000e-010	0.0000e+000
5.230000e+003	2.33427784e-001	-3.16657222e+000	1.28092737e+001	0.00000000e+000	2.6901e+014	1.0000e-010	0.0000e+000
5.240000e+003	2.33429065e-001	-3.16657093e+000	7.68546269e+000	0.00000000e+000	2.6900e+014	1.0000e-010	0.0000e+000
5.250000e+003	2.33429834e-001	-3.16657017e+000	2.56180397e+000	0.00000000e+000	2.6899e+014	1.0000e-010	0.0000e+000
5.260000e+003	2.33430090e-001	-3.16656991e+000	2.56180397e+000	0.00000000e+000	2.6899e+014	1.0000e-010	0.0000e+000
