Y (ang)	Ec (eV)	Ev (eV)	E (V/cm)	Ef (eV)	n (cm-3)	p (cm-3)	Nd - Na (cm-3)	el eval 1 (eV)	el eval 2 (eV)	el eval 3 (eV)	el eval 4 (eV)	el eval 5 (eV)	el eval 6 (eV)	el eval 7 (eV)	el eval 8 (eV)	el eval 9 (eV)	el eval 10 (eV)	el eval 11 (eV)	el eval 12 (eV)	el eval 13 (eV)
0.000000e+000	6.00000000e-001	-2.80000000e+000	1.57477173e+006	-0.00000000e+000	1.8691e+008	1.0000e-010	0.0000e+000
1.000000e+001	1.31747717e+000	-2.78252283e+000	-1.09172479e+006	0.00000000e+000	1.4301e-004	1.0000e-010	-1.3848e+020
2.000000e+001	1.20830469e+000	-2.89169531e+000	-1.09172479e+006	0.00000000e+000	4.5181e+006	1.0000e-010	0.0000e+000	-4.5030e-002	-3.3753e-002	3.8164e-002	7.0118e-002	9.0208e-002	1.0479e-001	1.1620e-001	1.2557e-001	1.3351e-001	1.4039e-001	1.4647e-001	1.5204e-001	1.5586e-001
3.000000e+001	1.09913222e+000	-3.00086778e+000	-1.09172479e+006	0.00000000e+000	2.5950e+008	1.0000e-010	0.0000e+000
4.000000e+001	9.89959736e-001	-3.11004026e+000	-1.09172479e+006	0.00000000e+000	1.6088e+010	1.0000e-010	0.0000e+000
5.000000e+001	8.80787257e-001	-3.21921274e+000	-1.09172481e+006	0.00000000e+000	8.5868e+011	1.0000e-010	0.0000e+000
6.000000e+001	7.71614776e-001	-3.32838522e+000	-1.09172557e+006	0.00000000e+000	3.8810e+013	1.0000e-010	0.0000e+000
7.000000e+001	6.62442219e-001	-3.43755778e+000	-1.09175417e+006	0.00000000e+000	1.4621e+015	1.0000e-010	0.0000e+000
8.000000e+001	5.53266802e-001	-3.54673320e+000	-1.09263545e+006	0.00000000e+000	4.5050e+016	1.0000e-010	0.0000e+000
9.000000e+001	4.44003257e-001	-3.65599674e+000	-1.11432031e+006	0.00000000e+000	1.1085e+018	1.0000e-010	0.0000e+000
1.000000e+002	-2.27428774e-001	-3.62742877e+000	1.14994713e+006	0.00000000e+000	2.1148e+019	1.0000e-010	1.3848e+020
1.100000e+002	-9.00340607e-002	-3.51803406e+000	7.84062988e+005	0.00000000e+000	1.3997e+019	1.0000e-010	-5.2547e+018
1.200000e+002	1.07722381e-002	-3.44522776e+000	6.07624889e+005	0.00000000e+000	4.0083e+018	1.0000e-010	-5.2784e+018
1.300000e+002	9.39347270e-002	-3.39006527e+000	4.93161311e+005	0.00000000e+000	7.2179e+017	1.0000e-010	-5.3022e+018
1.400000e+002	1.65650858e-001	-3.34634914e+000	3.89983189e+005	0.00000000e+000	9.5443e+016	1.0000e-010	-5.3259e+018
1.500000e+002	2.27049177e-001	-3.31295082e+000	2.87774041e+005	0.00000000e+000	9.7200e+015	1.0000e-010	-5.3496e+018
1.600000e+002	2.78226581e-001	-3.28977342e+000	1.85063619e+005	0.00000000e+000	8.5654e+014	1.0000e-010	-5.3733e+018
1.700000e+002	3.19132943e-001	-3.27686706e+000	8.16952996e+004	0.00000000e+000	7.1844e+013	1.0000e-010	-5.3970e+018
1.800000e+002	3.49702473e-001	-3.27429753e+000	-2.23468485e+004	0.00000000e+000	7.4462e+012	1.0000e-010	-5.4207e+018
1.900000e+002	3.69867788e-001	-3.28213221e+000	-1.27066104e+005	0.00000000e+000	1.8083e+012	1.0000e-010	-5.4445e+018
2.000000e+002	3.79561178e-001	-3.30043882e+000	-2.32464753e+005	0.00000000e+000	2.6692e+012	1.0000e-010	-5.4682e+018
2.100000e+002	3.78714702e-001	-3.32928530e+000	-3.38545390e+005	0.00000000e+000	2.5531e+013	1.0000e-010	-5.4919e+018
2.200000e+002	3.67260163e-001	-3.36873984e+000	-4.45316216e+005	0.00000000e+000	3.6040e+014	1.0000e-010	-5.5156e+018
2.300000e+002	3.45128542e-001	-3.41887146e+000	-5.52865273e+005	0.00000000e+000	5.1396e+015	1.0000e-010	-5.5393e+018
2.400000e+002	3.12242014e-001	-3.47975799e+000	-6.62347081e+005	0.00000000e+000	6.9506e+016	1.0000e-010	-5.5630e+018
2.500000e+002	2.68407306e-001	-3.55159269e+000	-7.87743765e+005	0.00000000e+000	8.5598e+017	1.0000e-010	-5.5868e+018
2.600000e+002	-1.46367070e-001	-3.54636707e+000	5.98170172e+005	0.00000000e+000	9.2025e+018	1.0000e-010	8.1311e+019
2.700000e+002	-8.65500529e-002	-3.48655005e+000	3.90754722e+005	0.00000000e+000	1.0888e+019	1.0000e-010	0.0000e+000
2.800000e+002	-4.74745807e-002	-3.44747458e+000	2.53440852e+005	0.00000000e+000	7.2079e+018	1.0000e-010	0.0000e+000
2.900000e+002	-2.21304955e-002	-3.42213050e+000	1.78388188e+005	0.00000000e+000	3.9393e+018	1.0000e-010	0.0000e+000
3.000000e+002	-4.29167677e-003	-3.40429168e+000	1.36193661e+005	0.00000000e+000	2.2144e+018	1.0000e-010	0.0000e+000
3.100000e+002	9.32768932e-003	-3.39067231e+000	1.09602626e+005	0.00000000e+000	1.3954e+018	1.0000e-010	0.0000e+000
3.200000e+002	2.02879520e-002	-3.37971205e+000	9.12445202e+004	0.00000000e+000	9.6330e+017	1.0000e-010	0.0000e+000
3.300000e+002	2.94124040e-002	-3.37058760e+000	7.78670836e+004	0.00000000e+000	7.0191e+017	1.0000e-010	0.0000e+000
3.400000e+002	3.71991123e-002	-3.36280089e+000	6.77795305e+004	0.00000000e+000	5.2927e+017	1.0000e-010	0.0000e+000
3.500000e+002	4.39770654e-002	-3.35602293e+000	5.99669540e+004	0.00000000e+000	4.0989e+017	1.0000e-010	0.0000e+000
3.600000e+002	4.99737608e-002	-3.35002624e+000	5.37543283e+004	0.00000000e+000	3.2594e+017	1.0000e-010	0.0000e+000
3.700000e+002	5.53491936e-002	-3.34465081e+000	4.86915310e+004	0.00000000e+000	2.6561e+017	1.0000e-010	0.0000e+000
3.800000e+002	6.02183467e-002	-3.33978165e+000	4.44911268e+004	0.00000000e+000	2.2036e+017	1.0000e-010	0.0000e+000
3.900000e+002	6.46674594e-002	-3.33533254e+000	4.09591660e+004	0.00000000e+000	1.8529e+017	1.0000e-010	0.0000e+000
4.000000e+002	6.87633760e-002	-3.33123662e+000	3.79479425e+004	0.00000000e+000	1.5797e+017	1.0000e-010	0.0000e+000
4.100000e+002	7.25581702e-002	-3.32744183e+000	3.53447957e+004	0.00000000e+000	1.3656e+017	1.0000e-010	0.0000e+000
4.200000e+002	7.60926498e-002	-3.32390735e+000	3.30712125e+004	0.00000000e+000	1.1927e+017	1.0000e-010	0.0000e+000
4.300000e+002	7.93997710e-002	-3.32060023e+000	3.10723804e+004	0.00000000e+000	1.0486e+017	1.0000e-010	0.0000e+000
4.400000e+002	8.25070091e-002	-3.31749299e+000	2.93035949e+004	0.00000000e+000	9.2790e+016	1.0000e-010	0.0000e+000
4.500000e+002	8.54373686e-002	-3.31456263e+000	2.77252867e+004	0.00000000e+000	8.2797e+016	1.0000e-010	0.0000e+000
4.600000e+002	8.82098972e-002	-3.31179010e+000	2.63056015e+004	0.00000000e+000	7.4476e+016	1.0000e-010	0.0000e+000
4.700000e+002	9.08404574e-002	-3.30915954e+000	2.50219505e+004	0.00000000e+000	6.7340e+016	1.0000e-010	0.0000e+000
4.800000e+002	9.33426524e-002	-3.30665735e+000	2.38578393e+004	0.00000000e+000	6.1069e+016	1.0000e-010	0.0000e+000
4.900000e+002	9.57284364e-002	-3.30427156e+000	2.27985084e+004	0.00000000e+000	5.5572e+016	1.0000e-010	0.0000e+000
5.000000e+002	9.80082872e-002	-3.30199171e+000	2.18295029e+004	0.00000000e+000	5.0834e+016	1.0000e-010	0.0000e+000
5.100000e+002	1.00191238e-001	-3.29980876e+000	2.09381364e+004	0.00000000e+000	4.6761e+016	1.0000e-010	0.0000e+000
5.200000e+002	1.02285051e-001	-3.29771495e+000	2.01149712e+004	0.00000000e+000	4.3183e+016	1.0000e-010	0.0000e+000
5.300000e+002	1.04296548e-001	-3.29570345e+000	1.93533868e+004	0.00000000e+000	3.9953e+016	1.0000e-010	0.0000e+000
5.400000e+002	1.06231887e-001	-3.29376811e+000	1.86478404e+004	0.00000000e+000	3.7013e+016	1.0000e-010	0.0000e+000
5.500000e+002	1.08096671e-001	-3.29190333e+000	1.79925700e+004	0.00000000e+000	3.4376e+016	1.0000e-010	0.0000e+000
5.600000e+002	1.09895928e-001	-3.29010407e+000	1.73816444e+004	0.00000000e+000	3.2050e+016	1.0000e-010	0.0000e+000
5.700000e+002	1.11634092e-001	-3.28836591e+000	1.68098480e+004	0.00000000e+000	2.9997e+016	1.0000e-010	0.0000e+000
5.800000e+002	1.13315077e-001	-3.28668492e+000	1.62733219e+004	0.00000000e+000	2.8147e+016	1.0000e-010	0.0000e+000
5.900000e+002	1.14942409e-001	-3.28505759e+000	1.57693953e+004	0.00000000e+000	2.6437e+016	1.0000e-010	0.0000e+000
6.000000e+002	1.16519349e-001	-3.28348065e+000	1.52958620e+004	0.00000000e+000	2.4843e+016	1.0000e-010	0.0000e+000
6.100000e+002	1.18048935e-001	-3.28195106e+000	1.48503449e+004	0.00000000e+000	2.3373e+016	1.0000e-010	0.0000e+000
6.200000e+002	1.19533970e-001	-3.28046603e+000	1.44301689e+004	0.00000000e+000	2.2044e+016	1.0000e-010	0.0000e+000
6.300000e+002	1.20976987e-001	-3.27902301e+000	1.40326901e+004	0.00000000e+000	2.0853e+016	1.0000e-010	0.0000e+000
6.400000e+002	1.22380256e-001	-3.27761974e+000	1.36557183e+004	0.00000000e+000	1.9777e+016	1.0000e-010	0.0000e+000
6.500000e+002	1.23745827e-001	-3.27625417e+000	1.32977005e+004	0.00000000e+000	1.8783e+016	1.0000e-010	0.0000e+000
6.600000e+002	1.25075597e-001	-3.27492440e+000	1.29575728e+004	0.00000000e+000	1.7844e+016	1.0000e-010	0.0000e+000
6.700000e+002	1.26371355e-001	-3.27362865e+000	1.26344315e+004	0.00000000e+000	1.6953e+016	1.0000e-010	0.0000e+000
6.800000e+002	1.27634798e-001	-3.27236520e+000	1.23272506e+004	0.00000000e+000	1.6116e+016	1.0000e-010	0.0000e+000
6.900000e+002	1.28867523e-001	-3.27113248e+000	1.20347953e+004	0.00000000e+000	1.5344e+016	1.0000e-010	0.0000e+000
7.000000e+002	1.30071002e-001	-3.26992900e+000	1.17557340e+004	0.00000000e+000	1.4641e+016	1.0000e-010	0.0000e+000
7.100000e+002	1.31246576e-001	-3.26875342e+000	1.14888409e+004	0.00000000e+000	1.4003e+016	1.0000e-010	0.0000e+000
7.200000e+002	1.32395460e-001	-3.26760454e+000	1.12331570e+004	0.00000000e+000	1.3415e+016	1.0000e-010	0.0000e+000
7.300000e+002	1.33518776e-001	-3.26648122e+000	1.09880309e+004	0.00000000e+000	1.2861e+016	1.0000e-010	0.0000e+000
7.400000e+002	1.34617579e-001	-3.26538242e+000	1.07530373e+004	0.00000000e+000	1.2329e+016	1.0000e-010	0.0000e+000
7.500000e+002	1.35692882e-001	-3.26430712e+000	1.05278311e+004	0.00000000e+000	1.1816e+016	1.0000e-010	0.0000e+000
7.600000e+002	1.36745666e-001	-3.26325433e+000	1.03120102e+004	0.00000000e+000	1.1323e+016	1.0000e-010	0.0000e+000
7.700000e+002	1.37776867e-001	-3.26222313e+000	1.01050463e+004	0.00000000e+000	1.0859e+016	1.0000e-010	0.0000e+000
7.800000e+002	1.38787371e-001	-3.26121263e+000	9.90629041e+003	0.00000000e+000	1.0428e+016	1.0000e-010	0.0000e+000
7.900000e+002	1.39778000e-001	-3.26022200e+000	9.71504235e+003	0.00000000e+000	1.0034e+016	1.0000e-010	0.0000e+000
8.000000e+002	1.40749505e-001	-3.25925050e+000	9.53064310e+003	0.00000000e+000	9.6752e+015	1.0000e-010	0.0000e+000
8.100000e+002	1.41702569e-001	-3.25829743e+000	9.35255299e+003	0.00000000e+000	9.3442e+015	1.0000e-010	0.0000e+000
8.200000e+002	1.42637824e-001	-3.25736218e+000	9.18039223e+003	0.00000000e+000	9.0331e+015	1.0000e-010	0.0000e+000
8.300000e+002	1.43555863e-001	-3.25644414e+000	9.01393728e+003	0.00000000e+000	8.7337e+015	1.0000e-010	0.0000e+000
8.400000e+002	1.44457257e-001	-3.25554274e+000	8.85308197e+003	0.00000000e+000	8.4400e+015	1.0000e-010	0.0000e+000
8.500000e+002	1.45342565e-001	-3.25465743e+000	8.69777987e+003	0.00000000e+000	8.1486e+015	1.0000e-010	0.0000e+000
8.600000e+002	1.46212343e-001	-3.25378766e+000	8.54798587e+003	0.00000000e+000	7.8597e+015	1.0000e-010	0.0000e+000
8.700000e+002	1.47067142e-001	-3.25293286e+000	8.40361035e+003	0.00000000e+000	7.5755e+015	1.0000e-010	0.0000e+000
8.800000e+002	1.47907503e-001	-3.25209250e+000	8.26449302e+003	0.00000000e+000	7.2996e+015	1.0000e-010	0.0000e+000
8.900000e+002	1.48733952e-001	-3.25126605e+000	8.13039725e+003	0.00000000e+000	7.0362e+015	1.0000e-010	0.0000e+000
9.000000e+002	1.49546992e-001	-3.25045301e+000	8.00102093e+003	0.00000000e+000	6.7887e+015	1.0000e-010	0.0000e+000
9.100000e+002	1.50347094e-001	-3.24965291e+000	7.87601787e+003	0.00000000e+000	6.5593e+015	1.0000e-010	0.0000e+000
9.200000e+002	1.51134696e-001	-3.24886530e+000	7.75502349e+003	0.00000000e+000	6.3490e+015	1.0000e-010	0.0000e+000
9.300000e+002	1.51910198e-001	-3.24808980e+000	7.63767950e+003	0.00000000e+000	6.1575e+015	1.0000e-010	0.0000e+000
9.400000e+002	1.52673966e-001	-3.24732603e+000	7.52365218e+003	0.00000000e+000	5.9836e+015	1.0000e-010	0.0000e+000
9.500000e+002	1.53426331e-001	-3.24657367e+000	7.41265203e+003	0.00000000e+000	5.8248e+015	1.0000e-010	0.0000e+000
9.600000e+002	1.54167597e-001	-3.24583240e+000	7.30443778e+003	0.00000000e+000	5.6786e+015	1.0000e-010	0.0000e+000
9.700000e+002	1.54898040e-001	-3.24510196e+000	7.19882184e+003	0.00000000e+000	5.5423e+015	1.0000e-010	0.0000e+000
9.800000e+002	1.55617922e-001	-3.24438208e+000	7.09567259e+003	0.00000000e+000	5.4129e+015	1.0000e-010	0.0000e+000
9.900000e+002	1.56327490e-001	-3.24367251e+000	6.99491598e+003	0.00000000e+000	5.2873e+015	1.0000e-010	0.0000e+000
1.000000e+003	1.57026981e-001	-3.24297302e+000	6.89659441e+003	0.00000000e+000	5.1594e+015	1.0000e-010	0.0000e+000	-4.5030e-002	-3.3753e-002	3.8164e-002	7.0118e-002	9.0208e-002	1.0479e-001	1.1620e-001	1.2557e-001	1.3351e-001	1.4039e-001	1.4647e-001	1.5204e-001	1.5586e-001
1.010000e+003	1.57716641e-001	-3.24228336e+000	6.80076334e+003	0.00000000e+000	5.0304e+015	1.0000e-010	0.0000e+000
1.020000e+003	1.58396717e-001	-3.24160328e+000	6.70742039e+003	0.00000000e+000	4.8998e+015	1.0000e-010	0.0000e+000
1.030000e+003	1.59067459e-001	-3.24093254e+000	6.61646811e+003	0.00000000e+000	4.7743e+015	1.0000e-010	0.0000e+000
1.040000e+003	1.59729106e-001	-3.24027089e+000	6.52781410e+003	0.00000000e+000	4.6537e+015	1.0000e-010	0.0000e+000
1.050000e+003	1.60381887e-001	-3.23961811e+000	6.44137064e+003	0.00000000e+000	4.5376e+015	1.0000e-010	0.0000e+000
1.060000e+003	1.61026024e-001	-3.23897398e+000	6.35705442e+003	0.00000000e+000	4.4260e+015	1.0000e-010	0.0000e+000
1.070000e+003	1.61661730e-001	-3.23833827e+000	6.27478627e+003	0.00000000e+000	4.3185e+015	1.0000e-010	0.0000e+000
1.080000e+003	1.62289208e-001	-3.23771079e+000	6.19449089e+003	0.00000000e+000	4.2149e+015	1.0000e-010	0.0000e+000
1.090000e+003	1.62908658e-001	-3.23709134e+000	6.11609663e+003	0.00000000e+000	4.1151e+015	1.0000e-010	0.0000e+000
1.100000e+003	1.63520267e-001	-3.23647973e+000	6.03953527e+003	0.00000000e+000	4.0189e+015	1.0000e-010	0.0000e+000
1.110000e+003	1.64124221e-001	-3.23587578e+000	5.96474180e+003	0.00000000e+000	3.9261e+015	1.0000e-010	0.0000e+000
1.120000e+003	1.64720695e-001	-3.23527931e+000	5.89165426e+003	0.00000000e+000	3.8366e+015	1.0000e-010	0.0000e+000
1.130000e+003	1.65309860e-001	-3.23469014e+000	5.82021354e+003	0.00000000e+000	3.7502e+015	1.0000e-010	0.0000e+000
1.140000e+003	1.65891882e-001	-3.23410812e+000	5.75036324e+003	0.00000000e+000	3.6667e+015	1.0000e-010	0.0000e+000
1.150000e+003	1.66466918e-001	-3.23353308e+000	5.68204949e+003	0.00000000e+000	3.5860e+015	1.0000e-010	0.0000e+000
1.160000e+003	1.67035123e-001	-3.23296488e+000	5.61522085e+003	0.00000000e+000	3.5081e+015	1.0000e-010	0.0000e+000
1.170000e+003	1.67596645e-001	-3.23240335e+000	5.54982811e+003	0.00000000e+000	3.4327e+015	1.0000e-010	0.0000e+000
1.180000e+003	1.68151628e-001	-3.23184837e+000	5.48582425e+003	0.00000000e+000	3.3598e+015	1.0000e-010	0.0000e+000
1.190000e+003	1.68700210e-001	-3.23129979e+000	5.42316424e+003	0.00000000e+000	3.2893e+015	1.0000e-010	0.0000e+000
1.200000e+003	1.69242527e-001	-3.23075747e+000	5.36180501e+003	0.00000000e+000	3.2210e+015	1.0000e-010	0.0000e+000
1.210000e+003	1.69778707e-001	-3.23022129e+000	5.30170529e+003	0.00000000e+000	3.1549e+015	1.0000e-010	0.0000e+000
1.220000e+003	1.70308878e-001	-3.22969112e+000	5.24282554e+003	0.00000000e+000	3.0908e+015	1.0000e-010	0.0000e+000
1.230000e+003	1.70833160e-001	-3.22916684e+000	5.18512785e+003	0.00000000e+000	3.0288e+015	1.0000e-010	0.0000e+000
1.240000e+003	1.71351673e-001	-3.22864833e+000	5.12857587e+003	0.00000000e+000	2.9686e+015	1.0000e-010	0.0000e+000
1.250000e+003	1.71864531e-001	-3.22813547e+000	5.07313473e+003	0.00000000e+000	2.9103e+015	1.0000e-010	0.0000e+000
1.260000e+003	1.72371844e-001	-3.22762816e+000	5.01877095e+003	0.00000000e+000	2.8538e+015	1.0000e-010	0.0000e+000
1.270000e+003	1.72873721e-001	-3.22712628e+000	4.96545238e+003	0.00000000e+000	2.7989e+015	1.0000e-010	0.0000e+000
1.280000e+003	1.73370267e-001	-3.22662973e+000	4.91314814e+003	0.00000000e+000	2.7457e+015	1.0000e-010	0.0000e+000
1.290000e+003	1.73861581e-001	-3.22613842e+000	4.86182855e+003	0.00000000e+000	2.6940e+015	1.0000e-010	0.0000e+000
1.300000e+003	1.74347764e-001	-3.22565224e+000	4.81146508e+003	0.00000000e+000	2.6438e+015	1.0000e-010	0.0000e+000
1.310000e+003	1.74828911e-001	-3.22517109e+000	4.76203028e+003	0.00000000e+000	2.5951e+015	1.0000e-010	0.0000e+000
1.320000e+003	1.75305114e-001	-3.22469489e+000	4.71349776e+003	0.00000000e+000	2.5477e+015	1.0000e-010	0.0000e+000
1.330000e+003	1.75776463e-001	-3.22422354e+000	4.66584209e+003	0.00000000e+000	2.5017e+015	1.0000e-010	0.0000e+000
1.340000e+003	1.76243048e-001	-3.22375695e+000	4.61903881e+003	0.00000000e+000	2.4569e+015	1.0000e-010	0.0000e+000
1.350000e+003	1.76704952e-001	-3.22329505e+000	4.57306435e+003	0.00000000e+000	2.4134e+015	1.0000e-010	0.0000e+000
1.360000e+003	1.77162258e-001	-3.22283774e+000	4.52789601e+003	0.00000000e+000	2.3711e+015	1.0000e-010	0.0000e+000
1.370000e+003	1.77615048e-001	-3.22238495e+000	4.48351188e+003	0.00000000e+000	2.3299e+015	1.0000e-010	0.0000e+000
1.380000e+003	1.78063399e-001	-3.22193660e+000	4.43989087e+003	0.00000000e+000	2.2899e+015	1.0000e-010	0.0000e+000
1.390000e+003	1.78507388e-001	-3.22149261e+000	4.39701262e+003	0.00000000e+000	2.2509e+015	1.0000e-010	0.0000e+000
1.400000e+003	1.78947089e-001	-3.22105291e+000	4.35485750e+003	0.00000000e+000	2.2129e+015	1.0000e-010	0.0000e+000
1.410000e+003	1.79382575e-001	-3.22061743e+000	4.31340654e+003	0.00000000e+000	2.1760e+015	1.0000e-010	0.0000e+000
1.420000e+003	1.79813916e-001	-3.22018608e+000	4.27264146e+003	0.00000000e+000	2.1400e+015	1.0000e-010	0.0000e+000
1.430000e+003	1.80241180e-001	-3.21975882e+000	4.23254458e+003	0.00000000e+000	2.1049e+015	1.0000e-010	0.0000e+000
1.440000e+003	1.80664434e-001	-3.21933557e+000	4.19309883e+003	0.00000000e+000	2.0707e+015	1.0000e-010	0.0000e+000
1.450000e+003	1.81083744e-001	-3.21891626e+000	4.15428771e+003	0.00000000e+000	2.0374e+015	1.0000e-010	0.0000e+000
1.460000e+003	1.81499173e-001	-3.21850083e+000	4.11609529e+003	0.00000000e+000	2.0049e+015	1.0000e-010	0.0000e+000
1.470000e+003	1.81910782e-001	-3.21808922e+000	4.07850614e+003	0.00000000e+000	1.9733e+015	1.0000e-010	0.0000e+000
1.480000e+003	1.82318633e-001	-3.21768137e+000	4.04150536e+003	0.00000000e+000	1.9424e+015	1.0000e-010	0.0000e+000
1.490000e+003	1.82722783e-001	-3.21727722e+000	4.00507852e+003	0.00000000e+000	1.9122e+015	1.0000e-010	0.0000e+000
1.500000e+003	1.83123291e-001	-3.21687671e+000	3.96921167e+003	0.00000000e+000	1.8828e+015	1.0000e-010	0.0000e+000
1.510000e+003	1.83520213e-001	-3.21647979e+000	3.93389130e+003	0.00000000e+000	1.8542e+015	1.0000e-010	0.0000e+000
1.520000e+003	1.83913602e-001	-3.21608640e+000	3.89910433e+003	0.00000000e+000	1.8262e+015	1.0000e-010	0.0000e+000
1.530000e+003	1.84303512e-001	-3.21569649e+000	3.86483810e+003	0.00000000e+000	1.7988e+015	1.0000e-010	0.0000e+000
1.540000e+003	1.84689996e-001	-3.21531000e+000	3.83108033e+003	0.00000000e+000	1.7721e+015	1.0000e-010	0.0000e+000
1.550000e+003	1.85073104e-001	-3.21492690e+000	3.79781914e+003	0.00000000e+000	1.7461e+015	1.0000e-010	0.0000e+000
1.560000e+003	1.85452886e-001	-3.21454711e+000	3.76504300e+003	0.00000000e+000	1.7206e+015	1.0000e-010	0.0000e+000
1.570000e+003	1.85829390e-001	-3.21417061e+000	3.73274075e+003	0.00000000e+000	1.6957e+015	1.0000e-010	0.0000e+000
1.580000e+003	1.86202664e-001	-3.21379734e+000	3.70090156e+003	0.00000000e+000	1.6714e+015	1.0000e-010	0.0000e+000
1.590000e+003	1.86572754e-001	-3.21342725e+000	3.66951492e+003	0.00000000e+000	1.6477e+015	1.0000e-010	0.0000e+000
1.600000e+003	1.86939706e-001	-3.21306029e+000	3.63857065e+003	0.00000000e+000	1.6244e+015	1.0000e-010	0.0000e+000
1.610000e+003	1.87303563e-001	-3.21269644e+000	3.60805886e+003	0.00000000e+000	1.6017e+015	1.0000e-010	0.0000e+000
1.620000e+003	1.87664369e-001	-3.21233563e+000	3.57796995e+003	0.00000000e+000	1.5795e+015	1.0000e-010	0.0000e+000
1.630000e+003	1.88022166e-001	-3.21197783e+000	3.54829461e+003	0.00000000e+000	1.5578e+015	1.0000e-010	0.0000e+000
1.640000e+003	1.88376995e-001	-3.21162300e+000	3.51902379e+003	0.00000000e+000	1.5366e+015	1.0000e-010	0.0000e+000
1.650000e+003	1.88728898e-001	-3.21127110e+000	3.49014871e+003	0.00000000e+000	1.5158e+015	1.0000e-010	0.0000e+000
1.660000e+003	1.89077913e-001	-3.21092209e+000	3.46166084e+003	0.00000000e+000	1.4955e+015	1.0000e-010	0.0000e+000
1.670000e+003	1.89424079e-001	-3.21057592e+000	3.43355189e+003	0.00000000e+000	1.4756e+015	1.0000e-010	0.0000e+000
1.680000e+003	1.89767434e-001	-3.21023257e+000	3.40581381e+003	0.00000000e+000	1.4561e+015	1.0000e-010	0.0000e+000
1.690000e+003	1.90108015e-001	-3.20989198e+000	3.37843875e+003	0.00000000e+000	1.4371e+015	1.0000e-010	0.0000e+000
1.700000e+003	1.90445859e-001	-3.20955414e+000	3.35141912e+003	0.00000000e+000	1.4184e+015	1.0000e-010	0.0000e+000
1.710000e+003	1.90781001e-001	-3.20921900e+000	3.32474750e+003	0.00000000e+000	1.4002e+015	1.0000e-010	0.0000e+000
1.720000e+003	1.91113476e-001	-3.20888652e+000	3.29841671e+003	0.00000000e+000	1.3823e+015	1.0000e-010	0.0000e+000
1.730000e+003	1.91443317e-001	-3.20855668e+000	3.27241973e+003	0.00000000e+000	1.3647e+015	1.0000e-010	0.0000e+000
1.740000e+003	1.91770559e-001	-3.20822944e+000	3.24674975e+003	0.00000000e+000	1.3476e+015	1.0000e-010	0.0000e+000
1.750000e+003	1.92095234e-001	-3.20790477e+000	3.22140015e+003	0.00000000e+000	1.3308e+015	1.0000e-010	0.0000e+000
1.760000e+003	1.92417374e-001	-3.20758263e+000	3.19636446e+003	0.00000000e+000	1.3143e+015	1.0000e-010	0.0000e+000
1.770000e+003	1.92737011e-001	-3.20726299e+000	3.17163642e+003	0.00000000e+000	1.2981e+015	1.0000e-010	0.0000e+000
1.780000e+003	1.93054174e-001	-3.20694583e+000	3.14720989e+003	0.00000000e+000	1.2823e+015	1.0000e-010	0.0000e+000
1.790000e+003	1.93368895e-001	-3.20663110e+000	3.12307893e+003	0.00000000e+000	1.2668e+015	1.0000e-010	0.0000e+000
1.800000e+003	1.93681203e-001	-3.20631880e+000	3.09923774e+003	0.00000000e+000	1.2516e+015	1.0000e-010	0.0000e+000
1.810000e+003	1.93991127e-001	-3.20600887e+000	3.07568065e+003	0.00000000e+000	1.2367e+015	1.0000e-010	0.0000e+000
1.820000e+003	1.94298695e-001	-3.20570130e+000	3.05240217e+003	0.00000000e+000	1.2220e+015	1.0000e-010	0.0000e+000
1.830000e+003	1.94603935e-001	-3.20539606e+000	3.02939693e+003	0.00000000e+000	1.2077e+015	1.0000e-010	0.0000e+000
1.840000e+003	1.94906875e-001	-3.20509312e+000	3.00665969e+003	0.00000000e+000	1.1936e+015	1.0000e-010	0.0000e+000
1.850000e+003	1.95207541e-001	-3.20479246e+000	2.98418537e+003	0.00000000e+000	1.1798e+015	1.0000e-010	0.0000e+000
1.860000e+003	1.95505960e-001	-3.20449404e+000	2.96196898e+003	0.00000000e+000	1.1663e+015	1.0000e-010	0.0000e+000
1.870000e+003	1.95802156e-001	-3.20419784e+000	2.94000568e+003	0.00000000e+000	1.1530e+015	1.0000e-010	0.0000e+000
1.880000e+003	1.96096157e-001	-3.20390384e+000	2.91829074e+003	0.00000000e+000	1.1400e+015	1.0000e-010	0.0000e+000
1.890000e+003	1.96387986e-001	-3.20361201e+000	2.89681955e+003	0.00000000e+000	1.1272e+015	1.0000e-010	0.0000e+000
1.900000e+003	1.96677668e-001	-3.20332233e+000	2.87558761e+003	0.00000000e+000	1.1146e+015	1.0000e-010	0.0000e+000
1.910000e+003	1.96965227e-001	-3.20303477e+000	2.85459053e+003	0.00000000e+000	1.1023e+015	1.0000e-010	0.0000e+000
1.920000e+003	1.97250686e-001	-3.20274931e+000	2.83382403e+003	0.00000000e+000	1.0902e+015	1.0000e-010	0.0000e+000
1.930000e+003	1.97534068e-001	-3.20246593e+000	2.81328392e+003	0.00000000e+000	1.0783e+015	1.0000e-010	0.0000e+000
1.940000e+003	1.97815397e-001	-3.20218460e+000	2.79296612e+003	0.00000000e+000	1.0666e+015	1.0000e-010	0.0000e+000
1.950000e+003	1.98094693e-001	-3.20190531e+000	2.77286665e+003	0.00000000e+000	1.0552e+015	1.0000e-010	0.0000e+000
1.960000e+003	1.98371980e-001	-3.20162802e+000	2.75298161e+003	0.00000000e+000	1.0439e+015	1.0000e-010	0.0000e+000
1.970000e+003	1.98647278e-001	-3.20135272e+000	2.73330721e+003	0.00000000e+000	1.0328e+015	1.0000e-010	0.0000e+000
1.980000e+003	1.98920609e-001	-3.20107939e+000	2.71383972e+003	0.00000000e+000	1.0220e+015	1.0000e-010	0.0000e+000
1.990000e+003	1.99191993e-001	-3.20080801e+000	2.69457553e+003	0.00000000e+000	1.0113e+015	1.0000e-010	0.0000e+000
2.000000e+003	1.99461450e-001	-3.20053855e+000	2.67551108e+003	0.00000000e+000	1.0008e+015	1.0000e-010	0.0000e+000
2.010000e+003	1.99729001e-001	-3.20027100e+000	2.65664293e+003	0.00000000e+000	9.9052e+014	1.0000e-010	0.0000e+000
2.020000e+003	1.99994666e-001	-3.20000533e+000	2.63796767e+003	0.00000000e+000	9.8039e+014	1.0000e-010	0.0000e+000
2.030000e+003	2.00258463e-001	-3.19974154e+000	2.61948202e+003	0.00000000e+000	9.7044e+014	1.0000e-010	0.0000e+000
2.040000e+003	2.00520411e-001	-3.19947959e+000	2.60118272e+003	0.00000000e+000	9.6066e+014	1.0000e-010	0.0000e+000
2.050000e+003	2.00780529e-001	-3.19921947e+000	2.58306663e+003	0.00000000e+000	9.5104e+014	1.0000e-010	0.0000e+000
2.060000e+003	2.01038836e-001	-3.19896116e+000	2.56513064e+003	0.00000000e+000	9.4159e+014	1.0000e-010	0.0000e+000
2.070000e+003	2.01295349e-001	-3.19870465e+000	2.54737174e+003	0.00000000e+000	9.3229e+014	1.0000e-010	0.0000e+000
2.080000e+003	2.01550086e-001	-3.19844991e+000	2.52978698e+003	0.00000000e+000	9.2315e+014	1.0000e-010	0.0000e+000
2.090000e+003	2.01803065e-001	-3.19819694e+000	2.51237345e+003	0.00000000e+000	9.1416e+014	1.0000e-010	0.0000e+000
2.100000e+003	2.02054302e-001	-3.19794570e+000	2.49512834e+003	0.00000000e+000	9.0532e+014	1.0000e-010	0.0000e+000
2.110000e+003	2.02303815e-001	-3.19769619e+000	2.47804886e+003	0.00000000e+000	8.9662e+014	1.0000e-010	0.0000e+000
2.120000e+003	2.02551620e-001	-3.19744838e+000	2.46113232e+003	0.00000000e+000	8.8807e+014	1.0000e-010	0.0000e+000
2.130000e+003	2.02797733e-001	-3.19720227e+000	2.44437606e+003	0.00000000e+000	8.7966e+014	1.0000e-010	0.0000e+000
2.140000e+003	2.03042170e-001	-3.19695783e+000	2.42777749e+003	0.00000000e+000	8.7138e+014	1.0000e-010	0.0000e+000
2.150000e+003	2.03284948e-001	-3.19671505e+000	2.41133407e+003	0.00000000e+000	8.6323e+014	1.0000e-010	0.0000e+000
2.160000e+003	2.03526082e-001	-3.19647392e+000	2.39504331e+003	0.00000000e+000	8.5522e+014	1.0000e-010	0.0000e+000
2.170000e+003	2.03765586e-001	-3.19623441e+000	2.37890278e+003	0.00000000e+000	8.4733e+014	1.0000e-010	0.0000e+000
2.180000e+003	2.04003476e-001	-3.19599652e+000	2.36291010e+003	0.00000000e+000	8.3957e+014	1.0000e-010	0.0000e+000
2.190000e+003	2.04239767e-001	-3.19576023e+000	2.34706292e+003	0.00000000e+000	8.3193e+014	1.0000e-010	0.0000e+000
2.200000e+003	2.04474474e-001	-3.19552553e+000	2.33135896e+003	0.00000000e+000	8.2442e+014	1.0000e-010	0.0000e+000
2.210000e+003	2.04707609e-001	-3.19529239e+000	2.31579599e+003	0.00000000e+000	8.1701e+014	1.0000e-010	0.0000e+000
2.220000e+003	2.04939189e-001	-3.19506081e+000	2.30037181e+003	0.00000000e+000	8.0973e+014	1.0000e-010	0.0000e+000
2.230000e+003	2.05169226e-001	-3.19483077e+000	2.28508427e+003	0.00000000e+000	8.0256e+014	1.0000e-010	0.0000e+000
2.240000e+003	2.05397735e-001	-3.19460227e+000	2.26993126e+003	0.00000000e+000	7.9549e+014	1.0000e-010	0.0000e+000
2.250000e+003	2.05624728e-001	-3.19437527e+000	2.25491072e+003	0.00000000e+000	7.8854e+014	1.0000e-010	0.0000e+000
2.260000e+003	2.05850219e-001	-3.19414978e+000	2.24002062e+003	0.00000000e+000	7.8169e+014	1.0000e-010	0.0000e+000
2.270000e+003	2.06074221e-001	-3.19392578e+000	2.22525899e+003	0.00000000e+000	7.7495e+014	1.0000e-010	0.0000e+000
2.280000e+003	2.06296747e-001	-3.19370325e+000	2.21062387e+003	0.00000000e+000	7.6831e+014	1.0000e-010	0.0000e+000
2.290000e+003	2.06517809e-001	-3.19348219e+000	2.19611337e+003	0.00000000e+000	7.6176e+014	1.0000e-010	0.0000e+000
2.300000e+003	2.06737421e-001	-3.19326258e+000	2.18172561e+003	0.00000000e+000	7.5532e+014	1.0000e-010	0.0000e+000
2.310000e+003	2.06955593e-001	-3.19304441e+000	2.16745876e+003	0.00000000e+000	7.4897e+014	1.0000e-010	0.0000e+000
2.320000e+003	2.07172339e-001	-3.19282766e+000	2.15331103e+003	0.00000000e+000	7.4272e+014	1.0000e-010	0.0000e+000
2.330000e+003	2.07387670e-001	-3.19261233e+000	2.13928065e+003	0.00000000e+000	7.3656e+014	1.0000e-010	0.0000e+000
2.340000e+003	2.07601598e-001	-3.19239840e+000	2.12536589e+003	0.00000000e+000	7.3049e+014	1.0000e-010	0.0000e+000
2.350000e+003	2.07814135e-001	-3.19218587e+000	2.11156506e+003	0.00000000e+000	7.2451e+014	1.0000e-010	0.0000e+000
2.360000e+003	2.08025291e-001	-3.19197471e+000	2.09787650e+003	0.00000000e+000	7.1862e+014	1.0000e-010	0.0000e+000
2.370000e+003	2.08235079e-001	-3.19176492e+000	2.08429857e+003	0.00000000e+000	7.1281e+014	1.0000e-010	0.0000e+000
2.380000e+003	2.08443509e-001	-3.19155649e+000	2.07082967e+003	0.00000000e+000	7.0708e+014	1.0000e-010	0.0000e+000
2.390000e+003	2.08650592e-001	-3.19134941e+000	2.05746822e+003	0.00000000e+000	7.0144e+014	1.0000e-010	0.0000e+000
2.400000e+003	2.08856339e-001	-3.19114366e+000	2.04421270e+003	0.00000000e+000	6.9588e+014	1.0000e-010	0.0000e+000
2.410000e+003	2.09060760e-001	-3.19093924e+000	2.03106158e+003	0.00000000e+000	6.9040e+014	1.0000e-010	0.0000e+000
2.420000e+003	2.09263866e-001	-3.19073613e+000	2.01801338e+003	0.00000000e+000	6.8500e+014	1.0000e-010	0.0000e+000
2.430000e+003	2.09465667e-001	-3.19053433e+000	2.00506663e+003	0.00000000e+000	6.7967e+014	1.0000e-010	0.0000e+000
2.440000e+003	2.09666174e-001	-3.19033383e+000	1.99221991e+003	0.00000000e+000	6.7442e+014	1.0000e-010	0.0000e+000
2.450000e+003	2.09865396e-001	-3.19013460e+000	1.97947181e+003	0.00000000e+000	6.6925e+014	1.0000e-010	0.0000e+000
2.460000e+003	2.10063343e-001	-3.18993666e+000	1.96682095e+003	0.00000000e+000	6.6414e+014	1.0000e-010	0.0000e+000
2.470000e+003	2.10260025e-001	-3.18973997e+000	1.95426597e+003	0.00000000e+000	6.5911e+014	1.0000e-010	0.0000e+000
2.480000e+003	2.10455452e-001	-3.18954455e+000	1.94180554e+003	0.00000000e+000	6.5414e+014	1.0000e-010	0.0000e+000
2.490000e+003	2.10649632e-001	-3.18935037e+000	1.92943835e+003	0.00000000e+000	6.4925e+014	1.0000e-010	0.0000e+000
2.500000e+003	2.10842576e-001	-3.18915742e+000	1.91716313e+003	0.00000000e+000	6.4442e+014	1.0000e-010	0.0000e+000
2.510000e+003	2.11034293e-001	-3.18896571e+000	1.90497859e+003	0.00000000e+000	6.3966e+014	1.0000e-010	0.0000e+000
2.520000e+003	2.11224790e-001	-3.18877521e+000	1.89288352e+003	0.00000000e+000	6.3496e+014	1.0000e-010	0.0000e+000
2.530000e+003	2.11414079e-001	-3.18858592e+000	1.88087668e+003	0.00000000e+000	6.3033e+014	1.0000e-010	0.0000e+000
2.540000e+003	2.11602166e-001	-3.18839783e+000	1.86895687e+003	0.00000000e+000	6.2576e+014	1.0000e-010	0.0000e+000
2.550000e+003	2.11789062e-001	-3.18821094e+000	1.85712294e+003	0.00000000e+000	6.2126e+014	1.0000e-010	0.0000e+000
2.560000e+003	2.11974774e-001	-3.18802523e+000	1.84537370e+003	0.00000000e+000	6.1681e+014	1.0000e-010	0.0000e+000
2.570000e+003	2.12159312e-001	-3.18784069e+000	1.83370804e+003	0.00000000e+000	6.1242e+014	1.0000e-010	0.0000e+000
2.580000e+003	2.12342683e-001	-3.18765732e+000	1.82212483e+003	0.00000000e+000	6.0809e+014	1.0000e-010	0.0000e+000
2.590000e+003	2.12524895e-001	-3.18747510e+000	1.81062298e+003	0.00000000e+000	6.0382e+014	1.0000e-010	0.0000e+000
2.600000e+003	2.12705957e-001	-3.18729404e+000	1.79920140e+003	0.00000000e+000	5.9961e+014	1.0000e-010	0.0000e+000
2.610000e+003	2.12885877e-001	-3.18711412e+000	1.78785904e+003	0.00000000e+000	5.9545e+014	1.0000e-010	0.0000e+000
2.620000e+003	2.13064663e-001	-3.18693534e+000	1.77659484e+003	0.00000000e+000	5.9135e+014	1.0000e-010	0.0000e+000
2.630000e+003	2.13242323e-001	-3.18675768e+000	1.76540779e+003	0.00000000e+000	5.8730e+014	1.0000e-010	0.0000e+000
2.640000e+003	2.13418864e-001	-3.18658114e+000	1.75429688e+003	0.00000000e+000	5.8330e+014	1.0000e-010	0.0000e+000
2.650000e+003	2.13594293e-001	-3.18640571e+000	1.74326111e+003	0.00000000e+000	5.7935e+014	1.0000e-010	0.0000e+000
2.660000e+003	2.13768619e-001	-3.18623138e+000	1.73229950e+003	0.00000000e+000	5.7546e+014	1.0000e-010	0.0000e+000
2.670000e+003	2.13941849e-001	-3.18605815e+000	1.72141110e+003	0.00000000e+000	5.7162e+014	1.0000e-010	0.0000e+000
2.680000e+003	2.14113991e-001	-3.18588601e+000	1.71059496e+003	0.00000000e+000	5.6782e+014	1.0000e-010	0.0000e+000
2.690000e+003	2.14285050e-001	-3.18571495e+000	1.69985016e+003	0.00000000e+000	5.6408e+014	1.0000e-010	0.0000e+000
2.700000e+003	2.14455035e-001	-3.18554496e+000	1.68917577e+003	0.00000000e+000	5.6038e+014	1.0000e-010	0.0000e+000
2.710000e+003	2.14623953e-001	-3.18537605e+000	1.67857091e+003	0.00000000e+000	5.5673e+014	1.0000e-010	0.0000e+000
2.720000e+003	2.14791810e-001	-3.18520819e+000	1.66803467e+003	0.00000000e+000	5.5313e+014	1.0000e-010	0.0000e+000
2.730000e+003	2.14958613e-001	-3.18504139e+000	1.65756621e+003	0.00000000e+000	5.4957e+014	1.0000e-010	0.0000e+000
2.740000e+003	2.15124370e-001	-3.18487563e+000	1.64716464e+003	0.00000000e+000	5.4606e+014	1.0000e-010	0.0000e+000
2.750000e+003	2.15289086e-001	-3.18471091e+000	1.63682914e+003	0.00000000e+000	5.4259e+014	1.0000e-010	0.0000e+000
2.760000e+003	2.15452769e-001	-3.18454723e+000	1.62655888e+003	0.00000000e+000	5.3917e+014	1.0000e-010	0.0000e+000
2.770000e+003	2.15615425e-001	-3.18438457e+000	1.61635303e+003	0.00000000e+000	5.3579e+014	1.0000e-010	0.0000e+000
2.780000e+003	2.15777060e-001	-3.18422294e+000	1.60621079e+003	0.00000000e+000	5.3245e+014	1.0000e-010	0.0000e+000
2.790000e+003	2.15937681e-001	-3.18406232e+000	1.59613137e+003	0.00000000e+000	5.2915e+014	1.0000e-010	0.0000e+000
2.800000e+003	2.16097295e-001	-3.18390271e+000	1.58611399e+003	0.00000000e+000	5.2589e+014	1.0000e-010	0.0000e+000
2.810000e+003	2.16255906e-001	-3.18374409e+000	1.57615788e+003	0.00000000e+000	5.2268e+014	1.0000e-010	0.0000e+000
2.820000e+003	2.16413522e-001	-3.18358648e+000	1.56626229e+003	0.00000000e+000	5.1950e+014	1.0000e-010	0.0000e+000
2.830000e+003	2.16570148e-001	-3.18342985e+000	1.55642647e+003	0.00000000e+000	5.1636e+014	1.0000e-010	0.0000e+000
2.840000e+003	2.16725791e-001	-3.18327421e+000	1.54664969e+003	0.00000000e+000	5.1326e+014	1.0000e-010	0.0000e+000
2.850000e+003	2.16880456e-001	-3.18311954e+000	1.53693122e+003	0.00000000e+000	5.1020e+014	1.0000e-010	0.0000e+000
2.860000e+003	2.17034149e-001	-3.18296585e+000	1.52727037e+003	0.00000000e+000	5.0718e+014	1.0000e-010	0.0000e+000
2.870000e+003	2.17186876e-001	-3.18281312e+000	1.51766641e+003	0.00000000e+000	5.0419e+014	1.0000e-010	0.0000e+000
2.880000e+003	2.17338642e-001	-3.18266136e+000	1.50811868e+003	0.00000000e+000	5.0124e+014	1.0000e-010	0.0000e+000
2.890000e+003	2.17489454e-001	-3.18251055e+000	1.49862648e+003	0.00000000e+000	4.9832e+014	1.0000e-010	0.0000e+000
2.900000e+003	2.17639317e-001	-3.18236068e+000	1.48918914e+003	0.00000000e+000	4.9544e+014	1.0000e-010	0.0000e+000
2.910000e+003	2.17788236e-001	-3.18221176e+000	1.47980602e+003	0.00000000e+000	4.9260e+014	1.0000e-010	0.0000e+000
2.920000e+003	2.17936216e-001	-3.18206378e+000	1.47047645e+003	0.00000000e+000	4.8979e+014	1.0000e-010	0.0000e+000
2.930000e+003	2.18083264e-001	-3.18191674e+000	1.46119980e+003	0.00000000e+000	4.8701e+014	1.0000e-010	0.0000e+000
2.940000e+003	2.18229384e-001	-3.18177062e+000	1.45197543e+003	0.00000000e+000	4.8426e+014	1.0000e-010	0.0000e+000
2.950000e+003	2.18374582e-001	-3.18162542e+000	1.44280272e+003	0.00000000e+000	4.8155e+014	1.0000e-010	0.0000e+000
2.960000e+003	2.18518862e-001	-3.18148114e+000	1.43368107e+003	0.00000000e+000	4.7887e+014	1.0000e-010	0.0000e+000
2.970000e+003	2.18662230e-001	-3.18133777e+000	1.42460986e+003	0.00000000e+000	4.7622e+014	1.0000e-010	0.0000e+000
2.980000e+003	2.18804691e-001	-3.18119531e+000	1.41558850e+003	0.00000000e+000	4.7361e+014	1.0000e-010	0.0000e+000
2.990000e+003	2.18946250e-001	-3.18105375e+000	1.40661641e+003	0.00000000e+000	4.7102e+014	1.0000e-010	0.0000e+000
3.000000e+003	2.19086911e-001	-3.18091309e+000	1.39769300e+003	0.00000000e+000	4.6846e+014	1.0000e-010	0.0000e+000
3.010000e+003	2.19226681e-001	-3.18077332e+000	1.38881771e+003	0.00000000e+000	4.6594e+014	1.0000e-010	0.0000e+000
3.020000e+003	2.19365563e-001	-3.18063444e+000	1.37998997e+003	0.00000000e+000	4.6344e+014	1.0000e-010	0.0000e+000
3.030000e+003	2.19503562e-001	-3.18049644e+000	1.37120922e+003	0.00000000e+000	4.6097e+014	1.0000e-010	0.0000e+000
3.040000e+003	2.19640682e-001	-3.18035932e+000	1.36247493e+003	0.00000000e+000	4.5854e+014	1.0000e-010	0.0000e+000
3.050000e+003	2.19776930e-001	-3.18022307e+000	1.35378654e+003	0.00000000e+000	4.5612e+014	1.0000e-010	0.0000e+000
3.060000e+003	2.19912309e-001	-3.18008769e+000	1.34514354e+003	0.00000000e+000	4.5374e+014	1.0000e-010	0.0000e+000
3.070000e+003	2.20046823e-001	-3.17995318e+000	1.33654539e+003	0.00000000e+000	4.5139e+014	1.0000e-010	0.0000e+000
3.080000e+003	2.20180477e-001	-3.17981952e+000	1.32799158e+003	0.00000000e+000	4.4906e+014	1.0000e-010	0.0000e+000
3.090000e+003	2.20313277e-001	-3.17968672e+000	1.31948160e+003	0.00000000e+000	4.4676e+014	1.0000e-010	0.0000e+000
3.100000e+003	2.20445225e-001	-3.17955478e+000	1.31101494e+003	0.00000000e+000	4.4449e+014	1.0000e-010	0.0000e+000
3.110000e+003	2.20576326e-001	-3.17942367e+000	1.30259110e+003	0.00000000e+000	4.4224e+014	1.0000e-010	0.0000e+000
3.120000e+003	2.20706585e-001	-3.17929341e+000	1.29420961e+003	0.00000000e+000	4.4001e+014	1.0000e-010	0.0000e+000
3.130000e+003	2.20836006e-001	-3.17916399e+000	1.28586997e+003	0.00000000e+000	4.3782e+014	1.0000e-010	0.0000e+000
3.140000e+003	2.20964593e-001	-3.17903541e+000	1.27757171e+003	0.00000000e+000	4.3564e+014	1.0000e-010	0.0000e+000
3.150000e+003	2.21092351e-001	-3.17890765e+000	1.26931436e+003	0.00000000e+000	4.3350e+014	1.0000e-010	0.0000e+000
3.160000e+003	2.21219282e-001	-3.17878072e+000	1.26109745e+003	0.00000000e+000	4.3137e+014	1.0000e-010	0.0000e+000
3.170000e+003	2.21345392e-001	-3.17865461e+000	1.25292052e+003	0.00000000e+000	4.2927e+014	1.0000e-010	0.0000e+000
3.180000e+003	2.21470684e-001	-3.17852932e+000	1.24478313e+003	0.00000000e+000	4.2720e+014	1.0000e-010	0.0000e+000
3.190000e+003	2.21595162e-001	-3.17840484e+000	1.23668483e+003	0.00000000e+000	4.2515e+014	1.0000e-010	0.0000e+000
3.200000e+003	2.21718831e-001	-3.17828117e+000	1.22862517e+003	0.00000000e+000	4.2312e+014	1.0000e-010	0.0000e+000
3.210000e+003	2.21841693e-001	-3.17815831e+000	1.22060373e+003	0.00000000e+000	4.2111e+014	1.0000e-010	0.0000e+000
3.220000e+003	2.21963753e-001	-3.17803625e+000	1.21262007e+003	0.00000000e+000	4.1913e+014	1.0000e-010	0.0000e+000
3.230000e+003	2.22085015e-001	-3.17791498e+000	1.20467378e+003	0.00000000e+000	4.1717e+014	1.0000e-010	0.0000e+000
3.240000e+003	2.22205483e-001	-3.17779452e+000	1.19676442e+003	0.00000000e+000	4.1523e+014	1.0000e-010	0.0000e+000
3.250000e+003	2.22325159e-001	-3.17767484e+000	1.18889160e+003	0.00000000e+000	4.1331e+014	1.0000e-010	0.0000e+000
3.260000e+003	2.22444048e-001	-3.17755595e+000	1.18105489e+003	0.00000000e+000	4.1141e+014	1.0000e-010	0.0000e+000
3.270000e+003	2.22562154e-001	-3.17743785e+000	1.17325391e+003	0.00000000e+000	4.0954e+014	1.0000e-010	0.0000e+000
3.280000e+003	2.22679479e-001	-3.17732052e+000	1.16548825e+003	0.00000000e+000	4.0768e+014	1.0000e-010	0.0000e+000
3.290000e+003	2.22796028e-001	-3.17720397e+000	1.15775753e+003	0.00000000e+000	4.0585e+014	1.0000e-010	0.0000e+000
3.300000e+003	2.22911804e-001	-3.17708820e+000	1.15006134e+003	0.00000000e+000	4.0404e+014	1.0000e-010	0.0000e+000
3.310000e+003	2.23026810e-001	-3.17697319e+000	1.14239932e+003	0.00000000e+000	4.0224e+014	1.0000e-010	0.0000e+000
3.320000e+003	2.23141050e-001	-3.17685895e+000	1.13477109e+003	0.00000000e+000	4.0047e+014	1.0000e-010	0.0000e+000
3.330000e+003	2.23254527e-001	-3.17674547e+000	1.12717626e+003	0.00000000e+000	3.9872e+014	1.0000e-010	0.0000e+000
3.340000e+003	2.23367245e-001	-3.17663276e+000	1.11961447e+003	0.00000000e+000	3.9698e+014	1.0000e-010	0.0000e+000
3.350000e+003	2.23479206e-001	-3.17652079e+000	1.11208537e+003	0.00000000e+000	3.9527e+014	1.0000e-010	0.0000e+000
3.360000e+003	2.23590415e-001	-3.17640959e+000	1.10458858e+003	0.00000000e+000	3.9357e+014	1.0000e-010	0.0000e+000
3.370000e+003	2.23700874e-001	-3.17629913e+000	1.09712375e+003	0.00000000e+000	3.9189e+014	1.0000e-010	0.0000e+000
3.380000e+003	2.23810586e-001	-3.17618941e+000	1.08969054e+003	0.00000000e+000	3.9023e+014	1.0000e-010	0.0000e+000
3.390000e+003	2.23919555e-001	-3.17608045e+000	1.08228860e+003	0.00000000e+000	3.8859e+014	1.0000e-010	0.0000e+000
3.400000e+003	2.24027784e-001	-3.17597222e+000	1.07491757e+003	0.00000000e+000	3.8697e+014	1.0000e-010	0.0000e+000
3.410000e+003	2.24135276e-001	-3.17586472e+000	1.06757714e+003	0.00000000e+000	3.8536e+014	1.0000e-010	0.0000e+000
3.420000e+003	2.24242033e-001	-3.17575797e+000	1.06026695e+003	0.00000000e+000	3.8377e+014	1.0000e-010	0.0000e+000
3.430000e+003	2.24348060e-001	-3.17565194e+000	1.05298668e+003	0.00000000e+000	3.8220e+014	1.0000e-010	0.0000e+000
3.440000e+003	2.24453359e-001	-3.17554664e+000	1.04573601e+003	0.00000000e+000	3.8065e+014	1.0000e-010	0.0000e+000
3.450000e+003	2.24557932e-001	-3.17544207e+000	1.03851460e+003	0.00000000e+000	3.7911e+014	1.0000e-010	0.0000e+000
3.460000e+003	2.24661784e-001	-3.17533822e+000	1.03132215e+003	0.00000000e+000	3.7759e+014	1.0000e-010	0.0000e+000
3.470000e+003	2.24764916e-001	-3.17523508e+000	1.02415833e+003	0.00000000e+000	3.7609e+014	1.0000e-010	0.0000e+000
3.480000e+003	2.24867332e-001	-3.17513267e+000	1.01702284e+003	0.00000000e+000	3.7460e+014	1.0000e-010	0.0000e+000
3.490000e+003	2.24969034e-001	-3.17503097e+000	1.00991537e+003	0.00000000e+000	3.7313e+014	1.0000e-010	0.0000e+000
3.500000e+003	2.25070026e-001	-3.17492997e+000	1.00283560e+003	0.00000000e+000	3.7168e+014	1.0000e-010	0.0000e+000
3.510000e+003	2.25170309e-001	-3.17482969e+000	9.95783246e+002	0.00000000e+000	3.7024e+014	1.0000e-010	0.0000e+000
3.520000e+003	2.25269887e-001	-3.17473011e+000	9.88758003e+002	0.00000000e+000	3.6882e+014	1.0000e-010	0.0000e+000
3.530000e+003	2.25368763e-001	-3.17463124e+000	9.81759579e+002	0.00000000e+000	3.6741e+014	1.0000e-010	0.0000e+000
3.540000e+003	2.25466939e-001	-3.17453306e+000	9.74787682e+002	0.00000000e+000	3.6601e+014	1.0000e-010	0.0000e+000
3.550000e+003	2.25564418e-001	-3.17443558e+000	9.67842023e+002	0.00000000e+000	3.6464e+014	1.0000e-010	0.0000e+000
3.560000e+003	2.25661202e-001	-3.17433880e+000	9.60922319e+002	0.00000000e+000	3.6327e+014	1.0000e-010	0.0000e+000
3.570000e+003	2.25757294e-001	-3.17424271e+000	9.54028288e+002	0.00000000e+000	3.6193e+014	1.0000e-010	0.0000e+000
3.580000e+003	2.25852697e-001	-3.17414730e+000	9.47159652e+002	0.00000000e+000	3.6059e+014	1.0000e-010	0.0000e+000
3.590000e+003	2.25947413e-001	-3.17405259e+000	9.40316135e+002	0.00000000e+000	3.5928e+014	1.0000e-010	0.0000e+000
3.600000e+003	2.26041445e-001	-3.17395856e+000	9.33497464e+002	0.00000000e+000	3.5797e+014	1.0000e-010	0.0000e+000
3.610000e+003	2.26134795e-001	-3.17386521e+000	9.26703371e+002	0.00000000e+000	3.5668e+014	1.0000e-010	0.0000e+000
3.620000e+003	2.26227465e-001	-3.17377254e+000	9.19933588e+002	0.00000000e+000	3.5540e+014	1.0000e-010	0.0000e+000
3.630000e+003	2.26319458e-001	-3.17368054e+000	9.13187853e+002	0.00000000e+000	3.5414e+014	1.0000e-010	0.0000e+000
3.640000e+003	2.26410777e-001	-3.17358922e+000	9.06465904e+002	0.00000000e+000	3.5289e+014	1.0000e-010	0.0000e+000
3.650000e+003	2.26501424e-001	-3.17349858e+000	8.99767484e+002	0.00000000e+000	3.5166e+014	1.0000e-010	0.0000e+000
3.660000e+003	2.26591400e-001	-3.17340860e+000	8.93092336e+002	0.00000000e+000	3.5044e+014	1.0000e-010	0.0000e+000
3.670000e+003	2.26680710e-001	-3.17331929e+000	8.86440209e+002	0.00000000e+000	3.4923e+014	1.0000e-010	0.0000e+000
3.680000e+003	2.26769354e-001	-3.17323065e+000	8.79810853e+002	0.00000000e+000	3.4803e+014	1.0000e-010	0.0000e+000
3.690000e+003	2.26857335e-001	-3.17314267e+000	8.73204019e+002	0.00000000e+000	3.4685e+014	1.0000e-010	0.0000e+000
3.700000e+003	2.26944655e-001	-3.17305534e+000	8.66619464e+002	0.00000000e+000	3.4568e+014	1.0000e-010	0.0000e+000
3.710000e+003	2.27031317e-001	-3.17296868e+000	8.60056945e+002	0.00000000e+000	3.4452e+014	1.0000e-010	0.0000e+000
3.720000e+003	2.27117323e-001	-3.17288268e+000	8.53516222e+002	0.00000000e+000	3.4338e+014	1.0000e-010	0.0000e+000
3.730000e+003	2.27202674e-001	-3.17279733e+000	8.46997058e+002	0.00000000e+000	3.4225e+014	1.0000e-010	0.0000e+000
3.740000e+003	2.27287374e-001	-3.17271263e+000	8.40499218e+002	0.00000000e+000	3.4113e+014	1.0000e-010	0.0000e+000
3.750000e+003	2.27371424e-001	-3.17262858e+000	8.34022469e+002	0.00000000e+000	3.4002e+014	1.0000e-010	0.0000e+000
3.760000e+003	2.27454826e-001	-3.17254517e+000	8.27566582e+002	0.00000000e+000	3.3893e+014	1.0000e-010	0.0000e+000
3.770000e+003	2.27537583e-001	-3.17246242e+000	8.21131328e+002	0.00000000e+000	3.3784e+014	1.0000e-010	0.0000e+000
3.780000e+003	2.27619696e-001	-3.17238030e+000	8.14716482e+002	0.00000000e+000	3.3677e+014	1.0000e-010	0.0000e+000
3.790000e+003	2.27701168e-001	-3.17229883e+000	8.08321820e+002	0.00000000e+000	3.3571e+014	1.0000e-010	0.0000e+000
3.800000e+003	2.27782000e-001	-3.17221800e+000	8.01947121e+002	0.00000000e+000	3.3466e+014	1.0000e-010	0.0000e+000
3.810000e+003	2.27862195e-001	-3.17213781e+000	7.95592167e+002	0.00000000e+000	3.3363e+014	1.0000e-010	0.0000e+000
3.820000e+003	2.27941754e-001	-3.17205825e+000	7.89256739e+002	0.00000000e+000	3.3260e+014	1.0000e-010	0.0000e+000
3.830000e+003	2.28020680e-001	-3.17197932e+000	7.82940625e+002	0.00000000e+000	3.3159e+014	1.0000e-010	0.0000e+000
3.840000e+003	2.28098974e-001	-3.17190103e+000	7.76643609e+002	0.00000000e+000	3.3059e+014	1.0000e-010	0.0000e+000
3.850000e+003	2.28176638e-001	-3.17182336e+000	7.70365483e+002	0.00000000e+000	3.2959e+014	1.0000e-010	0.0000e+000
3.860000e+003	2.28253675e-001	-3.17174633e+000	7.64106038e+002	0.00000000e+000	3.2861e+014	1.0000e-010	0.0000e+000
3.870000e+003	2.28330085e-001	-3.17166991e+000	7.57865066e+002	0.00000000e+000	3.2764e+014	1.0000e-010	0.0000e+000
3.880000e+003	2.28405872e-001	-3.17159413e+000	7.51642363e+002	0.00000000e+000	3.2668e+014	1.0000e-010	0.0000e+000
3.890000e+003	2.28481036e-001	-3.17151896e+000	7.45437726e+002	0.00000000e+000	3.2574e+014	1.0000e-010	0.0000e+000
3.900000e+003	2.28555580e-001	-3.17144442e+000	7.39250954e+002	0.00000000e+000	3.2480e+014	1.0000e-010	0.0000e+000
3.910000e+003	2.28629505e-001	-3.17137050e+000	7.33081848e+002	0.00000000e+000	3.2387e+014	1.0000e-010	0.0000e+000
3.920000e+003	2.28702813e-001	-3.17129719e+000	7.26930212e+002	0.00000000e+000	3.2295e+014	1.0000e-010	0.0000e+000
3.930000e+003	2.28775506e-001	-3.17122449e+000	7.20795848e+002	0.00000000e+000	3.2205e+014	1.0000e-010	0.0000e+000
3.940000e+003	2.28847586e-001	-3.17115241e+000	7.14678565e+002	0.00000000e+000	3.2115e+014	1.0000e-010	0.0000e+000
3.950000e+003	2.28919053e-001	-3.17108095e+000	7.08578169e+002	0.00000000e+000	3.2026e+014	1.0000e-010	0.0000e+000
3.960000e+003	2.28989911e-001	-3.17101009e+000	7.02494471e+002	0.00000000e+000	3.1939e+014	1.0000e-010	0.0000e+000
3.970000e+003	2.29060161e-001	-3.17093984e+000	6.96427283e+002	0.00000000e+000	3.1852e+014	1.0000e-010	0.0000e+000
3.980000e+003	2.29129803e-001	-3.17087020e+000	6.90376416e+002	0.00000000e+000	3.1766e+014	1.0000e-010	0.0000e+000
3.990000e+003	2.29198841e-001	-3.17080116e+000	6.84341687e+002	0.00000000e+000	3.1682e+014	1.0000e-010	0.0000e+000
4.000000e+003	2.29267275e-001	-3.17073272e+000	6.78322912e+002	0.00000000e+000	3.1598e+014	1.0000e-010	0.0000e+000
4.010000e+003	2.29335107e-001	-3.17066489e+000	6.72319909e+002	0.00000000e+000	3.1515e+014	1.0000e-010	0.0000e+000
4.020000e+003	2.29402339e-001	-3.17059766e+000	6.66332497e+002	0.00000000e+000	3.1433e+014	1.0000e-010	0.0000e+000
4.030000e+003	2.29468973e-001	-3.17053103e+000	6.60360497e+002	0.00000000e+000	3.1352e+014	1.0000e-010	0.0000e+000
4.040000e+003	2.29535009e-001	-3.17046499e+000	6.54403733e+002	0.00000000e+000	3.1272e+014	1.0000e-010	0.0000e+000
4.050000e+003	2.29600449e-001	-3.17039955e+000	6.48462029e+002	0.00000000e+000	3.1193e+014	1.0000e-010	0.0000e+000
4.060000e+003	2.29665295e-001	-3.17033470e+000	6.42535209e+002	0.00000000e+000	3.1115e+014	1.0000e-010	0.0000e+000
4.070000e+003	2.29729549e-001	-3.17027045e+000	6.36623103e+002	0.00000000e+000	3.1038e+014	1.0000e-010	0.0000e+000
4.080000e+003	2.29793211e-001	-3.17020679e+000	6.30725537e+002	0.00000000e+000	3.0962e+014	1.0000e-010	0.0000e+000
4.090000e+003	2.29856284e-001	-3.17014372e+000	6.24842342e+002	0.00000000e+000	3.0886e+014	1.0000e-010	0.0000e+000
4.100000e+003	2.29918768e-001	-3.17008123e+000	6.18973350e+002	0.00000000e+000	3.0811e+014	1.0000e-010	0.0000e+000
4.110000e+003	2.29980665e-001	-3.17001933e+000	6.13118393e+002	0.00000000e+000	3.0738e+014	1.0000e-010	0.0000e+000
4.120000e+003	2.30041977e-001	-3.16995802e+000	6.07277306e+002	0.00000000e+000	3.0665e+014	1.0000e-010	0.0000e+000
4.130000e+003	2.30102705e-001	-3.16989730e+000	6.01449923e+002	0.00000000e+000	3.0593e+014	1.0000e-010	0.0000e+000
4.140000e+003	2.30162850e-001	-3.16983715e+000	5.95636083e+002	0.00000000e+000	3.0522e+014	1.0000e-010	0.0000e+000
4.150000e+003	2.30222413e-001	-3.16977759e+000	5.89835622e+002	0.00000000e+000	3.0452e+014	1.0000e-010	0.0000e+000
4.160000e+003	2.30281397e-001	-3.16971860e+000	5.84048380e+002	0.00000000e+000	3.0382e+014	1.0000e-010	0.0000e+000
4.170000e+003	2.30339802e-001	-3.16966020e+000	5.78274198e+002	0.00000000e+000	3.0314e+014	1.0000e-010	0.0000e+000
4.180000e+003	2.30397629e-001	-3.16960237e+000	5.72512918e+002	0.00000000e+000	3.0246e+014	1.0000e-010	0.0000e+000
4.190000e+003	2.30454881e-001	-3.16954512e+000	5.66764382e+002	0.00000000e+000	3.0179e+014	1.0000e-010	0.0000e+000
4.200000e+003	2.30511557e-001	-3.16948844e+000	5.61028435e+002	0.00000000e+000	3.0113e+014	1.0000e-010	0.0000e+000
4.210000e+003	2.30567660e-001	-3.16943234e+000	5.55304923e+002	0.00000000e+000	3.0048e+014	1.0000e-010	0.0000e+000
4.220000e+003	2.30623190e-001	-3.16937681e+000	5.49593692e+002	0.00000000e+000	2.9983e+014	1.0000e-010	0.0000e+000
4.230000e+003	2.30678150e-001	-3.16932185e+000	5.43894589e+002	0.00000000e+000	2.9920e+014	1.0000e-010	0.0000e+000
4.240000e+003	2.30732539e-001	-3.16926746e+000	5.38207464e+002	0.00000000e+000	2.9857e+014	1.0000e-010	0.0000e+000
4.250000e+003	2.30786360e-001	-3.16921364e+000	5.32532167e+002	0.00000000e+000	2.9795e+014	1.0000e-010	0.0000e+000
4.260000e+003	2.30839613e-001	-3.16916039e+000	5.26868548e+002	0.00000000e+000	2.9733e+014	1.0000e-010	0.0000e+000
4.270000e+003	2.30892300e-001	-3.16910770e+000	5.21216461e+002	0.00000000e+000	2.9673e+014	1.0000e-010	0.0000e+000
4.280000e+003	2.30944422e-001	-3.16905558e+000	5.15575757e+002	0.00000000e+000	2.9613e+014	1.0000e-010	0.0000e+000
4.290000e+003	2.30995979e-001	-3.16900402e+000	5.09946291e+002	0.00000000e+000	2.9554e+014	1.0000e-010	0.0000e+000
4.300000e+003	2.31046974e-001	-3.16895303e+000	5.04327919e+002	0.00000000e+000	2.9496e+014	1.0000e-010	0.0000e+000
4.310000e+003	2.31097407e-001	-3.16890259e+000	4.98720497e+002	0.00000000e+000	2.9438e+014	1.0000e-010	0.0000e+000
4.320000e+003	2.31147279e-001	-3.16885272e+000	4.93123882e+002	0.00000000e+000	2.9382e+014	1.0000e-010	0.0000e+000
4.330000e+003	2.31196591e-001	-3.16880341e+000	4.87537932e+002	0.00000000e+000	2.9326e+014	1.0000e-010	0.0000e+000
4.340000e+003	2.31245345e-001	-3.16875466e+000	4.81962506e+002	0.00000000e+000	2.9270e+014	1.0000e-010	0.0000e+000
4.350000e+003	2.31293541e-001	-3.16870646e+000	4.76397466e+002	0.00000000e+000	2.9216e+014	1.0000e-010	0.0000e+000
4.360000e+003	2.31341181e-001	-3.16865882e+000	4.70842671e+002	0.00000000e+000	2.9162e+014	1.0000e-010	0.0000e+000
4.370000e+003	2.31388265e-001	-3.16861173e+000	4.65297984e+002	0.00000000e+000	2.9109e+014	1.0000e-010	0.0000e+000
4.380000e+003	2.31434795e-001	-3.16856521e+000	4.59763267e+002	0.00000000e+000	2.9057e+014	1.0000e-010	0.0000e+000
4.390000e+003	2.31480771e-001	-3.16851923e+000	4.54238385e+002	0.00000000e+000	2.9005e+014	1.0000e-010	0.0000e+000
4.400000e+003	2.31526195e-001	-3.16847380e+000	4.48723202e+002	0.00000000e+000	2.8954e+014	1.0000e-010	0.0000e+000
4.410000e+003	2.31571067e-001	-3.16842893e+000	4.43217583e+002	0.00000000e+000	2.8904e+014	1.0000e-010	0.0000e+000
4.420000e+003	2.31615389e-001	-3.16838461e+000	4.37721396e+002	0.00000000e+000	2.8854e+014	1.0000e-010	0.0000e+000
4.430000e+003	2.31659161e-001	-3.16834084e+000	4.32234507e+002	0.00000000e+000	2.8806e+014	1.0000e-010	0.0000e+000
4.440000e+003	2.31702385e-001	-3.16829762e+000	4.26756784e+002	0.00000000e+000	2.8757e+014	1.0000e-010	0.0000e+000
4.450000e+003	2.31745060e-001	-3.16825494e+000	4.21288096e+002	0.00000000e+000	2.8710e+014	1.0000e-010	0.0000e+000
4.460000e+003	2.31787189e-001	-3.16821281e+000	4.15828312e+002	0.00000000e+000	2.8663e+014	1.0000e-010	0.0000e+000
4.470000e+003	2.31828772e-001	-3.16817123e+000	4.10377304e+002	0.00000000e+000	2.8617e+014	1.0000e-010	0.0000e+000
4.480000e+003	2.31869810e-001	-3.16813019e+000	4.04934941e+002	0.00000000e+000	2.8572e+014	1.0000e-010	0.0000e+000
4.490000e+003	2.31910303e-001	-3.16808970e+000	3.99501097e+002	0.00000000e+000	2.8527e+014	1.0000e-010	0.0000e+000
4.500000e+003	2.31950253e-001	-3.16804975e+000	3.94075643e+002	0.00000000e+000	2.8483e+014	1.0000e-010	0.0000e+000
4.510000e+003	2.31989661e-001	-3.16801034e+000	3.88658454e+002	0.00000000e+000	2.8440e+014	1.0000e-010	0.0000e+000
4.520000e+003	2.32028527e-001	-3.16797147e+000	3.83249402e+002	0.00000000e+000	2.8397e+014	1.0000e-010	0.0000e+000
4.530000e+003	2.32066852e-001	-3.16793315e+000	3.77848363e+002	0.00000000e+000	2.8355e+014	1.0000e-010	0.0000e+000
4.540000e+003	2.32104637e-001	-3.16789536e+000	3.72455213e+002	0.00000000e+000	2.8313e+014	1.0000e-010	0.0000e+000
4.550000e+003	2.32141882e-001	-3.16785812e+000	3.67069827e+002	0.00000000e+000	2.8273e+014	1.0000e-010	0.0000e+000
4.560000e+003	2.32178589e-001	-3.16782141e+000	3.61692082e+002	0.00000000e+000	2.8233e+014	1.0000e-010	0.0000e+000
4.570000e+003	2.32214758e-001	-3.16778524e+000	3.56321856e+002	0.00000000e+000	2.8193e+014	1.0000e-010	0.0000e+000
4.580000e+003	2.32250390e-001	-3.16774961e+000	3.50959026e+002	0.00000000e+000	2.8154e+014	1.0000e-010	0.0000e+000
4.590000e+003	2.32285486e-001	-3.16771451e+000	3.45603473e+002	0.00000000e+000	2.8116e+014	1.0000e-010	0.0000e+000
4.600000e+003	2.32320047e-001	-3.16767995e+000	3.40255074e+002	0.00000000e+000	2.8079e+014	1.0000e-010	0.0000e+000
4.610000e+003	2.32354072e-001	-3.16764593e+000	3.34913709e+002	0.00000000e+000	2.8042e+014	1.0000e-010	0.0000e+000
4.620000e+003	2.32387564e-001	-3.16761244e+000	3.29579260e+002	0.00000000e+000	2.8005e+014	1.0000e-010	0.0000e+000
4.630000e+003	2.32420522e-001	-3.16757948e+000	3.24251608e+002	0.00000000e+000	2.7970e+014	1.0000e-010	0.0000e+000
4.640000e+003	2.32452947e-001	-3.16754705e+000	3.18930633e+002	0.00000000e+000	2.7935e+014	1.0000e-010	0.0000e+000
4.650000e+003	2.32484840e-001	-3.16751516e+000	3.13616219e+002	0.00000000e+000	2.7900e+014	1.0000e-010	0.0000e+000
4.660000e+003	2.32516201e-001	-3.16748380e+000	3.08308248e+002	0.00000000e+000	2.7866e+014	1.0000e-010	0.0000e+000
4.670000e+003	2.32547032e-001	-3.16745297e+000	3.03006603e+002	0.00000000e+000	2.7833e+014	1.0000e-010	0.0000e+000
4.680000e+003	2.32577333e-001	-3.16742267e+000	2.97711169e+002	0.00000000e+000	2.7800e+014	1.0000e-010	0.0000e+000
4.690000e+003	2.32607104e-001	-3.16739290e+000	2.92421829e+002	0.00000000e+000	2.7768e+014	1.0000e-010	0.0000e+000
4.700000e+003	2.32636346e-001	-3.16736365e+000	2.87138469e+002	0.00000000e+000	2.7737e+014	1.0000e-010	0.0000e+000
4.710000e+003	2.32665060e-001	-3.16733494e+000	2.81860974e+002	0.00000000e+000	2.7706e+014	1.0000e-010	0.0000e+000
4.720000e+003	2.32693246e-001	-3.16730675e+000	2.76589230e+002	0.00000000e+000	2.7676e+014	1.0000e-010	0.0000e+000
4.730000e+003	2.32720905e-001	-3.16727909e+000	2.71323123e+002	0.00000000e+000	2.7646e+014	1.0000e-010	0.0000e+000
4.740000e+003	2.32748037e-001	-3.16725196e+000	2.66062540e+002	0.00000000e+000	2.7617e+014	1.0000e-010	0.0000e+000
4.750000e+003	2.32774644e-001	-3.16722536e+000	2.60807368e+002	0.00000000e+000	2.7589e+014	1.0000e-010	0.0000e+000
4.760000e+003	2.32800724e-001	-3.16719928e+000	2.55557496e+002	0.00000000e+000	2.7561e+014	1.0000e-010	0.0000e+000
4.770000e+003	2.32826280e-001	-3.16717372e+000	2.50312810e+002	0.00000000e+000	2.7534e+014	1.0000e-010	0.0000e+000
4.780000e+003	2.32851311e-001	-3.16714869e+000	2.45073200e+002	0.00000000e+000	2.7507e+014	1.0000e-010	0.0000e+000
4.790000e+003	2.32875819e-001	-3.16712418e+000	2.39838555e+002	0.00000000e+000	2.7481e+014	1.0000e-010	0.0000e+000
4.800000e+003	2.32899803e-001	-3.16710020e+000	2.34608764e+002	0.00000000e+000	2.7456e+014	1.0000e-010	0.0000e+000
4.810000e+003	2.32923263e-001	-3.16707674e+000	2.29383717e+002	0.00000000e+000	2.7431e+014	1.0000e-010	0.0000e+000
4.820000e+003	2.32946202e-001	-3.16705380e+000	2.24163304e+002	0.00000000e+000	2.7407e+014	1.0000e-010	0.0000e+000
4.830000e+003	2.32968618e-001	-3.16703138e+000	2.18947416e+002	0.00000000e+000	2.7383e+014	1.0000e-010	0.0000e+000
4.840000e+003	2.32990513e-001	-3.16700949e+000	2.13735943e+002	0.00000000e+000	2.7360e+014	1.0000e-010	0.0000e+000
4.850000e+003	2.33011886e-001	-3.16698811e+000	2.08528777e+002	0.00000000e+000	2.7337e+014	1.0000e-010	0.0000e+000
4.860000e+003	2.33032739e-001	-3.16696726e+000	2.03325810e+002	0.00000000e+000	2.7315e+014	1.0000e-010	0.0000e+000
4.870000e+003	2.33053072e-001	-3.16694693e+000	1.98126934e+002	0.00000000e+000	2.7294e+014	1.0000e-010	0.0000e+000
4.880000e+003	2.33072885e-001	-3.16692712e+000	1.92932040e+002	0.00000000e+000	2.7273e+014	1.0000e-010	0.0000e+000
4.890000e+003	2.33092178e-001	-3.16690782e+000	1.87741021e+002	0.00000000e+000	2.7252e+014	1.0000e-010	0.0000e+000
4.900000e+003	2.33110952e-001	-3.16688905e+000	1.82553771e+002	0.00000000e+000	2.7233e+014	1.0000e-010	0.0000e+000
4.910000e+003	2.33129207e-001	-3.16687079e+000	1.77370183e+002	0.00000000e+000	2.7213e+014	1.0000e-010	0.0000e+000
4.920000e+003	2.33146944e-001	-3.16685306e+000	1.72190150e+002	0.00000000e+000	2.7195e+014	1.0000e-010	0.0000e+000
4.930000e+003	2.33164163e-001	-3.16683584e+000	1.67013566e+002	0.00000000e+000	2.7177e+014	1.0000e-010	0.0000e+000
4.940000e+003	2.33180865e-001	-3.16681914e+000	1.61840325e+002	0.00000000e+000	2.7159e+014	1.0000e-010	0.0000e+000
4.950000e+003	2.33197049e-001	-3.16680295e+000	1.56670322e+002	0.00000000e+000	2.7142e+014	1.0000e-010	0.0000e+000
4.960000e+003	2.33212716e-001	-3.16678728e+000	1.51503451e+002	0.00000000e+000	2.7126e+014	1.0000e-010	0.0000e+000
4.970000e+003	2.33227866e-001	-3.16677213e+000	1.46339607e+002	0.00000000e+000	2.7110e+014	1.0000e-010	0.0000e+000
4.980000e+003	2.33242500e-001	-3.16675750e+000	1.41178686e+002	0.00000000e+000	2.7094e+014	1.0000e-010	0.0000e+000
4.990000e+003	2.33256618e-001	-3.16674338e+000	1.36020582e+002	0.00000000e+000	2.7080e+014	1.0000e-010	0.0000e+000
5.000000e+003	2.33270220e-001	-3.16672978e+000	1.30865191e+002	0.00000000e+000	2.7065e+014	1.0000e-010	0.0000e+000
5.010000e+003	2.33283307e-001	-3.16671669e+000	1.25712409e+002	0.00000000e+000	2.7052e+014	1.0000e-010	0.0000e+000
5.020000e+003	2.33295878e-001	-3.16670412e+000	1.20562132e+002	0.00000000e+000	2.7038e+014	1.0000e-010	0.0000e+000
5.030000e+003	2.33307934e-001	-3.16669207e+000	1.15414257e+002	0.00000000e+000	2.7026e+014	1.0000e-010	0.0000e+000
5.040000e+003	2.33319475e-001	-3.16668052e+000	1.10268679e+002	0.00000000e+000	2.7014e+014	1.0000e-010	0.0000e+000
5.050000e+003	2.33330502e-001	-3.16666950e+000	1.05125296e+002	0.00000000e+000	2.7002e+014	1.0000e-010	0.0000e+000
5.060000e+003	2.33341015e-001	-3.16665899e+000	9.99840039e+001	0.00000000e+000	2.6991e+014	1.0000e-010	0.0000e+000
5.070000e+003	2.33351013e-001	-3.16664899e+000	9.48446997e+001	0.00000000e+000	2.6981e+014	1.0000e-010	0.0000e+000
5.080000e+003	2.33360498e-001	-3.16663950e+000	8.97072807e+001	0.00000000e+000	2.6971e+014	1.0000e-010	0.0000e+000
5.090000e+003	2.33369468e-001	-3.16663053e+000	8.45716440e+001	0.00000000e+000	2.6962e+014	1.0000e-010	0.0000e+000
5.100000e+003	2.33377926e-001	-3.16662207e+000	7.94376871e+001	0.00000000e+000	2.6953e+014	1.0000e-010	0.0000e+000
5.110000e+003	2.33385869e-001	-3.16661413e+000	7.43053076e+001	0.00000000e+000	2.6944e+014	1.0000e-010	0.0000e+000
5.120000e+003	2.33393300e-001	-3.16660670e+000	6.91744030e+001	0.00000000e+000	2.6937e+014	1.0000e-010	0.0000e+000
5.130000e+003	2.33400217e-001	-3.16659978e+000	6.40448712e+001	0.00000000e+000	2.6930e+014	1.0000e-010	0.0000e+000
5.140000e+003	2.33406622e-001	-3.16659338e+000	5.89166100e+001	0.00000000e+000	2.6923e+014	1.0000e-010	0.0000e+000
5.150000e+003	2.33412513e-001	-3.16658749e+000	5.37895173e+001	0.00000000e+000	2.6917e+014	1.0000e-010	0.0000e+000
5.160000e+003	2.33417892e-001	-3.16658211e+000	4.86634914e+001	0.00000000e+000	2.6911e+014	1.0000e-010	0.0000e+000
5.170000e+003	2.33422759e-001	-3.16657724e+000	4.35384302e+001	0.00000000e+000	2.6906e+014	1.0000e-010	0.0000e+000
5.180000e+003	2.33427113e-001	-3.16657289e+000	3.84142321e+001	0.00000000e+000	2.6902e+014	1.0000e-010	0.0000e+000
5.190000e+003	2.33430954e-001	-3.16656905e+000	3.32907954e+001	0.00000000e+000	2.6898e+014	1.0000e-010	0.0000e+000
5.200000e+003	2.33434283e-001	-3.16656572e+000	2.81680184e+001	0.00000000e+000	2.6894e+014	1.0000e-010	0.0000e+000
5.210000e+003	2.33437100e-001	-3.16656290e+000	2.30457996e+001	0.00000000e+000	2.6891e+014	1.0000e-010	0.0000e+000
5.220000e+003	2.33439404e-001	-3.16656060e+000	1.79240374e+001	0.00000000e+000	2.6889e+014	1.0000e-010	0.0000e+000
5.230000e+003	2.33441197e-001	-3.16655880e+000	1.28026302e+001	0.00000000e+000	2.6887e+014	1.0000e-010	0.0000e+000
5.240000e+003	2.33442477e-001	-3.16655752e+000	7.68147669e+000	0.00000000e+000	2.6886e+014	1.0000e-010	0.0000e+000
5.250000e+003	2.33443245e-001	-3.16655675e+000	2.56047532e+000	0.00000000e+000	2.6885e+014	1.0000e-010	0.0000e+000
5.260000e+003	2.33443501e-001	-3.16655650e+000	2.56047532e+000	0.00000000e+000	2.6884e+014	1.0000e-010	0.0000e+000
