Y (ang)	Ec (eV)	Ev (eV)	E (V/cm)	Ef (eV)	n (cm-3)	p (cm-3)	Nd - Na (cm-3)	el eval 1 (eV)	el eval 2 (eV)	el eval 3 (eV)	el eval 4 (eV)	el eval 5 (eV)	el eval 6 (eV)	el eval 7 (eV)	el eval 8 (eV)	el eval 9 (eV)	el eval 10 (eV)	el eval 11 (eV)	el eval 12 (eV)
0.000000e+000	6.00000000e-001	-2.80000000e+000	2.19199659e+006	-0.00000000e+000	1.8691e+008	1.0000e-010	0.0000e+000
1.000000e+001	1.37919966e+000	-2.72080034e+000	-4.57818183e+005	0.00000000e+000	1.4911e-005	1.0000e-010	-1.3848e+020
2.000000e+001	1.33341784e+000	-2.76658216e+000	-4.57818183e+005	0.00000000e+000	8.9279e-005	1.0000e-010	0.0000e+000	-1.1642e-001	7.7688e-003	5.3431e-002	7.8813e-002	9.6141e-002	1.0924e-001	1.1974e-001	1.2849e-001	1.3598e-001	1.4253e-001	1.4839e-001	1.5399e-001
3.000000e+001	1.28763602e+000	-2.81236398e+000	-4.57818183e+005	0.00000000e+000	5.2463e-004	1.0000e-010	0.0000e+000
4.000000e+001	1.24185420e+000	-2.85814580e+000	-4.57818183e+005	0.00000000e+000	3.0828e-003	1.0000e-010	0.0000e+000
5.000000e+001	1.19607239e+000	-2.90392761e+000	-4.57818183e+005	0.00000000e+000	1.8116e-002	1.0000e-010	0.0000e+000
6.000000e+001	1.15029057e+000	-2.94970943e+000	-4.57818183e+005	0.00000000e+000	1.0645e-001	1.0000e-010	0.0000e+000
7.000000e+001	1.10450875e+000	-2.99549125e+000	-4.57818183e+005	0.00000000e+000	6.2554e-001	1.0000e-010	0.0000e+000
8.000000e+001	1.05872693e+000	-3.04127307e+000	-4.57818183e+005	0.00000000e+000	3.6758e+000	1.0000e-010	0.0000e+000
9.000000e+001	1.01294511e+000	-3.08705489e+000	-4.57818183e+005	0.00000000e+000	2.1600e+001	1.0000e-010	0.0000e+000
1.000000e+002	9.67163295e-001	-3.13283671e+000	-4.57818183e+005	0.00000000e+000	1.2693e+002	1.0000e-010	0.0000e+000
1.100000e+002	9.21381476e-001	-3.17861852e+000	-4.57818183e+005	0.00000000e+000	7.4600e+002	1.0000e-010	0.0000e+000
1.200000e+002	8.75599658e-001	-3.22440034e+000	-4.57818183e+005	0.00000000e+000	4.3893e+003	1.0000e-010	0.0000e+000
1.300000e+002	8.29817840e-001	-3.27018216e+000	-4.57818183e+005	0.00000000e+000	2.6029e+004	1.0000e-010	0.0000e+000
1.400000e+002	7.84036022e-001	-3.31596398e+000	-4.57818183e+005	0.00000000e+000	1.6243e+005	1.0000e-010	0.0000e+000
1.500000e+002	7.38254203e-001	-3.36174580e+000	-4.57818183e+005	0.00000000e+000	1.3118e+006	1.0000e-010	0.0000e+000
1.600000e+002	6.92472385e-001	-3.40752761e+000	-4.57818183e+005	0.00000000e+000	2.0373e+007	1.0000e-010	0.0000e+000
1.700000e+002	6.46690567e-001	-3.45330943e+000	-4.57818183e+005	0.00000000e+000	5.4019e+008	1.0000e-010	0.0000e+000
1.800000e+002	6.00908749e-001	-3.49909125e+000	-4.57818183e+005	0.00000000e+000	1.6194e+010	1.0000e-010	0.0000e+000
1.900000e+002	5.55126930e-001	-3.54487307e+000	-4.57818192e+005	0.00000000e+000	4.6920e+011	1.0000e-010	0.0000e+000
2.000000e+002	5.09345111e-001	-3.59065489e+000	-4.57818440e+005	0.00000000e+000	1.2666e+013	1.0000e-010	0.0000e+000
2.100000e+002	4.63563267e-001	-3.63643673e+000	-4.57824598e+005	0.00000000e+000	3.1480e+014	1.0000e-010	0.0000e+000
2.200000e+002	4.17780807e-001	-3.68221919e+000	-4.57964421e+005	0.00000000e+000	7.1476e+015	1.0000e-010	0.0000e+000
2.300000e+002	3.71984365e-001	-3.72801563e+000	-4.60842808e+005	0.00000000e+000	1.4714e+017	1.0000e-010	0.0000e+000
2.400000e+002	3.25900084e-001	-3.77409992e+000	-5.14138233e+005	0.00000000e+000	2.7244e+018	1.0000e-010	0.0000e+000
2.500000e+002	-2.85513739e-001	-3.68551374e+000	1.28059967e+006	0.00000000e+000	4.4970e+019	1.0000e-010	1.3848e+020
2.600000e+002	-1.57453772e-001	-3.55745377e+000	6.54236950e+005	0.00000000e+000	3.2884e+019	1.0000e-010	0.0000e+000
2.700000e+002	-9.20300772e-002	-3.49203008e+000	3.84802062e+005	0.00000000e+000	1.4145e+019	1.0000e-010	0.0000e+000
2.800000e+002	-5.35498710e-002	-3.45354987e+000	2.62347725e+005	0.00000000e+000	6.4290e+018	1.0000e-010	0.0000e+000
2.900000e+002	-2.73150985e-002	-3.42731510e+000	1.91332508e+005	0.00000000e+000	3.7284e+018	1.0000e-010	0.0000e+000
3.000000e+002	-8.18184770e-003	-3.40818185e+000	1.45618383e+005	0.00000000e+000	2.4001e+018	1.0000e-010	0.0000e+000
3.100000e+002	6.37999060e-003	-3.39362001e+000	1.15507128e+005	0.00000000e+000	1.5810e+018	1.0000e-010	0.0000e+000
3.200000e+002	1.79307034e-002	-3.38206930e+000	9.50780273e+004	0.00000000e+000	1.0726e+018	1.0000e-010	0.0000e+000
3.300000e+002	2.74385061e-002	-3.37256149e+000	8.06018385e+004	0.00000000e+000	7.6009e+017	1.0000e-010	0.0000e+000
3.400000e+002	3.54986900e-002	-3.36450131e+000	6.98654167e+004	0.00000000e+000	5.6374e+017	1.0000e-010	0.0000e+000
3.500000e+002	4.24852316e-002	-3.35751477e+000	6.15974082e+004	0.00000000e+000	4.3414e+017	1.0000e-010	0.0000e+000
3.600000e+002	4.86449724e-002	-3.35135503e+000	5.50564656e+004	0.00000000e+000	3.4346e+017	1.0000e-010	0.0000e+000
3.700000e+002	5.41506190e-002	-3.34584938e+000	4.97662660e+004	0.00000000e+000	2.7779e+017	1.0000e-010	0.0000e+000
3.800000e+002	5.91272456e-002	-3.34087275e+000	4.53961803e+004	0.00000000e+000	2.2948e+017	1.0000e-010	0.0000e+000
3.900000e+002	6.36668636e-002	-3.33633314e+000	4.17224470e+004	0.00000000e+000	1.9291e+017	1.0000e-010	0.0000e+000
4.000000e+002	6.78391083e-002	-3.33216089e+000	3.85962274e+004	0.00000000e+000	1.6417e+017	1.0000e-010	0.0000e+000
4.100000e+002	7.16987311e-002	-3.32830127e+000	3.59082005e+004	0.00000000e+000	1.4116e+017	1.0000e-010	0.0000e+000
4.200000e+002	7.52895511e-002	-3.32471045e+000	3.35702284e+004	0.00000000e+000	1.2278e+017	1.0000e-010	0.0000e+000
4.300000e+002	7.86465740e-002	-3.32135343e+000	3.15144602e+004	0.00000000e+000	1.0796e+017	1.0000e-010	0.0000e+000
4.400000e+002	8.17980200e-002	-3.31820198e+000	2.96930958e+004	0.00000000e+000	9.5649e+016	1.0000e-010	0.0000e+000
4.500000e+002	8.47673296e-002	-3.31523267e+000	2.80711918e+004	0.00000000e+000	8.5175e+016	1.0000e-010	0.0000e+000
4.600000e+002	8.75744487e-002	-3.31242555e+000	2.66188276e+004	0.00000000e+000	7.6272e+016	1.0000e-010	0.0000e+000
4.700000e+002	9.02363315e-002	-3.30976367e+000	2.53090828e+004	0.00000000e+000	6.8783e+016	1.0000e-010	0.0000e+000
4.800000e+002	9.27672398e-002	-3.30723276e+000	2.41201193e+004	0.00000000e+000	6.2441e+016	1.0000e-010	0.0000e+000
4.900000e+002	9.51792517e-002	-3.30482075e+000	2.30361402e+004	0.00000000e+000	5.6928e+016	1.0000e-010	0.0000e+000
5.000000e+002	9.74828657e-002	-3.30251713e+000	2.20453355e+004	0.00000000e+000	5.2035e+016	1.0000e-010	0.0000e+000
5.100000e+002	9.96873993e-002	-3.30031260e+000	2.11370856e+004	0.00000000e+000	4.7699e+016	1.0000e-010	0.0000e+000
5.200000e+002	1.01801108e-001	-3.29819889e+000	2.03009585e+004	0.00000000e+000	4.3912e+016	1.0000e-010	0.0000e+000
5.300000e+002	1.03831204e-001	-3.29616880e+000	1.95275709e+004	0.00000000e+000	4.0617e+016	1.0000e-010	0.0000e+000
5.400000e+002	1.05783961e-001	-3.29421604e+000	1.88096190e+004	0.00000000e+000	3.7706e+016	1.0000e-010	0.0000e+000
5.500000e+002	1.07664923e-001	-3.29233508e+000	1.81418035e+004	0.00000000e+000	3.5073e+016	1.0000e-010	0.0000e+000
5.600000e+002	1.09479103e-001	-3.29052090e+000	1.75198269e+004	0.00000000e+000	3.2665e+016	1.0000e-010	0.0000e+000
5.700000e+002	1.11231086e-001	-3.28876891e+000	1.69394615e+004	0.00000000e+000	3.0480e+016	1.0000e-010	0.0000e+000
5.800000e+002	1.12925032e-001	-3.28707497e+000	1.63963588e+004	0.00000000e+000	2.8523e+016	1.0000e-010	0.0000e+000
5.900000e+002	1.14564668e-001	-3.28543533e+000	1.58864717e+004	0.00000000e+000	2.6779e+016	1.0000e-010	0.0000e+000
6.000000e+002	1.16153315e-001	-3.28384669e+000	1.54065148e+004	0.00000000e+000	2.5207e+016	1.0000e-010	0.0000e+000
6.100000e+002	1.17693966e-001	-3.28230603e+000	1.49540357e+004	0.00000000e+000	2.3764e+016	1.0000e-010	0.0000e+000
6.200000e+002	1.19189370e-001	-3.28081063e+000	1.45271025e+004	0.00000000e+000	2.2422e+016	1.0000e-010	0.0000e+000
6.300000e+002	1.20642080e-001	-3.27935792e+000	1.41239061e+004	0.00000000e+000	2.1175e+016	1.0000e-010	0.0000e+000
6.400000e+002	1.22054471e-001	-3.27794553e+000	1.37425528e+004	0.00000000e+000	2.0028e+016	1.0000e-010	0.0000e+000
6.500000e+002	1.23428726e-001	-3.27657127e+000	1.33811167e+004	0.00000000e+000	1.8982e+016	1.0000e-010	0.0000e+000
6.600000e+002	1.24766838e-001	-3.27523316e+000	1.30378254e+004	0.00000000e+000	1.8029e+016	1.0000e-010	0.0000e+000
6.700000e+002	1.26070620e-001	-3.27392938e+000	1.27112057e+004	0.00000000e+000	1.7153e+016	1.0000e-010	0.0000e+000
6.800000e+002	1.27341741e-001	-3.27265826e+000	1.24000955e+004	0.00000000e+000	1.6338e+016	1.0000e-010	0.0000e+000
6.900000e+002	1.28581750e-001	-3.27141825e+000	1.21035422e+004	0.00000000e+000	1.5574e+016	1.0000e-010	0.0000e+000
7.000000e+002	1.29792105e-001	-3.27020790e+000	1.18206723e+004	0.00000000e+000	1.4855e+016	1.0000e-010	0.0000e+000
7.100000e+002	1.30974172e-001	-3.26902583e+000	1.15506100e+004	0.00000000e+000	1.4182e+016	1.0000e-010	0.0000e+000
7.200000e+002	1.32129233e-001	-3.26787077e+000	1.12924717e+004	0.00000000e+000	1.3556e+016	1.0000e-010	0.0000e+000
7.300000e+002	1.33258480e-001	-3.26674152e+000	1.10454111e+004	0.00000000e+000	1.2974e+016	1.0000e-010	0.0000e+000
7.400000e+002	1.34363021e-001	-3.26563698e+000	1.08086689e+004	0.00000000e+000	1.2432e+016	1.0000e-010	0.0000e+000
7.500000e+002	1.35443888e-001	-3.26455611e+000	1.05815939e+004	0.00000000e+000	1.1924e+016	1.0000e-010	0.0000e+000
7.600000e+002	1.36502047e-001	-3.26349795e+000	1.03636239e+004	0.00000000e+000	1.1446e+016	1.0000e-010	0.0000e+000
7.700000e+002	1.37538410e-001	-3.26246159e+000	1.01542493e+004	0.00000000e+000	1.0994e+016	1.0000e-010	0.0000e+000
7.800000e+002	1.38553835e-001	-3.26144617e+000	9.95297316e+003	0.00000000e+000	1.0569e+016	1.0000e-010	0.0000e+000
7.900000e+002	1.39549132e-001	-3.26045087e+000	9.75929661e+003	0.00000000e+000	1.0169e+016	1.0000e-010	0.0000e+000
8.000000e+002	1.40525062e-001	-3.25947494e+000	9.57272877e+003	0.00000000e+000	9.7958e+015	1.0000e-010	0.0000e+000
8.100000e+002	1.41482335e-001	-3.25851767e+000	9.39281452e+003	0.00000000e+000	9.4462e+015	1.0000e-010	0.0000e+000
8.200000e+002	1.42421616e-001	-3.25757838e+000	9.21916480e+003	0.00000000e+000	9.1170e+015	1.0000e-010	0.0000e+000
8.300000e+002	1.43343533e-001	-3.25665647e+000	9.05147547e+003	0.00000000e+000	8.8038e+015	1.0000e-010	0.0000e+000
8.400000e+002	1.44248680e-001	-3.25575132e+000	8.88952726e+003	0.00000000e+000	8.5020e+015	1.0000e-010	0.0000e+000
8.500000e+002	1.45137633e-001	-3.25486237e+000	8.73316674e+003	0.00000000e+000	8.2084e+015	1.0000e-010	0.0000e+000
8.600000e+002	1.46010949e-001	-3.25398905e+000	8.58227508e+003	0.00000000e+000	7.9209e+015	1.0000e-010	0.0000e+000
8.700000e+002	1.46869177e-001	-3.25313082e+000	8.43673333e+003	0.00000000e+000	7.6398e+015	1.0000e-010	0.0000e+000
8.800000e+002	1.47712850e-001	-3.25228715e+000	8.29639316e+003	0.00000000e+000	7.3664e+015	1.0000e-010	0.0000e+000
8.900000e+002	1.48542490e-001	-3.25145751e+000	8.16105844e+003	0.00000000e+000	7.1034e+015	1.0000e-010	0.0000e+000
9.000000e+002	1.49358595e-001	-3.25064140e+000	8.03048001e+003	0.00000000e+000	6.8536e+015	1.0000e-010	0.0000e+000
9.100000e+002	1.50161643e-001	-3.24983836e+000	7.90436211e+003	0.00000000e+000	6.6193e+015	1.0000e-010	0.0000e+000
9.200000e+002	1.50952080e-001	-3.24904792e+000	7.78237722e+003	0.00000000e+000	6.4022e+015	1.0000e-010	0.0000e+000
9.300000e+002	1.51730317e-001	-3.24826968e+000	7.66418506e+003	0.00000000e+000	6.2031e+015	1.0000e-010	0.0000e+000
9.400000e+002	1.52496736e-001	-3.24750326e+000	7.54944973e+003	0.00000000e+000	6.0216e+015	1.0000e-010	0.0000e+000
9.500000e+002	1.53251681e-001	-3.24674832e+000	7.43786130e+003	0.00000000e+000	5.8565e+015	1.0000e-010	0.0000e+000
9.600000e+002	1.53995467e-001	-3.24600453e+000	7.32914336e+003	0.00000000e+000	5.7058e+015	1.0000e-010	0.0000e+000
9.700000e+002	1.54728381e-001	-3.24527162e+000	7.22306190e+003	0.00000000e+000	5.5675e+015	1.0000e-010	0.0000e+000
9.800000e+002	1.55450688e-001	-3.24454931e+000	7.11942979e+003	0.00000000e+000	5.4389e+015	1.0000e-010	0.0000e+000
9.900000e+002	1.56162631e-001	-3.24383737e+000	7.01810844e+003	0.00000000e+000	5.3177e+015	1.0000e-010	0.0000e+000
1.000000e+003	1.56864441e-001	-3.24313556e+000	6.91917625e+003	0.00000000e+000	5.1922e+015	1.0000e-010	0.0000e+000	-1.1642e-001	7.7688e-003	5.3431e-002	7.8813e-002	9.6141e-002	1.0924e-001	1.1974e-001	1.2849e-001	1.3598e-001	1.4253e-001	1.4839e-001	1.5399e-001
1.010000e+003	1.57556359e-001	-3.24244364e+000	6.82274919e+003	0.00000000e+000	5.0619e+015	1.0000e-010	0.0000e+000
1.020000e+003	1.58238634e-001	-3.24176137e+000	6.72883370e+003	0.00000000e+000	4.9301e+015	1.0000e-010	0.0000e+000
1.030000e+003	1.58911517e-001	-3.24108848e+000	6.63733113e+003	0.00000000e+000	4.8034e+015	1.0000e-010	0.0000e+000
1.040000e+003	1.59575250e-001	-3.24042475e+000	6.54814793e+003	0.00000000e+000	4.6817e+015	1.0000e-010	0.0000e+000
1.050000e+003	1.60230065e-001	-3.23976993e+000	6.46119531e+003	0.00000000e+000	4.5646e+015	1.0000e-010	0.0000e+000
1.060000e+003	1.60876185e-001	-3.23912382e+000	6.37638897e+003	0.00000000e+000	4.4519e+015	1.0000e-010	0.0000e+000
1.070000e+003	1.61513824e-001	-3.23848618e+000	6.29364880e+003	0.00000000e+000	4.3434e+015	1.0000e-010	0.0000e+000
1.080000e+003	1.62143189e-001	-3.23785681e+000	6.21289860e+003	0.00000000e+000	4.2390e+015	1.0000e-010	0.0000e+000
1.090000e+003	1.62764478e-001	-3.23723552e+000	6.13406591e+003	0.00000000e+000	4.1383e+015	1.0000e-010	0.0000e+000
1.100000e+003	1.63377885e-001	-3.23662212e+000	6.05708171e+003	0.00000000e+000	4.0413e+015	1.0000e-010	0.0000e+000
1.110000e+003	1.63983593e-001	-3.23601641e+000	5.98188028e+003	0.00000000e+000	3.9477e+015	1.0000e-010	0.0000e+000
1.120000e+003	1.64581781e-001	-3.23541822e+000	5.90839895e+003	0.00000000e+000	3.8574e+015	1.0000e-010	0.0000e+000
1.130000e+003	1.65172621e-001	-3.23482738e+000	5.83657797e+003	0.00000000e+000	3.7703e+015	1.0000e-010	0.0000e+000
1.140000e+003	1.65756279e-001	-3.23424372e+000	5.76636031e+003	0.00000000e+000	3.6861e+015	1.0000e-010	0.0000e+000
1.150000e+003	1.66332915e-001	-3.23366709e+000	5.69769155e+003	0.00000000e+000	3.6048e+015	1.0000e-010	0.0000e+000
1.160000e+003	1.66902684e-001	-3.23309732e+000	5.63051966e+003	0.00000000e+000	3.5262e+015	1.0000e-010	0.0000e+000
1.170000e+003	1.67465736e-001	-3.23253426e+000	5.56479495e+003	0.00000000e+000	3.4503e+015	1.0000e-010	0.0000e+000
1.180000e+003	1.68022216e-001	-3.23197778e+000	5.50046988e+003	0.00000000e+000	3.3768e+015	1.0000e-010	0.0000e+000
1.190000e+003	1.68572262e-001	-3.23142774e+000	5.43749899e+003	0.00000000e+000	3.3057e+015	1.0000e-010	0.0000e+000
1.200000e+003	1.69116012e-001	-3.23088399e+000	5.37583875e+003	0.00000000e+000	3.2369e+015	1.0000e-010	0.0000e+000
1.210000e+003	1.69653596e-001	-3.23034640e+000	5.31544747e+003	0.00000000e+000	3.1703e+015	1.0000e-010	0.0000e+000
1.220000e+003	1.70185141e-001	-3.22981486e+000	5.25628522e+003	0.00000000e+000	3.1058e+015	1.0000e-010	0.0000e+000
1.230000e+003	1.70710770e-001	-3.22928923e+000	5.19831372e+003	0.00000000e+000	3.0433e+015	1.0000e-010	0.0000e+000
1.240000e+003	1.71230601e-001	-3.22876940e+000	5.14149628e+003	0.00000000e+000	2.9827e+015	1.0000e-010	0.0000e+000
1.250000e+003	1.71744751e-001	-3.22825525e+000	5.08579766e+003	0.00000000e+000	2.9240e+015	1.0000e-010	0.0000e+000
1.260000e+003	1.72253330e-001	-3.22774667e+000	5.03118409e+003	0.00000000e+000	2.8670e+015	1.0000e-010	0.0000e+000
1.270000e+003	1.72756449e-001	-3.22724355e+000	4.97762310e+003	0.00000000e+000	2.8117e+015	1.0000e-010	0.0000e+000
1.280000e+003	1.73254211e-001	-3.22674579e+000	4.92508353e+003	0.00000000e+000	2.7581e+015	1.0000e-010	0.0000e+000
1.290000e+003	1.73746719e-001	-3.22625328e+000	4.87353541e+003	0.00000000e+000	2.7061e+015	1.0000e-010	0.0000e+000
1.300000e+003	1.74234073e-001	-3.22576593e+000	4.82294997e+003	0.00000000e+000	2.6555e+015	1.0000e-010	0.0000e+000
1.310000e+003	1.74716368e-001	-3.22528363e+000	4.77329949e+003	0.00000000e+000	2.6065e+015	1.0000e-010	0.0000e+000
1.320000e+003	1.75193698e-001	-3.22480630e+000	4.72455736e+003	0.00000000e+000	2.5588e+015	1.0000e-010	0.0000e+000
1.330000e+003	1.75666154e-001	-3.22433385e+000	4.67669791e+003	0.00000000e+000	2.5124e+015	1.0000e-010	0.0000e+000
1.340000e+003	1.76133823e-001	-3.22386618e+000	4.62969647e+003	0.00000000e+000	2.4674e+015	1.0000e-010	0.0000e+000
1.350000e+003	1.76596793e-001	-3.22340321e+000	4.58352926e+003	0.00000000e+000	2.4236e+015	1.0000e-010	0.0000e+000
1.360000e+003	1.77055146e-001	-3.22294485e+000	4.53817338e+003	0.00000000e+000	2.3810e+015	1.0000e-010	0.0000e+000
1.370000e+003	1.77508963e-001	-3.22249104e+000	4.49360674e+003	0.00000000e+000	2.3396e+015	1.0000e-010	0.0000e+000
1.380000e+003	1.77958324e-001	-3.22204168e+000	4.44980808e+003	0.00000000e+000	2.2993e+015	1.0000e-010	0.0000e+000
1.390000e+003	1.78403305e-001	-3.22159670e+000	4.40675685e+003	0.00000000e+000	2.2600e+015	1.0000e-010	0.0000e+000
1.400000e+003	1.78843980e-001	-3.22115602e+000	4.36443326e+003	0.00000000e+000	2.2218e+015	1.0000e-010	0.0000e+000
1.410000e+003	1.79280424e-001	-3.22071958e+000	4.32281819e+003	0.00000000e+000	2.1846e+015	1.0000e-010	0.0000e+000
1.420000e+003	1.79712706e-001	-3.22028729e+000	4.28189320e+003	0.00000000e+000	2.1484e+015	1.0000e-010	0.0000e+000
1.430000e+003	1.80140895e-001	-3.21985911e+000	4.24164047e+003	0.00000000e+000	2.1131e+015	1.0000e-010	0.0000e+000
1.440000e+003	1.80565059e-001	-3.21943494e+000	4.20204280e+003	0.00000000e+000	2.0787e+015	1.0000e-010	0.0000e+000
1.450000e+003	1.80985263e-001	-3.21901474e+000	4.16308356e+003	0.00000000e+000	2.0452e+015	1.0000e-010	0.0000e+000
1.460000e+003	1.81401572e-001	-3.21859843e+000	4.12474667e+003	0.00000000e+000	2.0126e+015	1.0000e-010	0.0000e+000
1.470000e+003	1.81814046e-001	-3.21818595e+000	4.08701660e+003	0.00000000e+000	1.9807e+015	1.0000e-010	0.0000e+000
1.480000e+003	1.82222748e-001	-3.21777725e+000	4.04987833e+003	0.00000000e+000	1.9496e+015	1.0000e-010	0.0000e+000
1.490000e+003	1.82627736e-001	-3.21737226e+000	4.01331732e+003	0.00000000e+000	1.9193e+015	1.0000e-010	0.0000e+000
1.500000e+003	1.83029067e-001	-3.21697093e+000	3.97731950e+003	0.00000000e+000	1.8898e+015	1.0000e-010	0.0000e+000
1.510000e+003	1.83426799e-001	-3.21657320e+000	3.94187127e+003	0.00000000e+000	1.8609e+015	1.0000e-010	0.0000e+000
1.520000e+003	1.83820987e-001	-3.21617901e+000	3.90695946e+003	0.00000000e+000	1.8328e+015	1.0000e-010	0.0000e+000
1.530000e+003	1.84211683e-001	-3.21578832e+000	3.87257129e+003	0.00000000e+000	1.8053e+015	1.0000e-010	0.0000e+000
1.540000e+003	1.84598940e-001	-3.21540106e+000	3.83869441e+003	0.00000000e+000	1.7784e+015	1.0000e-010	0.0000e+000
1.550000e+003	1.84982809e-001	-3.21501719e+000	3.80531684e+003	0.00000000e+000	1.7522e+015	1.0000e-010	0.0000e+000
1.560000e+003	1.85363341e-001	-3.21463666e+000	3.77242698e+003	0.00000000e+000	1.7266e+015	1.0000e-010	0.0000e+000
1.570000e+003	1.85740583e-001	-3.21425942e+000	3.74001357e+003	0.00000000e+000	1.7016e+015	1.0000e-010	0.0000e+000
1.580000e+003	1.86114585e-001	-3.21388542e+000	3.70806572e+003	0.00000000e+000	1.6772e+015	1.0000e-010	0.0000e+000
1.590000e+003	1.86485391e-001	-3.21351461e+000	3.67657284e+003	0.00000000e+000	1.6533e+015	1.0000e-010	0.0000e+000
1.600000e+003	1.86853049e-001	-3.21314695e+000	3.64552466e+003	0.00000000e+000	1.6299e+015	1.0000e-010	0.0000e+000
1.610000e+003	1.87217601e-001	-3.21278240e+000	3.61491124e+003	0.00000000e+000	1.6071e+015	1.0000e-010	0.0000e+000
1.620000e+003	1.87579092e-001	-3.21242091e+000	3.58472292e+003	0.00000000e+000	1.5848e+015	1.0000e-010	0.0000e+000
1.630000e+003	1.87937565e-001	-3.21206244e+000	3.55495030e+003	0.00000000e+000	1.5630e+015	1.0000e-010	0.0000e+000
1.640000e+003	1.88293060e-001	-3.21170694e+000	3.52558430e+003	0.00000000e+000	1.5416e+015	1.0000e-010	0.0000e+000
1.650000e+003	1.88645618e-001	-3.21135438e+000	3.49661605e+003	0.00000000e+000	1.5208e+015	1.0000e-010	0.0000e+000
1.660000e+003	1.88995280e-001	-3.21100472e+000	3.46803698e+003	0.00000000e+000	1.5003e+015	1.0000e-010	0.0000e+000
1.670000e+003	1.89342083e-001	-3.21065792e+000	3.43983873e+003	0.00000000e+000	1.4803e+015	1.0000e-010	0.0000e+000
1.680000e+003	1.89686067e-001	-3.21031393e+000	3.41201320e+003	0.00000000e+000	1.4608e+015	1.0000e-010	0.0000e+000
1.690000e+003	1.90027269e-001	-3.20997273e+000	3.38455251e+003	0.00000000e+000	1.4416e+015	1.0000e-010	0.0000e+000
1.700000e+003	1.90365724e-001	-3.20963428e+000	3.35744899e+003	0.00000000e+000	1.4229e+015	1.0000e-010	0.0000e+000
1.710000e+003	1.90701469e-001	-3.20929853e+000	3.33069520e+003	0.00000000e+000	1.4045e+015	1.0000e-010	0.0000e+000
1.720000e+003	1.91034538e-001	-3.20896546e+000	3.30428388e+003	0.00000000e+000	1.3865e+015	1.0000e-010	0.0000e+000
1.730000e+003	1.91364967e-001	-3.20863503e+000	3.27820799e+003	0.00000000e+000	1.3689e+015	1.0000e-010	0.0000e+000
1.740000e+003	1.91692787e-001	-3.20830721e+000	3.25246067e+003	0.00000000e+000	1.3517e+015	1.0000e-010	0.0000e+000
1.750000e+003	1.92018033e-001	-3.20798197e+000	3.22703526e+003	0.00000000e+000	1.3348e+015	1.0000e-010	0.0000e+000
1.760000e+003	1.92340737e-001	-3.20765926e+000	3.20192525e+003	0.00000000e+000	1.3182e+015	1.0000e-010	0.0000e+000
1.770000e+003	1.92660929e-001	-3.20733907e+000	3.17712432e+003	0.00000000e+000	1.3020e+015	1.0000e-010	0.0000e+000
1.780000e+003	1.92978642e-001	-3.20702136e+000	3.15262632e+003	0.00000000e+000	1.2861e+015	1.0000e-010	0.0000e+000
1.790000e+003	1.93293905e-001	-3.20670610e+000	3.12842526e+003	0.00000000e+000	1.2705e+015	1.0000e-010	0.0000e+000
1.800000e+003	1.93606747e-001	-3.20639325e+000	3.10451530e+003	0.00000000e+000	1.2552e+015	1.0000e-010	0.0000e+000
1.810000e+003	1.93917199e-001	-3.20608280e+000	3.08089075e+003	0.00000000e+000	1.2402e+015	1.0000e-010	0.0000e+000
1.820000e+003	1.94225288e-001	-3.20577471e+000	3.05754608e+003	0.00000000e+000	1.2255e+015	1.0000e-010	0.0000e+000
1.830000e+003	1.94531042e-001	-3.20546896e+000	3.03447588e+003	0.00000000e+000	1.2111e+015	1.0000e-010	0.0000e+000
1.840000e+003	1.94834490e-001	-3.20516551e+000	3.01167489e+003	0.00000000e+000	1.1970e+015	1.0000e-010	0.0000e+000
1.850000e+003	1.95135657e-001	-3.20486434e+000	2.98913798e+003	0.00000000e+000	1.1831e+015	1.0000e-010	0.0000e+000
1.860000e+003	1.95434571e-001	-3.20456543e+000	2.96686016e+003	0.00000000e+000	1.1695e+015	1.0000e-010	0.0000e+000
1.870000e+003	1.95731257e-001	-3.20426874e+000	2.94483654e+003	0.00000000e+000	1.1562e+015	1.0000e-010	0.0000e+000
1.880000e+003	1.96025741e-001	-3.20397426e+000	2.92306238e+003	0.00000000e+000	1.1431e+015	1.0000e-010	0.0000e+000
1.890000e+003	1.96318047e-001	-3.20368195e+000	2.90153302e+003	0.00000000e+000	1.1302e+015	1.0000e-010	0.0000e+000
1.900000e+003	1.96608200e-001	-3.20339180e+000	2.88024396e+003	0.00000000e+000	1.1176e+015	1.0000e-010	0.0000e+000
1.910000e+003	1.96896225e-001	-3.20310378e+000	2.85919076e+003	0.00000000e+000	1.1052e+015	1.0000e-010	0.0000e+000
1.920000e+003	1.97182144e-001	-3.20281786e+000	2.83836912e+003	0.00000000e+000	1.0931e+015	1.0000e-010	0.0000e+000
1.930000e+003	1.97465981e-001	-3.20253402e+000	2.81777485e+003	0.00000000e+000	1.0812e+015	1.0000e-010	0.0000e+000
1.940000e+003	1.97747758e-001	-3.20225224e+000	2.79740382e+003	0.00000000e+000	1.0694e+015	1.0000e-010	0.0000e+000
1.950000e+003	1.98027499e-001	-3.20197250e+000	2.77725204e+003	0.00000000e+000	1.0579e+015	1.0000e-010	0.0000e+000
1.960000e+003	1.98305224e-001	-3.20169478e+000	2.75731559e+003	0.00000000e+000	1.0466e+015	1.0000e-010	0.0000e+000
1.970000e+003	1.98580955e-001	-3.20141904e+000	2.73759064e+003	0.00000000e+000	1.0355e+015	1.0000e-010	0.0000e+000
1.980000e+003	1.98854714e-001	-3.20114529e+000	2.71807347e+003	0.00000000e+000	1.0246e+015	1.0000e-010	0.0000e+000
1.990000e+003	1.99126522e-001	-3.20087348e+000	2.69876043e+003	0.00000000e+000	1.0139e+015	1.0000e-010	0.0000e+000
2.000000e+003	1.99396398e-001	-3.20060360e+000	2.67964795e+003	0.00000000e+000	1.0034e+015	1.0000e-010	0.0000e+000
2.010000e+003	1.99664363e-001	-3.20033564e+000	2.66073256e+003	0.00000000e+000	9.9302e+014	1.0000e-010	0.0000e+000
2.020000e+003	1.99930436e-001	-3.20006956e+000	2.64201085e+003	0.00000000e+000	9.8285e+014	1.0000e-010	0.0000e+000
2.030000e+003	2.00194637e-001	-3.19980536e+000	2.62347949e+003	0.00000000e+000	9.7286e+014	1.0000e-010	0.0000e+000
2.040000e+003	2.00456985e-001	-3.19954302e+000	2.60513525e+003	0.00000000e+000	9.6304e+014	1.0000e-010	0.0000e+000
2.050000e+003	2.00717498e-001	-3.19928250e+000	2.58697493e+003	0.00000000e+000	9.5338e+014	1.0000e-010	0.0000e+000
2.060000e+003	2.00976196e-001	-3.19902380e+000	2.56899543e+003	0.00000000e+000	9.4389e+014	1.0000e-010	0.0000e+000
2.070000e+003	2.01233096e-001	-3.19876690e+000	2.55119372e+003	0.00000000e+000	9.3455e+014	1.0000e-010	0.0000e+000
2.080000e+003	2.01488215e-001	-3.19851179e+000	2.53356682e+003	0.00000000e+000	9.2538e+014	1.0000e-010	0.0000e+000
2.090000e+003	2.01741572e-001	-3.19825843e+000	2.51611182e+003	0.00000000e+000	9.1635e+014	1.0000e-010	0.0000e+000
2.100000e+003	2.01993183e-001	-3.19800682e+000	2.49882589e+003	0.00000000e+000	9.0748e+014	1.0000e-010	0.0000e+000
2.110000e+003	2.02243065e-001	-3.19775693e+000	2.48170623e+003	0.00000000e+000	8.9875e+014	1.0000e-010	0.0000e+000
2.120000e+003	2.02491236e-001	-3.19750876e+000	2.46475013e+003	0.00000000e+000	8.9016e+014	1.0000e-010	0.0000e+000
2.130000e+003	2.02737711e-001	-3.19726229e+000	2.44795492e+003	0.00000000e+000	8.8172e+014	1.0000e-010	0.0000e+000
2.140000e+003	2.02982506e-001	-3.19701749e+000	2.43131800e+003	0.00000000e+000	8.7341e+014	1.0000e-010	0.0000e+000
2.150000e+003	2.03225638e-001	-3.19677436e+000	2.41483681e+003	0.00000000e+000	8.6523e+014	1.0000e-010	0.0000e+000
2.160000e+003	2.03467122e-001	-3.19653288e+000	2.39850886e+003	0.00000000e+000	8.5719e+014	1.0000e-010	0.0000e+000
2.170000e+003	2.03706973e-001	-3.19629303e+000	2.38233169e+003	0.00000000e+000	8.4927e+014	1.0000e-010	0.0000e+000
2.180000e+003	2.03945206e-001	-3.19605479e+000	2.36630292e+003	0.00000000e+000	8.4148e+014	1.0000e-010	0.0000e+000
2.190000e+003	2.04181836e-001	-3.19581816e+000	2.35042019e+003	0.00000000e+000	8.3381e+014	1.0000e-010	0.0000e+000
2.200000e+003	2.04416878e-001	-3.19558312e+000	2.33468121e+003	0.00000000e+000	8.2627e+014	1.0000e-010	0.0000e+000
2.210000e+003	2.04650346e-001	-3.19534965e+000	2.31908373e+003	0.00000000e+000	8.1884e+014	1.0000e-010	0.0000e+000
2.220000e+003	2.04882255e-001	-3.19511775e+000	2.30362554e+003	0.00000000e+000	8.1153e+014	1.0000e-010	0.0000e+000
2.230000e+003	2.05112617e-001	-3.19488738e+000	2.28830448e+003	0.00000000e+000	8.0433e+014	1.0000e-010	0.0000e+000
2.240000e+003	2.05341448e-001	-3.19465855e+000	2.27311844e+003	0.00000000e+000	7.9724e+014	1.0000e-010	0.0000e+000
2.250000e+003	2.05568760e-001	-3.19443124e+000	2.25806535e+003	0.00000000e+000	7.9026e+014	1.0000e-010	0.0000e+000
2.260000e+003	2.05794566e-001	-3.19420543e+000	2.24314316e+003	0.00000000e+000	7.8339e+014	1.0000e-010	0.0000e+000
2.270000e+003	2.06018880e-001	-3.19398112e+000	2.22834990e+003	0.00000000e+000	7.7662e+014	1.0000e-010	0.0000e+000
2.280000e+003	2.06241715e-001	-3.19375828e+000	2.21368359e+003	0.00000000e+000	7.6996e+014	1.0000e-010	0.0000e+000
2.290000e+003	2.06463084e-001	-3.19353692e+000	2.19914234e+003	0.00000000e+000	7.6339e+014	1.0000e-010	0.0000e+000
2.300000e+003	2.06682998e-001	-3.19331700e+000	2.18472426e+003	0.00000000e+000	7.5692e+014	1.0000e-010	0.0000e+000
2.310000e+003	2.06901471e-001	-3.19309853e+000	2.17042751e+003	0.00000000e+000	7.5055e+014	1.0000e-010	0.0000e+000
2.320000e+003	2.07118513e-001	-3.19288149e+000	2.15625029e+003	0.00000000e+000	7.4428e+014	1.0000e-010	0.0000e+000
2.330000e+003	2.07334138e-001	-3.19266586e+000	2.14219083e+003	0.00000000e+000	7.3810e+014	1.0000e-010	0.0000e+000
2.340000e+003	2.07548357e-001	-3.19245164e+000	2.12824738e+003	0.00000000e+000	7.3201e+014	1.0000e-010	0.0000e+000
2.350000e+003	2.07761182e-001	-3.19223882e+000	2.11441826e+003	0.00000000e+000	7.2601e+014	1.0000e-010	0.0000e+000
2.360000e+003	2.07972624e-001	-3.19202738e+000	2.10070178e+003	0.00000000e+000	7.2009e+014	1.0000e-010	0.0000e+000
2.370000e+003	2.08182694e-001	-3.19181731e+000	2.08709631e+003	0.00000000e+000	7.1426e+014	1.0000e-010	0.0000e+000
2.380000e+003	2.08391404e-001	-3.19160860e+000	2.07360023e+003	0.00000000e+000	7.0852e+014	1.0000e-010	0.0000e+000
2.390000e+003	2.08598764e-001	-3.19140124e+000	2.06021198e+003	0.00000000e+000	7.0286e+014	1.0000e-010	0.0000e+000
2.400000e+003	2.08804785e-001	-3.19119522e+000	2.04692999e+003	0.00000000e+000	6.9728e+014	1.0000e-010	0.0000e+000
2.410000e+003	2.09009478e-001	-3.19099052e+000	2.03375276e+003	0.00000000e+000	6.9178e+014	1.0000e-010	0.0000e+000
2.420000e+003	2.09212853e-001	-3.19078715e+000	2.02067878e+003	0.00000000e+000	6.8636e+014	1.0000e-010	0.0000e+000
2.430000e+003	2.09414921e-001	-3.19058508e+000	2.00770660e+003	0.00000000e+000	6.8102e+014	1.0000e-010	0.0000e+000
2.440000e+003	2.09615692e-001	-3.19038431e+000	1.99483477e+003	0.00000000e+000	6.7575e+014	1.0000e-010	0.0000e+000
2.450000e+003	2.09815175e-001	-3.19018482e+000	1.98206188e+003	0.00000000e+000	6.7056e+014	1.0000e-010	0.0000e+000
2.460000e+003	2.10013381e-001	-3.18998662e+000	1.96938654e+003	0.00000000e+000	6.6544e+014	1.0000e-010	0.0000e+000
2.470000e+003	2.10210320e-001	-3.18978968e+000	1.95680740e+003	0.00000000e+000	6.6039e+014	1.0000e-010	0.0000e+000
2.480000e+003	2.10406001e-001	-3.18959400e+000	1.94432311e+003	0.00000000e+000	6.5541e+014	1.0000e-010	0.0000e+000
2.490000e+003	2.10600433e-001	-3.18939957e+000	1.93193237e+003	0.00000000e+000	6.5049e+014	1.0000e-010	0.0000e+000
2.500000e+003	2.10793626e-001	-3.18920637e+000	1.91963388e+003	0.00000000e+000	6.4565e+014	1.0000e-010	0.0000e+000
2.510000e+003	2.10985590e-001	-3.18901441e+000	1.90742637e+003	0.00000000e+000	6.4088e+014	1.0000e-010	0.0000e+000
2.520000e+003	2.11176332e-001	-3.18882367e+000	1.89530860e+003	0.00000000e+000	6.3616e+014	1.0000e-010	0.0000e+000
2.530000e+003	2.11365863e-001	-3.18863414e+000	1.88327934e+003	0.00000000e+000	6.3152e+014	1.0000e-010	0.0000e+000
2.540000e+003	2.11554191e-001	-3.18844581e+000	1.87133740e+003	0.00000000e+000	6.2693e+014	1.0000e-010	0.0000e+000
2.550000e+003	2.11741325e-001	-3.18825868e+000	1.85948159e+003	0.00000000e+000	6.2241e+014	1.0000e-010	0.0000e+000
2.560000e+003	2.11927273e-001	-3.18807273e+000	1.84771075e+003	0.00000000e+000	6.1795e+014	1.0000e-010	0.0000e+000
2.570000e+003	2.12112044e-001	-3.18788796e+000	1.83602374e+003	0.00000000e+000	6.1355e+014	1.0000e-010	0.0000e+000
2.580000e+003	2.12295647e-001	-3.18770435e+000	1.82441944e+003	0.00000000e+000	6.0921e+014	1.0000e-010	0.0000e+000
2.590000e+003	2.12478088e-001	-3.18752191e+000	1.81289674e+003	0.00000000e+000	6.0492e+014	1.0000e-010	0.0000e+000
2.600000e+003	2.12659378e-001	-3.18734062e+000	1.80145457e+003	0.00000000e+000	6.0070e+014	1.0000e-010	0.0000e+000
2.610000e+003	2.12839524e-001	-3.18716048e+000	1.79009185e+003	0.00000000e+000	5.9653e+014	1.0000e-010	0.0000e+000
2.620000e+003	2.13018533e-001	-3.18698147e+000	1.77880753e+003	0.00000000e+000	5.9241e+014	1.0000e-010	0.0000e+000
2.630000e+003	2.13196414e-001	-3.18680359e+000	1.76760060e+003	0.00000000e+000	5.8835e+014	1.0000e-010	0.0000e+000
2.640000e+003	2.13373174e-001	-3.18662683e+000	1.75647003e+003	0.00000000e+000	5.8434e+014	1.0000e-010	0.0000e+000
2.650000e+003	2.13548821e-001	-3.18645118e+000	1.74541483e+003	0.00000000e+000	5.8038e+014	1.0000e-010	0.0000e+000
2.660000e+003	2.13723362e-001	-3.18627664e+000	1.73443402e+003	0.00000000e+000	5.7648e+014	1.0000e-010	0.0000e+000
2.670000e+003	2.13896806e-001	-3.18610319e+000	1.72352663e+003	0.00000000e+000	5.7262e+014	1.0000e-010	0.0000e+000
2.680000e+003	2.14069158e-001	-3.18593084e+000	1.71269172e+003	0.00000000e+000	5.6882e+014	1.0000e-010	0.0000e+000
2.690000e+003	2.14240427e-001	-3.18575957e+000	1.70192835e+003	0.00000000e+000	5.6506e+014	1.0000e-010	0.0000e+000
2.700000e+003	2.14410620e-001	-3.18558938e+000	1.69123561e+003	0.00000000e+000	5.6135e+014	1.0000e-010	0.0000e+000
2.710000e+003	2.14579744e-001	-3.18542026e+000	1.68061259e+003	0.00000000e+000	5.5769e+014	1.0000e-010	0.0000e+000
2.720000e+003	2.14747805e-001	-3.18525220e+000	1.67005841e+003	0.00000000e+000	5.5408e+014	1.0000e-010	0.0000e+000
2.730000e+003	2.14914811e-001	-3.18508519e+000	1.65957219e+003	0.00000000e+000	5.5051e+014	1.0000e-010	0.0000e+000
2.740000e+003	2.15080768e-001	-3.18491923e+000	1.64915307e+003	0.00000000e+000	5.4699e+014	1.0000e-010	0.0000e+000
2.750000e+003	2.15245683e-001	-3.18475432e+000	1.63880020e+003	0.00000000e+000	5.4351e+014	1.0000e-010	0.0000e+000
2.760000e+003	2.15409563e-001	-3.18459044e+000	1.62851276e+003	0.00000000e+000	5.4008e+014	1.0000e-010	0.0000e+000
2.770000e+003	2.15572415e-001	-3.18442759e+000	1.61828991e+003	0.00000000e+000	5.3669e+014	1.0000e-010	0.0000e+000
2.780000e+003	2.15734244e-001	-3.18426576e+000	1.60813086e+003	0.00000000e+000	5.3334e+014	1.0000e-010	0.0000e+000
2.790000e+003	2.15895057e-001	-3.18410494e+000	1.59803481e+003	0.00000000e+000	5.3003e+014	1.0000e-010	0.0000e+000
2.800000e+003	2.16054860e-001	-3.18394514e+000	1.58800097e+003	0.00000000e+000	5.2676e+014	1.0000e-010	0.0000e+000
2.810000e+003	2.16213660e-001	-3.18378634e+000	1.57802858e+003	0.00000000e+000	5.2354e+014	1.0000e-010	0.0000e+000
2.820000e+003	2.16371463e-001	-3.18362854e+000	1.56811688e+003	0.00000000e+000	5.2035e+014	1.0000e-010	0.0000e+000
2.830000e+003	2.16528275e-001	-3.18347173e+000	1.55826512e+003	0.00000000e+000	5.1720e+014	1.0000e-010	0.0000e+000
2.840000e+003	2.16684101e-001	-3.18331590e+000	1.54847256e+003	0.00000000e+000	5.1410e+014	1.0000e-010	0.0000e+000
2.850000e+003	2.16838949e-001	-3.18316105e+000	1.53873848e+003	0.00000000e+000	5.1103e+014	1.0000e-010	0.0000e+000
2.860000e+003	2.16992822e-001	-3.18300718e+000	1.52906216e+003	0.00000000e+000	5.0799e+014	1.0000e-010	0.0000e+000
2.870000e+003	2.17145729e-001	-3.18285427e+000	1.51944291e+003	0.00000000e+000	5.0500e+014	1.0000e-010	0.0000e+000
2.880000e+003	2.17297673e-001	-3.18270233e+000	1.50988003e+003	0.00000000e+000	5.0204e+014	1.0000e-010	0.0000e+000
2.890000e+003	2.17448661e-001	-3.18255134e+000	1.50037284e+003	0.00000000e+000	4.9912e+014	1.0000e-010	0.0000e+000
2.900000e+003	2.17598698e-001	-3.18240130e+000	1.49092067e+003	0.00000000e+000	4.9623e+014	1.0000e-010	0.0000e+000
2.910000e+003	2.17747790e-001	-3.18225221e+000	1.48152285e+003	0.00000000e+000	4.9337e+014	1.0000e-010	0.0000e+000
2.920000e+003	2.17895943e-001	-3.18210406e+000	1.47217874e+003	0.00000000e+000	4.9055e+014	1.0000e-010	0.0000e+000
2.930000e+003	2.18043160e-001	-3.18195684e+000	1.46288768e+003	0.00000000e+000	4.8777e+014	1.0000e-010	0.0000e+000
2.940000e+003	2.18189449e-001	-3.18181055e+000	1.45364905e+003	0.00000000e+000	4.8502e+014	1.0000e-010	0.0000e+000
2.950000e+003	2.18334814e-001	-3.18166519e+000	1.44446223e+003	0.00000000e+000	4.8230e+014	1.0000e-010	0.0000e+000
2.960000e+003	2.18479260e-001	-3.18152074e+000	1.43532659e+003	0.00000000e+000	4.7961e+014	1.0000e-010	0.0000e+000
2.970000e+003	2.18622793e-001	-3.18137721e+000	1.42624153e+003	0.00000000e+000	4.7695e+014	1.0000e-010	0.0000e+000
2.980000e+003	2.18765417e-001	-3.18123458e+000	1.41720646e+003	0.00000000e+000	4.7433e+014	1.0000e-010	0.0000e+000
2.990000e+003	2.18907138e-001	-3.18109286e+000	1.40822078e+003	0.00000000e+000	4.7174e+014	1.0000e-010	0.0000e+000
3.000000e+003	2.19047960e-001	-3.18095204e+000	1.39928392e+003	0.00000000e+000	4.6917e+014	1.0000e-010	0.0000e+000
3.010000e+003	2.19187888e-001	-3.18081211e+000	1.39039530e+003	0.00000000e+000	4.6664e+014	1.0000e-010	0.0000e+000
3.020000e+003	2.19326928e-001	-3.18067307e+000	1.38155435e+003	0.00000000e+000	4.6414e+014	1.0000e-010	0.0000e+000
3.030000e+003	2.19465083e-001	-3.18053492e+000	1.37276053e+003	0.00000000e+000	4.6167e+014	1.0000e-010	0.0000e+000
3.040000e+003	2.19602359e-001	-3.18039764e+000	1.36401328e+003	0.00000000e+000	4.5922e+014	1.0000e-010	0.0000e+000
3.050000e+003	2.19738761e-001	-3.18026124e+000	1.35531206e+003	0.00000000e+000	4.5680e+014	1.0000e-010	0.0000e+000
3.060000e+003	2.19874292e-001	-3.18012571e+000	1.34665633e+003	0.00000000e+000	4.5442e+014	1.0000e-010	0.0000e+000
3.070000e+003	2.20008958e-001	-3.17999104e+000	1.33804558e+003	0.00000000e+000	4.5205e+014	1.0000e-010	0.0000e+000
3.080000e+003	2.20142762e-001	-3.17985724e+000	1.32947928e+003	0.00000000e+000	4.4972e+014	1.0000e-010	0.0000e+000
3.090000e+003	2.20275710e-001	-3.17972429e+000	1.32095692e+003	0.00000000e+000	4.4741e+014	1.0000e-010	0.0000e+000
3.100000e+003	2.20407806e-001	-3.17959219e+000	1.31247800e+003	0.00000000e+000	4.4513e+014	1.0000e-010	0.0000e+000
3.110000e+003	2.20539053e-001	-3.17946095e+000	1.30404201e+003	0.00000000e+000	4.4288e+014	1.0000e-010	0.0000e+000
3.120000e+003	2.20669458e-001	-3.17933054e+000	1.29564847e+003	0.00000000e+000	4.4065e+014	1.0000e-010	0.0000e+000
3.130000e+003	2.20799023e-001	-3.17920098e+000	1.28729689e+003	0.00000000e+000	4.3845e+014	1.0000e-010	0.0000e+000
3.140000e+003	2.20927752e-001	-3.17907225e+000	1.27898680e+003	0.00000000e+000	4.3627e+014	1.0000e-010	0.0000e+000
3.150000e+003	2.21055651e-001	-3.17894435e+000	1.27071772e+003	0.00000000e+000	4.3412e+014	1.0000e-010	0.0000e+000
3.160000e+003	2.21182723e-001	-3.17881728e+000	1.26248918e+003	0.00000000e+000	4.3199e+014	1.0000e-010	0.0000e+000
3.170000e+003	2.21308972e-001	-3.17869103e+000	1.25430073e+003	0.00000000e+000	4.2988e+014	1.0000e-010	0.0000e+000
3.180000e+003	2.21434402e-001	-3.17856560e+000	1.24615191e+003	0.00000000e+000	4.2780e+014	1.0000e-010	0.0000e+000
3.190000e+003	2.21559017e-001	-3.17844098e+000	1.23804227e+003	0.00000000e+000	4.2575e+014	1.0000e-010	0.0000e+000
3.200000e+003	2.21682821e-001	-3.17831718e+000	1.22997138e+003	0.00000000e+000	4.2371e+014	1.0000e-010	0.0000e+000
3.210000e+003	2.21805818e-001	-3.17819418e+000	1.22193880e+003	0.00000000e+000	4.2170e+014	1.0000e-010	0.0000e+000
3.220000e+003	2.21928012e-001	-3.17807199e+000	1.21394410e+003	0.00000000e+000	4.1971e+014	1.0000e-010	0.0000e+000
3.230000e+003	2.22049407e-001	-3.17795059e+000	1.20598685e+003	0.00000000e+000	4.1775e+014	1.0000e-010	0.0000e+000
3.240000e+003	2.22170005e-001	-3.17782999e+000	1.19806663e+003	0.00000000e+000	4.1580e+014	1.0000e-010	0.0000e+000
3.250000e+003	2.22289812e-001	-3.17771019e+000	1.19018304e+003	0.00000000e+000	4.1388e+014	1.0000e-010	0.0000e+000
3.260000e+003	2.22408830e-001	-3.17759117e+000	1.18233565e+003	0.00000000e+000	4.1198e+014	1.0000e-010	0.0000e+000
3.270000e+003	2.22527064e-001	-3.17747294e+000	1.17452407e+003	0.00000000e+000	4.1010e+014	1.0000e-010	0.0000e+000
3.280000e+003	2.22644516e-001	-3.17735548e+000	1.16674790e+003	0.00000000e+000	4.0824e+014	1.0000e-010	0.0000e+000
3.290000e+003	2.22761191e-001	-3.17723881e+000	1.15900675e+003	0.00000000e+000	4.0640e+014	1.0000e-010	0.0000e+000
3.300000e+003	2.22877092e-001	-3.17712291e+000	1.15130023e+003	0.00000000e+000	4.0458e+014	1.0000e-010	0.0000e+000
3.310000e+003	2.22992222e-001	-3.17700778e+000	1.14362795e+003	0.00000000e+000	4.0279e+014	1.0000e-010	0.0000e+000
3.320000e+003	2.23106584e-001	-3.17689342e+000	1.13598953e+003	0.00000000e+000	4.0101e+014	1.0000e-010	0.0000e+000
3.330000e+003	2.23220183e-001	-3.17677982e+000	1.12838461e+003	0.00000000e+000	3.9925e+014	1.0000e-010	0.0000e+000
3.340000e+003	2.23333022e-001	-3.17666698e+000	1.12081281e+003	0.00000000e+000	3.9751e+014	1.0000e-010	0.0000e+000
3.350000e+003	2.23445103e-001	-3.17655490e+000	1.11327376e+003	0.00000000e+000	3.9579e+014	1.0000e-010	0.0000e+000
3.360000e+003	2.23556430e-001	-3.17644357e+000	1.10576712e+003	0.00000000e+000	3.9409e+014	1.0000e-010	0.0000e+000
3.370000e+003	2.23667007e-001	-3.17633299e+000	1.09829251e+003	0.00000000e+000	3.9241e+014	1.0000e-010	0.0000e+000
3.380000e+003	2.23776836e-001	-3.17622316e+000	1.09084958e+003	0.00000000e+000	3.9075e+014	1.0000e-010	0.0000e+000
3.390000e+003	2.23885921e-001	-3.17611408e+000	1.08343800e+003	0.00000000e+000	3.8910e+014	1.0000e-010	0.0000e+000
3.400000e+003	2.23994265e-001	-3.17600573e+000	1.07605742e+003	0.00000000e+000	3.8747e+014	1.0000e-010	0.0000e+000
3.410000e+003	2.24101871e-001	-3.17589813e+000	1.06870749e+003	0.00000000e+000	3.8586e+014	1.0000e-010	0.0000e+000
3.420000e+003	2.24208742e-001	-3.17579126e+000	1.06138788e+003	0.00000000e+000	3.8427e+014	1.0000e-010	0.0000e+000
3.430000e+003	2.24314880e-001	-3.17568512e+000	1.05409826e+003	0.00000000e+000	3.8270e+014	1.0000e-010	0.0000e+000
3.440000e+003	2.24420290e-001	-3.17557971e+000	1.04683831e+003	0.00000000e+000	3.8114e+014	1.0000e-010	0.0000e+000
3.450000e+003	2.24524974e-001	-3.17547503e+000	1.03960769e+003	0.00000000e+000	3.7960e+014	1.0000e-010	0.0000e+000
3.460000e+003	2.24628935e-001	-3.17537107e+000	1.03240609e+003	0.00000000e+000	3.7808e+014	1.0000e-010	0.0000e+000
3.470000e+003	2.24732176e-001	-3.17526782e+000	1.02523320e+003	0.00000000e+000	3.7657e+014	1.0000e-010	0.0000e+000
3.480000e+003	2.24834699e-001	-3.17516530e+000	1.01808869e+003	0.00000000e+000	3.7508e+014	1.0000e-010	0.0000e+000
3.490000e+003	2.24936508e-001	-3.17506349e+000	1.01097227e+003	0.00000000e+000	3.7361e+014	1.0000e-010	0.0000e+000
3.500000e+003	2.25037605e-001	-3.17496240e+000	1.00388362e+003	0.00000000e+000	3.7215e+014	1.0000e-010	0.0000e+000
3.510000e+003	2.25137993e-001	-3.17486201e+000	9.96822443e+002	0.00000000e+000	3.7070e+014	1.0000e-010	0.0000e+000
3.520000e+003	2.25237676e-001	-3.17476232e+000	9.89788442e+002	0.00000000e+000	3.6928e+014	1.0000e-010	0.0000e+000
3.530000e+003	2.25336654e-001	-3.17466335e+000	9.82781320e+002	0.00000000e+000	3.6787e+014	1.0000e-010	0.0000e+000
3.540000e+003	2.25434933e-001	-3.17456507e+000	9.75800786e+002	0.00000000e+000	3.6647e+014	1.0000e-010	0.0000e+000
3.550000e+003	2.25532513e-001	-3.17446749e+000	9.68846550e+002	0.00000000e+000	3.6509e+014	1.0000e-010	0.0000e+000
3.560000e+003	2.25629397e-001	-3.17437060e+000	9.61918328e+002	0.00000000e+000	3.6373e+014	1.0000e-010	0.0000e+000
3.570000e+003	2.25725589e-001	-3.17427441e+000	9.55015837e+002	0.00000000e+000	3.6237e+014	1.0000e-010	0.0000e+000
3.580000e+003	2.25821091e-001	-3.17417891e+000	9.48138797e+002	0.00000000e+000	3.6104e+014	1.0000e-010	0.0000e+000
3.590000e+003	2.25915905e-001	-3.17408410e+000	9.41286934e+002	0.00000000e+000	3.5972e+014	1.0000e-010	0.0000e+000
3.600000e+003	2.26010033e-001	-3.17398997e+000	9.34459973e+002	0.00000000e+000	3.5841e+014	1.0000e-010	0.0000e+000
3.610000e+003	2.26103479e-001	-3.17389652e+000	9.27657645e+002	0.00000000e+000	3.5712e+014	1.0000e-010	0.0000e+000
3.620000e+003	2.26196245e-001	-3.17380375e+000	9.20879682e+002	0.00000000e+000	3.5584e+014	1.0000e-010	0.0000e+000
3.630000e+003	2.26288333e-001	-3.17371167e+000	9.14125820e+002	0.00000000e+000	3.5457e+014	1.0000e-010	0.0000e+000
3.640000e+003	2.26379746e-001	-3.17362025e+000	9.07395798e+002	0.00000000e+000	3.5332e+014	1.0000e-010	0.0000e+000
3.650000e+003	2.26470485e-001	-3.17352951e+000	9.00689356e+002	0.00000000e+000	3.5208e+014	1.0000e-010	0.0000e+000
3.660000e+003	2.26560554e-001	-3.17343945e+000	8.94006239e+002	0.00000000e+000	3.5086e+014	1.0000e-010	0.0000e+000
3.670000e+003	2.26649955e-001	-3.17335005e+000	8.87346194e+002	0.00000000e+000	3.4965e+014	1.0000e-010	0.0000e+000
3.680000e+003	2.26738689e-001	-3.17326131e+000	8.80708969e+002	0.00000000e+000	3.4845e+014	1.0000e-010	0.0000e+000
3.690000e+003	2.26826760e-001	-3.17317324e+000	8.74094317e+002	0.00000000e+000	3.4726e+014	1.0000e-010	0.0000e+000
3.700000e+003	2.26914170e-001	-3.17308583e+000	8.67501993e+002	0.00000000e+000	3.4609e+014	1.0000e-010	0.0000e+000
3.710000e+003	2.27000920e-001	-3.17299908e+000	8.60931753e+002	0.00000000e+000	3.4493e+014	1.0000e-010	0.0000e+000
3.720000e+003	2.27087013e-001	-3.17291299e+000	8.54383357e+002	0.00000000e+000	3.4378e+014	1.0000e-010	0.0000e+000
3.730000e+003	2.27172451e-001	-3.17282755e+000	8.47856567e+002	0.00000000e+000	3.4265e+014	1.0000e-010	0.0000e+000
3.740000e+003	2.27257237e-001	-3.17274276e+000	8.41351148e+002	0.00000000e+000	3.4153e+014	1.0000e-010	0.0000e+000
3.750000e+003	2.27341372e-001	-3.17265863e+000	8.34866866e+002	0.00000000e+000	3.4042e+014	1.0000e-010	0.0000e+000
3.760000e+003	2.27424859e-001	-3.17257514e+000	8.28403490e+002	0.00000000e+000	3.3932e+014	1.0000e-010	0.0000e+000
3.770000e+003	2.27507699e-001	-3.17249230e+000	8.21960793e+002	0.00000000e+000	3.3824e+014	1.0000e-010	0.0000e+000
3.780000e+003	2.27589895e-001	-3.17241010e+000	8.15538548e+002	0.00000000e+000	3.3716e+014	1.0000e-010	0.0000e+000
3.790000e+003	2.27671449e-001	-3.17232855e+000	8.09136531e+002	0.00000000e+000	3.3610e+014	1.0000e-010	0.0000e+000
3.800000e+003	2.27752363e-001	-3.17224764e+000	8.02754520e+002	0.00000000e+000	3.3505e+014	1.0000e-010	0.0000e+000
3.810000e+003	2.27832638e-001	-3.17216736e+000	7.96392296e+002	0.00000000e+000	3.3401e+014	1.0000e-010	0.0000e+000
3.820000e+003	2.27912277e-001	-3.17208772e+000	7.90049641e+002	0.00000000e+000	3.3298e+014	1.0000e-010	0.0000e+000
3.830000e+003	2.27991282e-001	-3.17200872e+000	7.83726339e+002	0.00000000e+000	3.3197e+014	1.0000e-010	0.0000e+000
3.840000e+003	2.28069655e-001	-3.17193034e+000	7.77422179e+002	0.00000000e+000	3.3096e+014	1.0000e-010	0.0000e+000
3.850000e+003	2.28147397e-001	-3.17185260e+000	7.71136948e+002	0.00000000e+000	3.2997e+014	1.0000e-010	0.0000e+000
3.860000e+003	2.28224511e-001	-3.17177549e+000	7.64870437e+002	0.00000000e+000	3.2899e+014	1.0000e-010	0.0000e+000
3.870000e+003	2.28300998e-001	-3.17169900e+000	7.58622439e+002	0.00000000e+000	3.2801e+014	1.0000e-010	0.0000e+000
3.880000e+003	2.28376860e-001	-3.17162314e+000	7.52392749e+002	0.00000000e+000	3.2705e+014	1.0000e-010	0.0000e+000
3.890000e+003	2.28452100e-001	-3.17154790e+000	7.46181163e+002	0.00000000e+000	3.2610e+014	1.0000e-010	0.0000e+000
3.900000e+003	2.28526718e-001	-3.17147328e+000	7.39987480e+002	0.00000000e+000	3.2516e+014	1.0000e-010	0.0000e+000
3.910000e+003	2.28600716e-001	-3.17139928e+000	7.33811501e+002	0.00000000e+000	3.2423e+014	1.0000e-010	0.0000e+000
3.920000e+003	2.28674098e-001	-3.17132590e+000	7.27653027e+002	0.00000000e+000	3.2331e+014	1.0000e-010	0.0000e+000
3.930000e+003	2.28746863e-001	-3.17125314e+000	7.21511864e+002	0.00000000e+000	3.2241e+014	1.0000e-010	0.0000e+000
3.940000e+003	2.28819014e-001	-3.17118099e+000	7.15387816e+002	0.00000000e+000	3.2151e+014	1.0000e-010	0.0000e+000
3.950000e+003	2.28890553e-001	-3.17110945e+000	7.09280691e+002	0.00000000e+000	3.2062e+014	1.0000e-010	0.0000e+000
3.960000e+003	2.28961481e-001	-3.17103852e+000	7.03190299e+002	0.00000000e+000	3.1974e+014	1.0000e-010	0.0000e+000
3.970000e+003	2.29031800e-001	-3.17096820e+000	6.97116451e+002	0.00000000e+000	3.1887e+014	1.0000e-010	0.0000e+000
3.980000e+003	2.29101512e-001	-3.17089849e+000	6.91058959e+002	0.00000000e+000	3.1801e+014	1.0000e-010	0.0000e+000
3.990000e+003	2.29170617e-001	-3.17082938e+000	6.85017638e+002	0.00000000e+000	3.1716e+014	1.0000e-010	0.0000e+000
4.000000e+003	2.29239119e-001	-3.17076088e+000	6.78992304e+002	0.00000000e+000	3.1633e+014	1.0000e-010	0.0000e+000
4.010000e+003	2.29307018e-001	-3.17069298e+000	6.72982774e+002	0.00000000e+000	3.1550e+014	1.0000e-010	0.0000e+000
4.020000e+003	2.29374317e-001	-3.17062568e+000	6.66988869e+002	0.00000000e+000	3.1468e+014	1.0000e-010	0.0000e+000
4.030000e+003	2.29441016e-001	-3.17055898e+000	6.61010407e+002	0.00000000e+000	3.1386e+014	1.0000e-010	0.0000e+000
4.040000e+003	2.29507117e-001	-3.17049288e+000	6.55047213e+002	0.00000000e+000	3.1306e+014	1.0000e-010	0.0000e+000
4.050000e+003	2.29572621e-001	-3.17042738e+000	6.49099109e+002	0.00000000e+000	3.1227e+014	1.0000e-010	0.0000e+000
4.060000e+003	2.29637531e-001	-3.17036247e+000	6.43165921e+002	0.00000000e+000	3.1149e+014	1.0000e-010	0.0000e+000
4.070000e+003	2.29701848e-001	-3.17029815e+000	6.37247476e+002	0.00000000e+000	3.1071e+014	1.0000e-010	0.0000e+000
4.080000e+003	2.29765573e-001	-3.17023443e+000	6.31343602e+002	0.00000000e+000	3.0995e+014	1.0000e-010	0.0000e+000
4.090000e+003	2.29828707e-001	-3.17017129e+000	6.25454128e+002	0.00000000e+000	3.0919e+014	1.0000e-010	0.0000e+000
4.100000e+003	2.29891252e-001	-3.17010875e+000	6.19578886e+002	0.00000000e+000	3.0845e+014	1.0000e-010	0.0000e+000
4.110000e+003	2.29953210e-001	-3.17004679e+000	6.13717708e+002	0.00000000e+000	3.0771e+014	1.0000e-010	0.0000e+000
4.120000e+003	2.30014582e-001	-3.16998542e+000	6.07870428e+002	0.00000000e+000	3.0698e+014	1.0000e-010	0.0000e+000
4.130000e+003	2.30075369e-001	-3.16992463e+000	6.02036880e+002	0.00000000e+000	3.0626e+014	1.0000e-010	0.0000e+000
4.140000e+003	2.30135573e-001	-3.16986443e+000	5.96216902e+002	0.00000000e+000	3.0554e+014	1.0000e-010	0.0000e+000
4.150000e+003	2.30195194e-001	-3.16980481e+000	5.90410331e+002	0.00000000e+000	3.0484e+014	1.0000e-010	0.0000e+000
4.160000e+003	2.30254235e-001	-3.16974576e+000	5.84617005e+002	0.00000000e+000	3.0415e+014	1.0000e-010	0.0000e+000
4.170000e+003	2.30312697e-001	-3.16968730e+000	5.78836766e+002	0.00000000e+000	3.0346e+014	1.0000e-010	0.0000e+000
4.180000e+003	2.30370581e-001	-3.16962942e+000	5.73069455e+002	0.00000000e+000	3.0278e+014	1.0000e-010	0.0000e+000
4.190000e+003	2.30427888e-001	-3.16957211e+000	5.67314914e+002	0.00000000e+000	3.0211e+014	1.0000e-010	0.0000e+000
4.200000e+003	2.30484619e-001	-3.16951538e+000	5.61572987e+002	0.00000000e+000	3.0145e+014	1.0000e-010	0.0000e+000
4.210000e+003	2.30540777e-001	-3.16945922e+000	5.55843520e+002	0.00000000e+000	3.0079e+014	1.0000e-010	0.0000e+000
4.220000e+003	2.30596361e-001	-3.16940364e+000	5.50126358e+002	0.00000000e+000	3.0015e+014	1.0000e-010	0.0000e+000
4.230000e+003	2.30651374e-001	-3.16934863e+000	5.44421350e+002	0.00000000e+000	2.9951e+014	1.0000e-010	0.0000e+000
4.240000e+003	2.30705816e-001	-3.16929418e+000	5.38728343e+002	0.00000000e+000	2.9888e+014	1.0000e-010	0.0000e+000
4.250000e+003	2.30759689e-001	-3.16924031e+000	5.33047188e+002	0.00000000e+000	2.9826e+014	1.0000e-010	0.0000e+000
4.260000e+003	2.30812993e-001	-3.16918701e+000	5.27377734e+002	0.00000000e+000	2.9764e+014	1.0000e-010	0.0000e+000
4.270000e+003	2.30865731e-001	-3.16913427e+000	5.21719834e+002	0.00000000e+000	2.9704e+014	1.0000e-010	0.0000e+000
4.280000e+003	2.30917903e-001	-3.16908210e+000	5.16073342e+002	0.00000000e+000	2.9644e+014	1.0000e-010	0.0000e+000
4.290000e+003	2.30969510e-001	-3.16903049e+000	5.10438109e+002	0.00000000e+000	2.9585e+014	1.0000e-010	0.0000e+000
4.300000e+003	2.31020554e-001	-3.16897945e+000	5.04813992e+002	0.00000000e+000	2.9526e+014	1.0000e-010	0.0000e+000
4.310000e+003	2.31071036e-001	-3.16892896e+000	4.99200847e+002	0.00000000e+000	2.9469e+014	1.0000e-010	0.0000e+000
4.320000e+003	2.31120956e-001	-3.16887904e+000	4.93598531e+002	0.00000000e+000	2.9412e+014	1.0000e-010	0.0000e+000
4.330000e+003	2.31170316e-001	-3.16882968e+000	4.88006900e+002	0.00000000e+000	2.9356e+014	1.0000e-010	0.0000e+000
4.340000e+003	2.31219116e-001	-3.16878088e+000	4.82425815e+002	0.00000000e+000	2.9300e+014	1.0000e-010	0.0000e+000
4.350000e+003	2.31267359e-001	-3.16873264e+000	4.76855136e+002	0.00000000e+000	2.9246e+014	1.0000e-010	0.0000e+000
4.360000e+003	2.31315044e-001	-3.16868496e+000	4.71294722e+002	0.00000000e+000	2.9192e+014	1.0000e-010	0.0000e+000
4.370000e+003	2.31362174e-001	-3.16863783e+000	4.65744436e+002	0.00000000e+000	2.9139e+014	1.0000e-010	0.0000e+000
4.380000e+003	2.31408748e-001	-3.16859125e+000	4.60204140e+002	0.00000000e+000	2.9086e+014	1.0000e-010	0.0000e+000
4.390000e+003	2.31454769e-001	-3.16854523e+000	4.54673698e+002	0.00000000e+000	2.9034e+014	1.0000e-010	0.0000e+000
4.400000e+003	2.31500236e-001	-3.16849976e+000	4.49152974e+002	0.00000000e+000	2.8983e+014	1.0000e-010	0.0000e+000
4.410000e+003	2.31545151e-001	-3.16845485e+000	4.43641834e+002	0.00000000e+000	2.8933e+014	1.0000e-010	0.0000e+000
4.420000e+003	2.31589515e-001	-3.16841048e+000	4.38140143e+002	0.00000000e+000	2.8883e+014	1.0000e-010	0.0000e+000
4.430000e+003	2.31633329e-001	-3.16836667e+000	4.32647768e+002	0.00000000e+000	2.8835e+014	1.0000e-010	0.0000e+000
4.440000e+003	2.31676594e-001	-3.16832341e+000	4.27164578e+002	0.00000000e+000	2.8786e+014	1.0000e-010	0.0000e+000
4.450000e+003	2.31719311e-001	-3.16828069e+000	4.21690440e+002	0.00000000e+000	2.8739e+014	1.0000e-010	0.0000e+000
4.460000e+003	2.31761480e-001	-3.16823852e+000	4.16225224e+002	0.00000000e+000	2.8692e+014	1.0000e-010	0.0000e+000
4.470000e+003	2.31803102e-001	-3.16819690e+000	4.10768800e+002	0.00000000e+000	2.8646e+014	1.0000e-010	0.0000e+000
4.480000e+003	2.31844179e-001	-3.16815582e+000	4.05321040e+002	0.00000000e+000	2.8600e+014	1.0000e-010	0.0000e+000
4.490000e+003	2.31884711e-001	-3.16811529e+000	3.99881813e+002	0.00000000e+000	2.8556e+014	1.0000e-010	0.0000e+000
4.500000e+003	2.31924699e-001	-3.16807530e+000	3.94450994e+002	0.00000000e+000	2.8511e+014	1.0000e-010	0.0000e+000
4.510000e+003	2.31964145e-001	-3.16803586e+000	3.89028455e+002	0.00000000e+000	2.8468e+014	1.0000e-010	0.0000e+000
4.520000e+003	2.32003047e-001	-3.16799695e+000	3.83614070e+002	0.00000000e+000	2.8425e+014	1.0000e-010	0.0000e+000
4.530000e+003	2.32041409e-001	-3.16795859e+000	3.78207713e+002	0.00000000e+000	2.8383e+014	1.0000e-010	0.0000e+000
4.540000e+003	2.32079230e-001	-3.16792077e+000	3.72809259e+002	0.00000000e+000	2.8341e+014	1.0000e-010	0.0000e+000
4.550000e+003	2.32116511e-001	-3.16788349e+000	3.67418585e+002	0.00000000e+000	2.8301e+014	1.0000e-010	0.0000e+000
4.560000e+003	2.32153252e-001	-3.16784675e+000	3.62035567e+002	0.00000000e+000	2.8260e+014	1.0000e-010	0.0000e+000
4.570000e+003	2.32189456e-001	-3.16781054e+000	3.56660083e+002	0.00000000e+000	2.8221e+014	1.0000e-010	0.0000e+000
4.580000e+003	2.32225122e-001	-3.16777488e+000	3.51292009e+002	0.00000000e+000	2.8182e+014	1.0000e-010	0.0000e+000
4.590000e+003	2.32260251e-001	-3.16773975e+000	3.45931225e+002	0.00000000e+000	2.8144e+014	1.0000e-010	0.0000e+000
4.600000e+003	2.32294844e-001	-3.16770516e+000	3.40577609e+002	0.00000000e+000	2.8106e+014	1.0000e-010	0.0000e+000
4.610000e+003	2.32328902e-001	-3.16767110e+000	3.35231042e+002	0.00000000e+000	2.8069e+014	1.0000e-010	0.0000e+000
4.620000e+003	2.32362425e-001	-3.16763757e+000	3.29891403e+002	0.00000000e+000	2.8033e+014	1.0000e-010	0.0000e+000
4.630000e+003	2.32395414e-001	-3.16760459e+000	3.24558574e+002	0.00000000e+000	2.7997e+014	1.0000e-010	0.0000e+000
4.640000e+003	2.32427870e-001	-3.16757213e+000	3.19232435e+002	0.00000000e+000	2.7962e+014	1.0000e-010	0.0000e+000
4.650000e+003	2.32459793e-001	-3.16754021e+000	3.13912870e+002	0.00000000e+000	2.7927e+014	1.0000e-010	0.0000e+000
4.660000e+003	2.32491185e-001	-3.16750882e+000	3.08599760e+002	0.00000000e+000	2.7893e+014	1.0000e-010	0.0000e+000
4.670000e+003	2.32522045e-001	-3.16747796e+000	3.03292988e+002	0.00000000e+000	2.7860e+014	1.0000e-010	0.0000e+000
4.680000e+003	2.32552374e-001	-3.16744763e+000	2.97992439e+002	0.00000000e+000	2.7828e+014	1.0000e-010	0.0000e+000
4.690000e+003	2.32582173e-001	-3.16741783e+000	2.92697996e+002	0.00000000e+000	2.7795e+014	1.0000e-010	0.0000e+000
4.700000e+003	2.32611443e-001	-3.16738856e+000	2.87409544e+002	0.00000000e+000	2.7764e+014	1.0000e-010	0.0000e+000
4.710000e+003	2.32640184e-001	-3.16735982e+000	2.82126968e+002	0.00000000e+000	2.7733e+014	1.0000e-010	0.0000e+000
4.720000e+003	2.32668397e-001	-3.16733160e+000	2.76850154e+002	0.00000000e+000	2.7703e+014	1.0000e-010	0.0000e+000
4.730000e+003	2.32696082e-001	-3.16730392e+000	2.71578988e+002	0.00000000e+000	2.7673e+014	1.0000e-010	0.0000e+000
4.740000e+003	2.32723240e-001	-3.16727676e+000	2.66313357e+002	0.00000000e+000	2.7644e+014	1.0000e-010	0.0000e+000
4.750000e+003	2.32749871e-001	-3.16725013e+000	2.61053147e+002	0.00000000e+000	2.7616e+014	1.0000e-010	0.0000e+000
4.760000e+003	2.32775976e-001	-3.16722402e+000	2.55798246e+002	0.00000000e+000	2.7588e+014	1.0000e-010	0.0000e+000
4.770000e+003	2.32801556e-001	-3.16719844e+000	2.50548542e+002	0.00000000e+000	2.7561e+014	1.0000e-010	0.0000e+000
4.780000e+003	2.32826611e-001	-3.16717339e+000	2.45303924e+002	0.00000000e+000	2.7534e+014	1.0000e-010	0.0000e+000
4.790000e+003	2.32851141e-001	-3.16714886e+000	2.40064280e+002	0.00000000e+000	2.7508e+014	1.0000e-010	0.0000e+000
4.800000e+003	2.32875148e-001	-3.16712485e+000	2.34829499e+002	0.00000000e+000	2.7482e+014	1.0000e-010	0.0000e+000
4.810000e+003	2.32898631e-001	-3.16710137e+000	2.29599471e+002	0.00000000e+000	2.7457e+014	1.0000e-010	0.0000e+000
4.820000e+003	2.32921591e-001	-3.16707841e+000	2.24374085e+002	0.00000000e+000	2.7433e+014	1.0000e-010	0.0000e+000
4.830000e+003	2.32944028e-001	-3.16705597e+000	2.19153234e+002	0.00000000e+000	2.7409e+014	1.0000e-010	0.0000e+000
4.840000e+003	2.32965943e-001	-3.16703406e+000	2.13936806e+002	0.00000000e+000	2.7386e+014	1.0000e-010	0.0000e+000
4.850000e+003	2.32987337e-001	-3.16701266e+000	2.08724693e+002	0.00000000e+000	2.7363e+014	1.0000e-010	0.0000e+000
4.860000e+003	2.33008209e-001	-3.16699179e+000	2.03516786e+002	0.00000000e+000	2.7341e+014	1.0000e-010	0.0000e+000
4.870000e+003	2.33028561e-001	-3.16697144e+000	1.98312978e+002	0.00000000e+000	2.7320e+014	1.0000e-010	0.0000e+000
4.880000e+003	2.33048392e-001	-3.16695161e+000	1.93113160e+002	0.00000000e+000	2.7299e+014	1.0000e-010	0.0000e+000
4.890000e+003	2.33067704e-001	-3.16693230e+000	1.87917225e+002	0.00000000e+000	2.7278e+014	1.0000e-010	0.0000e+000
4.900000e+003	2.33086495e-001	-3.16691350e+000	1.82725066e+002	0.00000000e+000	2.7258e+014	1.0000e-010	0.0000e+000
4.910000e+003	2.33104768e-001	-3.16689523e+000	1.77536575e+002	0.00000000e+000	2.7239e+014	1.0000e-010	0.0000e+000
4.920000e+003	2.33122522e-001	-3.16687748e+000	1.72351646e+002	0.00000000e+000	2.7221e+014	1.0000e-010	0.0000e+000
4.930000e+003	2.33139757e-001	-3.16686024e+000	1.67170172e+002	0.00000000e+000	2.7202e+014	1.0000e-010	0.0000e+000
4.940000e+003	2.33156474e-001	-3.16684353e+000	1.61992048e+002	0.00000000e+000	2.7185e+014	1.0000e-010	0.0000e+000
4.950000e+003	2.33172673e-001	-3.16682733e+000	1.56817168e+002	0.00000000e+000	2.7168e+014	1.0000e-010	0.0000e+000
4.960000e+003	2.33188355e-001	-3.16681165e+000	1.51645426e+002	0.00000000e+000	2.7151e+014	1.0000e-010	0.0000e+000
4.970000e+003	2.33203519e-001	-3.16679648e+000	1.46476716e+002	0.00000000e+000	2.7135e+014	1.0000e-010	0.0000e+000
4.980000e+003	2.33218167e-001	-3.16678183e+000	1.41310935e+002	0.00000000e+000	2.7120e+014	1.0000e-010	0.0000e+000
4.990000e+003	2.33232298e-001	-3.16676770e+000	1.36147976e+002	0.00000000e+000	2.7105e+014	1.0000e-010	0.0000e+000
5.000000e+003	2.33245913e-001	-3.16675409e+000	1.30987736e+002	0.00000000e+000	2.7091e+014	1.0000e-010	0.0000e+000
5.010000e+003	2.33259012e-001	-3.16674099e+000	1.25830109e+002	0.00000000e+000	2.7077e+014	1.0000e-010	0.0000e+000
5.020000e+003	2.33271595e-001	-3.16672841e+000	1.20674993e+002	0.00000000e+000	2.7064e+014	1.0000e-010	0.0000e+000
5.030000e+003	2.33283662e-001	-3.16671634e+000	1.15522282e+002	0.00000000e+000	2.7051e+014	1.0000e-010	0.0000e+000
5.040000e+003	2.33295214e-001	-3.16670479e+000	1.10371873e+002	0.00000000e+000	2.7039e+014	1.0000e-010	0.0000e+000
5.050000e+003	2.33306252e-001	-3.16669375e+000	1.05223663e+002	0.00000000e+000	2.7028e+014	1.0000e-010	0.0000e+000
5.060000e+003	2.33316774e-001	-3.16668323e+000	1.00077547e+002	0.00000000e+000	2.7017e+014	1.0000e-010	0.0000e+000
5.070000e+003	2.33326782e-001	-3.16667322e+000	9.49334237e+001	0.00000000e+000	2.7006e+014	1.0000e-010	0.0000e+000
5.080000e+003	2.33336275e-001	-3.16666372e+000	8.97911888e+001	0.00000000e+000	2.6996e+014	1.0000e-010	0.0000e+000
5.090000e+003	2.33345254e-001	-3.16665475e+000	8.46507396e+001	0.00000000e+000	2.6987e+014	1.0000e-010	0.0000e+000
5.100000e+003	2.33353719e-001	-3.16664628e+000	7.95119733e+001	0.00000000e+000	2.6978e+014	1.0000e-010	0.0000e+000
5.110000e+003	2.33361670e-001	-3.16663833e+000	7.43747874e+001	0.00000000e+000	2.6970e+014	1.0000e-010	0.0000e+000
5.120000e+003	2.33369108e-001	-3.16663089e+000	6.92390791e+001	0.00000000e+000	2.6962e+014	1.0000e-010	0.0000e+000
5.130000e+003	2.33376032e-001	-3.16662397e+000	6.41047461e+001	0.00000000e+000	2.6955e+014	1.0000e-010	0.0000e+000
5.140000e+003	2.33382442e-001	-3.16661756e+000	5.89716862e+001	0.00000000e+000	2.6948e+014	1.0000e-010	0.0000e+000
5.150000e+003	2.33388339e-001	-3.16661166e+000	5.38397970e+001	0.00000000e+000	2.6942e+014	1.0000e-010	0.0000e+000
5.160000e+003	2.33393723e-001	-3.16660628e+000	4.87089765e+001	0.00000000e+000	2.6936e+014	1.0000e-010	0.0000e+000
5.170000e+003	2.33398594e-001	-3.16660141e+000	4.35791226e+001	0.00000000e+000	2.6931e+014	1.0000e-010	0.0000e+000
5.180000e+003	2.33402952e-001	-3.16659705e+000	3.84501334e+001	0.00000000e+000	2.6927e+014	1.0000e-010	0.0000e+000
5.190000e+003	2.33406797e-001	-3.16659320e+000	3.33219070e+001	0.00000000e+000	2.6923e+014	1.0000e-010	0.0000e+000
5.200000e+003	2.33410129e-001	-3.16658987e+000	2.81943415e+001	0.00000000e+000	2.6919e+014	1.0000e-010	0.0000e+000
5.210000e+003	2.33412949e-001	-3.16658705e+000	2.30673352e+001	0.00000000e+000	2.6916e+014	1.0000e-010	0.0000e+000
5.220000e+003	2.33415256e-001	-3.16658474e+000	1.79407864e+001	0.00000000e+000	2.6914e+014	1.0000e-010	0.0000e+000
5.230000e+003	2.33417050e-001	-3.16658295e+000	1.28145933e+001	0.00000000e+000	2.6912e+014	1.0000e-010	0.0000e+000
5.240000e+003	2.33418331e-001	-3.16658167e+000	7.68865437e+000	0.00000000e+000	2.6911e+014	1.0000e-010	0.0000e+000
5.250000e+003	2.33419100e-001	-3.16658090e+000	2.56286785e+000	0.00000000e+000	2.6910e+014	1.0000e-010	0.0000e+000
5.260000e+003	2.33419356e-001	-3.16658064e+000	2.56286785e+000	0.00000000e+000	2.6910e+014	1.0000e-010	0.0000e+000
