Y (ang)	Ec (eV)	Ev (eV)	E (V/cm)	Ef (eV)	n (cm-3)	p (cm-3)	Nd - Na (cm-3)
0.000000e+000	-6.40000000e+000	-9.80000000e+000	3.74408949e+007	-7.00000000e+000	1.8691e+008	1.0000e-010	0.0000e+000
1.000000e+001	-2.09591051e+000	-6.19591051e+000	1.16236930e+007	0.00000000e+000	1.2330e+021	1.0000e-010	-1.3848e+020
2.000000e+001	-9.21096767e-001	-5.03665232e+000	4.52999695e+006	0.00000000e+000	3.5951e+020	1.0000e-010	-3.2458e+018
3.000000e+001	-4.55652628e-001	-4.58676374e+000	2.01135762e+006	0.00000000e+000	1.2548e+020	1.0000e-010	-3.2531e+018
4.000000e+001	-2.42072422e-001	-4.38873909e+000	9.86336066e+005	0.00000000e+000	4.9105e+019	1.0000e-010	-3.2604e+018
5.000000e+001	-1.30994371e-001	-4.29321659e+000	5.29560248e+005	0.00000000e+000	2.0056e+019	1.0000e-010	-3.2677e+018
6.000000e+001	-6.55939014e-002	-4.24337168e+000	3.05380492e+005	0.00000000e+000	8.1665e+018	1.0000e-010	-3.2751e+018
7.000000e+001	-2.26114077e-002	-4.21594474e+000	1.77319001e+005	0.00000000e+000	3.2497e+018	1.0000e-010	-3.2824e+018
8.000000e+001	7.56493677e-003	-4.20132395e+000	8.61581522e+004	0.00000000e+000	1.3562e+018	1.0000e-010	-3.2897e+018
9.000000e+001	2.86251964e-002	-4.19581925e+000	8.26249807e+003	0.00000000e+000	6.6842e+017	1.0000e-010	-3.2970e+018
1.000000e+002	-7.01041093e-002	-4.17010411e+000	3.47517047e+005	0.00000000e+000	8.8269e+018	1.0000e-010	2.6171e+019
1.100000e+002	-3.53524046e-002	-4.13535240e+000	2.60751978e+005	0.00000000e+000	4.4353e+018	1.0000e-010	0.0000e+000
1.200000e+002	-9.27720680e-003	-4.10927721e+000	2.16528479e+005	0.00000000e+000	2.2606e+018	1.0000e-010	0.0000e+000
1.300000e+002	1.23756411e-002	-4.08762436e+000	1.93822683e+005	0.00000000e+000	1.1607e+018	1.0000e-010	0.0000e+000
1.400000e+002	3.17579093e-002	-4.06824209e+000	1.82112423e+005	0.00000000e+000	5.9861e+017	1.0000e-010	0.0000e+000
1.500000e+002	4.99691516e-002	-4.05003085e+000	1.76056191e+005	0.00000000e+000	3.0959e+017	1.0000e-010	0.0000e+000
1.600000e+002	6.75747707e-002	-4.03242523e+000	1.72918964e+005	0.00000000e+000	1.6037e+017	1.0000e-010	0.0000e+000
1.700000e+002	8.48666672e-002	-4.01513333e+000	1.71292352e+005	0.00000000e+000	8.3150e+016	1.0000e-010	0.0000e+000
1.800000e+002	1.01995902e-001	-3.99800410e+000	1.70448561e+005	0.00000000e+000	4.3133e+016	1.0000e-010	0.0000e+000
1.900000e+002	1.19040758e-001	-3.98095924e+000	1.70009207e+005	0.00000000e+000	2.2459e+016	1.0000e-010	0.0000e+000
2.000000e+002	1.36041679e-001	-3.96395832e+000	1.69781586e+005	0.00000000e+000	1.1636e+016	1.0000e-010	0.0000e+000
2.100000e+002	1.53019838e-001	-3.94698016e+000	1.69663557e+005	0.00000000e+000	6.0335e+015	1.0000e-010	0.0000e+000
2.200000e+002	1.69986193e-001	-3.93001381e+000	1.69602326e+005	0.00000000e+000	3.1300e+015	1.0000e-010	0.0000e+000
2.300000e+002	1.86946426e-001	-3.91305357e+000	1.69570554e+005	0.00000000e+000	1.6242e+015	1.0000e-010	0.0000e+000
2.400000e+002	2.03903481e-001	-3.89609652e+000	1.69554065e+005	0.00000000e+000	8.4287e+014	1.0000e-010	0.0000e+000
2.500000e+002	2.20858888e-001	-3.87914111e+000	1.69545508e+005	0.00000000e+000	4.3745e+014	1.0000e-010	0.0000e+000
2.600000e+002	-3.22186561e-001	-3.72218656e+000	1.37582271e+006	0.00000000e+000	7.4919e+019	1.0000e-010	1.3848e+020
2.700000e+002	-1.84604290e-001	-3.58460429e+000	7.46392514e+005	0.00000000e+000	3.3045e+019	1.0000e-010	0.0000e+000
2.800000e+002	-1.09965039e-001	-3.50996504e+000	4.47085862e+005	0.00000000e+000	1.5714e+019	1.0000e-010	0.0000e+000
2.900000e+002	-6.52564529e-002	-3.46525645e+000	2.92454509e+005	0.00000000e+000	8.1182e+018	1.0000e-010	0.0000e+000
3.000000e+002	-3.60110019e-002	-3.43601100e+000	2.06683343e+005	0.00000000e+000	4.5030e+018	1.0000e-010	0.0000e+000
3.100000e+002	-1.53426677e-002	-3.41534267e+000	1.55652924e+005	0.00000000e+000	2.6791e+018	1.0000e-010	0.0000e+000
3.200000e+002	2.22624757e-004	-3.39977738e+000	1.23154682e+005	0.00000000e+000	1.7062e+018	1.0000e-010	0.0000e+000
3.300000e+002	1.25380929e-002	-3.38746191e+000	1.01163802e+005	0.00000000e+000	1.1545e+018	1.0000e-010	0.0000e+000
3.400000e+002	2.26544731e-002	-3.37734553e+000	8.55040874e+004	0.00000000e+000	8.2214e+017	1.0000e-010	0.0000e+000
3.500000e+002	3.12048818e-002	-3.36879512e+000	7.38768922e+004	0.00000000e+000	6.1043e+017	1.0000e-010	0.0000e+000
3.600000e+002	3.85925710e-002	-3.36140743e+000	6.49449019e+004	0.00000000e+000	4.6893e+017	1.0000e-010	0.0000e+000
3.700000e+002	4.50870612e-002	-3.35491294e+000	5.78895702e+004	0.00000000e+000	3.7041e+017	1.0000e-010	0.0000e+000
3.800000e+002	5.08760182e-002	-3.34912398e+000	5.21869242e+004	0.00000000e+000	2.9939e+017	1.0000e-010	0.0000e+000
3.900000e+002	5.60947107e-002	-3.34390529e+000	4.74882464e+004	0.00000000e+000	2.4668e+017	1.0000e-010	0.0000e+000
4.000000e+002	6.08435353e-002	-3.33915646e+000	4.35535160e+004	0.00000000e+000	2.0657e+017	1.0000e-010	0.0000e+000
4.100000e+002	6.51988869e-002	-3.33480111e+000	4.02126457e+004	0.00000000e+000	1.7540e+017	1.0000e-010	0.0000e+000
4.200000e+002	6.92201515e-002	-3.33077985e+000	3.73420161e+004	0.00000000e+000	1.5071e+017	1.0000e-010	0.0000e+000
4.300000e+002	7.29543531e-002	-3.32704565e+000	3.48497721e+004	0.00000000e+000	1.3084e+017	1.0000e-010	0.0000e+000
4.400000e+002	7.64393303e-002	-3.32356067e+000	3.26663217e+004	0.00000000e+000	1.1463e+017	1.0000e-010	0.0000e+000
4.500000e+002	7.97059625e-002	-3.32029404e+000	3.07380270e+004	0.00000000e+000	1.0124e+017	1.0000e-010	0.0000e+000
4.600000e+002	8.27797652e-002	-3.31722023e+000	2.90229103e+004	0.00000000e+000	9.0044e+016	1.0000e-010	0.0000e+000
4.700000e+002	8.56820562e-002	-3.31431794e+000	2.74876685e+004	0.00000000e+000	8.0600e+016	1.0000e-010	0.0000e+000
4.800000e+002	8.84308230e-002	-3.31156918e+000	2.61055544e+004	0.00000000e+000	7.2561e+016	1.0000e-010	0.0000e+000
4.900000e+002	9.10413785e-002	-3.30895862e+000	2.48548472e+004	0.00000000e+000	6.5662e+016	1.0000e-010	0.0000e+000
5.000000e+002	9.35268632e-002	-3.30647314e+000	2.37177302e+004	0.00000000e+000	5.9699e+016	1.0000e-010	0.0000e+000
5.100000e+002	9.58986362e-002	-3.30410136e+000	2.26794550e+004	0.00000000e+000	5.4510e+016	1.0000e-010	0.0000e+000
5.200000e+002	9.81665817e-002	-3.30183342e+000	2.17277107e+004	0.00000000e+000	4.9967e+016	1.0000e-010	0.0000e+000
5.300000e+002	1.00339353e-001	-3.29966065e+000	2.08521422e+004	0.00000000e+000	4.5967e+016	1.0000e-010	0.0000e+000
5.400000e+002	1.02424567e-001	-3.29757543e+000	2.00439779e+004	0.00000000e+000	4.2429e+016	1.0000e-010	0.0000e+000
5.500000e+002	1.04428965e-001	-3.29557104e+000	1.92911422e+004	0.00000000e+000	3.9524e+016	1.0000e-010	0.0000e+000
5.600000e+002	1.06358079e-001	-3.29364192e+000	1.85924393e+004	0.00000000e+000	3.6682e+016	1.0000e-010	0.0000e+000
5.700000e+002	1.08217323e-001	-3.29178268e+000	1.79422219e+004	0.00000000e+000	3.4137e+016	1.0000e-010	0.0000e+000
5.800000e+002	1.10011545e-001	-3.28998845e+000	1.73356015e+004	0.00000000e+000	3.1848e+016	1.0000e-010	0.0000e+000
5.900000e+002	1.11745105e-001	-3.28825489e+000	1.67683255e+004	0.00000000e+000	2.9782e+016	1.0000e-010	0.0000e+000
6.000000e+002	1.13421938e-001	-3.28657806e+000	1.62366767e+004	0.00000000e+000	2.7912e+016	1.0000e-010	0.0000e+000
6.100000e+002	1.15045606e-001	-3.28495439e+000	1.57373917e+004	0.00000000e+000	2.6213e+016	1.0000e-010	0.0000e+000
6.200000e+002	1.16619345e-001	-3.28338066e+000	1.52675941e+004	0.00000000e+000	2.4664e+016	1.0000e-010	0.0000e+000
6.300000e+002	1.18146104e-001	-3.28185390e+000	1.48247383e+004	0.00000000e+000	2.3250e+016	1.0000e-010	0.0000e+000
6.400000e+002	1.19628578e-001	-3.28037142e+000	1.44065635e+004	0.00000000e+000	2.1954e+016	1.0000e-010	0.0000e+000
6.500000e+002	1.21069234e-001	-3.27893077e+000	1.40110549e+004	0.00000000e+000	2.0764e+016	1.0000e-010	0.0000e+000
6.600000e+002	1.22470340e-001	-3.27752966e+000	1.36364113e+004	0.00000000e+000	1.9669e+016	1.0000e-010	0.0000e+000
6.700000e+002	1.23833981e-001	-3.27616602e+000	1.32810172e+004	0.00000000e+000	1.8658e+016	1.0000e-010	0.0000e+000
6.800000e+002	1.25162083e-001	-3.27483792e+000	1.29434199e+004	0.00000000e+000	1.7724e+016	1.0000e-010	0.0000e+000
6.900000e+002	1.26456425e-001	-3.27354358e+000	1.26223090e+004	0.00000000e+000	1.6858e+016	1.0000e-010	0.0000e+000
7.000000e+002	1.27718656e-001	-3.27228134e+000	1.23164998e+004	0.00000000e+000	1.6055e+016	1.0000e-010	0.0000e+000
7.100000e+002	1.28950305e-001	-3.27104969e+000	1.20249185e+004	0.00000000e+000	1.5308e+016	1.0000e-010	0.0000e+000
7.200000e+002	1.30152797e-001	-3.26984720e+000	1.17465893e+004	0.00000000e+000	1.4612e+016	1.0000e-010	0.0000e+000
7.300000e+002	1.31327456e-001	-3.26867254e+000	1.14806238e+004	0.00000000e+000	1.3963e+016	1.0000e-010	0.0000e+000
7.400000e+002	1.32475519e-001	-3.26752448e+000	1.12262112e+004	0.00000000e+000	1.3357e+016	1.0000e-010	0.0000e+000
7.500000e+002	1.33598140e-001	-3.26640186e+000	1.09826100e+004	0.00000000e+000	1.2789e+016	1.0000e-010	0.0000e+000
7.600000e+002	1.34696401e-001	-3.26530360e+000	1.07491408e+004	0.00000000e+000	1.2257e+016	1.0000e-010	0.0000e+000
7.700000e+002	1.35771315e-001	-3.26422869e+000	1.05251802e+004	0.00000000e+000	1.1758e+016	1.0000e-010	0.0000e+000
7.800000e+002	1.36823833e-001	-3.26317617e+000	1.03101545e+004	0.00000000e+000	1.1289e+016	1.0000e-010	0.0000e+000
7.900000e+002	1.37854848e-001	-3.26214515e+000	1.01035357e+004	0.00000000e+000	1.0848e+016	1.0000e-010	0.0000e+000
8.000000e+002	1.38865202e-001	-3.26113480e+000	9.90483625e+003	0.00000000e+000	1.0432e+016	1.0000e-010	0.0000e+000
8.100000e+002	1.39855686e-001	-3.26014431e+000	9.71360569e+003	0.00000000e+000	1.0040e+016	1.0000e-010	0.0000e+000
8.200000e+002	1.40827046e-001	-3.25917295e+000	9.52942710e+003	0.00000000e+000	9.6694e+015	1.0000e-010	0.0000e+000
8.300000e+002	1.41779989e-001	-3.25822001e+000	9.35191400e+003	0.00000000e+000	9.3195e+015	1.0000e-010	0.0000e+000
8.400000e+002	1.42715180e-001	-3.25728482e+000	9.18070764e+003	0.00000000e+000	8.9884e+015	1.0000e-010	0.0000e+000
8.500000e+002	1.43633251e-001	-3.25636675e+000	9.01547457e+003	0.00000000e+000	8.6748e+015	1.0000e-010	0.0000e+000
8.600000e+002	1.44534798e-001	-3.25546520e+000	8.85590443e+003	0.00000000e+000	8.3775e+015	1.0000e-010	0.0000e+000
8.700000e+002	1.45420389e-001	-3.25457961e+000	8.70170799e+003	0.00000000e+000	8.0953e+015	1.0000e-010	0.0000e+000
8.800000e+002	1.46290560e-001	-3.25370944e+000	8.55261538e+003	0.00000000e+000	7.8274e+015	1.0000e-010	0.0000e+000
8.900000e+002	1.47145821e-001	-3.25285418e+000	8.40837450e+003	0.00000000e+000	7.5727e+015	1.0000e-010	0.0000e+000
9.000000e+002	1.47986659e-001	-3.25201334e+000	8.26874959e+003	0.00000000e+000	7.3303e+015	1.0000e-010	0.0000e+000
9.100000e+002	1.48813534e-001	-3.25118647e+000	8.13351991e+003	0.00000000e+000	7.0996e+015	1.0000e-010	0.0000e+000
9.200000e+002	1.49626886e-001	-3.25037311e+000	8.00247858e+003	0.00000000e+000	6.8797e+015	1.0000e-010	0.0000e+000
9.300000e+002	1.50427133e-001	-3.24957287e+000	7.87543149e+003	0.00000000e+000	6.6700e+015	1.0000e-010	0.0000e+000
9.400000e+002	1.51214677e-001	-3.24878532e+000	7.75219635e+003	0.00000000e+000	6.4699e+015	1.0000e-010	0.0000e+000
9.500000e+002	1.51989896e-001	-3.24801010e+000	7.63260178e+003	0.00000000e+000	6.2787e+015	1.0000e-010	0.0000e+000
9.600000e+002	1.52753156e-001	-3.24724684e+000	7.51648654e+003	0.00000000e+000	6.0961e+015	1.0000e-010	0.0000e+000
9.700000e+002	1.53504805e-001	-3.24649519e+000	7.40369875e+003	0.00000000e+000	5.9214e+015	1.0000e-010	0.0000e+000
9.800000e+002	1.54245175e-001	-3.24575483e+000	7.29409525e+003	0.00000000e+000	5.7542e+015	1.0000e-010	0.0000e+000
9.900000e+002	1.54974584e-001	-3.24502542e+000	7.18754098e+003	0.00000000e+000	5.5941e+015	1.0000e-010	0.0000e+000
1.000000e+003	1.55693339e-001	-3.24430666e+000	7.08390839e+003	0.00000000e+000	5.4407e+015	1.0000e-010	0.0000e+000
1.010000e+003	1.56401729e-001	-3.24359827e+000	6.98307697e+003	0.00000000e+000	5.2937e+015	1.0000e-010	0.0000e+000
1.020000e+003	1.57100037e-001	-3.24289996e+000	6.88493273e+003	0.00000000e+000	5.1526e+015	1.0000e-010	0.0000e+000
1.030000e+003	1.57788530e-001	-3.24221147e+000	6.78936778e+003	0.00000000e+000	5.0172e+015	1.0000e-010	0.0000e+000
1.040000e+003	1.58467467e-001	-3.24153253e+000	6.69627993e+003	0.00000000e+000	4.8871e+015	1.0000e-010	0.0000e+000
1.050000e+003	1.59137095e-001	-3.24086290e+000	6.60557231e+003	0.00000000e+000	4.7622e+015	1.0000e-010	0.0000e+000
1.060000e+003	1.59797652e-001	-3.24020235e+000	6.51715305e+003	0.00000000e+000	4.6420e+015	1.0000e-010	0.0000e+000
1.070000e+003	1.60449368e-001	-3.23955063e+000	6.43093494e+003	0.00000000e+000	4.5265e+015	1.0000e-010	0.0000e+000
1.080000e+003	1.61092461e-001	-3.23890754e+000	6.34683512e+003	0.00000000e+000	4.4153e+015	1.0000e-010	0.0000e+000
1.090000e+003	1.61727145e-001	-3.23827286e+000	6.26477488e+003	0.00000000e+000	4.3082e+015	1.0000e-010	0.0000e+000
1.100000e+003	1.62353622e-001	-3.23764638e+000	6.18467932e+003	0.00000000e+000	4.2050e+015	1.0000e-010	0.0000e+000
1.110000e+003	1.62972090e-001	-3.23702791e+000	6.10647718e+003	0.00000000e+000	4.1056e+015	1.0000e-010	0.0000e+000
1.120000e+003	1.63582738e-001	-3.23641726e+000	6.03010060e+003	0.00000000e+000	4.0098e+015	1.0000e-010	0.0000e+000
1.130000e+003	1.64185748e-001	-3.23581425e+000	5.95548492e+003	0.00000000e+000	3.9173e+015	1.0000e-010	0.0000e+000
1.140000e+003	1.64781296e-001	-3.23521870e+000	5.88256851e+003	0.00000000e+000	3.8281e+015	1.0000e-010	0.0000e+000
1.150000e+003	1.65369553e-001	-3.23463045e+000	5.81129256e+003	0.00000000e+000	3.7420e+015	1.0000e-010	0.0000e+000
1.160000e+003	1.65950682e-001	-3.23404932e+000	5.74160095e+003	0.00000000e+000	3.6588e+015	1.0000e-010	0.0000e+000
1.170000e+003	1.66524843e-001	-3.23347516e+000	5.67344010e+003	0.00000000e+000	3.5785e+015	1.0000e-010	0.0000e+000
1.180000e+003	1.67092187e-001	-3.23290781e+000	5.60675880e+003	0.00000000e+000	3.5008e+015	1.0000e-010	0.0000e+000
1.190000e+003	1.67652862e-001	-3.23234714e+000	5.54150811e+003	0.00000000e+000	3.4257e+015	1.0000e-010	0.0000e+000
1.200000e+003	1.68207013e-001	-3.23179299e+000	5.47764122e+003	0.00000000e+000	3.3530e+015	1.0000e-010	0.0000e+000
1.210000e+003	1.68754777e-001	-3.23124522e+000	5.41511334e+003	0.00000000e+000	3.2827e+015	1.0000e-010	0.0000e+000
1.220000e+003	1.69296289e-001	-3.23070371e+000	5.35388158e+003	0.00000000e+000	3.2147e+015	1.0000e-010	0.0000e+000
1.230000e+003	1.69831677e-001	-3.23016832e+000	5.29390487e+003	0.00000000e+000	3.1488e+015	1.0000e-010	0.0000e+000
1.240000e+003	1.70361067e-001	-3.22963893e+000	5.23514386e+003	0.00000000e+000	3.0850e+015	1.0000e-010	0.0000e+000
1.250000e+003	1.70884582e-001	-3.22911542e+000	5.17756083e+003	0.00000000e+000	3.0231e+015	1.0000e-010	0.0000e+000
1.260000e+003	1.71402338e-001	-3.22859766e+000	5.12111957e+003	0.00000000e+000	2.9632e+015	1.0000e-010	0.0000e+000
1.270000e+003	1.71914450e-001	-3.22808555e+000	5.06578538e+003	0.00000000e+000	2.9051e+015	1.0000e-010	0.0000e+000
1.280000e+003	1.72421028e-001	-3.22757897e+000	5.01152493e+003	0.00000000e+000	2.8487e+015	1.0000e-010	0.0000e+000
1.290000e+003	1.72922181e-001	-3.22707782e+000	4.95830621e+003	0.00000000e+000	2.7940e+015	1.0000e-010	0.0000e+000
1.300000e+003	1.73418011e-001	-3.22658199e+000	4.90609848e+003	0.00000000e+000	2.7409e+015	1.0000e-010	0.0000e+000
1.310000e+003	1.73908621e-001	-3.22609138e+000	4.85487219e+003	0.00000000e+000	2.6894e+015	1.0000e-010	0.0000e+000
1.320000e+003	1.74394109e-001	-3.22560589e+000	4.80459892e+003	0.00000000e+000	2.6394e+015	1.0000e-010	0.0000e+000
1.330000e+003	1.74874568e-001	-3.22512543e+000	4.75525135e+003	0.00000000e+000	2.5908e+015	1.0000e-010	0.0000e+000
1.340000e+003	1.75350094e-001	-3.22464991e+000	4.70680320e+003	0.00000000e+000	2.5435e+015	1.0000e-010	0.0000e+000
1.350000e+003	1.75820774e-001	-3.22417923e+000	4.65922914e+003	0.00000000e+000	2.4976e+015	1.0000e-010	0.0000e+000
1.360000e+003	1.76286697e-001	-3.22371330e+000	4.61250482e+003	0.00000000e+000	2.4530e+015	1.0000e-010	0.0000e+000
1.370000e+003	1.76747947e-001	-3.22325205e+000	4.56660676e+003	0.00000000e+000	2.4097e+015	1.0000e-010	0.0000e+000
1.380000e+003	1.77204608e-001	-3.22279539e+000	4.52151234e+003	0.00000000e+000	2.3675e+015	1.0000e-010	0.0000e+000
1.390000e+003	1.77656759e-001	-3.22234324e+000	4.47719977e+003	0.00000000e+000	2.3264e+015	1.0000e-010	0.0000e+000
1.400000e+003	1.78104479e-001	-3.22189552e+000	4.43364802e+003	0.00000000e+000	2.2865e+015	1.0000e-010	0.0000e+000
1.410000e+003	1.78547844e-001	-3.22145216e+000	4.39083682e+003	0.00000000e+000	2.2476e+015	1.0000e-010	0.0000e+000
1.420000e+003	1.78986928e-001	-3.22101307e+000	4.34874661e+003	0.00000000e+000	2.2097e+015	1.0000e-010	0.0000e+000
1.430000e+003	1.79421802e-001	-3.22057820e+000	4.30735851e+003	0.00000000e+000	2.1729e+015	1.0000e-010	0.0000e+000
1.440000e+003	1.79852538e-001	-3.22014746e+000	4.26665428e+003	0.00000000e+000	2.1370e+015	1.0000e-010	0.0000e+000
1.450000e+003	1.80279204e-001	-3.21972080e+000	4.22661633e+003	0.00000000e+000	2.1020e+015	1.0000e-010	0.0000e+000
1.460000e+003	1.80701865e-001	-3.21929813e+000	4.18722765e+003	0.00000000e+000	2.0679e+015	1.0000e-010	0.0000e+000
1.470000e+003	1.81120588e-001	-3.21887941e+000	4.14847181e+003	0.00000000e+000	2.0347e+015	1.0000e-010	0.0000e+000
1.480000e+003	1.81535435e-001	-3.21846456e+000	4.11033292e+003	0.00000000e+000	2.0023e+015	1.0000e-010	0.0000e+000
1.490000e+003	1.81946468e-001	-3.21805353e+000	4.07279562e+003	0.00000000e+000	1.9707e+015	1.0000e-010	0.0000e+000
1.500000e+003	1.82353748e-001	-3.21764625e+000	4.03584507e+003	0.00000000e+000	1.9399e+015	1.0000e-010	0.0000e+000
1.510000e+003	1.82757333e-001	-3.21724267e+000	3.99946688e+003	0.00000000e+000	1.9099e+015	1.0000e-010	0.0000e+000
1.520000e+003	1.83157279e-001	-3.21684272e+000	3.96364715e+003	0.00000000e+000	1.8805e+015	1.0000e-010	0.0000e+000
1.530000e+003	1.83553644e-001	-3.21644636e+000	3.92837243e+003	0.00000000e+000	1.8519e+015	1.0000e-010	0.0000e+000
1.540000e+003	1.83946481e-001	-3.21605352e+000	3.89362967e+003	0.00000000e+000	1.8240e+015	1.0000e-010	0.0000e+000
1.550000e+003	1.84335844e-001	-3.21566416e+000	3.85940627e+003	0.00000000e+000	1.7967e+015	1.0000e-010	0.0000e+000
1.560000e+003	1.84721785e-001	-3.21527822e+000	3.82568998e+003	0.00000000e+000	1.7701e+015	1.0000e-010	0.0000e+000
1.570000e+003	1.85104354e-001	-3.21489565e+000	3.79246897e+003	0.00000000e+000	1.7441e+015	1.0000e-010	0.0000e+000
1.580000e+003	1.85483601e-001	-3.21451640e+000	3.75973175e+003	0.00000000e+000	1.7187e+015	1.0000e-010	0.0000e+000
1.590000e+003	1.85859574e-001	-3.21414043e+000	3.72746720e+003	0.00000000e+000	1.6939e+015	1.0000e-010	0.0000e+000
1.600000e+003	1.86232321e-001	-3.21376768e+000	3.69566451e+003	0.00000000e+000	1.6696e+015	1.0000e-010	0.0000e+000
1.610000e+003	1.86601887e-001	-3.21339811e+000	3.66431322e+003	0.00000000e+000	1.6459e+015	1.0000e-010	0.0000e+000
1.620000e+003	1.86968318e-001	-3.21303168e+000	3.63340318e+003	0.00000000e+000	1.6228e+015	1.0000e-010	0.0000e+000
1.630000e+003	1.87331659e-001	-3.21266834e+000	3.60292453e+003	0.00000000e+000	1.6001e+015	1.0000e-010	0.0000e+000
1.640000e+003	1.87691951e-001	-3.21230805e+000	3.57286771e+003	0.00000000e+000	1.5780e+015	1.0000e-010	0.0000e+000
1.650000e+003	1.88049238e-001	-3.21195076e+000	3.54322342e+003	0.00000000e+000	1.5563e+015	1.0000e-010	0.0000e+000
1.660000e+003	1.88403560e-001	-3.21159644e+000	3.51398267e+003	0.00000000e+000	1.5351e+015	1.0000e-010	0.0000e+000
1.670000e+003	1.88754958e-001	-3.21124504e+000	3.48513668e+003	0.00000000e+000	1.5144e+015	1.0000e-010	0.0000e+000
1.680000e+003	1.89103472e-001	-3.21089653e+000	3.45667697e+003	0.00000000e+000	1.4941e+015	1.0000e-010	0.0000e+000
1.690000e+003	1.89449140e-001	-3.21055086e+000	3.42859525e+003	0.00000000e+000	1.4743e+015	1.0000e-010	0.0000e+000
1.700000e+003	1.89791999e-001	-3.21020800e+000	3.40088351e+003	0.00000000e+000	1.4549e+015	1.0000e-010	0.0000e+000
1.710000e+003	1.90132088e-001	-3.20986791e+000	3.37353394e+003	0.00000000e+000	1.4359e+015	1.0000e-010	0.0000e+000
1.720000e+003	1.90469441e-001	-3.20953056e+000	3.34653894e+003	0.00000000e+000	1.4172e+015	1.0000e-010	0.0000e+000
1.730000e+003	1.90804095e-001	-3.20919590e+000	3.31989114e+003	0.00000000e+000	1.3990e+015	1.0000e-010	0.0000e+000
1.740000e+003	1.91136084e-001	-3.20886392e+000	3.29358336e+003	0.00000000e+000	1.3812e+015	1.0000e-010	0.0000e+000
1.750000e+003	1.91465442e-001	-3.20853456e+000	3.26760862e+003	0.00000000e+000	1.3637e+015	1.0000e-010	0.0000e+000
1.760000e+003	1.91792203e-001	-3.20820780e+000	3.24196012e+003	0.00000000e+000	1.3466e+015	1.0000e-010	0.0000e+000
1.770000e+003	1.92116399e-001	-3.20788360e+000	3.21663127e+003	0.00000000e+000	1.3298e+015	1.0000e-010	0.0000e+000
1.780000e+003	1.92438062e-001	-3.20756194e+000	3.19161561e+003	0.00000000e+000	1.3133e+015	1.0000e-010	0.0000e+000
1.790000e+003	1.92757224e-001	-3.20724278e+000	3.16690689e+003	0.00000000e+000	1.2972e+015	1.0000e-010	0.0000e+000
1.800000e+003	1.93073915e-001	-3.20692609e+000	3.14249901e+003	0.00000000e+000	1.2814e+015	1.0000e-010	0.0000e+000
1.810000e+003	1.93388165e-001	-3.20661184e+000	3.11838603e+003	0.00000000e+000	1.2659e+015	1.0000e-010	0.0000e+000
1.820000e+003	1.93700003e-001	-3.20630000e+000	3.09456217e+003	0.00000000e+000	1.2508e+015	1.0000e-010	0.0000e+000
1.830000e+003	1.94009459e-001	-3.20599054e+000	3.07102178e+003	0.00000000e+000	1.2359e+015	1.0000e-010	0.0000e+000
1.840000e+003	1.94316562e-001	-3.20568344e+000	3.04775938e+003	0.00000000e+000	1.2213e+015	1.0000e-010	0.0000e+000
1.850000e+003	1.94621338e-001	-3.20537866e+000	3.02476962e+003	0.00000000e+000	1.2070e+015	1.0000e-010	0.0000e+000
1.860000e+003	1.94923814e-001	-3.20507619e+000	3.00204728e+003	0.00000000e+000	1.1929e+015	1.0000e-010	0.0000e+000
1.870000e+003	1.95224019e-001	-3.20477598e+000	2.97958727e+003	0.00000000e+000	1.1792e+015	1.0000e-010	0.0000e+000
1.880000e+003	1.95521978e-001	-3.20447802e+000	2.95738464e+003	0.00000000e+000	1.1656e+015	1.0000e-010	0.0000e+000
1.890000e+003	1.95817716e-001	-3.20418228e+000	2.93543456e+003	0.00000000e+000	1.1524e+015	1.0000e-010	0.0000e+000
1.900000e+003	1.96111260e-001	-3.20388874e+000	2.91373230e+003	0.00000000e+000	1.1394e+015	1.0000e-010	0.0000e+000
1.910000e+003	1.96402633e-001	-3.20359737e+000	2.89227327e+003	0.00000000e+000	1.1266e+015	1.0000e-010	0.0000e+000
1.920000e+003	1.96691860e-001	-3.20330814e+000	2.87105299e+003	0.00000000e+000	1.1141e+015	1.0000e-010	0.0000e+000
1.930000e+003	1.96978966e-001	-3.20302103e+000	2.85006707e+003	0.00000000e+000	1.1018e+015	1.0000e-010	0.0000e+000
1.940000e+003	1.97263972e-001	-3.20273603e+000	2.82931123e+003	0.00000000e+000	1.0897e+015	1.0000e-010	0.0000e+000
1.950000e+003	1.97546904e-001	-3.20245310e+000	2.80878132e+003	0.00000000e+000	1.0778e+015	1.0000e-010	0.0000e+000
1.960000e+003	1.97827782e-001	-3.20217222e+000	2.78847326e+003	0.00000000e+000	1.0662e+015	1.0000e-010	0.0000e+000
1.970000e+003	1.98106629e-001	-3.20189337e+000	2.76838306e+003	0.00000000e+000	1.0547e+015	1.0000e-010	0.0000e+000
1.980000e+003	1.98383467e-001	-3.20161653e+000	2.74850686e+003	0.00000000e+000	1.0435e+015	1.0000e-010	0.0000e+000
1.990000e+003	1.98658318e-001	-3.20134168e+000	2.72884085e+003	0.00000000e+000	1.0325e+015	1.0000e-010	0.0000e+000
2.000000e+003	1.98931202e-001	-3.20106880e+000	2.70938134e+003	0.00000000e+000	1.0216e+015	1.0000e-010	0.0000e+000
2.010000e+003	1.99202140e-001	-3.20079786e+000	2.69012471e+003	0.00000000e+000	1.0110e+015	1.0000e-010	0.0000e+000
2.020000e+003	1.99471153e-001	-3.20052885e+000	2.67106742e+003	0.00000000e+000	1.0005e+015	1.0000e-010	0.0000e+000
2.030000e+003	1.99738259e-001	-3.20026174e+000	2.65220601e+003	0.00000000e+000	9.9023e+014	1.0000e-010	0.0000e+000
2.040000e+003	2.00003480e-001	-3.19999652e+000	2.63353713e+003	0.00000000e+000	9.8012e+014	1.0000e-010	0.0000e+000
2.050000e+003	2.00266834e-001	-3.19973317e+000	2.61505745e+003	0.00000000e+000	9.7019e+014	1.0000e-010	0.0000e+000
2.060000e+003	2.00528340e-001	-3.19947166e+000	2.59676377e+003	0.00000000e+000	9.6042e+014	1.0000e-010	0.0000e+000
2.070000e+003	2.00788016e-001	-3.19921198e+000	2.57865292e+003	0.00000000e+000	9.5082e+014	1.0000e-010	0.0000e+000
2.080000e+003	2.01045881e-001	-3.19895412e+000	2.56072182e+003	0.00000000e+000	9.4139e+014	1.0000e-010	0.0000e+000
2.090000e+003	2.01301953e-001	-3.19869805e+000	2.54296746e+003	0.00000000e+000	9.3211e+014	1.0000e-010	0.0000e+000
2.100000e+003	2.01556250e-001	-3.19844375e+000	2.52538689e+003	0.00000000e+000	9.2298e+014	1.0000e-010	0.0000e+000
2.110000e+003	2.01808789e-001	-3.19819121e+000	2.50797722e+003	0.00000000e+000	9.1401e+014	1.0000e-010	0.0000e+000
2.120000e+003	2.02059587e-001	-3.19794041e+000	2.49073563e+003	0.00000000e+000	9.0519e+014	1.0000e-010	0.0000e+000
2.130000e+003	2.02308660e-001	-3.19769134e+000	2.47365935e+003	0.00000000e+000	8.9651e+014	1.0000e-010	0.0000e+000
2.140000e+003	2.02556026e-001	-3.19744397e+000	2.45674570e+003	0.00000000e+000	8.8797e+014	1.0000e-010	0.0000e+000
2.150000e+003	2.02801701e-001	-3.19719830e+000	2.43999201e+003	0.00000000e+000	8.7957e+014	1.0000e-010	0.0000e+000
2.160000e+003	2.03045700e-001	-3.19695430e+000	2.42339571e+003	0.00000000e+000	8.7131e+014	1.0000e-010	0.0000e+000
2.170000e+003	2.03288039e-001	-3.19671196e+000	2.40695425e+003	0.00000000e+000	8.6318e+014	1.0000e-010	0.0000e+000
2.180000e+003	2.03528735e-001	-3.19647127e+000	2.39066516e+003	0.00000000e+000	8.5518e+014	1.0000e-010	0.0000e+000
2.190000e+003	2.03767801e-001	-3.19623220e+000	2.37452602e+003	0.00000000e+000	8.4731e+014	1.0000e-010	0.0000e+000
2.200000e+003	2.04005254e-001	-3.19599475e+000	2.35853443e+003	0.00000000e+000	8.3956e+014	1.0000e-010	0.0000e+000
2.210000e+003	2.04241107e-001	-3.19575889e+000	2.34268807e+003	0.00000000e+000	8.3194e+014	1.0000e-010	0.0000e+000
2.220000e+003	2.04475376e-001	-3.19552462e+000	2.32698467e+003	0.00000000e+000	8.2443e+014	1.0000e-010	0.0000e+000
2.230000e+003	2.04708075e-001	-3.19529193e+000	2.31142198e+003	0.00000000e+000	8.1704e+014	1.0000e-010	0.0000e+000
2.240000e+003	2.04939217e-001	-3.19506078e+000	2.29599781e+003	0.00000000e+000	8.0977e+014	1.0000e-010	0.0000e+000
2.250000e+003	2.05168817e-001	-3.19483118e+000	2.28071003e+003	0.00000000e+000	8.0261e+014	1.0000e-010	0.0000e+000
2.260000e+003	2.05396888e-001	-3.19460311e+000	2.26555652e+003	0.00000000e+000	7.9556e+014	1.0000e-010	0.0000e+000
2.270000e+003	2.05623443e-001	-3.19437656e+000	2.25053523e+003	0.00000000e+000	7.8862e+014	1.0000e-010	0.0000e+000
2.280000e+003	2.05848497e-001	-3.19415150e+000	2.23564414e+003	0.00000000e+000	7.8178e+014	1.0000e-010	0.0000e+000
2.290000e+003	2.06072061e-001	-3.19392794e+000	2.22088128e+003	0.00000000e+000	7.7505e+014	1.0000e-010	0.0000e+000
2.300000e+003	2.06294149e-001	-3.19370585e+000	2.20624469e+003	0.00000000e+000	7.6842e+014	1.0000e-010	0.0000e+000
2.310000e+003	2.06514774e-001	-3.19348523e+000	2.19173248e+003	0.00000000e+000	7.6189e+014	1.0000e-010	0.0000e+000
2.320000e+003	2.06733947e-001	-3.19326605e+000	2.17734279e+003	0.00000000e+000	7.5546e+014	1.0000e-010	0.0000e+000
2.330000e+003	2.06951681e-001	-3.19304832e+000	2.16307378e+003	0.00000000e+000	7.4913e+014	1.0000e-010	0.0000e+000
2.340000e+003	2.07167989e-001	-3.19283201e+000	2.14892367e+003	0.00000000e+000	7.4288e+014	1.0000e-010	0.0000e+000
2.350000e+003	2.07382881e-001	-3.19261712e+000	2.13489069e+003	0.00000000e+000	7.3673e+014	1.0000e-010	0.0000e+000
2.360000e+003	2.07596370e-001	-3.19240363e+000	2.12097312e+003	0.00000000e+000	7.3067e+014	1.0000e-010	0.0000e+000
2.370000e+003	2.07808467e-001	-3.19219153e+000	2.10716926e+003	0.00000000e+000	7.2470e+014	1.0000e-010	0.0000e+000
2.380000e+003	2.08019184e-001	-3.19198082e+000	2.09347746e+003	0.00000000e+000	7.1882e+014	1.0000e-010	0.0000e+000
2.390000e+003	2.08228532e-001	-3.19177147e+000	2.07989609e+003	0.00000000e+000	7.1302e+014	1.0000e-010	0.0000e+000
2.400000e+003	2.08436522e-001	-3.19156348e+000	2.06642355e+003	0.00000000e+000	7.0731e+014	1.0000e-010	0.0000e+000
2.410000e+003	2.08643164e-001	-3.19135684e+000	2.05305827e+003	0.00000000e+000	7.0168e+014	1.0000e-010	0.0000e+000
2.420000e+003	2.08848470e-001	-3.19115153e+000	2.03979871e+003	0.00000000e+000	6.9613e+014	1.0000e-010	0.0000e+000
2.430000e+003	2.09052450e-001	-3.19094755e+000	2.02664336e+003	0.00000000e+000	6.9066e+014	1.0000e-010	0.0000e+000
2.440000e+003	2.09255114e-001	-3.19074489e+000	2.01359074e+003	0.00000000e+000	6.8526e+014	1.0000e-010	0.0000e+000
2.450000e+003	2.09456473e-001	-3.19054353e+000	2.00063939e+003	0.00000000e+000	6.7995e+014	1.0000e-010	0.0000e+000
2.460000e+003	2.09656537e-001	-3.19034346e+000	1.98778788e+003	0.00000000e+000	6.7471e+014	1.0000e-010	0.0000e+000
2.470000e+003	2.09855316e-001	-3.19014468e+000	1.97503481e+003	0.00000000e+000	6.6954e+014	1.0000e-010	0.0000e+000
2.480000e+003	2.10052819e-001	-3.18994718e+000	1.96237880e+003	0.00000000e+000	6.6444e+014	1.0000e-010	0.0000e+000
2.490000e+003	2.10249057e-001	-3.18975094e+000	1.94981849e+003	0.00000000e+000	6.5942e+014	1.0000e-010	0.0000e+000
2.500000e+003	2.10444039e-001	-3.18955596e+000	1.93735256e+003	0.00000000e+000	6.5446e+014	1.0000e-010	0.0000e+000
2.510000e+003	2.10637774e-001	-3.18936223e+000	1.92497970e+003	0.00000000e+000	6.4958e+014	1.0000e-010	0.0000e+000
2.520000e+003	2.10830272e-001	-3.18916973e+000	1.91269863e+003	0.00000000e+000	6.4476e+014	1.0000e-010	0.0000e+000
2.530000e+003	2.11021542e-001	-3.18897846e+000	1.90050808e+003	0.00000000e+000	6.4001e+014	1.0000e-010	0.0000e+000
2.540000e+003	2.11211593e-001	-3.18878841e+000	1.88840683e+003	0.00000000e+000	6.3532e+014	1.0000e-010	0.0000e+000
2.550000e+003	2.11400434e-001	-3.18859957e+000	1.87639365e+003	0.00000000e+000	6.3069e+014	1.0000e-010	0.0000e+000
2.560000e+003	2.11588073e-001	-3.18841193e+000	1.86446735e+003	0.00000000e+000	6.2613e+014	1.0000e-010	0.0000e+000
2.570000e+003	2.11774520e-001	-3.18822548e+000	1.85262675e+003	0.00000000e+000	6.2163e+014	1.0000e-010	0.0000e+000
2.580000e+003	2.11959782e-001	-3.18804022e+000	1.84087071e+003	0.00000000e+000	6.1719e+014	1.0000e-010	0.0000e+000
2.590000e+003	2.12143870e-001	-3.18785613e+000	1.82919807e+003	0.00000000e+000	6.1282e+014	1.0000e-010	0.0000e+000
2.600000e+003	2.12326789e-001	-3.18767321e+000	1.81760774e+003	0.00000000e+000	6.0849e+014	1.0000e-010	0.0000e+000
2.610000e+003	2.12508550e-001	-3.18749145e+000	1.80609861e+003	0.00000000e+000	6.0423e+014	1.0000e-010	0.0000e+000
2.620000e+003	2.12689160e-001	-3.18731084e+000	1.79466961e+003	0.00000000e+000	6.0002e+014	1.0000e-010	0.0000e+000
2.630000e+003	2.12868627e-001	-3.18713137e+000	1.78331968e+003	0.00000000e+000	5.9587e+014	1.0000e-010	0.0000e+000
2.640000e+003	2.13046959e-001	-3.18695304e+000	1.77204777e+003	0.00000000e+000	5.9178e+014	1.0000e-010	0.0000e+000
2.650000e+003	2.13224164e-001	-3.18677584e+000	1.76085285e+003	0.00000000e+000	5.8773e+014	1.0000e-010	0.0000e+000
2.660000e+003	2.13400249e-001	-3.18659975e+000	1.74973394e+003	0.00000000e+000	5.8375e+014	1.0000e-010	0.0000e+000
2.670000e+003	2.13575222e-001	-3.18642478e+000	1.73869002e+003	0.00000000e+000	5.7981e+014	1.0000e-010	0.0000e+000
2.680000e+003	2.13749091e-001	-3.18625091e+000	1.72772013e+003	0.00000000e+000	5.7592e+014	1.0000e-010	0.0000e+000
2.690000e+003	2.13921863e-001	-3.18607814e+000	1.71682331e+003	0.00000000e+000	5.7208e+014	1.0000e-010	0.0000e+000
2.700000e+003	2.14093546e-001	-3.18590645e+000	1.70599862e+003	0.00000000e+000	5.6830e+014	1.0000e-010	0.0000e+000
2.710000e+003	2.14264146e-001	-3.18573585e+000	1.69524512e+003	0.00000000e+000	5.6456e+014	1.0000e-010	0.0000e+000
2.720000e+003	2.14433670e-001	-3.18556633e+000	1.68456191e+003	0.00000000e+000	5.6087e+014	1.0000e-010	0.0000e+000
2.730000e+003	2.14602126e-001	-3.18539787e+000	1.67394808e+003	0.00000000e+000	5.5723e+014	1.0000e-010	0.0000e+000
2.740000e+003	2.14769521e-001	-3.18523048e+000	1.66340276e+003	0.00000000e+000	5.5363e+014	1.0000e-010	0.0000e+000
2.750000e+003	2.14935861e-001	-3.18506414e+000	1.65292508e+003	0.00000000e+000	5.5008e+014	1.0000e-010	0.0000e+000
2.760000e+003	2.15101154e-001	-3.18489885e+000	1.64251417e+003	0.00000000e+000	5.4657e+014	1.0000e-010	0.0000e+000
2.770000e+003	2.15265405e-001	-3.18473459e+000	1.63216920e+003	0.00000000e+000	5.4311e+014	1.0000e-010	0.0000e+000
2.780000e+003	2.15428622e-001	-3.18457138e+000	1.62188934e+003	0.00000000e+000	5.3969e+014	1.0000e-010	0.0000e+000
2.790000e+003	2.15590811e-001	-3.18440919e+000	1.61167376e+003	0.00000000e+000	5.3632e+014	1.0000e-010	0.0000e+000
2.800000e+003	2.15751979e-001	-3.18424802e+000	1.60152168e+003	0.00000000e+000	5.3299e+014	1.0000e-010	0.0000e+000
2.810000e+003	2.15912131e-001	-3.18408787e+000	1.59143229e+003	0.00000000e+000	5.2969e+014	1.0000e-010	0.0000e+000
2.820000e+003	2.16071274e-001	-3.18392873e+000	1.58140482e+003	0.00000000e+000	5.2644e+014	1.0000e-010	0.0000e+000
2.830000e+003	2.16229414e-001	-3.18377059e+000	1.57143851e+003	0.00000000e+000	5.2323e+014	1.0000e-010	0.0000e+000
2.840000e+003	2.16386558e-001	-3.18361344e+000	1.56153259e+003	0.00000000e+000	5.2006e+014	1.0000e-010	0.0000e+000
2.850000e+003	2.16542712e-001	-3.18345729e+000	1.55168633e+003	0.00000000e+000	5.1693e+014	1.0000e-010	0.0000e+000
2.860000e+003	2.16697880e-001	-3.18330212e+000	1.54189899e+003	0.00000000e+000	5.1384e+014	1.0000e-010	0.0000e+000
2.870000e+003	2.16852070e-001	-3.18314793e+000	1.53216985e+003	0.00000000e+000	5.1078e+014	1.0000e-010	0.0000e+000
2.880000e+003	2.17005287e-001	-3.18299471e+000	1.52249820e+003	0.00000000e+000	5.0776e+014	1.0000e-010	0.0000e+000
2.890000e+003	2.17157537e-001	-3.18284246e+000	1.51288334e+003	0.00000000e+000	5.0478e+014	1.0000e-010	0.0000e+000
2.900000e+003	2.17308825e-001	-3.18269117e+000	1.50332458e+003	0.00000000e+000	5.0184e+014	1.0000e-010	0.0000e+000
2.910000e+003	2.17459158e-001	-3.18254084e+000	1.49382125e+003	0.00000000e+000	4.9893e+014	1.0000e-010	0.0000e+000
2.920000e+003	2.17608540e-001	-3.18239146e+000	1.48437268e+003	0.00000000e+000	4.9605e+014	1.0000e-010	0.0000e+000
2.930000e+003	2.17756977e-001	-3.18224302e+000	1.47497820e+003	0.00000000e+000	4.9321e+014	1.0000e-010	0.0000e+000
2.940000e+003	2.17904475e-001	-3.18209553e+000	1.46563717e+003	0.00000000e+000	4.9041e+014	1.0000e-010	0.0000e+000
2.950000e+003	2.18051039e-001	-3.18194896e+000	1.45634894e+003	0.00000000e+000	4.8763e+014	1.0000e-010	0.0000e+000
2.960000e+003	2.18196673e-001	-3.18180333e+000	1.44711290e+003	0.00000000e+000	4.8489e+014	1.0000e-010	0.0000e+000
2.970000e+003	2.18341385e-001	-3.18165862e+000	1.43792841e+003	0.00000000e+000	4.8219e+014	1.0000e-010	0.0000e+000
2.980000e+003	2.18485178e-001	-3.18151482e+000	1.42879486e+003	0.00000000e+000	4.7951e+014	1.0000e-010	0.0000e+000
2.990000e+003	2.18628057e-001	-3.18137194e+000	1.41971165e+003	0.00000000e+000	4.7687e+014	1.0000e-010	0.0000e+000
3.000000e+003	2.18770028e-001	-3.18122997e+000	1.41067819e+003	0.00000000e+000	4.7426e+014	1.0000e-010	0.0000e+000
3.010000e+003	2.18911096e-001	-3.18108890e+000	1.40169389e+003	0.00000000e+000	4.7168e+014	1.0000e-010	0.0000e+000
3.020000e+003	2.19051265e-001	-3.18094873e+000	1.39275817e+003	0.00000000e+000	4.6913e+014	1.0000e-010	0.0000e+000
3.030000e+003	2.19190541e-001	-3.18080946e+000	1.38387046e+003	0.00000000e+000	4.6661e+014	1.0000e-010	0.0000e+000
3.040000e+003	2.19328928e-001	-3.18067107e+000	1.37503020e+003	0.00000000e+000	4.6412e+014	1.0000e-010	0.0000e+000
3.050000e+003	2.19466431e-001	-3.18053357e+000	1.36623683e+003	0.00000000e+000	4.6165e+014	1.0000e-010	0.0000e+000
3.060000e+003	2.19603055e-001	-3.18039694e+000	1.35748981e+003	0.00000000e+000	4.5922e+014	1.0000e-010	0.0000e+000
3.070000e+003	2.19738804e-001	-3.18026120e+000	1.34878861e+003	0.00000000e+000	4.5681e+014	1.0000e-010	0.0000e+000
3.080000e+003	2.19873683e-001	-3.18012632e+000	1.34013268e+003	0.00000000e+000	4.5444e+014	1.0000e-010	0.0000e+000
3.090000e+003	2.20007696e-001	-3.17999230e+000	1.33152151e+003	0.00000000e+000	4.5209e+014	1.0000e-010	0.0000e+000
3.100000e+003	2.20140848e-001	-3.17985915e+000	1.32295458e+003	0.00000000e+000	4.4977e+014	1.0000e-010	0.0000e+000
3.110000e+003	2.20273144e-001	-3.17972686e+000	1.31443137e+003	0.00000000e+000	4.4747e+014	1.0000e-010	0.0000e+000
3.120000e+003	2.20404587e-001	-3.17959541e+000	1.30595139e+003	0.00000000e+000	4.4520e+014	1.0000e-010	0.0000e+000
3.130000e+003	2.20535182e-001	-3.17946482e+000	1.29751414e+003	0.00000000e+000	4.4296e+014	1.0000e-010	0.0000e+000
3.140000e+003	2.20664933e-001	-3.17933507e+000	1.28911913e+003	0.00000000e+000	4.4074e+014	1.0000e-010	0.0000e+000
3.150000e+003	2.20793845e-001	-3.17920615e+000	1.28076588e+003	0.00000000e+000	4.3855e+014	1.0000e-010	0.0000e+000
3.160000e+003	2.20921922e-001	-3.17907808e+000	1.27245391e+003	0.00000000e+000	4.3638e+014	1.0000e-010	0.0000e+000
3.170000e+003	2.21049167e-001	-3.17895083e+000	1.26418275e+003	0.00000000e+000	4.3424e+014	1.0000e-010	0.0000e+000
3.180000e+003	2.21175586e-001	-3.17882441e+000	1.25595194e+003	0.00000000e+000	4.3212e+014	1.0000e-010	0.0000e+000
3.190000e+003	2.21301181e-001	-3.17869882e+000	1.24776102e+003	0.00000000e+000	4.3002e+014	1.0000e-010	0.0000e+000
3.200000e+003	2.21425957e-001	-3.17857404e+000	1.23960954e+003	0.00000000e+000	4.2795e+014	1.0000e-010	0.0000e+000
3.210000e+003	2.21549918e-001	-3.17845008e+000	1.23149705e+003	0.00000000e+000	4.2591e+014	1.0000e-010	0.0000e+000
3.220000e+003	2.21673068e-001	-3.17832693e+000	1.22342312e+003	0.00000000e+000	4.2388e+014	1.0000e-010	0.0000e+000
3.230000e+003	2.21795410e-001	-3.17820459e+000	1.21538730e+003	0.00000000e+000	4.2188e+014	1.0000e-010	0.0000e+000
3.240000e+003	2.21916949e-001	-3.17808305e+000	1.20738918e+003	0.00000000e+000	4.1990e+014	1.0000e-010	0.0000e+000
3.250000e+003	2.22037688e-001	-3.17796231e+000	1.19942832e+003	0.00000000e+000	4.1795e+014	1.0000e-010	0.0000e+000
3.260000e+003	2.22157630e-001	-3.17784237e+000	1.19150431e+003	0.00000000e+000	4.1601e+014	1.0000e-010	0.0000e+000
3.270000e+003	2.22276781e-001	-3.17772322e+000	1.18361674e+003	0.00000000e+000	4.1410e+014	1.0000e-010	0.0000e+000
3.280000e+003	2.22395142e-001	-3.17760486e+000	1.17576520e+003	0.00000000e+000	4.1221e+014	1.0000e-010	0.0000e+000
3.290000e+003	2.22512719e-001	-3.17748728e+000	1.16794928e+003	0.00000000e+000	4.1034e+014	1.0000e-010	0.0000e+000
3.300000e+003	2.22629514e-001	-3.17737049e+000	1.16016860e+003	0.00000000e+000	4.0849e+014	1.0000e-010	0.0000e+000
3.310000e+003	2.22745531e-001	-3.17725447e+000	1.15242276e+003	0.00000000e+000	4.0666e+014	1.0000e-010	0.0000e+000
3.320000e+003	2.22860773e-001	-3.17713923e+000	1.14471137e+003	0.00000000e+000	4.0485e+014	1.0000e-010	0.0000e+000
3.330000e+003	2.22975244e-001	-3.17702476e+000	1.13703405e+003	0.00000000e+000	4.0306e+014	1.0000e-010	0.0000e+000
3.340000e+003	2.23088948e-001	-3.17691105e+000	1.12939042e+003	0.00000000e+000	4.0129e+014	1.0000e-010	0.0000e+000
3.350000e+003	2.23201887e-001	-3.17679811e+000	1.12178012e+003	0.00000000e+000	3.9954e+014	1.0000e-010	0.0000e+000
3.360000e+003	2.23314065e-001	-3.17668594e+000	1.11420276e+003	0.00000000e+000	3.9781e+014	1.0000e-010	0.0000e+000
3.370000e+003	2.23425485e-001	-3.17657452e+000	1.10665799e+003	0.00000000e+000	3.9610e+014	1.0000e-010	0.0000e+000
3.380000e+003	2.23536151e-001	-3.17646385e+000	1.09914545e+003	0.00000000e+000	3.9441e+014	1.0000e-010	0.0000e+000
3.390000e+003	2.23646065e-001	-3.17635393e+000	1.09166478e+003	0.00000000e+000	3.9274e+014	1.0000e-010	0.0000e+000
3.400000e+003	2.23755232e-001	-3.17624477e+000	1.08421564e+003	0.00000000e+000	3.9108e+014	1.0000e-010	0.0000e+000
3.410000e+003	2.23863653e-001	-3.17613635e+000	1.07679767e+003	0.00000000e+000	3.8944e+014	1.0000e-010	0.0000e+000
3.420000e+003	2.23971333e-001	-3.17602867e+000	1.06941053e+003	0.00000000e+000	3.8783e+014	1.0000e-010	0.0000e+000
3.430000e+003	2.24078274e-001	-3.17592173e+000	1.06205389e+003	0.00000000e+000	3.8622e+014	1.0000e-010	0.0000e+000
3.440000e+003	2.24184479e-001	-3.17581552e+000	1.05472741e+003	0.00000000e+000	3.8464e+014	1.0000e-010	0.0000e+000
3.450000e+003	2.24289952e-001	-3.17571005e+000	1.04743076e+003	0.00000000e+000	3.8308e+014	1.0000e-010	0.0000e+000
3.460000e+003	2.24394695e-001	-3.17560530e+000	1.04016362e+003	0.00000000e+000	3.8153e+014	1.0000e-010	0.0000e+000
3.470000e+003	2.24498712e-001	-3.17550129e+000	1.03292565e+003	0.00000000e+000	3.7999e+014	1.0000e-010	0.0000e+000
3.480000e+003	2.24602004e-001	-3.17539800e+000	1.02571655e+003	0.00000000e+000	3.7848e+014	1.0000e-010	0.0000e+000
3.490000e+003	2.24704576e-001	-3.17529542e+000	1.01853599e+003	0.00000000e+000	3.7698e+014	1.0000e-010	0.0000e+000
3.500000e+003	2.24806429e-001	-3.17519357e+000	1.01138367e+003	0.00000000e+000	3.7550e+014	1.0000e-010	0.0000e+000
3.510000e+003	2.24907568e-001	-3.17509243e+000	1.00425927e+003	0.00000000e+000	3.7403e+014	1.0000e-010	0.0000e+000
3.520000e+003	2.25007994e-001	-3.17499201e+000	9.97162501e+002	0.00000000e+000	3.7258e+014	1.0000e-010	0.0000e+000
3.530000e+003	2.25107710e-001	-3.17489229e+000	9.90093048e+002	0.00000000e+000	3.7115e+014	1.0000e-010	0.0000e+000
3.540000e+003	2.25206719e-001	-3.17479328e+000	9.83050619e+002	0.00000000e+000	3.6973e+014	1.0000e-010	0.0000e+000
3.550000e+003	2.25305024e-001	-3.17469498e+000	9.76034919e+002	0.00000000e+000	3.6833e+014	1.0000e-010	0.0000e+000
3.560000e+003	2.25402628e-001	-3.17459737e+000	9.69045656e+002	0.00000000e+000	3.6694e+014	1.0000e-010	0.0000e+000
3.570000e+003	2.25499532e-001	-3.17450047e+000	9.62082543e+002	0.00000000e+000	3.6556e+014	1.0000e-010	0.0000e+000
3.580000e+003	2.25595741e-001	-3.17440426e+000	9.55145295e+002	0.00000000e+000	3.6421e+014	1.0000e-010	0.0000e+000
3.590000e+003	2.25691255e-001	-3.17430874e+000	9.48233630e+002	0.00000000e+000	3.6286e+014	1.0000e-010	0.0000e+000
3.600000e+003	2.25786079e-001	-3.17421392e+000	9.41347271e+002	0.00000000e+000	3.6153e+014	1.0000e-010	0.0000e+000
3.610000e+003	2.25880213e-001	-3.17411979e+000	9.34485941e+002	0.00000000e+000	3.6022e+014	1.0000e-010	0.0000e+000
3.620000e+003	2.25973662e-001	-3.17402634e+000	9.27649369e+002	0.00000000e+000	3.5892e+014	1.0000e-010	0.0000e+000
3.630000e+003	2.26066427e-001	-3.17393357e+000	9.20837284e+002	0.00000000e+000	3.5764e+014	1.0000e-010	0.0000e+000
3.640000e+003	2.26158511e-001	-3.17384149e+000	9.14049421e+002	0.00000000e+000	3.5636e+014	1.0000e-010	0.0000e+000
3.650000e+003	2.26249916e-001	-3.17375008e+000	9.07285515e+002	0.00000000e+000	3.5511e+014	1.0000e-010	0.0000e+000
3.660000e+003	2.26340644e-001	-3.17365936e+000	9.00545306e+002	0.00000000e+000	3.5386e+014	1.0000e-010	0.0000e+000
3.670000e+003	2.26430699e-001	-3.17356930e+000	8.93828535e+002	0.00000000e+000	3.5263e+014	1.0000e-010	0.0000e+000
3.680000e+003	2.26520081e-001	-3.17347992e+000	8.87134947e+002	0.00000000e+000	3.5141e+014	1.0000e-010	0.0000e+000
3.690000e+003	2.26608795e-001	-3.17339121e+000	8.80464289e+002	0.00000000e+000	3.5021e+014	1.0000e-010	0.0000e+000
3.700000e+003	2.26696841e-001	-3.17330316e+000	8.73816312e+002	0.00000000e+000	3.4902e+014	1.0000e-010	0.0000e+000
3.710000e+003	2.26784223e-001	-3.17321578e+000	8.67190767e+002	0.00000000e+000	3.4784e+014	1.0000e-010	0.0000e+000
3.720000e+003	2.26870942e-001	-3.17312906e+000	8.60587411e+002	0.00000000e+000	3.4668e+014	1.0000e-010	0.0000e+000
3.730000e+003	2.26957001e-001	-3.17304300e+000	8.54005999e+002	0.00000000e+000	3.4553e+014	1.0000e-010	0.0000e+000
3.740000e+003	2.27042401e-001	-3.17295760e+000	8.47446293e+002	0.00000000e+000	3.4439e+014	1.0000e-010	0.0000e+000
3.750000e+003	2.27127146e-001	-3.17287285e+000	8.40908055e+002	0.00000000e+000	3.4326e+014	1.0000e-010	0.0000e+000
3.760000e+003	2.27211237e-001	-3.17278876e+000	8.34391050e+002	0.00000000e+000	3.4214e+014	1.0000e-010	0.0000e+000
3.770000e+003	2.27294676e-001	-3.17270532e+000	8.27895045e+002	0.00000000e+000	3.4104e+014	1.0000e-010	0.0000e+000
3.780000e+003	2.27377465e-001	-3.17262253e+000	8.21419810e+002	0.00000000e+000	3.3995e+014	1.0000e-010	0.0000e+000
3.790000e+003	2.27459607e-001	-3.17254039e+000	8.14965116e+002	0.00000000e+000	3.3887e+014	1.0000e-010	0.0000e+000
3.800000e+003	2.27541104e-001	-3.17245890e+000	8.08530739e+002	0.00000000e+000	3.3781e+014	1.0000e-010	0.0000e+000
3.810000e+003	2.27621957e-001	-3.17237804e+000	8.02116454e+002	0.00000000e+000	3.3675e+014	1.0000e-010	0.0000e+000
3.820000e+003	2.27702169e-001	-3.17229783e+000	7.95722039e+002	0.00000000e+000	3.3571e+014	1.0000e-010	0.0000e+000
3.830000e+003	2.27781741e-001	-3.17221826e+000	7.89347277e+002	0.00000000e+000	3.3468e+014	1.0000e-010	0.0000e+000
3.840000e+003	2.27860676e-001	-3.17213932e+000	7.82991949e+002	0.00000000e+000	3.3366e+014	1.0000e-010	0.0000e+000
3.850000e+003	2.27938975e-001	-3.17206103e+000	7.76655840e+002	0.00000000e+000	3.3265e+014	1.0000e-010	0.0000e+000
3.860000e+003	2.28016640e-001	-3.17198336e+000	7.70338739e+002	0.00000000e+000	3.3165e+014	1.0000e-010	0.0000e+000
3.870000e+003	2.28093674e-001	-3.17190633e+000	7.64040432e+002	0.00000000e+000	3.3066e+014	1.0000e-010	0.0000e+000
3.880000e+003	2.28170078e-001	-3.17182992e+000	7.57760713e+002	0.00000000e+000	3.2969e+014	1.0000e-010	0.0000e+000
3.890000e+003	2.28245854e-001	-3.17175415e+000	7.51499374e+002	0.00000000e+000	3.2872e+014	1.0000e-010	0.0000e+000
3.900000e+003	2.28321004e-001	-3.17167900e+000	7.45256209e+002	0.00000000e+000	3.2777e+014	1.0000e-010	0.0000e+000
3.910000e+003	2.28395530e-001	-3.17160447e+000	7.39031016e+002	0.00000000e+000	3.2682e+014	1.0000e-010	0.0000e+000
3.920000e+003	2.28469433e-001	-3.17153057e+000	7.32823594e+002	0.00000000e+000	3.2589e+014	1.0000e-010	0.0000e+000
3.930000e+003	2.28542715e-001	-3.17145728e+000	7.26633743e+002	0.00000000e+000	3.2497e+014	1.0000e-010	0.0000e+000
3.940000e+003	2.28615379e-001	-3.17138462e+000	7.20461266e+002	0.00000000e+000	3.2406e+014	1.0000e-010	0.0000e+000
3.950000e+003	2.28687425e-001	-3.17131258e+000	7.14305966e+002	0.00000000e+000	3.2315e+014	1.0000e-010	0.0000e+000
3.960000e+003	2.28758856e-001	-3.17124114e+000	7.08167651e+002	0.00000000e+000	3.2226e+014	1.0000e-010	0.0000e+000
3.970000e+003	2.28829672e-001	-3.17117033e+000	7.02046127e+002	0.00000000e+000	3.2138e+014	1.0000e-010	0.0000e+000
3.980000e+003	2.28899877e-001	-3.17110012e+000	6.95941204e+002	0.00000000e+000	3.2051e+014	1.0000e-010	0.0000e+000
3.990000e+003	2.28969471e-001	-3.17103053e+000	6.89852694e+002	0.00000000e+000	3.1965e+014	1.0000e-010	0.0000e+000
4.000000e+003	2.29038456e-001	-3.17096154e+000	6.83780410e+002	0.00000000e+000	3.1880e+014	1.0000e-010	0.0000e+000
4.010000e+003	2.29106834e-001	-3.17089317e+000	6.77724165e+002	0.00000000e+000	3.1795e+014	1.0000e-010	0.0000e+000
4.020000e+003	2.29174607e-001	-3.17082539e+000	6.71683776e+002	0.00000000e+000	3.1712e+014	1.0000e-010	0.0000e+000
4.030000e+003	2.29241775e-001	-3.17075822e+000	6.65659061e+002	0.00000000e+000	3.1630e+014	1.0000e-010	0.0000e+000
4.040000e+003	2.29308341e-001	-3.17069166e+000	6.59649839e+002	0.00000000e+000	3.1549e+014	1.0000e-010	0.0000e+000
4.050000e+003	2.29374306e-001	-3.17062569e+000	6.53655931e+002	0.00000000e+000	3.1468e+014	1.0000e-010	0.0000e+000
4.060000e+003	2.29439672e-001	-3.17056033e+000	6.47677159e+002	0.00000000e+000	3.1389e+014	1.0000e-010	0.0000e+000
4.070000e+003	2.29504439e-001	-3.17049556e+000	6.41713347e+002	0.00000000e+000	3.1310e+014	1.0000e-010	0.0000e+000
4.080000e+003	2.29568611e-001	-3.17043139e+000	6.35764320e+002	0.00000000e+000	3.1232e+014	1.0000e-010	0.0000e+000
4.090000e+003	2.29632187e-001	-3.17036781e+000	6.29829906e+002	0.00000000e+000	3.1156e+014	1.0000e-010	0.0000e+000
4.100000e+003	2.29695170e-001	-3.17030483e+000	6.23909932e+002	0.00000000e+000	3.1080e+014	1.0000e-010	0.0000e+000
4.110000e+003	2.29757561e-001	-3.17024244e+000	6.18004228e+002	0.00000000e+000	3.1005e+014	1.0000e-010	0.0000e+000
4.120000e+003	2.29819361e-001	-3.17018064e+000	6.12112625e+002	0.00000000e+000	3.0931e+014	1.0000e-010	0.0000e+000
4.130000e+003	2.29880573e-001	-3.17011943e+000	6.06234955e+002	0.00000000e+000	3.0858e+014	1.0000e-010	0.0000e+000
4.140000e+003	2.29941196e-001	-3.17005880e+000	6.00371052e+002	0.00000000e+000	3.0786e+014	1.0000e-010	0.0000e+000
4.150000e+003	2.30001233e-001	-3.16999877e+000	5.94520752e+002	0.00000000e+000	3.0714e+014	1.0000e-010	0.0000e+000
4.160000e+003	2.30060685e-001	-3.16993931e+000	5.88683890e+002	0.00000000e+000	3.0644e+014	1.0000e-010	0.0000e+000
4.170000e+003	2.30119554e-001	-3.16988045e+000	5.82860304e+002	0.00000000e+000	3.0574e+014	1.0000e-010	0.0000e+000
4.180000e+003	2.30177840e-001	-3.16982216e+000	5.77049834e+002	0.00000000e+000	3.0505e+014	1.0000e-010	0.0000e+000
4.190000e+003	2.30235545e-001	-3.16976446e+000	5.71252318e+002	0.00000000e+000	3.0437e+014	1.0000e-010	0.0000e+000
4.200000e+003	2.30292670e-001	-3.16970733e+000	5.65467600e+002	0.00000000e+000	3.0370e+014	1.0000e-010	0.0000e+000
4.210000e+003	2.30349217e-001	-3.16965078e+000	5.59695520e+002	0.00000000e+000	3.0304e+014	1.0000e-010	0.0000e+000
4.220000e+003	2.30405186e-001	-3.16959481e+000	5.53935924e+002	0.00000000e+000	3.0238e+014	1.0000e-010	0.0000e+000
4.230000e+003	2.30460580e-001	-3.16953942e+000	5.48188655e+002	0.00000000e+000	3.0173e+014	1.0000e-010	0.0000e+000
4.240000e+003	2.30515399e-001	-3.16948460e+000	5.42453561e+002	0.00000000e+000	3.0109e+014	1.0000e-010	0.0000e+000
4.250000e+003	2.30569644e-001	-3.16943036e+000	5.36730488e+002	0.00000000e+000	3.0046e+014	1.0000e-010	0.0000e+000
4.260000e+003	2.30623317e-001	-3.16937668e+000	5.31019285e+002	0.00000000e+000	2.9984e+014	1.0000e-010	0.0000e+000
4.270000e+003	2.30676419e-001	-3.16932358e+000	5.25319801e+002	0.00000000e+000	2.9922e+014	1.0000e-010	0.0000e+000
4.280000e+003	2.30728951e-001	-3.16927105e+000	5.19631886e+002	0.00000000e+000	2.9862e+014	1.0000e-010	0.0000e+000
4.290000e+003	2.30780914e-001	-3.16921909e+000	5.13955393e+002	0.00000000e+000	2.9802e+014	1.0000e-010	0.0000e+000
4.300000e+003	2.30832310e-001	-3.16916769e+000	5.08290175e+002	0.00000000e+000	2.9742e+014	1.0000e-010	0.0000e+000
4.310000e+003	2.30883139e-001	-3.16911686e+000	5.02636083e+002	0.00000000e+000	2.9684e+014	1.0000e-010	0.0000e+000
4.320000e+003	2.30933403e-001	-3.16906660e+000	4.96992975e+002	0.00000000e+000	2.9626e+014	1.0000e-010	0.0000e+000
4.330000e+003	2.30983102e-001	-3.16901690e+000	4.91360704e+002	0.00000000e+000	2.9570e+014	1.0000e-010	0.0000e+000
4.340000e+003	2.31032238e-001	-3.16896776e+000	4.85739129e+002	0.00000000e+000	2.9513e+014	1.0000e-010	0.0000e+000
4.350000e+003	2.31080812e-001	-3.16891919e+000	4.80128106e+002	0.00000000e+000	2.9458e+014	1.0000e-010	0.0000e+000
4.360000e+003	2.31128825e-001	-3.16887118e+000	4.74527494e+002	0.00000000e+000	2.9403e+014	1.0000e-010	0.0000e+000
4.370000e+003	2.31176277e-001	-3.16882372e+000	4.68937153e+002	0.00000000e+000	2.9349e+014	1.0000e-010	0.0000e+000
4.380000e+003	2.31223171e-001	-3.16877683e+000	4.63356944e+002	0.00000000e+000	2.9296e+014	1.0000e-010	0.0000e+000
4.390000e+003	2.31269507e-001	-3.16873049e+000	4.57786727e+002	0.00000000e+000	2.9244e+014	1.0000e-010	0.0000e+000
4.400000e+003	2.31315285e-001	-3.16868471e+000	4.52226365e+002	0.00000000e+000	2.9192e+014	1.0000e-010	0.0000e+000
4.410000e+003	2.31360508e-001	-3.16863949e+000	4.46675721e+002	0.00000000e+000	2.9141e+014	1.0000e-010	0.0000e+000
4.420000e+003	2.31405176e-001	-3.16859482e+000	4.41134660e+002	0.00000000e+000	2.9091e+014	1.0000e-010	0.0000e+000
4.430000e+003	2.31449289e-001	-3.16855071e+000	4.35603046e+002	0.00000000e+000	2.9041e+014	1.0000e-010	0.0000e+000
4.440000e+003	2.31492849e-001	-3.16850715e+000	4.30080744e+002	0.00000000e+000	2.8992e+014	1.0000e-010	0.0000e+000
4.450000e+003	2.31535857e-001	-3.16846414e+000	4.24567622e+002	0.00000000e+000	2.8944e+014	1.0000e-010	0.0000e+000
4.460000e+003	2.31578314e-001	-3.16842169e+000	4.19063547e+002	0.00000000e+000	2.8896e+014	1.0000e-010	0.0000e+000
4.470000e+003	2.31620221e-001	-3.16837978e+000	4.13568386e+002	0.00000000e+000	2.8850e+014	1.0000e-010	0.0000e+000
4.480000e+003	2.31661577e-001	-3.16833842e+000	4.08082010e+002	0.00000000e+000	2.8804e+014	1.0000e-010	0.0000e+000
4.490000e+003	2.31702386e-001	-3.16829761e+000	4.02604287e+002	0.00000000e+000	2.8758e+014	1.0000e-010	0.0000e+000
4.500000e+003	2.31742646e-001	-3.16825735e+000	3.97135088e+002	0.00000000e+000	2.8713e+014	1.0000e-010	0.0000e+000
4.510000e+003	2.31782360e-001	-3.16821764e+000	3.91674285e+002	0.00000000e+000	2.8669e+014	1.0000e-010	0.0000e+000
4.520000e+003	2.31821527e-001	-3.16817847e+000	3.86221748e+002	0.00000000e+000	2.8626e+014	1.0000e-010	0.0000e+000
4.530000e+003	2.31860149e-001	-3.16813985e+000	3.80777352e+002	0.00000000e+000	2.8583e+014	1.0000e-010	0.0000e+000
4.540000e+003	2.31898227e-001	-3.16810177e+000	3.75340968e+002	0.00000000e+000	2.8541e+014	1.0000e-010	0.0000e+000
4.550000e+003	2.31935761e-001	-3.16806424e+000	3.69912472e+002	0.00000000e+000	2.8500e+014	1.0000e-010	0.0000e+000
4.560000e+003	2.31972752e-001	-3.16802725e+000	3.64491738e+002	0.00000000e+000	2.8459e+014	1.0000e-010	0.0000e+000
4.570000e+003	2.32009201e-001	-3.16799080e+000	3.59078642e+002	0.00000000e+000	2.8419e+014	1.0000e-010	0.0000e+000
4.580000e+003	2.32045109e-001	-3.16795489e+000	3.53673059e+002	0.00000000e+000	2.8379e+014	1.0000e-010	0.0000e+000
4.590000e+003	2.32080477e-001	-3.16791952e+000	3.48274866e+002	0.00000000e+000	2.8341e+014	1.0000e-010	0.0000e+000
4.600000e+003	2.32115304e-001	-3.16788470e+000	3.42883940e+002	0.00000000e+000	2.8302e+014	1.0000e-010	0.0000e+000
4.610000e+003	2.32149592e-001	-3.16785041e+000	3.37500160e+002	0.00000000e+000	2.8265e+014	1.0000e-010	0.0000e+000
4.620000e+003	2.32183342e-001	-3.16781666e+000	3.32123404e+002	0.00000000e+000	2.8228e+014	1.0000e-010	0.0000e+000
4.630000e+003	2.32216555e-001	-3.16778345e+000	3.26753551e+002	0.00000000e+000	2.8192e+014	1.0000e-010	0.0000e+000
4.640000e+003	2.32249230e-001	-3.16775077e+000	3.21390481e+002	0.00000000e+000	2.8156e+014	1.0000e-010	0.0000e+000
4.650000e+003	2.32281369e-001	-3.16771863e+000	3.16034074e+002	0.00000000e+000	2.8121e+014	1.0000e-010	0.0000e+000
4.660000e+003	2.32312973e-001	-3.16768703e+000	3.10684211e+002	0.00000000e+000	2.8087e+014	1.0000e-010	0.0000e+000
4.670000e+003	2.32344041e-001	-3.16765596e+000	3.05340774e+002	0.00000000e+000	2.8053e+014	1.0000e-010	0.0000e+000
4.680000e+003	2.32374575e-001	-3.16762542e+000	3.00003644e+002	0.00000000e+000	2.8020e+014	1.0000e-010	0.0000e+000
4.690000e+003	2.32404576e-001	-3.16759542e+000	2.94672705e+002	0.00000000e+000	2.7988e+014	1.0000e-010	0.0000e+000
4.700000e+003	2.32434043e-001	-3.16756596e+000	2.89347838e+002	0.00000000e+000	2.7956e+014	1.0000e-010	0.0000e+000
4.710000e+003	2.32462978e-001	-3.16753702e+000	2.84028927e+002	0.00000000e+000	2.7924e+014	1.0000e-010	0.0000e+000
4.720000e+003	2.32491380e-001	-3.16750862e+000	2.78715858e+002	0.00000000e+000	2.7894e+014	1.0000e-010	0.0000e+000
4.730000e+003	2.32519252e-001	-3.16748075e+000	2.73408513e+002	0.00000000e+000	2.7864e+014	1.0000e-010	0.0000e+000
4.740000e+003	2.32546593e-001	-3.16745341e+000	2.68106778e+002	0.00000000e+000	2.7834e+014	1.0000e-010	0.0000e+000
4.750000e+003	2.32573404e-001	-3.16742660e+000	2.62810539e+002	0.00000000e+000	2.7805e+014	1.0000e-010	0.0000e+000
4.760000e+003	2.32599685e-001	-3.16740032e+000	2.57519681e+002	0.00000000e+000	2.7777e+014	1.0000e-010	0.0000e+000
4.770000e+003	2.32625437e-001	-3.16737456e+000	2.52234091e+002	0.00000000e+000	2.7749e+014	1.0000e-010	0.0000e+000
4.780000e+003	2.32650660e-001	-3.16734934e+000	2.46953655e+002	0.00000000e+000	2.7722e+014	1.0000e-010	0.0000e+000
4.790000e+003	2.32675355e-001	-3.16732464e+000	2.41678262e+002	0.00000000e+000	2.7696e+014	1.0000e-010	0.0000e+000
4.800000e+003	2.32699523e-001	-3.16730048e+000	2.36407797e+002	0.00000000e+000	2.7670e+014	1.0000e-010	0.0000e+000
4.810000e+003	2.32723164e-001	-3.16727684e+000	2.31142150e+002	0.00000000e+000	2.7645e+014	1.0000e-010	0.0000e+000
4.820000e+003	2.32746278e-001	-3.16725372e+000	2.25881209e+002	0.00000000e+000	2.7620e+014	1.0000e-010	0.0000e+000
4.830000e+003	2.32768866e-001	-3.16723113e+000	2.20624863e+002	0.00000000e+000	2.7596e+014	1.0000e-010	0.0000e+000
4.840000e+003	2.32790929e-001	-3.16720907e+000	2.15373001e+002	0.00000000e+000	2.7572e+014	1.0000e-010	0.0000e+000
4.850000e+003	2.32812466e-001	-3.16718753e+000	2.10125512e+002	0.00000000e+000	2.7549e+014	1.0000e-010	0.0000e+000
4.860000e+003	2.32833479e-001	-3.16716652e+000	2.04882287e+002	0.00000000e+000	2.7527e+014	1.0000e-010	0.0000e+000
4.870000e+003	2.32853967e-001	-3.16714603e+000	1.99643215e+002	0.00000000e+000	2.7505e+014	1.0000e-010	0.0000e+000
4.880000e+003	2.32873931e-001	-3.16712607e+000	1.94408188e+002	0.00000000e+000	2.7484e+014	1.0000e-010	0.0000e+000
4.890000e+003	2.32893372e-001	-3.16710663e+000	1.89177096e+002	0.00000000e+000	2.7463e+014	1.0000e-010	0.0000e+000
4.900000e+003	2.32912290e-001	-3.16708771e+000	1.83949830e+002	0.00000000e+000	2.7443e+014	1.0000e-010	0.0000e+000
4.910000e+003	2.32930685e-001	-3.16706932e+000	1.78726283e+002	0.00000000e+000	2.7424e+014	1.0000e-010	0.0000e+000
4.920000e+003	2.32948557e-001	-3.16705144e+000	1.73506346e+002	0.00000000e+000	2.7405e+014	1.0000e-010	0.0000e+000
4.930000e+003	2.32965908e-001	-3.16703409e+000	1.68289911e+002	0.00000000e+000	2.7386e+014	1.0000e-010	0.0000e+000
4.940000e+003	2.32982737e-001	-3.16701726e+000	1.63076870e+002	0.00000000e+000	2.7369e+014	1.0000e-010	0.0000e+000
4.950000e+003	2.32999045e-001	-3.16700096e+000	1.57867117e+002	0.00000000e+000	2.7351e+014	1.0000e-010	0.0000e+000
4.960000e+003	2.33014831e-001	-3.16698517e+000	1.52660545e+002	0.00000000e+000	2.7335e+014	1.0000e-010	0.0000e+000
4.970000e+003	2.33030097e-001	-3.16696990e+000	1.47457046e+002	0.00000000e+000	2.7318e+014	1.0000e-010	0.0000e+000
4.980000e+003	2.33044843e-001	-3.16695516e+000	1.42256514e+002	0.00000000e+000	2.7303e+014	1.0000e-010	0.0000e+000
4.990000e+003	2.33059069e-001	-3.16694093e+000	1.37058843e+002	0.00000000e+000	2.7288e+014	1.0000e-010	0.0000e+000
5.000000e+003	2.33072775e-001	-3.16692723e+000	1.31863927e+002	0.00000000e+000	2.7273e+014	1.0000e-010	0.0000e+000
5.010000e+003	2.33085961e-001	-3.16691404e+000	1.26671660e+002	0.00000000e+000	2.7259e+014	1.0000e-010	0.0000e+000
5.020000e+003	2.33098628e-001	-3.16690137e+000	1.21481937e+002	0.00000000e+000	2.7246e+014	1.0000e-010	0.0000e+000
5.030000e+003	2.33110776e-001	-3.16688922e+000	1.16294652e+002	0.00000000e+000	2.7233e+014	1.0000e-010	0.0000e+000
5.040000e+003	2.33122406e-001	-3.16687759e+000	1.11109699e+002	0.00000000e+000	2.7221e+014	1.0000e-010	0.0000e+000
5.050000e+003	2.33133517e-001	-3.16686648e+000	1.05926975e+002	0.00000000e+000	2.7209e+014	1.0000e-010	0.0000e+000
5.060000e+003	2.33144110e-001	-3.16685589e+000	1.00746374e+002	0.00000000e+000	2.7198e+014	1.0000e-010	0.0000e+000
5.070000e+003	2.33154184e-001	-3.16684582e+000	9.55677915e+001	0.00000000e+000	2.7188e+014	1.0000e-010	0.0000e+000
5.080000e+003	2.33163741e-001	-3.16683626e+000	9.03911229e+001	0.00000000e+000	2.7178e+014	1.0000e-010	0.0000e+000
5.090000e+003	2.33172780e-001	-3.16682722e+000	8.52162641e+001	0.00000000e+000	2.7168e+014	1.0000e-010	0.0000e+000
5.100000e+003	2.33181302e-001	-3.16681870e+000	8.00431107e+001	0.00000000e+000	2.7159e+014	1.0000e-010	0.0000e+000
5.110000e+003	2.33189306e-001	-3.16681069e+000	7.48715589e+001	0.00000000e+000	2.7151e+014	1.0000e-010	0.0000e+000
5.120000e+003	2.33196793e-001	-3.16680321e+000	6.97015045e+001	0.00000000e+000	2.7143e+014	1.0000e-010	0.0000e+000
5.130000e+003	2.33203763e-001	-3.16679624e+000	6.45328440e+001	0.00000000e+000	2.7136e+014	1.0000e-010	0.0000e+000
5.140000e+003	2.33210217e-001	-3.16678978e+000	5.93654735e+001	0.00000000e+000	2.7129e+014	1.0000e-010	0.0000e+000
5.150000e+003	2.33216153e-001	-3.16678385e+000	5.41992894e+001	0.00000000e+000	2.7123e+014	1.0000e-010	0.0000e+000
5.160000e+003	2.33221573e-001	-3.16677843e+000	4.90341884e+001	0.00000000e+000	2.7117e+014	1.0000e-010	0.0000e+000
5.170000e+003	2.33226476e-001	-3.16677352e+000	4.38700669e+001	0.00000000e+000	2.7112e+014	1.0000e-010	0.0000e+000
5.180000e+003	2.33230864e-001	-3.16676914e+000	3.87068217e+001	0.00000000e+000	2.7107e+014	1.0000e-010	0.0000e+000
5.190000e+003	2.33234734e-001	-3.16676527e+000	3.35443495e+001	0.00000000e+000	2.7103e+014	1.0000e-010	0.0000e+000
5.200000e+003	2.33238089e-001	-3.16676191e+000	2.83825472e+001	0.00000000e+000	2.7100e+014	1.0000e-010	0.0000e+000
5.210000e+003	2.33240927e-001	-3.16675907e+000	2.32213115e+001	0.00000000e+000	2.7097e+014	1.0000e-010	0.0000e+000
5.220000e+003	2.33243249e-001	-3.16675675e+000	1.80605393e+001	0.00000000e+000	2.7094e+014	1.0000e-010	0.0000e+000
5.230000e+003	2.33245055e-001	-3.16675494e+000	1.29001277e+001	0.00000000e+000	2.7092e+014	1.0000e-010	0.0000e+000
5.240000e+003	2.33246345e-001	-3.16675365e+000	7.73997366e+000	0.00000000e+000	2.7091e+014	1.0000e-010	0.0000e+000
5.250000e+003	2.33247119e-001	-3.16675288e+000	2.57997405e+000	0.00000000e+000	2.7090e+014	1.0000e-010	0.0000e+000
5.260000e+003	2.33247377e-001	-3.16675262e+000	2.57997405e+000	0.00000000e+000	2.7090e+014	1.0000e-010	0.0000e+000
