Y (ang)	Ec (eV)	Ev (eV)	E (V/cm)	Ef (eV)	n (cm-3)	p (cm-3)	Nd - Na (cm-3)
0.000000e+000	6.00000000e-001	-2.80000000e+000	1.96230520e+006	-0.00000000e+000	1.8691e+008	1.0000e-010	0.0000e+000
1.000000e+001	1.35623052e+000	-2.74376948e+000	-6.93717451e+005	0.00000000e+000	3.6941e-005	1.0000e-010	-1.3848e+020
2.000000e+001	1.28685877e+000	-2.81314123e+000	-6.93717451e+005	0.00000000e+000	5.4064e-004	1.0000e-010	0.0000e+000
3.000000e+001	1.21748703e+000	-2.88251297e+000	-6.93717451e+005	0.00000000e+000	7.9123e-003	1.0000e-010	0.0000e+000
4.000000e+001	1.14811528e+000	-2.95188472e+000	-6.93717451e+005	0.00000000e+000	1.1580e-001	1.0000e-010	0.0000e+000
5.000000e+001	1.07874354e+000	-3.02125646e+000	-6.93717451e+005	0.00000000e+000	1.6947e+000	1.0000e-010	0.0000e+000
6.000000e+001	1.00937179e+000	-3.09062821e+000	-6.93717451e+005	0.00000000e+000	2.4802e+001	1.0000e-010	0.0000e+000
7.000000e+001	9.40000049e-001	-3.15999995e+000	-6.93717451e+005	0.00000000e+000	3.6298e+002	1.0000e-010	0.0000e+000
8.000000e+001	8.70628304e-001	-3.22937170e+000	-6.93717451e+005	0.00000000e+000	5.3122e+003	1.0000e-010	0.0000e+000
9.000000e+001	8.01256559e-001	-3.29874344e+000	-6.93717451e+005	0.00000000e+000	7.7744e+004	1.0000e-010	0.0000e+000
1.000000e+002	7.31884814e-001	-3.36811519e+000	-6.93717451e+005	0.00000000e+000	1.1378e+006	1.0000e-010	0.0000e+000
1.100000e+002	6.62513069e-001	-3.43748693e+000	-6.93717451e+005	0.00000000e+000	1.6652e+007	1.0000e-010	0.0000e+000
1.200000e+002	5.93141324e-001	-3.50685868e+000	-6.93717451e+005	0.00000000e+000	2.4370e+008	1.0000e-010	0.0000e+000
1.300000e+002	5.23769579e-001	-3.57623042e+000	-6.93717451e+005	0.00000000e+000	3.5665e+009	1.0000e-010	0.0000e+000
1.400000e+002	4.54397834e-001	-3.64560217e+000	-6.93717452e+005	0.00000000e+000	5.2196e+010	1.0000e-010	0.0000e+000
1.500000e+002	3.85026089e-001	-3.71497391e+000	-6.93717467e+005	0.00000000e+000	7.6390e+011	1.0000e-010	0.0000e+000
1.600000e+002	-2.44345658e-001	-3.64434566e+000	1.01403354e+006	0.00000000e+000	4.9784e+019	1.0000e-010	1.3848e+020
1.700000e+002	-1.20542304e-001	-3.54854230e+000	5.74759293e+005	0.00000000e+000	1.7839e+019	1.0000e-010	-5.2547e+018
1.800000e+002	-4.06663743e-002	-3.49666637e+000	3.79187614e+005	0.00000000e+000	4.9993e+018	1.0000e-010	-5.2784e+018
1.900000e+002	1.96523871e-002	-3.46434761e+000	2.60873196e+005	0.00000000e+000	9.1072e+017	1.0000e-010	-5.3022e+018
2.000000e+002	6.81397066e-002	-3.44386029e+000	1.56272357e+005	0.00000000e+000	1.5699e+017	1.0000e-010	-5.3259e+018
2.100000e+002	1.06166942e-001	-3.43383306e+000	5.32944121e+004	0.00000000e+000	3.6954e+016	1.0000e-010	-5.3496e+018
2.200000e+002	1.33896384e-001	-3.43410362e+000	-4.98903174e+004	0.00000000e+000	1.2642e+016	1.0000e-010	-5.3733e+018
2.300000e+002	1.51307352e-001	-3.44469265e+000	-1.53630119e+005	0.00000000e+000	6.4467e+015	1.0000e-010	-5.3970e+018
2.400000e+002	1.58344340e-001	-3.46565566e+000	-2.58016265e+005	0.00000000e+000	4.9105e+015	1.0000e-010	-5.4207e+018
2.500000e+002	1.54942713e-001	-3.49705729e+000	-3.63093638e+005	0.00000000e+000	5.6010e+015	1.0000e-010	-5.4445e+018
2.600000e+002	-8.29666505e-002	-3.48296665e+000	3.50795042e+005	0.00000000e+000	1.0848e+019	1.0000e-010	4.8146e+019
2.700000e+002	-4.78871462e-002	-3.44788715e+000	2.39752712e+005	0.00000000e+000	5.8297e+018	1.0000e-010	0.0000e+000
2.800000e+002	-2.39118750e-002	-3.42391188e+000	1.75754732e+005	0.00000000e+000	3.3599e+018	1.0000e-010	0.0000e+000
2.900000e+002	-6.33640182e-003	-3.40633640e+000	1.36209438e+005	0.00000000e+000	2.0761e+018	1.0000e-010	0.0000e+000
3.000000e+002	7.28454197e-003	-3.39271546e+000	1.10145441e+005	0.00000000e+000	1.3684e+018	1.0000e-010	0.0000e+000
3.100000e+002	1.82990861e-002	-3.38170091e+000	9.19871915e+004	0.00000000e+000	9.5331e+017	1.0000e-010	0.0000e+000
3.200000e+002	2.74978052e-002	-3.37250219e+000	7.87435983e+004	0.00000000e+000	6.9529e+017	1.0000e-010	0.0000e+000
3.300000e+002	3.53721651e-002	-3.36462783e+000	6.87169197e+004	0.00000000e+000	5.2640e+017	1.0000e-010	0.0000e+000
3.400000e+002	4.22438570e-002	-3.35775614e+000	6.08908956e+004	0.00000000e+000	4.1087e+017	1.0000e-010	0.0000e+000
3.500000e+002	4.83329466e-002	-3.35166705e+000	5.46275732e+004	0.00000000e+000	3.2883e+017	1.0000e-010	0.0000e+000
3.600000e+002	5.37957039e-002	-3.34620430e+000	4.95095033e+004	0.00000000e+000	2.6870e+017	1.0000e-010	0.0000e+000
3.700000e+002	5.87466542e-002	-3.34125335e+000	4.52535298e+004	0.00000000e+000	2.2344e+017	1.0000e-010	0.0000e+000
3.800000e+002	6.32720072e-002	-3.33672799e+000	4.16615248e+004	0.00000000e+000	1.8858e+017	1.0000e-010	0.0000e+000
3.900000e+002	6.74381597e-002	-3.33256184e+000	3.85910688e+004	0.00000000e+000	1.6120e+017	1.0000e-010	0.0000e+000
4.000000e+002	7.12972666e-002	-3.32870273e+000	3.59373535e+004	0.00000000e+000	1.3932e+017	1.0000e-010	0.0000e+000
4.100000e+002	7.48910019e-002	-3.32510900e+000	3.36216450e+004	0.00000000e+000	1.2158e+017	1.0000e-010	0.0000e+000
4.200000e+002	7.82531664e-002	-3.32174683e+000	3.15837136e+004	0.00000000e+000	1.0699e+017	1.0000e-010	0.0000e+000
4.300000e+002	8.14115378e-002	-3.31858846e+000	2.97767379e+004	0.00000000e+000	9.4867e+016	1.0000e-010	0.0000e+000
4.400000e+002	8.43892116e-002	-3.31561079e+000	2.81637936e+004	0.00000000e+000	8.4680e+016	1.0000e-010	0.0000e+000
4.500000e+002	8.72055910e-002	-3.31279441e+000	2.67153846e+004	0.00000000e+000	7.6042e+016	1.0000e-010	0.0000e+000
4.600000e+002	8.98771294e-002	-3.31012287e+000	2.54076743e+004	0.00000000e+000	6.8655e+016	1.0000e-010	0.0000e+000
4.700000e+002	9.24178968e-002	-3.30758210e+000	2.42211969e+004	0.00000000e+000	6.2290e+016	1.0000e-010	0.0000e+000
4.800000e+002	9.48400165e-002	-3.30515998e+000	2.31399034e+004	0.00000000e+000	5.6768e+016	1.0000e-010	0.0000e+000
4.900000e+002	9.71540069e-002	-3.30284599e+000	2.21504468e+004	0.00000000e+000	5.1947e+016	1.0000e-010	0.0000e+000
5.000000e+002	9.93690515e-002	-3.30063095e+000	2.12416385e+004	0.00000000e+000	4.7713e+016	1.0000e-010	0.0000e+000
5.100000e+002	1.01493215e-001	-3.29850678e+000	2.04040301e+004	0.00000000e+000	4.3975e+016	1.0000e-010	0.0000e+000
5.200000e+002	1.03533618e-001	-3.29646638e+000	1.96246642e+004	0.00000000e+000	4.0917e+016	1.0000e-010	0.0000e+000
5.300000e+002	1.05496085e-001	-3.29450392e+000	1.89022714e+004	0.00000000e+000	3.7926e+016	1.0000e-010	0.0000e+000
5.400000e+002	1.07386312e-001	-3.29261369e+000	1.82308132e+004	0.00000000e+000	3.5252e+016	1.0000e-010	0.0000e+000
5.500000e+002	1.09209393e-001	-3.29079061e+000	1.76050752e+004	0.00000000e+000	3.2851e+016	1.0000e-010	0.0000e+000
5.600000e+002	1.10969901e-001	-3.28903010e+000	1.70205311e+004	0.00000000e+000	3.0689e+016	1.0000e-010	0.0000e+000
5.700000e+002	1.12671954e-001	-3.28732805e+000	1.64732328e+004	0.00000000e+000	2.8733e+016	1.0000e-010	0.0000e+000
5.800000e+002	1.14319277e-001	-3.28568072e+000	1.59597213e+004	0.00000000e+000	2.6959e+016	1.0000e-010	0.0000e+000
5.900000e+002	1.15915249e-001	-3.28408475e+000	1.54769526e+004	0.00000000e+000	2.5345e+016	1.0000e-010	0.0000e+000
6.000000e+002	1.17462945e-001	-3.28253706e+000	1.50222380e+004	0.00000000e+000	2.3873e+016	1.0000e-010	0.0000e+000
6.100000e+002	1.18965168e-001	-3.28103483e+000	1.45931931e+004	0.00000000e+000	2.2525e+016	1.0000e-010	0.0000e+000
6.200000e+002	1.20424488e-001	-3.27957551e+000	1.41876966e+004	0.00000000e+000	2.1289e+016	1.0000e-010	0.0000e+000
6.300000e+002	1.21843257e-001	-3.27815674e+000	1.38038542e+004	0.00000000e+000	2.0152e+016	1.0000e-010	0.0000e+000
6.400000e+002	1.23223643e-001	-3.27677636e+000	1.34399699e+004	0.00000000e+000	1.9104e+016	1.0000e-010	0.0000e+000
6.500000e+002	1.24567640e-001	-3.27543236e+000	1.30945198e+004	0.00000000e+000	1.8136e+016	1.0000e-010	0.0000e+000
6.600000e+002	1.25877092e-001	-3.27412291e+000	1.27661317e+004	0.00000000e+000	1.7240e+016	1.0000e-010	0.0000e+000
6.700000e+002	1.27153705e-001	-3.27284630e+000	1.24535660e+004	0.00000000e+000	1.6410e+016	1.0000e-010	0.0000e+000
6.800000e+002	1.28399062e-001	-3.27160094e+000	1.21557006e+004	0.00000000e+000	1.5638e+016	1.0000e-010	0.0000e+000
6.900000e+002	1.29614632e-001	-3.27038537e+000	1.18715167e+004	0.00000000e+000	1.4920e+016	1.0000e-010	0.0000e+000
7.000000e+002	1.30801783e-001	-3.26919822e+000	1.16000877e+004	0.00000000e+000	1.4250e+016	1.0000e-010	0.0000e+000
7.100000e+002	1.31961792e-001	-3.26803821e+000	1.13405688e+004	0.00000000e+000	1.3625e+016	1.0000e-010	0.0000e+000
7.200000e+002	1.33095849e-001	-3.26690415e+000	1.10921883e+004	0.00000000e+000	1.3040e+016	1.0000e-010	0.0000e+000
7.300000e+002	1.34205068e-001	-3.26579493e+000	1.08542395e+004	0.00000000e+000	1.2492e+016	1.0000e-010	0.0000e+000
7.400000e+002	1.35290492e-001	-3.26470951e+000	1.06260744e+004	0.00000000e+000	1.1979e+016	1.0000e-010	0.0000e+000
7.500000e+002	1.36353099e-001	-3.26364690e+000	1.04070975e+004	0.00000000e+000	1.1496e+016	1.0000e-010	0.0000e+000
7.600000e+002	1.37393809e-001	-3.26260619e+000	1.01967608e+004	0.00000000e+000	1.1043e+016	1.0000e-010	0.0000e+000
7.700000e+002	1.38413485e-001	-3.26158652e+000	9.99455895e+003	0.00000000e+000	1.0616e+016	1.0000e-010	0.0000e+000
7.800000e+002	1.39412941e-001	-3.26058706e+000	9.80002515e+003	0.00000000e+000	1.0213e+016	1.0000e-010	0.0000e+000
7.900000e+002	1.40392943e-001	-3.25960706e+000	9.61272775e+003	0.00000000e+000	9.8331e+015	1.0000e-010	0.0000e+000
8.000000e+002	1.41354216e-001	-3.25864578e+000	9.43226686e+003	0.00000000e+000	9.4742e+015	1.0000e-010	0.0000e+000
8.100000e+002	1.42297443e-001	-3.25770256e+000	9.25827154e+003	0.00000000e+000	9.1348e+015	1.0000e-010	0.0000e+000
8.200000e+002	1.43223270e-001	-3.25677673e+000	9.09039719e+003	0.00000000e+000	8.8134e+015	1.0000e-010	0.0000e+000
8.300000e+002	1.44132310e-001	-3.25586769e+000	8.92832327e+003	0.00000000e+000	8.5089e+015	1.0000e-010	0.0000e+000
8.400000e+002	1.45025142e-001	-3.25497486e+000	8.77175123e+003	0.00000000e+000	8.2201e+015	1.0000e-010	0.0000e+000
8.500000e+002	1.45902317e-001	-3.25409768e+000	8.62040266e+003	0.00000000e+000	7.9458e+015	1.0000e-010	0.0000e+000
8.600000e+002	1.46764357e-001	-3.25323564e+000	8.47401763e+003	0.00000000e+000	7.6852e+015	1.0000e-010	0.0000e+000
8.700000e+002	1.47611759e-001	-3.25238824e+000	8.33235316e+003	0.00000000e+000	7.4374e+015	1.0000e-010	0.0000e+000
8.800000e+002	1.48444994e-001	-3.25155501e+000	8.19518188e+003	0.00000000e+000	7.2015e+015	1.0000e-010	0.0000e+000
8.900000e+002	1.49264513e-001	-3.25073549e+000	8.06229078e+003	0.00000000e+000	6.9768e+015	1.0000e-010	0.0000e+000
9.000000e+002	1.50070742e-001	-3.24992926e+000	7.93348011e+003	0.00000000e+000	6.7626e+015	1.0000e-010	0.0000e+000
9.100000e+002	1.50864090e-001	-3.24913591e+000	7.80856236e+003	0.00000000e+000	6.5582e+015	1.0000e-010	0.0000e+000
9.200000e+002	1.51644946e-001	-3.24835505e+000	7.68736131e+003	0.00000000e+000	6.3631e+015	1.0000e-010	0.0000e+000
9.300000e+002	1.52413682e-001	-3.24758632e+000	7.56971125e+003	0.00000000e+000	6.1766e+015	1.0000e-010	0.0000e+000
9.400000e+002	1.53170653e-001	-3.24682935e+000	7.45545615e+003	0.00000000e+000	5.9984e+015	1.0000e-010	0.0000e+000
9.500000e+002	1.53916199e-001	-3.24608380e+000	7.34444899e+003	0.00000000e+000	5.8279e+015	1.0000e-010	0.0000e+000
9.600000e+002	1.54650644e-001	-3.24534936e+000	7.23655113e+003	0.00000000e+000	5.6647e+015	1.0000e-010	0.0000e+000
9.700000e+002	1.55374299e-001	-3.24462570e+000	7.13163169e+003	0.00000000e+000	5.5083e+015	1.0000e-010	0.0000e+000
9.800000e+002	1.56087462e-001	-3.24391254e+000	7.02956704e+003	0.00000000e+000	5.3584e+015	1.0000e-010	0.0000e+000
9.900000e+002	1.56790419e-001	-3.24320958e+000	6.93024030e+003	0.00000000e+000	5.2147e+015	1.0000e-010	0.0000e+000
1.000000e+003	1.57483443e-001	-3.24251656e+000	6.83354088e+003	0.00000000e+000	5.0767e+015	1.0000e-010	0.0000e+000
1.010000e+003	1.58166797e-001	-3.24183320e+000	6.73936405e+003	0.00000000e+000	4.9443e+015	1.0000e-010	0.0000e+000
1.020000e+003	1.58840733e-001	-3.24115927e+000	6.64761060e+003	0.00000000e+000	4.8171e+015	1.0000e-010	0.0000e+000
1.030000e+003	1.59505494e-001	-3.24049451e+000	6.55818643e+003	0.00000000e+000	4.6948e+015	1.0000e-010	0.0000e+000
1.040000e+003	1.60161313e-001	-3.23983869e+000	6.47100226e+003	0.00000000e+000	4.5772e+015	1.0000e-010	0.0000e+000
1.050000e+003	1.60808413e-001	-3.23919159e+000	6.38597331e+003	0.00000000e+000	4.4640e+015	1.0000e-010	0.0000e+000
1.060000e+003	1.61447011e-001	-3.23855299e+000	6.30301902e+003	0.00000000e+000	4.3551e+015	1.0000e-010	0.0000e+000
1.070000e+003	1.62077312e-001	-3.23792269e+000	6.22206279e+003	0.00000000e+000	4.2502e+015	1.0000e-010	0.0000e+000
1.080000e+003	1.62699519e-001	-3.23730048e+000	6.14303176e+003	0.00000000e+000	4.1491e+015	1.0000e-010	0.0000e+000
1.090000e+003	1.63313822e-001	-3.23668618e+000	6.06585656e+003	0.00000000e+000	4.0517e+015	1.0000e-010	0.0000e+000
1.100000e+003	1.63920408e-001	-3.23607959e+000	5.99047109e+003	0.00000000e+000	3.9577e+015	1.0000e-010	0.0000e+000
1.110000e+003	1.64519455e-001	-3.23548055e+000	5.91681239e+003	0.00000000e+000	3.8671e+015	1.0000e-010	0.0000e+000
1.120000e+003	1.65111136e-001	-3.23488886e+000	5.84482039e+003	0.00000000e+000	3.7796e+015	1.0000e-010	0.0000e+000
1.130000e+003	1.65695618e-001	-3.23430438e+000	5.77443778e+003	0.00000000e+000	3.6951e+015	1.0000e-010	0.0000e+000
1.140000e+003	1.66273062e-001	-3.23372694e+000	5.70560985e+003	0.00000000e+000	3.6135e+015	1.0000e-010	0.0000e+000
1.150000e+003	1.66843623e-001	-3.23315638e+000	5.63828433e+003	0.00000000e+000	3.5346e+015	1.0000e-010	0.0000e+000
1.160000e+003	1.67407451e-001	-3.23259255e+000	5.57241127e+003	0.00000000e+000	3.4583e+015	1.0000e-010	0.0000e+000
1.170000e+003	1.67964692e-001	-3.23203531e+000	5.50794291e+003	0.00000000e+000	3.3846e+015	1.0000e-010	0.0000e+000
1.180000e+003	1.68515487e-001	-3.23148451e+000	5.44483357e+003	0.00000000e+000	3.3133e+015	1.0000e-010	0.0000e+000
1.190000e+003	1.69059970e-001	-3.23094003e+000	5.38303951e+003	0.00000000e+000	3.2442e+015	1.0000e-010	0.0000e+000
1.200000e+003	1.69598274e-001	-3.23040173e+000	5.32251886e+003	0.00000000e+000	3.1773e+015	1.0000e-010	0.0000e+000
1.210000e+003	1.70130526e-001	-3.22986947e+000	5.26323149e+003	0.00000000e+000	3.1126e+015	1.0000e-010	0.0000e+000
1.220000e+003	1.70656849e-001	-3.22934315e+000	5.20513896e+003	0.00000000e+000	3.0499e+015	1.0000e-010	0.0000e+000
1.230000e+003	1.71177363e-001	-3.22882264e+000	5.14820438e+003	0.00000000e+000	2.9891e+015	1.0000e-010	0.0000e+000
1.240000e+003	1.71692183e-001	-3.22830782e+000	5.09239240e+003	0.00000000e+000	2.9301e+015	1.0000e-010	0.0000e+000
1.250000e+003	1.72201422e-001	-3.22779858e+000	5.03766905e+003	0.00000000e+000	2.8730e+015	1.0000e-010	0.0000e+000
1.260000e+003	1.72705189e-001	-3.22729481e+000	4.98400176e+003	0.00000000e+000	2.8175e+015	1.0000e-010	0.0000e+000
1.270000e+003	1.73203590e-001	-3.22679641e+000	4.93135921e+003	0.00000000e+000	2.7637e+015	1.0000e-010	0.0000e+000
1.280000e+003	1.73696725e-001	-3.22630327e+000	4.87971131e+003	0.00000000e+000	2.7115e+015	1.0000e-010	0.0000e+000
1.290000e+003	1.74184697e-001	-3.22581530e+000	4.82902915e+003	0.00000000e+000	2.6608e+015	1.0000e-010	0.0000e+000
1.300000e+003	1.74667600e-001	-3.22533240e+000	4.77928493e+003	0.00000000e+000	2.6116e+015	1.0000e-010	0.0000e+000
1.310000e+003	1.75145528e-001	-3.22485447e+000	4.73045189e+003	0.00000000e+000	2.5637e+015	1.0000e-010	0.0000e+000
1.320000e+003	1.75618573e-001	-3.22438143e+000	4.68250427e+003	0.00000000e+000	2.5173e+015	1.0000e-010	0.0000e+000
1.330000e+003	1.76086824e-001	-3.22391318e+000	4.63541730e+003	0.00000000e+000	2.4721e+015	1.0000e-010	0.0000e+000
1.340000e+003	1.76550365e-001	-3.22344963e+000	4.58916711e+003	0.00000000e+000	2.4281e+015	1.0000e-010	0.0000e+000
1.350000e+003	1.77009282e-001	-3.22299072e+000	4.54373069e+003	0.00000000e+000	2.3854e+015	1.0000e-010	0.0000e+000
1.360000e+003	1.77463655e-001	-3.22253634e+000	4.49908588e+003	0.00000000e+000	2.3439e+015	1.0000e-010	0.0000e+000
1.370000e+003	1.77913564e-001	-3.22208644e+000	4.45521131e+003	0.00000000e+000	2.3034e+015	1.0000e-010	0.0000e+000
1.380000e+003	1.78359085e-001	-3.22164092e+000	4.41208638e+003	0.00000000e+000	2.2641e+015	1.0000e-010	0.0000e+000
1.390000e+003	1.78800293e-001	-3.22119971e+000	4.36969121e+003	0.00000000e+000	2.2258e+015	1.0000e-010	0.0000e+000
1.400000e+003	1.79237263e-001	-3.22076274e+000	4.32800661e+003	0.00000000e+000	2.1884e+015	1.0000e-010	0.0000e+000
1.410000e+003	1.79670063e-001	-3.22032994e+000	4.28701406e+003	0.00000000e+000	2.1521e+015	1.0000e-010	0.0000e+000
1.420000e+003	1.80098765e-001	-3.21990124e+000	4.24669568e+003	0.00000000e+000	2.1167e+015	1.0000e-010	0.0000e+000
1.430000e+003	1.80523434e-001	-3.21947657e+000	4.20703420e+003	0.00000000e+000	2.0822e+015	1.0000e-010	0.0000e+000
1.440000e+003	1.80944138e-001	-3.21905586e+000	4.16801292e+003	0.00000000e+000	2.0486e+015	1.0000e-010	0.0000e+000
1.450000e+003	1.81360939e-001	-3.21863906e+000	4.12961573e+003	0.00000000e+000	2.0159e+015	1.0000e-010	0.0000e+000
1.460000e+003	1.81773901e-001	-3.21822610e+000	4.09182703e+003	0.00000000e+000	1.9839e+015	1.0000e-010	0.0000e+000
1.470000e+003	1.82183083e-001	-3.21781692e+000	4.05463173e+003	0.00000000e+000	1.9528e+015	1.0000e-010	0.0000e+000
1.480000e+003	1.82588546e-001	-3.21741145e+000	4.01801525e+003	0.00000000e+000	1.9224e+015	1.0000e-010	0.0000e+000
1.490000e+003	1.82990348e-001	-3.21700965e+000	3.98196348e+003	0.00000000e+000	1.8927e+015	1.0000e-010	0.0000e+000
1.500000e+003	1.83388544e-001	-3.21661146e+000	3.94646276e+003	0.00000000e+000	1.8638e+015	1.0000e-010	0.0000e+000
1.510000e+003	1.83783191e-001	-3.21621681e+000	3.91149987e+003	0.00000000e+000	1.8356e+015	1.0000e-010	0.0000e+000
1.520000e+003	1.84174341e-001	-3.21582566e+000	3.87706199e+003	0.00000000e+000	1.8080e+015	1.0000e-010	0.0000e+000
1.530000e+003	1.84562047e-001	-3.21543795e+000	3.84313673e+003	0.00000000e+000	1.7811e+015	1.0000e-010	0.0000e+000
1.540000e+003	1.84946360e-001	-3.21505364e+000	3.80971207e+003	0.00000000e+000	1.7548e+015	1.0000e-010	0.0000e+000
1.550000e+003	1.85327332e-001	-3.21467267e+000	3.77677636e+003	0.00000000e+000	1.7291e+015	1.0000e-010	0.0000e+000
1.560000e+003	1.85705009e-001	-3.21429499e+000	3.74431832e+003	0.00000000e+000	1.7041e+015	1.0000e-010	0.0000e+000
1.570000e+003	1.86079441e-001	-3.21392056e+000	3.71232701e+003	0.00000000e+000	1.6795e+015	1.0000e-010	0.0000e+000
1.580000e+003	1.86450674e-001	-3.21354933e+000	3.68079180e+003	0.00000000e+000	1.6556e+015	1.0000e-010	0.0000e+000
1.590000e+003	1.86818753e-001	-3.21318125e+000	3.64970242e+003	0.00000000e+000	1.6322e+015	1.0000e-010	0.0000e+000
1.600000e+003	1.87183723e-001	-3.21281628e+000	3.61904885e+003	0.00000000e+000	1.6093e+015	1.0000e-010	0.0000e+000
1.610000e+003	1.87545628e-001	-3.21245437e+000	3.58882142e+003	0.00000000e+000	1.5869e+015	1.0000e-010	0.0000e+000
1.620000e+003	1.87904510e-001	-3.21209549e+000	3.55901072e+003	0.00000000e+000	1.5651e+015	1.0000e-010	0.0000e+000
1.630000e+003	1.88260411e-001	-3.21173959e+000	3.52960760e+003	0.00000000e+000	1.5437e+015	1.0000e-010	0.0000e+000
1.640000e+003	1.88613372e-001	-3.21138663e+000	3.50060320e+003	0.00000000e+000	1.5227e+015	1.0000e-010	0.0000e+000
1.650000e+003	1.88963432e-001	-3.21103657e+000	3.47198890e+003	0.00000000e+000	1.5023e+015	1.0000e-010	0.0000e+000
1.660000e+003	1.89310631e-001	-3.21068937e+000	3.44375633e+003	0.00000000e+000	1.4822e+015	1.0000e-010	0.0000e+000
1.670000e+003	1.89655007e-001	-3.21034499e+000	3.41589735e+003	0.00000000e+000	1.4626e+015	1.0000e-010	0.0000e+000
1.680000e+003	1.89996597e-001	-3.21000340e+000	3.38840405e+003	0.00000000e+000	1.4434e+015	1.0000e-010	0.0000e+000
1.690000e+003	1.90335437e-001	-3.20966456e+000	3.36126876e+003	0.00000000e+000	1.4246e+015	1.0000e-010	0.0000e+000
1.700000e+003	1.90671564e-001	-3.20932844e+000	3.33448400e+003	0.00000000e+000	1.4062e+015	1.0000e-010	0.0000e+000
1.710000e+003	1.91005012e-001	-3.20899499e+000	3.30804250e+003	0.00000000e+000	1.3882e+015	1.0000e-010	0.0000e+000
1.720000e+003	1.91335817e-001	-3.20866418e+000	3.28193719e+003	0.00000000e+000	1.3705e+015	1.0000e-010	0.0000e+000
1.730000e+003	1.91664010e-001	-3.20833599e+000	3.25616120e+003	0.00000000e+000	1.3532e+015	1.0000e-010	0.0000e+000
1.740000e+003	1.91989626e-001	-3.20801037e+000	3.23070783e+003	0.00000000e+000	1.3363e+015	1.0000e-010	0.0000e+000
1.750000e+003	1.92312697e-001	-3.20768730e+000	3.20557057e+003	0.00000000e+000	1.3197e+015	1.0000e-010	0.0000e+000
1.760000e+003	1.92633254e-001	-3.20736675e+000	3.18074308e+003	0.00000000e+000	1.3034e+015	1.0000e-010	0.0000e+000
1.770000e+003	1.92951329e-001	-3.20704867e+000	3.15621919e+003	0.00000000e+000	1.2875e+015	1.0000e-010	0.0000e+000
1.780000e+003	1.93266950e-001	-3.20673305e+000	3.13199288e+003	0.00000000e+000	1.2719e+015	1.0000e-010	0.0000e+000
1.790000e+003	1.93580150e-001	-3.20641985e+000	3.10805831e+003	0.00000000e+000	1.2566e+015	1.0000e-010	0.0000e+000
1.800000e+003	1.93890956e-001	-3.20610904e+000	3.08440977e+003	0.00000000e+000	1.2416e+015	1.0000e-010	0.0000e+000
1.810000e+003	1.94199397e-001	-3.20580060e+000	3.06104170e+003	0.00000000e+000	1.2268e+015	1.0000e-010	0.0000e+000
1.820000e+003	1.94505501e-001	-3.20549450e+000	3.03794869e+003	0.00000000e+000	1.2124e+015	1.0000e-010	0.0000e+000
1.830000e+003	1.94809296e-001	-3.20519070e+000	3.01512547e+003	0.00000000e+000	1.1982e+015	1.0000e-010	0.0000e+000
1.840000e+003	1.95110808e-001	-3.20488919e+000	2.99256689e+003	0.00000000e+000	1.1843e+015	1.0000e-010	0.0000e+000
1.850000e+003	1.95410065e-001	-3.20458994e+000	2.97026794e+003	0.00000000e+000	1.1707e+015	1.0000e-010	0.0000e+000
1.860000e+003	1.95707092e-001	-3.20429291e+000	2.94822373e+003	0.00000000e+000	1.1573e+015	1.0000e-010	0.0000e+000
1.870000e+003	1.96001914e-001	-3.20399809e+000	2.92642949e+003	0.00000000e+000	1.1442e+015	1.0000e-010	0.0000e+000
1.880000e+003	1.96294557e-001	-3.20370544e+000	2.90488056e+003	0.00000000e+000	1.1313e+015	1.0000e-010	0.0000e+000
1.890000e+003	1.96585045e-001	-3.20341495e+000	2.88357241e+003	0.00000000e+000	1.1187e+015	1.0000e-010	0.0000e+000
1.900000e+003	1.96873402e-001	-3.20312660e+000	2.86250062e+003	0.00000000e+000	1.1063e+015	1.0000e-010	0.0000e+000
1.910000e+003	1.97159652e-001	-3.20284035e+000	2.84166087e+003	0.00000000e+000	1.0941e+015	1.0000e-010	0.0000e+000
1.920000e+003	1.97443818e-001	-3.20255618e+000	2.82104893e+003	0.00000000e+000	1.0821e+015	1.0000e-010	0.0000e+000
1.930000e+003	1.97725923e-001	-3.20227408e+000	2.80066069e+003	0.00000000e+000	1.0704e+015	1.0000e-010	0.0000e+000
1.940000e+003	1.98005989e-001	-3.20199401e+000	2.78049213e+003	0.00000000e+000	1.0589e+015	1.0000e-010	0.0000e+000
1.950000e+003	1.98284039e-001	-3.20171596e+000	2.76053933e+003	0.00000000e+000	1.0475e+015	1.0000e-010	0.0000e+000
1.960000e+003	1.98560093e-001	-3.20143991e+000	2.74079846e+003	0.00000000e+000	1.0364e+015	1.0000e-010	0.0000e+000
1.970000e+003	1.98834172e-001	-3.20116583e+000	2.72126578e+003	0.00000000e+000	1.0255e+015	1.0000e-010	0.0000e+000
1.980000e+003	1.99106299e-001	-3.20089370e+000	2.70193762e+003	0.00000000e+000	1.0147e+015	1.0000e-010	0.0000e+000
1.990000e+003	1.99376493e-001	-3.20062351e+000	2.68281042e+003	0.00000000e+000	1.0042e+015	1.0000e-010	0.0000e+000
2.000000e+003	1.99644774e-001	-3.20035523e+000	2.66388069e+003	0.00000000e+000	9.9381e+014	1.0000e-010	0.0000e+000
2.010000e+003	1.99911162e-001	-3.20008884e+000	2.64514502e+003	0.00000000e+000	9.8363e+014	1.0000e-010	0.0000e+000
2.020000e+003	2.00175676e-001	-3.19982432e+000	2.62660007e+003	0.00000000e+000	9.7361e+014	1.0000e-010	0.0000e+000
2.030000e+003	2.00438336e-001	-3.19956166e+000	2.60824259e+003	0.00000000e+000	9.6377e+014	1.0000e-010	0.0000e+000
2.040000e+003	2.00699161e-001	-3.19930084e+000	2.59006938e+003	0.00000000e+000	9.5410e+014	1.0000e-010	0.0000e+000
2.050000e+003	2.00958168e-001	-3.19904183e+000	2.57207734e+003	0.00000000e+000	9.4458e+014	1.0000e-010	0.0000e+000
2.060000e+003	2.01215375e-001	-3.19878462e+000	2.55426342e+003	0.00000000e+000	9.3523e+014	1.0000e-010	0.0000e+000
2.070000e+003	2.01470802e-001	-3.19852920e+000	2.53662464e+003	0.00000000e+000	9.2604e+014	1.0000e-010	0.0000e+000
2.080000e+003	2.01724464e-001	-3.19827554e+000	2.51915809e+003	0.00000000e+000	9.1700e+014	1.0000e-010	0.0000e+000
2.090000e+003	2.01976380e-001	-3.19802362e+000	2.50186092e+003	0.00000000e+000	9.0810e+014	1.0000e-010	0.0000e+000
2.100000e+003	2.02226566e-001	-3.19777343e+000	2.48473033e+003	0.00000000e+000	8.9936e+014	1.0000e-010	0.0000e+000
2.110000e+003	2.02475039e-001	-3.19752496e+000	2.46776361e+003	0.00000000e+000	8.9076e+014	1.0000e-010	0.0000e+000
2.120000e+003	2.02721815e-001	-3.19727818e+000	2.45095807e+003	0.00000000e+000	8.8229e+014	1.0000e-010	0.0000e+000
2.130000e+003	2.02966911e-001	-3.19703309e+000	2.43431111e+003	0.00000000e+000	8.7397e+014	1.0000e-010	0.0000e+000
2.140000e+003	2.03210342e-001	-3.19678966e+000	2.41782016e+003	0.00000000e+000	8.6578e+014	1.0000e-010	0.0000e+000
2.150000e+003	2.03452124e-001	-3.19654788e+000	2.40148273e+003	0.00000000e+000	8.5772e+014	1.0000e-010	0.0000e+000
2.160000e+003	2.03692273e-001	-3.19630773e+000	2.38529637e+003	0.00000000e+000	8.4979e+014	1.0000e-010	0.0000e+000
2.170000e+003	2.03930802e-001	-3.19606920e+000	2.36925866e+003	0.00000000e+000	8.4198e+014	1.0000e-010	0.0000e+000
2.180000e+003	2.04167728e-001	-3.19583227e+000	2.35336726e+003	0.00000000e+000	8.3430e+014	1.0000e-010	0.0000e+000
2.190000e+003	2.04403065e-001	-3.19559694e+000	2.33761987e+003	0.00000000e+000	8.2674e+014	1.0000e-010	0.0000e+000
2.200000e+003	2.04636827e-001	-3.19536317e+000	2.32201423e+003	0.00000000e+000	8.1930e+014	1.0000e-010	0.0000e+000
2.210000e+003	2.04869028e-001	-3.19513097e+000	2.30654813e+003	0.00000000e+000	8.1197e+014	1.0000e-010	0.0000e+000
2.220000e+003	2.05099683e-001	-3.19490032e+000	2.29121940e+003	0.00000000e+000	8.0476e+014	1.0000e-010	0.0000e+000
2.230000e+003	2.05328805e-001	-3.19467120e+000	2.27602594e+003	0.00000000e+000	7.9766e+014	1.0000e-010	0.0000e+000
2.240000e+003	2.05556408e-001	-3.19444359e+000	2.26096565e+003	0.00000000e+000	7.9067e+014	1.0000e-010	0.0000e+000
2.250000e+003	2.05782504e-001	-3.19421750e+000	2.24603650e+003	0.00000000e+000	7.8378e+014	1.0000e-010	0.0000e+000
2.260000e+003	2.06007108e-001	-3.19399289e+000	2.23123649e+003	0.00000000e+000	7.7700e+014	1.0000e-010	0.0000e+000
2.270000e+003	2.06230231e-001	-3.19376977e+000	2.21656367e+003	0.00000000e+000	7.7033e+014	1.0000e-010	0.0000e+000
2.280000e+003	2.06451888e-001	-3.19354811e+000	2.20201612e+003	0.00000000e+000	7.6375e+014	1.0000e-010	0.0000e+000
2.290000e+003	2.06672089e-001	-3.19332791e+000	2.18759196e+003	0.00000000e+000	7.5727e+014	1.0000e-010	0.0000e+000
2.300000e+003	2.06890849e-001	-3.19310915e+000	2.17328933e+003	0.00000000e+000	7.5089e+014	1.0000e-010	0.0000e+000
2.310000e+003	2.07108178e-001	-3.19289182e+000	2.15910644e+003	0.00000000e+000	7.4460e+014	1.0000e-010	0.0000e+000
2.320000e+003	2.07324088e-001	-3.19267591e+000	2.14504151e+003	0.00000000e+000	7.3841e+014	1.0000e-010	0.0000e+000
2.330000e+003	2.07538592e-001	-3.19246141e+000	2.13109280e+003	0.00000000e+000	7.3231e+014	1.0000e-010	0.0000e+000
2.340000e+003	2.07751702e-001	-3.19224830e+000	2.11725860e+003	0.00000000e+000	7.2630e+014	1.0000e-010	0.0000e+000
2.350000e+003	2.07963427e-001	-3.19203657e+000	2.10353724e+003	0.00000000e+000	7.2037e+014	1.0000e-010	0.0000e+000
2.360000e+003	2.08173781e-001	-3.19182622e+000	2.08992708e+003	0.00000000e+000	7.1454e+014	1.0000e-010	0.0000e+000
2.370000e+003	2.08382774e-001	-3.19161723e+000	2.07642650e+003	0.00000000e+000	7.0878e+014	1.0000e-010	0.0000e+000
2.380000e+003	2.08590417e-001	-3.19140958e+000	2.06303392e+003	0.00000000e+000	7.0311e+014	1.0000e-010	0.0000e+000
2.390000e+003	2.08796720e-001	-3.19120328e+000	2.04974779e+003	0.00000000e+000	6.9752e+014	1.0000e-010	0.0000e+000
2.400000e+003	2.09001695e-001	-3.19099831e+000	2.03656659e+003	0.00000000e+000	6.9202e+014	1.0000e-010	0.0000e+000
2.410000e+003	2.09205351e-001	-3.19079465e+000	2.02348882e+003	0.00000000e+000	6.8659e+014	1.0000e-010	0.0000e+000
2.420000e+003	2.09407700e-001	-3.19059230e+000	2.01051301e+003	0.00000000e+000	6.8123e+014	1.0000e-010	0.0000e+000
2.430000e+003	2.09608752e-001	-3.19039125e+000	1.99763772e+003	0.00000000e+000	6.7595e+014	1.0000e-010	0.0000e+000
2.440000e+003	2.09808515e-001	-3.19019148e+000	1.98486154e+003	0.00000000e+000	6.7075e+014	1.0000e-010	0.0000e+000
2.450000e+003	2.10007001e-001	-3.18999300e+000	1.97218308e+003	0.00000000e+000	6.6562e+014	1.0000e-010	0.0000e+000
2.460000e+003	2.10204220e-001	-3.18979578e+000	1.95960097e+003	0.00000000e+000	6.6056e+014	1.0000e-010	0.0000e+000
2.470000e+003	2.10400180e-001	-3.18959982e+000	1.94711387e+003	0.00000000e+000	6.5557e+014	1.0000e-010	0.0000e+000
2.480000e+003	2.10594891e-001	-3.18940511e+000	1.93472047e+003	0.00000000e+000	6.5066e+014	1.0000e-010	0.0000e+000
2.490000e+003	2.10788363e-001	-3.18921164e+000	1.92241948e+003	0.00000000e+000	6.4580e+014	1.0000e-010	0.0000e+000
2.500000e+003	2.10980605e-001	-3.18901939e+000	1.91020961e+003	0.00000000e+000	6.4102e+014	1.0000e-010	0.0000e+000
2.510000e+003	2.11171626e-001	-3.18882837e+000	1.89808964e+003	0.00000000e+000	6.3630e+014	1.0000e-010	0.0000e+000
2.520000e+003	2.11361435e-001	-3.18863856e+000	1.88605832e+003	0.00000000e+000	6.3165e+014	1.0000e-010	0.0000e+000
2.530000e+003	2.11550041e-001	-3.18844996e+000	1.87411446e+003	0.00000000e+000	6.2705e+014	1.0000e-010	0.0000e+000
2.540000e+003	2.11737452e-001	-3.18826255e+000	1.86225688e+003	0.00000000e+000	6.2253e+014	1.0000e-010	0.0000e+000
2.550000e+003	2.11923678e-001	-3.18807632e+000	1.85048440e+003	0.00000000e+000	6.1806e+014	1.0000e-010	0.0000e+000
2.560000e+003	2.12108727e-001	-3.18789127e+000	1.83879589e+003	0.00000000e+000	6.1365e+014	1.0000e-010	0.0000e+000
2.570000e+003	2.12292606e-001	-3.18770739e+000	1.82719022e+003	0.00000000e+000	6.0930e+014	1.0000e-010	0.0000e+000
2.580000e+003	2.12475325e-001	-3.18752467e+000	1.81566629e+003	0.00000000e+000	6.0501e+014	1.0000e-010	0.0000e+000
2.590000e+003	2.12656892e-001	-3.18734311e+000	1.80422302e+003	0.00000000e+000	6.0077e+014	1.0000e-010	0.0000e+000
2.600000e+003	2.12837314e-001	-3.18716269e+000	1.79285932e+003	0.00000000e+000	5.9660e+014	1.0000e-010	0.0000e+000
2.610000e+003	2.13016600e-001	-3.18698340e+000	1.78157417e+003	0.00000000e+000	5.9247e+014	1.0000e-010	0.0000e+000
2.620000e+003	2.13194758e-001	-3.18680524e+000	1.77036652e+003	0.00000000e+000	5.8840e+014	1.0000e-010	0.0000e+000
2.630000e+003	2.13371794e-001	-3.18662821e+000	1.75923535e+003	0.00000000e+000	5.8439e+014	1.0000e-010	0.0000e+000
2.640000e+003	2.13547718e-001	-3.18645228e+000	1.74817968e+003	0.00000000e+000	5.8042e+014	1.0000e-010	0.0000e+000
2.650000e+003	2.13722536e-001	-3.18627746e+000	1.73719852e+003	0.00000000e+000	5.7651e+014	1.0000e-010	0.0000e+000
2.660000e+003	2.13896256e-001	-3.18610374e+000	1.72629090e+003	0.00000000e+000	5.7265e+014	1.0000e-010	0.0000e+000
2.670000e+003	2.14068885e-001	-3.18593112e+000	1.71545587e+003	0.00000000e+000	5.6884e+014	1.0000e-010	0.0000e+000
2.680000e+003	2.14240430e-001	-3.18575957e+000	1.70469250e+003	0.00000000e+000	5.6508e+014	1.0000e-010	0.0000e+000
2.690000e+003	2.14410899e-001	-3.18558910e+000	1.69399988e+003	0.00000000e+000	5.6136e+014	1.0000e-010	0.0000e+000
2.700000e+003	2.14580299e-001	-3.18541970e+000	1.68337709e+003	0.00000000e+000	5.5770e+014	1.0000e-010	0.0000e+000
2.710000e+003	2.14748637e-001	-3.18525136e+000	1.67282325e+003	0.00000000e+000	5.5408e+014	1.0000e-010	0.0000e+000
2.720000e+003	2.14915919e-001	-3.18508408e+000	1.66233748e+003	0.00000000e+000	5.5050e+014	1.0000e-010	0.0000e+000
2.730000e+003	2.15082153e-001	-3.18491785e+000	1.65191891e+003	0.00000000e+000	5.4698e+014	1.0000e-010	0.0000e+000
2.740000e+003	2.15247345e-001	-3.18475265e+000	1.64156671e+003	0.00000000e+000	5.4349e+014	1.0000e-010	0.0000e+000
2.750000e+003	2.15411502e-001	-3.18458850e+000	1.63128004e+003	0.00000000e+000	5.4005e+014	1.0000e-010	0.0000e+000
2.760000e+003	2.15574630e-001	-3.18442537e+000	1.62105807e+003	0.00000000e+000	5.3665e+014	1.0000e-010	0.0000e+000
2.770000e+003	2.15736736e-001	-3.18426326e+000	1.61090000e+003	0.00000000e+000	5.3330e+014	1.0000e-010	0.0000e+000
2.780000e+003	2.15897826e-001	-3.18410217e+000	1.60080503e+003	0.00000000e+000	5.2999e+014	1.0000e-010	0.0000e+000
2.790000e+003	2.16057906e-001	-3.18394209e+000	1.59077237e+003	0.00000000e+000	5.2672e+014	1.0000e-010	0.0000e+000
2.800000e+003	2.16216983e-001	-3.18378302e+000	1.58080127e+003	0.00000000e+000	5.2348e+014	1.0000e-010	0.0000e+000
2.810000e+003	2.16375063e-001	-3.18362494e+000	1.57089094e+003	0.00000000e+000	5.2029e+014	1.0000e-010	0.0000e+000
2.820000e+003	2.16532153e-001	-3.18346785e+000	1.56104066e+003	0.00000000e+000	5.1714e+014	1.0000e-010	0.0000e+000
2.830000e+003	2.16688257e-001	-3.18331174e+000	1.55124967e+003	0.00000000e+000	5.1403e+014	1.0000e-010	0.0000e+000
2.840000e+003	2.16843382e-001	-3.18315662e+000	1.54151726e+003	0.00000000e+000	5.1095e+014	1.0000e-010	0.0000e+000
2.850000e+003	2.16997533e-001	-3.18300247e+000	1.53184271e+003	0.00000000e+000	5.0792e+014	1.0000e-010	0.0000e+000
2.860000e+003	2.17150718e-001	-3.18284928e+000	1.52222531e+003	0.00000000e+000	5.0491e+014	1.0000e-010	0.0000e+000
2.870000e+003	2.17302940e-001	-3.18269706e+000	1.51266438e+003	0.00000000e+000	5.0195e+014	1.0000e-010	0.0000e+000
2.880000e+003	2.17454207e-001	-3.18254579e+000	1.50315923e+003	0.00000000e+000	4.9902e+014	1.0000e-010	0.0000e+000
2.890000e+003	2.17604522e-001	-3.18239548e+000	1.49370919e+003	0.00000000e+000	4.9613e+014	1.0000e-010	0.0000e+000
2.900000e+003	2.17753893e-001	-3.18224611e+000	1.48431359e+003	0.00000000e+000	4.9327e+014	1.0000e-010	0.0000e+000
2.910000e+003	2.17902325e-001	-3.18209768e+000	1.47497178e+003	0.00000000e+000	4.9045e+014	1.0000e-010	0.0000e+000
2.920000e+003	2.18049822e-001	-3.18195018e+000	1.46568312e+003	0.00000000e+000	4.8766e+014	1.0000e-010	0.0000e+000
2.930000e+003	2.18196390e-001	-3.18180361e+000	1.45644697e+003	0.00000000e+000	4.8490e+014	1.0000e-010	0.0000e+000
2.940000e+003	2.18342035e-001	-3.18165797e+000	1.44726271e+003	0.00000000e+000	4.8218e+014	1.0000e-010	0.0000e+000
2.950000e+003	2.18486761e-001	-3.18151324e+000	1.43812972e+003	0.00000000e+000	4.7948e+014	1.0000e-010	0.0000e+000
2.960000e+003	2.18630574e-001	-3.18136943e+000	1.42904740e+003	0.00000000e+000	4.7682e+014	1.0000e-010	0.0000e+000
2.970000e+003	2.18773479e-001	-3.18122652e+000	1.42001515e+003	0.00000000e+000	4.7419e+014	1.0000e-010	0.0000e+000
2.980000e+003	2.18915480e-001	-3.18108452e+000	1.41103237e+003	0.00000000e+000	4.7160e+014	1.0000e-010	0.0000e+000
2.990000e+003	2.19056584e-001	-3.18094342e+000	1.40209848e+003	0.00000000e+000	4.6903e+014	1.0000e-010	0.0000e+000
3.000000e+003	2.19196794e-001	-3.18080321e+000	1.39321292e+003	0.00000000e+000	4.6649e+014	1.0000e-010	0.0000e+000
3.010000e+003	2.19336115e-001	-3.18066389e+000	1.38437512e+003	0.00000000e+000	4.6399e+014	1.0000e-010	0.0000e+000
3.020000e+003	2.19474552e-001	-3.18052545e+000	1.37558452e+003	0.00000000e+000	4.6151e+014	1.0000e-010	0.0000e+000
3.030000e+003	2.19612111e-001	-3.18038789e+000	1.36684056e+003	0.00000000e+000	4.5906e+014	1.0000e-010	0.0000e+000
3.040000e+003	2.19748795e-001	-3.18025121e+000	1.35814272e+003	0.00000000e+000	4.5664e+014	1.0000e-010	0.0000e+000
3.050000e+003	2.19884609e-001	-3.18011539e+000	1.34949045e+003	0.00000000e+000	4.5425e+014	1.0000e-010	0.0000e+000
3.060000e+003	2.20019558e-001	-3.17998044e+000	1.34088323e+003	0.00000000e+000	4.5188e+014	1.0000e-010	0.0000e+000
3.070000e+003	2.20153646e-001	-3.17984635e+000	1.33232053e+003	0.00000000e+000	4.4954e+014	1.0000e-010	0.0000e+000
3.080000e+003	2.20286879e-001	-3.17971312e+000	1.32380186e+003	0.00000000e+000	4.4723e+014	1.0000e-010	0.0000e+000
3.090000e+003	2.20419259e-001	-3.17958074e+000	1.31532669e+003	0.00000000e+000	4.4495e+014	1.0000e-010	0.0000e+000
3.100000e+003	2.20550791e-001	-3.17944921e+000	1.30689453e+003	0.00000000e+000	4.4269e+014	1.0000e-010	0.0000e+000
3.110000e+003	2.20681481e-001	-3.17931852e+000	1.29850489e+003	0.00000000e+000	4.4046e+014	1.0000e-010	0.0000e+000
3.120000e+003	2.20811331e-001	-3.17918867e+000	1.29015729e+003	0.00000000e+000	4.3825e+014	1.0000e-010	0.0000e+000
3.130000e+003	2.20940347e-001	-3.17905965e+000	1.28185124e+003	0.00000000e+000	4.3607e+014	1.0000e-010	0.0000e+000
3.140000e+003	2.21068532e-001	-3.17893147e+000	1.27358628e+003	0.00000000e+000	4.3391e+014	1.0000e-010	0.0000e+000
3.150000e+003	2.21195891e-001	-3.17880411e+000	1.26536193e+003	0.00000000e+000	4.3178e+014	1.0000e-010	0.0000e+000
3.160000e+003	2.21322427e-001	-3.17867757e+000	1.25717774e+003	0.00000000e+000	4.2967e+014	1.0000e-010	0.0000e+000
3.170000e+003	2.21448145e-001	-3.17855186e+000	1.24903325e+003	0.00000000e+000	4.2759e+014	1.0000e-010	0.0000e+000
3.180000e+003	2.21573048e-001	-3.17842695e+000	1.24092802e+003	0.00000000e+000	4.2553e+014	1.0000e-010	0.0000e+000
3.190000e+003	2.21697141e-001	-3.17830286e+000	1.23286160e+003	0.00000000e+000	4.2349e+014	1.0000e-010	0.0000e+000
3.200000e+003	2.21820427e-001	-3.17817957e+000	1.22483356e+003	0.00000000e+000	4.2147e+014	1.0000e-010	0.0000e+000
3.210000e+003	2.21942910e-001	-3.17805709e+000	1.21684346e+003	0.00000000e+000	4.1948e+014	1.0000e-010	0.0000e+000
3.220000e+003	2.22064595e-001	-3.17793541e+000	1.20889088e+003	0.00000000e+000	4.1751e+014	1.0000e-010	0.0000e+000
3.230000e+003	2.22185484e-001	-3.17781452e+000	1.20097541e+003	0.00000000e+000	4.1556e+014	1.0000e-010	0.0000e+000
3.240000e+003	2.22305581e-001	-3.17769442e+000	1.19309662e+003	0.00000000e+000	4.1364e+014	1.0000e-010	0.0000e+000
3.250000e+003	2.22424891e-001	-3.17757511e+000	1.18525410e+003	0.00000000e+000	4.1173e+014	1.0000e-010	0.0000e+000
3.260000e+003	2.22543416e-001	-3.17745658e+000	1.17744747e+003	0.00000000e+000	4.0985e+014	1.0000e-010	0.0000e+000
3.270000e+003	2.22661161e-001	-3.17733884e+000	1.16967630e+003	0.00000000e+000	4.0799e+014	1.0000e-010	0.0000e+000
3.280000e+003	2.22778129e-001	-3.17722187e+000	1.16194022e+003	0.00000000e+000	4.0615e+014	1.0000e-010	0.0000e+000
3.290000e+003	2.22894323e-001	-3.17710568e+000	1.15423883e+003	0.00000000e+000	4.0432e+014	1.0000e-010	0.0000e+000
3.300000e+003	2.23009747e-001	-3.17699025e+000	1.14657175e+003	0.00000000e+000	4.0252e+014	1.0000e-010	0.0000e+000
3.310000e+003	2.23124404e-001	-3.17687560e+000	1.13893860e+003	0.00000000e+000	4.0074e+014	1.0000e-010	0.0000e+000
3.320000e+003	2.23238298e-001	-3.17676170e+000	1.13133901e+003	0.00000000e+000	3.9898e+014	1.0000e-010	0.0000e+000
3.330000e+003	2.23351432e-001	-3.17664857e+000	1.12377259e+003	0.00000000e+000	3.9724e+014	1.0000e-010	0.0000e+000
3.340000e+003	2.23463809e-001	-3.17653619e+000	1.11623900e+003	0.00000000e+000	3.9551e+014	1.0000e-010	0.0000e+000
3.350000e+003	2.23575433e-001	-3.17642457e+000	1.10873787e+003	0.00000000e+000	3.9381e+014	1.0000e-010	0.0000e+000
3.360000e+003	2.23686307e-001	-3.17631369e+000	1.10126884e+003	0.00000000e+000	3.9213e+014	1.0000e-010	0.0000e+000
3.370000e+003	2.23796434e-001	-3.17620357e+000	1.09383155e+003	0.00000000e+000	3.9046e+014	1.0000e-010	0.0000e+000
3.380000e+003	2.23905817e-001	-3.17609418e+000	1.08642567e+003	0.00000000e+000	3.8881e+014	1.0000e-010	0.0000e+000
3.390000e+003	2.24014459e-001	-3.17598554e+000	1.07905085e+003	0.00000000e+000	3.8718e+014	1.0000e-010	0.0000e+000
3.400000e+003	2.24122364e-001	-3.17587764e+000	1.07170675e+003	0.00000000e+000	3.8557e+014	1.0000e-010	0.0000e+000
3.410000e+003	2.24229535e-001	-3.17577047e+000	1.06439302e+003	0.00000000e+000	3.8397e+014	1.0000e-010	0.0000e+000
3.420000e+003	2.24335974e-001	-3.17566403e+000	1.05710935e+003	0.00000000e+000	3.8239e+014	1.0000e-010	0.0000e+000
3.430000e+003	2.24441685e-001	-3.17555831e+000	1.04985540e+003	0.00000000e+000	3.8083e+014	1.0000e-010	0.0000e+000
3.440000e+003	2.24546671e-001	-3.17545333e+000	1.04263085e+003	0.00000000e+000	3.7929e+014	1.0000e-010	0.0000e+000
3.450000e+003	2.24650934e-001	-3.17534907e+000	1.03543538e+003	0.00000000e+000	3.7776e+014	1.0000e-010	0.0000e+000
3.460000e+003	2.24754477e-001	-3.17524552e+000	1.02826867e+003	0.00000000e+000	3.7625e+014	1.0000e-010	0.0000e+000
3.470000e+003	2.24857304e-001	-3.17514270e+000	1.02113041e+003	0.00000000e+000	3.7476e+014	1.0000e-010	0.0000e+000
3.480000e+003	2.24959417e-001	-3.17504058e+000	1.01402029e+003	0.00000000e+000	3.7328e+014	1.0000e-010	0.0000e+000
3.490000e+003	2.25060819e-001	-3.17493918e+000	1.00693800e+003	0.00000000e+000	3.7182e+014	1.0000e-010	0.0000e+000
3.500000e+003	2.25161513e-001	-3.17483849e+000	9.99883249e+002	0.00000000e+000	3.7038e+014	1.0000e-010	0.0000e+000
3.510000e+003	2.25261501e-001	-3.17473850e+000	9.92855727e+002	0.00000000e+000	3.6895e+014	1.0000e-010	0.0000e+000
3.520000e+003	2.25360787e-001	-3.17463921e+000	9.85855143e+002	0.00000000e+000	3.6753e+014	1.0000e-010	0.0000e+000
3.530000e+003	2.25459373e-001	-3.17454063e+000	9.78881205e+002	0.00000000e+000	3.6613e+014	1.0000e-010	0.0000e+000
3.540000e+003	2.25557261e-001	-3.17444274e+000	9.71933623e+002	0.00000000e+000	3.6475e+014	1.0000e-010	0.0000e+000
3.550000e+003	2.25654454e-001	-3.17434555e+000	9.65012113e+002	0.00000000e+000	3.6338e+014	1.0000e-010	0.0000e+000
3.560000e+003	2.25750955e-001	-3.17424904e+000	9.58116391e+002	0.00000000e+000	3.6203e+014	1.0000e-010	0.0000e+000
3.570000e+003	2.25846767e-001	-3.17415323e+000	9.51246179e+002	0.00000000e+000	3.6069e+014	1.0000e-010	0.0000e+000
3.580000e+003	2.25941891e-001	-3.17405811e+000	9.44401199e+002	0.00000000e+000	3.5936e+014	1.0000e-010	0.0000e+000
3.590000e+003	2.26036332e-001	-3.17396367e+000	9.37581180e+002	0.00000000e+000	3.5805e+014	1.0000e-010	0.0000e+000
3.600000e+003	2.26130090e-001	-3.17386991e+000	9.30785850e+002	0.00000000e+000	3.5676e+014	1.0000e-010	0.0000e+000
3.610000e+003	2.26223168e-001	-3.17377683e+000	9.24014942e+002	0.00000000e+000	3.5547e+014	1.0000e-010	0.0000e+000
3.620000e+003	2.26315570e-001	-3.17368443e+000	9.17268193e+002	0.00000000e+000	3.5421e+014	1.0000e-010	0.0000e+000
3.630000e+003	2.26407297e-001	-3.17359270e+000	9.10545339e+002	0.00000000e+000	3.5295e+014	1.0000e-010	0.0000e+000
3.640000e+003	2.26498351e-001	-3.17350165e+000	9.03846122e+002	0.00000000e+000	3.5171e+014	1.0000e-010	0.0000e+000
3.650000e+003	2.26588736e-001	-3.17341126e+000	8.97170286e+002	0.00000000e+000	3.5048e+014	1.0000e-010	0.0000e+000
3.660000e+003	2.26678453e-001	-3.17332155e+000	8.90517579e+002	0.00000000e+000	3.4927e+014	1.0000e-010	0.0000e+000
3.670000e+003	2.26767505e-001	-3.17323250e+000	8.83887748e+002	0.00000000e+000	3.4807e+014	1.0000e-010	0.0000e+000
3.680000e+003	2.26855893e-001	-3.17314411e+000	8.77280546e+002	0.00000000e+000	3.4688e+014	1.0000e-010	0.0000e+000
3.690000e+003	2.26943621e-001	-3.17305638e+000	8.70695728e+002	0.00000000e+000	3.4570e+014	1.0000e-010	0.0000e+000
3.700000e+003	2.27030691e-001	-3.17296931e+000	8.64133049e+002	0.00000000e+000	3.4454e+014	1.0000e-010	0.0000e+000
3.710000e+003	2.27117104e-001	-3.17288290e+000	8.57592271e+002	0.00000000e+000	3.4339e+014	1.0000e-010	0.0000e+000
3.720000e+003	2.27202863e-001	-3.17279714e+000	8.51073155e+002	0.00000000e+000	3.4225e+014	1.0000e-010	0.0000e+000
3.730000e+003	2.27287971e-001	-3.17271203e+000	8.44575465e+002	0.00000000e+000	3.4113e+014	1.0000e-010	0.0000e+000
3.740000e+003	2.27372428e-001	-3.17262757e+000	8.38098968e+002	0.00000000e+000	3.4002e+014	1.0000e-010	0.0000e+000
3.750000e+003	2.27456238e-001	-3.17254376e+000	8.31643433e+002	0.00000000e+000	3.3892e+014	1.0000e-010	0.0000e+000
3.760000e+003	2.27539403e-001	-3.17246060e+000	8.25208632e+002	0.00000000e+000	3.3783e+014	1.0000e-010	0.0000e+000
3.770000e+003	2.27621923e-001	-3.17237808e+000	8.18794339e+002	0.00000000e+000	3.3675e+014	1.0000e-010	0.0000e+000
3.780000e+003	2.27703803e-001	-3.17229620e+000	8.12400329e+002	0.00000000e+000	3.3569e+014	1.0000e-010	0.0000e+000
3.790000e+003	2.27785043e-001	-3.17221496e+000	8.06026380e+002	0.00000000e+000	3.3463e+014	1.0000e-010	0.0000e+000
3.800000e+003	2.27865646e-001	-3.17213435e+000	7.99672274e+002	0.00000000e+000	3.3359e+014	1.0000e-010	0.0000e+000
3.810000e+003	2.27945613e-001	-3.17205439e+000	7.93337792e+002	0.00000000e+000	3.3256e+014	1.0000e-010	0.0000e+000
3.820000e+003	2.28024947e-001	-3.17197505e+000	7.87022720e+002	0.00000000e+000	3.3154e+014	1.0000e-010	0.0000e+000
3.830000e+003	2.28103649e-001	-3.17189635e+000	7.80726843e+002	0.00000000e+000	3.3053e+014	1.0000e-010	0.0000e+000
3.840000e+003	2.28181722e-001	-3.17181828e+000	7.74449952e+002	0.00000000e+000	3.2954e+014	1.0000e-010	0.0000e+000
3.850000e+003	2.28259167e-001	-3.17174083e+000	7.68191835e+002	0.00000000e+000	3.2855e+014	1.0000e-010	0.0000e+000
3.860000e+003	2.28335986e-001	-3.17166401e+000	7.61952288e+002	0.00000000e+000	3.2758e+014	1.0000e-010	0.0000e+000
3.870000e+003	2.28412181e-001	-3.17158782e+000	7.55731103e+002	0.00000000e+000	3.2661e+014	1.0000e-010	0.0000e+000
3.880000e+003	2.28487754e-001	-3.17151225e+000	7.49528078e+002	0.00000000e+000	3.2566e+014	1.0000e-010	0.0000e+000
3.890000e+003	2.28562707e-001	-3.17143729e+000	7.43343012e+002	0.00000000e+000	3.2472e+014	1.0000e-010	0.0000e+000
3.900000e+003	2.28637041e-001	-3.17136296e+000	7.37175705e+002	0.00000000e+000	3.2378e+014	1.0000e-010	0.0000e+000
3.910000e+003	2.28710759e-001	-3.17128924e+000	7.31025959e+002	0.00000000e+000	3.2286e+014	1.0000e-010	0.0000e+000
3.920000e+003	2.28783861e-001	-3.17121614e+000	7.24893578e+002	0.00000000e+000	3.2195e+014	1.0000e-010	0.0000e+000
3.930000e+003	2.28856351e-001	-3.17114365e+000	7.18778368e+002	0.00000000e+000	3.2105e+014	1.0000e-010	0.0000e+000
3.940000e+003	2.28928229e-001	-3.17107177e+000	7.12680137e+002	0.00000000e+000	3.2016e+014	1.0000e-010	0.0000e+000
3.950000e+003	2.28999497e-001	-3.17100050e+000	7.06598694e+002	0.00000000e+000	3.1928e+014	1.0000e-010	0.0000e+000
3.960000e+003	2.29070156e-001	-3.17092984e+000	7.00533851e+002	0.00000000e+000	3.1841e+014	1.0000e-010	0.0000e+000
3.970000e+003	2.29140210e-001	-3.17085979e+000	6.94485420e+002	0.00000000e+000	3.1754e+014	1.0000e-010	0.0000e+000
3.980000e+003	2.29209658e-001	-3.17079034e+000	6.88453216e+002	0.00000000e+000	3.1669e+014	1.0000e-010	0.0000e+000
3.990000e+003	2.29278504e-001	-3.17072150e+000	6.82437054e+002	0.00000000e+000	3.1585e+014	1.0000e-010	0.0000e+000
4.000000e+003	2.29346747e-001	-3.17065325e+000	6.76436753e+002	0.00000000e+000	3.1502e+014	1.0000e-010	0.0000e+000
4.010000e+003	2.29414391e-001	-3.17058561e+000	6.70452131e+002	0.00000000e+000	3.1419e+014	1.0000e-010	0.0000e+000
4.020000e+003	2.29481436e-001	-3.17051856e+000	6.64483010e+002	0.00000000e+000	3.1338e+014	1.0000e-010	0.0000e+000
4.030000e+003	2.29547885e-001	-3.17045212e+000	6.58529212e+002	0.00000000e+000	3.1258e+014	1.0000e-010	0.0000e+000
4.040000e+003	2.29613737e-001	-3.17038626e+000	6.52590561e+002	0.00000000e+000	3.1178e+014	1.0000e-010	0.0000e+000
4.050000e+003	2.29678997e-001	-3.17032100e+000	6.46666882e+002	0.00000000e+000	3.1099e+014	1.0000e-010	0.0000e+000
4.060000e+003	2.29743663e-001	-3.17025634e+000	6.40758002e+002	0.00000000e+000	3.1022e+014	1.0000e-010	0.0000e+000
4.070000e+003	2.29807739e-001	-3.17019226e+000	6.34863750e+002	0.00000000e+000	3.0945e+014	1.0000e-010	0.0000e+000
4.080000e+003	2.29871225e-001	-3.17012877e+000	6.28983955e+002	0.00000000e+000	3.0869e+014	1.0000e-010	0.0000e+000
4.090000e+003	2.29934124e-001	-3.17006588e+000	6.23118447e+002	0.00000000e+000	3.0794e+014	1.0000e-010	0.0000e+000
4.100000e+003	2.29996436e-001	-3.17000356e+000	6.17267061e+002	0.00000000e+000	3.0720e+014	1.0000e-010	0.0000e+000
4.110000e+003	2.30058162e-001	-3.16994184e+000	6.11429630e+002	0.00000000e+000	3.0647e+014	1.0000e-010	0.0000e+000
4.120000e+003	2.30119305e-001	-3.16988069e+000	6.05605988e+002	0.00000000e+000	3.0574e+014	1.0000e-010	0.0000e+000
4.130000e+003	2.30179866e-001	-3.16982013e+000	5.99795973e+002	0.00000000e+000	3.0503e+014	1.0000e-010	0.0000e+000
4.140000e+003	2.30239845e-001	-3.16976015e+000	5.93999422e+002	0.00000000e+000	3.0432e+014	1.0000e-010	0.0000e+000
4.150000e+003	2.30299245e-001	-3.16970075e+000	5.88216174e+002	0.00000000e+000	3.0362e+014	1.0000e-010	0.0000e+000
4.160000e+003	2.30358067e-001	-3.16964193e+000	5.82446070e+002	0.00000000e+000	3.0293e+014	1.0000e-010	0.0000e+000
4.170000e+003	2.30416312e-001	-3.16958369e+000	5.76688952e+002	0.00000000e+000	3.0225e+014	1.0000e-010	0.0000e+000
4.180000e+003	2.30473981e-001	-3.16952602e+000	5.70944662e+002	0.00000000e+000	3.0158e+014	1.0000e-010	0.0000e+000
4.190000e+003	2.30531075e-001	-3.16946892e+000	5.65213044e+002	0.00000000e+000	3.0091e+014	1.0000e-010	0.0000e+000
4.200000e+003	2.30587596e-001	-3.16941240e+000	5.59493944e+002	0.00000000e+000	3.0025e+014	1.0000e-010	0.0000e+000
4.210000e+003	2.30643546e-001	-3.16935645e+000	5.53787208e+002	0.00000000e+000	2.9960e+014	1.0000e-010	0.0000e+000
4.220000e+003	2.30698924e-001	-3.16930108e+000	5.48092683e+002	0.00000000e+000	2.9896e+014	1.0000e-010	0.0000e+000
4.230000e+003	2.30753734e-001	-3.16924627e+000	5.42410219e+002	0.00000000e+000	2.9833e+014	1.0000e-010	0.0000e+000
4.240000e+003	2.30807975e-001	-3.16919203e+000	5.36739665e+002	0.00000000e+000	2.9771e+014	1.0000e-010	0.0000e+000
4.250000e+003	2.30861649e-001	-3.16913835e+000	5.31080872e+002	0.00000000e+000	2.9709e+014	1.0000e-010	0.0000e+000
4.260000e+003	2.30914757e-001	-3.16908524e+000	5.25433692e+002	0.00000000e+000	2.9648e+014	1.0000e-010	0.0000e+000
4.270000e+003	2.30967300e-001	-3.16903270e+000	5.19797977e+002	0.00000000e+000	2.9588e+014	1.0000e-010	0.0000e+000
4.280000e+003	2.31019280e-001	-3.16898072e+000	5.14173583e+002	0.00000000e+000	2.9528e+014	1.0000e-010	0.0000e+000
4.290000e+003	2.31070697e-001	-3.16892930e+000	5.08560365e+002	0.00000000e+000	2.9469e+014	1.0000e-010	0.0000e+000
4.300000e+003	2.31121553e-001	-3.16887845e+000	5.02958178e+002	0.00000000e+000	2.9412e+014	1.0000e-010	0.0000e+000
4.310000e+003	2.31171849e-001	-3.16882815e+000	4.97366879e+002	0.00000000e+000	2.9354e+014	1.0000e-010	0.0000e+000
4.320000e+003	2.31221586e-001	-3.16877841e+000	4.91786327e+002	0.00000000e+000	2.9298e+014	1.0000e-010	0.0000e+000
4.330000e+003	2.31270764e-001	-3.16872924e+000	4.86216381e+002	0.00000000e+000	2.9242e+014	1.0000e-010	0.0000e+000
4.340000e+003	2.31319386e-001	-3.16868061e+000	4.80656901e+002	0.00000000e+000	2.9187e+014	1.0000e-010	0.0000e+000
4.350000e+003	2.31367452e-001	-3.16863255e+000	4.75107748e+002	0.00000000e+000	2.9133e+014	1.0000e-010	0.0000e+000
4.360000e+003	2.31414963e-001	-3.16858504e+000	4.69568784e+002	0.00000000e+000	2.9080e+014	1.0000e-010	0.0000e+000
4.370000e+003	2.31461919e-001	-3.16853808e+000	4.64039872e+002	0.00000000e+000	2.9027e+014	1.0000e-010	0.0000e+000
4.380000e+003	2.31508323e-001	-3.16849168e+000	4.58520875e+002	0.00000000e+000	2.8975e+014	1.0000e-010	0.0000e+000
4.390000e+003	2.31554176e-001	-3.16844582e+000	4.53011658e+002	0.00000000e+000	2.8923e+014	1.0000e-010	0.0000e+000
4.400000e+003	2.31599477e-001	-3.16840052e+000	4.47512086e+002	0.00000000e+000	2.8873e+014	1.0000e-010	0.0000e+000
4.410000e+003	2.31644228e-001	-3.16835577e+000	4.42022027e+002	0.00000000e+000	2.8823e+014	1.0000e-010	0.0000e+000
4.420000e+003	2.31688430e-001	-3.16831157e+000	4.36541346e+002	0.00000000e+000	2.8774e+014	1.0000e-010	0.0000e+000
4.430000e+003	2.31732084e-001	-3.16826792e+000	4.31069912e+002	0.00000000e+000	2.8725e+014	1.0000e-010	0.0000e+000
4.440000e+003	2.31775191e-001	-3.16822481e+000	4.25607594e+002	0.00000000e+000	2.8677e+014	1.0000e-010	0.0000e+000
4.450000e+003	2.31817752e-001	-3.16818225e+000	4.20154262e+002	0.00000000e+000	2.8630e+014	1.0000e-010	0.0000e+000
4.460000e+003	2.31859767e-001	-3.16814023e+000	4.14709785e+002	0.00000000e+000	2.8584e+014	1.0000e-010	0.0000e+000
4.470000e+003	2.31901238e-001	-3.16809876e+000	4.09274035e+002	0.00000000e+000	2.8538e+014	1.0000e-010	0.0000e+000
4.480000e+003	2.31942166e-001	-3.16805783e+000	4.03846884e+002	0.00000000e+000	2.8493e+014	1.0000e-010	0.0000e+000
4.490000e+003	2.31982550e-001	-3.16801745e+000	3.98428204e+002	0.00000000e+000	2.8448e+014	1.0000e-010	0.0000e+000
4.500000e+003	2.32022393e-001	-3.16797761e+000	3.93017869e+002	0.00000000e+000	2.8404e+014	1.0000e-010	0.0000e+000
4.510000e+003	2.32061695e-001	-3.16793830e+000	3.87615752e+002	0.00000000e+000	2.8361e+014	1.0000e-010	0.0000e+000
4.520000e+003	2.32100457e-001	-3.16789954e+000	3.82221730e+002	0.00000000e+000	2.8319e+014	1.0000e-010	0.0000e+000
4.530000e+003	2.32138679e-001	-3.16786132e+000	3.76835676e+002	0.00000000e+000	2.8277e+014	1.0000e-010	0.0000e+000
4.540000e+003	2.32176362e-001	-3.16782364e+000	3.71457468e+002	0.00000000e+000	2.8236e+014	1.0000e-010	0.0000e+000
4.550000e+003	2.32213508e-001	-3.16778649e+000	3.66086983e+002	0.00000000e+000	2.8195e+014	1.0000e-010	0.0000e+000
4.560000e+003	2.32250117e-001	-3.16774988e+000	3.60724097e+002	0.00000000e+000	2.8155e+014	1.0000e-010	0.0000e+000
4.570000e+003	2.32286189e-001	-3.16771381e+000	3.55368688e+002	0.00000000e+000	2.8116e+014	1.0000e-010	0.0000e+000
4.580000e+003	2.32321726e-001	-3.16767827e+000	3.50020637e+002	0.00000000e+000	2.8077e+014	1.0000e-010	0.0000e+000
4.590000e+003	2.32356728e-001	-3.16764327e+000	3.44679821e+002	0.00000000e+000	2.8039e+014	1.0000e-010	0.0000e+000
4.600000e+003	2.32391196e-001	-3.16760880e+000	3.39346122e+002	0.00000000e+000	2.8002e+014	1.0000e-010	0.0000e+000
4.610000e+003	2.32425131e-001	-3.16757487e+000	3.34019419e+002	0.00000000e+000	2.7965e+014	1.0000e-010	0.0000e+000
4.620000e+003	2.32458533e-001	-3.16754147e+000	3.28699594e+002	0.00000000e+000	2.7929e+014	1.0000e-010	0.0000e+000
4.630000e+003	2.32491403e-001	-3.16750860e+000	3.23386529e+002	0.00000000e+000	2.7894e+014	1.0000e-010	0.0000e+000
4.640000e+003	2.32523741e-001	-3.16747626e+000	3.18080105e+002	0.00000000e+000	2.7859e+014	1.0000e-010	0.0000e+000
4.650000e+003	2.32555549e-001	-3.16744445e+000	3.12780207e+002	0.00000000e+000	2.7825e+014	1.0000e-010	0.0000e+000
4.660000e+003	2.32586827e-001	-3.16741317e+000	3.07486717e+002	0.00000000e+000	2.7791e+014	1.0000e-010	0.0000e+000
4.670000e+003	2.32617576e-001	-3.16738242e+000	3.02199520e+002	0.00000000e+000	2.7758e+014	1.0000e-010	0.0000e+000
4.680000e+003	2.32647796e-001	-3.16735220e+000	2.96918499e+002	0.00000000e+000	2.7725e+014	1.0000e-010	0.0000e+000
4.690000e+003	2.32677488e-001	-3.16732251e+000	2.91643541e+002	0.00000000e+000	2.7694e+014	1.0000e-010	0.0000e+000
4.700000e+003	2.32706652e-001	-3.16729335e+000	2.86374530e+002	0.00000000e+000	2.7662e+014	1.0000e-010	0.0000e+000
4.710000e+003	2.32735290e-001	-3.16726471e+000	2.81111352e+002	0.00000000e+000	2.7632e+014	1.0000e-010	0.0000e+000
4.720000e+003	2.32763401e-001	-3.16723660e+000	2.75853894e+002	0.00000000e+000	2.7602e+014	1.0000e-010	0.0000e+000
4.730000e+003	2.32790986e-001	-3.16720901e+000	2.70602044e+002	0.00000000e+000	2.7572e+014	1.0000e-010	0.0000e+000
4.740000e+003	2.32818046e-001	-3.16718195e+000	2.65355687e+002	0.00000000e+000	2.7543e+014	1.0000e-010	0.0000e+000
4.750000e+003	2.32844582e-001	-3.16715542e+000	2.60114714e+002	0.00000000e+000	2.7515e+014	1.0000e-010	0.0000e+000
4.760000e+003	2.32870593e-001	-3.16712941e+000	2.54879010e+002	0.00000000e+000	2.7488e+014	1.0000e-010	0.0000e+000
4.770000e+003	2.32896081e-001	-3.16710392e+000	2.49648467e+002	0.00000000e+000	2.7460e+014	1.0000e-010	0.0000e+000
4.780000e+003	2.32921046e-001	-3.16707895e+000	2.44422971e+002	0.00000000e+000	2.7434e+014	1.0000e-010	0.0000e+000
4.790000e+003	2.32945488e-001	-3.16705451e+000	2.39202414e+002	0.00000000e+000	2.7408e+014	1.0000e-010	0.0000e+000
4.800000e+003	2.32969409e-001	-3.16703059e+000	2.33986686e+002	0.00000000e+000	2.7383e+014	1.0000e-010	0.0000e+000
4.810000e+003	2.32992807e-001	-3.16700719e+000	2.28775675e+002	0.00000000e+000	2.7358e+014	1.0000e-010	0.0000e+000
4.820000e+003	2.33015685e-001	-3.16698432e+000	2.23569275e+002	0.00000000e+000	2.7334e+014	1.0000e-010	0.0000e+000
4.830000e+003	2.33038042e-001	-3.16696196e+000	2.18367375e+002	0.00000000e+000	2.7310e+014	1.0000e-010	0.0000e+000
4.840000e+003	2.33059879e-001	-3.16694012e+000	2.13169866e+002	0.00000000e+000	2.7287e+014	1.0000e-010	0.0000e+000
4.850000e+003	2.33081196e-001	-3.16691880e+000	2.07976642e+002	0.00000000e+000	2.7265e+014	1.0000e-010	0.0000e+000
4.860000e+003	2.33101993e-001	-3.16689801e+000	2.02787595e+002	0.00000000e+000	2.7243e+014	1.0000e-010	0.0000e+000
4.870000e+003	2.33122272e-001	-3.16687773e+000	1.97602616e+002	0.00000000e+000	2.7221e+014	1.0000e-010	0.0000e+000
4.880000e+003	2.33142032e-001	-3.16685797e+000	1.92421598e+002	0.00000000e+000	2.7200e+014	1.0000e-010	0.0000e+000
4.890000e+003	2.33161274e-001	-3.16683873e+000	1.87244436e+002	0.00000000e+000	2.7180e+014	1.0000e-010	0.0000e+000
4.900000e+003	2.33179999e-001	-3.16682000e+000	1.82071022e+002	0.00000000e+000	2.7161e+014	1.0000e-010	0.0000e+000
4.910000e+003	2.33198206e-001	-3.16680179e+000	1.76901250e+002	0.00000000e+000	2.7141e+014	1.0000e-010	0.0000e+000
4.920000e+003	2.33215896e-001	-3.16678410e+000	1.71735014e+002	0.00000000e+000	2.7123e+014	1.0000e-010	0.0000e+000
4.930000e+003	2.33233070e-001	-3.16676693e+000	1.66572210e+002	0.00000000e+000	2.7105e+014	1.0000e-010	0.0000e+000
4.940000e+003	2.33249727e-001	-3.16675027e+000	1.61412731e+002	0.00000000e+000	2.7087e+014	1.0000e-010	0.0000e+000
4.950000e+003	2.33265868e-001	-3.16673413e+000	1.56256472e+002	0.00000000e+000	2.7070e+014	1.0000e-010	0.0000e+000
4.960000e+003	2.33281494e-001	-3.16671851e+000	1.51103329e+002	0.00000000e+000	2.7054e+014	1.0000e-010	0.0000e+000
4.970000e+003	2.33296604e-001	-3.16670340e+000	1.45953197e+002	0.00000000e+000	2.7038e+014	1.0000e-010	0.0000e+000
4.980000e+003	2.33311199e-001	-3.16668880e+000	1.40805972e+002	0.00000000e+000	2.7023e+014	1.0000e-010	0.0000e+000
4.990000e+003	2.33325280e-001	-3.16667472e+000	1.35661549e+002	0.00000000e+000	2.7008e+014	1.0000e-010	0.0000e+000
5.000000e+003	2.33338846e-001	-3.16666115e+000	1.30519826e+002	0.00000000e+000	2.6994e+014	1.0000e-010	0.0000e+000
5.010000e+003	2.33351898e-001	-3.16664810e+000	1.25380698e+002	0.00000000e+000	2.6981e+014	1.0000e-010	0.0000e+000
5.020000e+003	2.33364436e-001	-3.16663556e+000	1.20244061e+002	0.00000000e+000	2.6967e+014	1.0000e-010	0.0000e+000
5.030000e+003	2.33376461e-001	-3.16662354e+000	1.15109813e+002	0.00000000e+000	2.6955e+014	1.0000e-010	0.0000e+000
5.040000e+003	2.33387972e-001	-3.16661203e+000	1.09977851e+002	0.00000000e+000	2.6943e+014	1.0000e-010	0.0000e+000
5.050000e+003	2.33398969e-001	-3.16660103e+000	1.04848072e+002	0.00000000e+000	2.6931e+014	1.0000e-010	0.0000e+000
5.060000e+003	2.33409454e-001	-3.16659055e+000	9.97203724e+001	0.00000000e+000	2.6921e+014	1.0000e-010	0.0000e+000
5.070000e+003	2.33419426e-001	-3.16658057e+000	9.45946506e+001	0.00000000e+000	2.6910e+014	1.0000e-010	0.0000e+000
5.080000e+003	2.33428886e-001	-3.16657111e+000	8.94708040e+001	0.00000000e+000	2.6900e+014	1.0000e-010	0.0000e+000
5.090000e+003	2.33437833e-001	-3.16656217e+000	8.43487303e+001	0.00000000e+000	2.6891e+014	1.0000e-010	0.0000e+000
5.100000e+003	2.33446268e-001	-3.16655373e+000	7.92283276e+001	0.00000000e+000	2.6882e+014	1.0000e-010	0.0000e+000
5.110000e+003	2.33454190e-001	-3.16654581e+000	7.41094939e+001	0.00000000e+000	2.6874e+014	1.0000e-010	0.0000e+000
5.120000e+003	2.33461601e-001	-3.16653840e+000	6.89921275e+001	0.00000000e+000	2.6866e+014	1.0000e-010	0.0000e+000
5.130000e+003	2.33468501e-001	-3.16653150e+000	6.38761265e+001	0.00000000e+000	2.6859e+014	1.0000e-010	0.0000e+000
5.140000e+003	2.33474888e-001	-3.16652511e+000	5.87613894e+001	0.00000000e+000	2.6852e+014	1.0000e-010	0.0000e+000
5.150000e+003	2.33480764e-001	-3.16651924e+000	5.36478148e+001	0.00000000e+000	2.6846e+014	1.0000e-010	0.0000e+000
5.160000e+003	2.33486129e-001	-3.16651387e+000	4.85353012e+001	0.00000000e+000	2.6841e+014	1.0000e-010	0.0000e+000
5.170000e+003	2.33490983e-001	-3.16650902e+000	4.34237474e+001	0.00000000e+000	2.6836e+014	1.0000e-010	0.0000e+000
5.180000e+003	2.33495325e-001	-3.16650467e+000	3.83130521e+001	0.00000000e+000	2.6831e+014	1.0000e-010	0.0000e+000
5.190000e+003	2.33499156e-001	-3.16650084e+000	3.32031142e+001	0.00000000e+000	2.6827e+014	1.0000e-010	0.0000e+000
5.200000e+003	2.33502477e-001	-3.16649752e+000	2.80938325e+001	0.00000000e+000	2.6824e+014	1.0000e-010	0.0000e+000
5.210000e+003	2.33505286e-001	-3.16649471e+000	2.29851060e+001	0.00000000e+000	2.6821e+014	1.0000e-010	0.0000e+000
5.220000e+003	2.33507585e-001	-3.16649242e+000	1.78768337e+001	0.00000000e+000	2.6819e+014	1.0000e-010	0.0000e+000
5.230000e+003	2.33509372e-001	-3.16649063e+000	1.27689146e+001	0.00000000e+000	2.6817e+014	1.0000e-010	0.0000e+000
5.240000e+003	2.33510649e-001	-3.16648935e+000	7.66124788e+000	0.00000000e+000	2.6815e+014	1.0000e-010	0.0000e+000
5.250000e+003	2.33511415e-001	-3.16648858e+000	2.55373248e+000	0.00000000e+000	2.6815e+014	1.0000e-010	0.0000e+000
5.260000e+003	2.33511671e-001	-3.16648833e+000	2.55373248e+000	0.00000000e+000	2.6814e+014	1.0000e-010	0.0000e+000
