Y (ang)	Ec (eV)	Ev (eV)	E (V/cm)	Ef (eV)	n (cm-3)	p (cm-3)	Nd - Na (cm-3)	el eval 1 (eV)	el eval 2 (eV)	el eval 3 (eV)	el eval 4 (eV)	el eval 5 (eV)	el eval 6 (eV)	el eval 7 (eV)	el eval 8 (eV)	el eval 9 (eV)	el eval 10 (eV)	el eval 11 (eV)	el eval 12 (eV)	el eval 13 (eV)
0.000000e+000	6.00000000e-001	-2.80000000e+000	1.80306329e+006	-0.00000000e+000	1.8691e+008	1.0000e-010	0.0000e+000
1.000000e+001	1.34030633e+000	-2.75969367e+000	-8.57263191e+005	0.00000000e+000	6.3430e-005	1.0000e-010	-1.3848e+020
2.000000e+001	1.25458001e+000	-2.84541999e+000	-8.57263191e+005	0.00000000e+000	7.7184e+001	1.0000e-010	0.0000e+000	-7.0080e-002	-2.3774e-002	4.2067e-002	7.2435e-002	9.1844e-002	1.0605e-001	1.1723e-001	1.1758e-001	1.2644e-001	1.3425e-001	1.4104e-001	1.4705e-001	1.5258e-001
3.000000e+001	1.16885369e+000	-2.93114631e+000	-8.57263191e+005	0.00000000e+000	4.8224e+003	1.0000e-010	0.0000e+000
4.000000e+001	1.08312737e+000	-3.01687263e+000	-8.57263191e+005	0.00000000e+000	3.3533e+005	1.0000e-010	0.0000e+000
5.000000e+001	9.97401053e-001	-3.10259895e+000	-8.57263191e+005	0.00000000e+000	2.0949e+007	1.0000e-010	0.0000e+000
6.000000e+001	9.11674734e-001	-3.18832527e+000	-8.57263191e+005	0.00000000e+000	1.1640e+009	1.0000e-010	0.0000e+000
7.000000e+001	8.25948415e-001	-3.27405159e+000	-8.57263192e+005	0.00000000e+000	5.7076e+010	1.0000e-010	0.0000e+000
8.000000e+001	7.40222096e-001	-3.35977790e+000	-8.57263240e+005	0.00000000e+000	2.4474e+012	1.0000e-010	0.0000e+000
9.000000e+001	6.54495772e-001	-3.44550423e+000	-8.57265017e+005	0.00000000e+000	9.0826e+013	1.0000e-010	0.0000e+000
1.000000e+002	5.68769270e-001	-3.53123073e+000	-8.57321400e+005	0.00000000e+000	2.8822e+015	1.0000e-010	0.0000e+000
1.100000e+002	4.83037130e-001	-3.61696287e+000	-8.58829579e+005	0.00000000e+000	7.7096e+016	1.0000e-010	0.0000e+000
1.200000e+002	3.97154172e-001	-3.70284583e+000	-8.92252352e+005	0.00000000e+000	1.7085e+018	1.0000e-010	0.0000e+000
1.300000e+002	-2.52071063e-001	-3.65207106e+000	1.18385396e+006	0.00000000e+000	3.0720e+019	1.0000e-010	1.3848e+020
1.400000e+002	-1.11285667e-001	-3.53928567e+000	7.01973225e+005	0.00000000e+000	2.0083e+019	1.0000e-010	-5.2547e+018
1.500000e+002	-1.86883445e-002	-3.47468834e+000	4.86042638e+005	0.00000000e+000	6.0727e+018	1.0000e-010	-5.2784e+018
1.600000e+002	5.23159193e-002	-3.43168408e+000	3.61455463e+005	0.00000000e+000	1.2449e+018	1.0000e-010	-5.3022e+018
1.700000e+002	1.10861466e-001	-3.40113853e+000	2.55914381e+005	0.00000000e+000	2.1169e+017	1.0000e-010	-5.3259e+018
1.800000e+002	1.58852904e-001	-3.38114710e+000	1.53068824e+005	0.00000000e+000	3.5545e+016	1.0000e-010	-5.3496e+018
1.900000e+002	1.96559786e-001	-3.37144021e+000	5.01188980e+004	0.00000000e+000	5.9065e+015	1.0000e-010	-5.3733e+018
2.000000e+002	2.23971676e-001	-3.37202832e+000	-5.34141706e+004	0.00000000e+000	1.1999e+015	1.0000e-010	-5.3970e+018
2.100000e+002	2.41030259e-001	-3.38296974e+000	-1.57608876e+005	0.00000000e+000	4.8261e+014	1.0000e-010	-5.4207e+018
2.200000e+002	2.47669371e-001	-3.40433063e+000	-2.62498617e+005	0.00000000e+000	1.3924e+015	1.0000e-010	-5.4445e+018
2.300000e+002	2.43819510e-001	-3.43618049e+000	-3.68255329e+005	0.00000000e+000	1.1118e+016	1.0000e-010	-5.4682e+018
2.400000e+002	2.29393977e-001	-3.47860602e+000	-4.76403476e+005	0.00000000e+000	9.9801e+016	1.0000e-010	-5.4919e+018
2.500000e+002	2.04153629e-001	-3.53184637e+000	-6.00125937e+005	0.00000000e+000	8.7139e+017	1.0000e-010	-5.5156e+018
2.600000e+002	-1.24658965e-001	-3.52465896e+000	5.05083550e+005	0.00000000e+000	6.9952e+018	1.0000e-010	6.4622e+019
2.700000e+002	-7.41506095e-002	-3.47415061e+000	3.43648154e+005	0.00000000e+000	8.4741e+018	1.0000e-010	0.0000e+000
2.800000e+002	-3.97857941e-002	-3.43978579e+000	2.30696237e+005	0.00000000e+000	5.9288e+018	1.0000e-010	0.0000e+000
2.900000e+002	-1.67161705e-002	-3.41671617e+000	1.65634265e+005	0.00000000e+000	3.4148e+018	1.0000e-010	0.0000e+000
3.000000e+002	-1.52743939e-004	-3.40015274e+000	1.27875608e+005	0.00000000e+000	1.9816e+018	1.0000e-010	0.0000e+000
3.100000e+002	1.26348169e-002	-3.38736518e+000	1.03787885e+005	0.00000000e+000	1.2640e+018	1.0000e-010	0.0000e+000
3.200000e+002	2.30136054e-002	-3.37698639e+000	8.70472339e+004	0.00000000e+000	8.7838e+017	1.0000e-010	0.0000e+000
3.300000e+002	3.17183288e-002	-3.36828167e+000	7.47497356e+004	0.00000000e+000	6.4521e+017	1.0000e-010	0.0000e+000
3.400000e+002	3.91933023e-002	-3.36080670e+000	6.53910592e+004	0.00000000e+000	4.9100e+017	1.0000e-010	0.0000e+000
3.500000e+002	4.57324082e-002	-3.35426759e+000	5.80823224e+004	0.00000000e+000	3.8344e+017	1.0000e-010	0.0000e+000
3.600000e+002	5.15406405e-002	-3.34845936e+000	5.22319713e+004	0.00000000e+000	3.0692e+017	1.0000e-010	0.0000e+000
3.700000e+002	5.67638376e-002	-3.34323616e+000	4.74383438e+004	0.00000000e+000	2.5147e+017	1.0000e-010	0.0000e+000
3.800000e+002	6.15076720e-002	-3.33849233e+000	4.34413888e+004	0.00000000e+000	2.0968e+017	1.0000e-010	0.0000e+000
3.900000e+002	6.58518109e-002	-3.33414819e+000	4.00662826e+004	0.00000000e+000	1.7705e+017	1.0000e-010	0.0000e+000
4.000000e+002	6.98584391e-002	-3.33014156e+000	3.71797468e+004	0.00000000e+000	1.5142e+017	1.0000e-010	0.0000e+000
4.100000e+002	7.35764138e-002	-3.32642359e+000	3.46779092e+004	0.00000000e+000	1.3124e+017	1.0000e-010	0.0000e+000
4.200000e+002	7.70442047e-002	-3.32295580e+000	3.24868520e+004	0.00000000e+000	1.1494e+017	1.0000e-010	0.0000e+000
4.300000e+002	8.02928899e-002	-3.31970711e+000	3.05553822e+004	0.00000000e+000	1.0132e+017	1.0000e-010	0.0000e+000
4.400000e+002	8.33484282e-002	-3.31665157e+000	2.88426946e+004	0.00000000e+000	8.9842e+016	1.0000e-010	0.0000e+000
4.500000e+002	8.62326976e-002	-3.31376730e+000	2.73123560e+004	0.00000000e+000	8.0276e+016	1.0000e-010	0.0000e+000
4.600000e+002	8.89639332e-002	-3.31103607e+000	2.59340339e+004	0.00000000e+000	7.2302e+016	1.0000e-010	0.0000e+000
4.700000e+002	9.15573366e-002	-3.30844266e+000	2.46856983e+004	0.00000000e+000	6.5483e+016	1.0000e-010	0.0000e+000
4.800000e+002	9.40259064e-002	-3.30597409e+000	2.35516033e+004	0.00000000e+000	5.9491e+016	1.0000e-010	0.0000e+000
4.900000e+002	9.63810668e-002	-3.30361893e+000	2.25182342e+004	0.00000000e+000	5.4207e+016	1.0000e-010	0.0000e+000
5.000000e+002	9.86328902e-002	-3.30136711e+000	2.15723009e+004	0.00000000e+000	4.9620e+016	1.0000e-010	0.0000e+000
5.100000e+002	1.00790120e-001	-3.29920988e+000	2.07016609e+004	0.00000000e+000	4.5671e+016	1.0000e-010	0.0000e+000
5.200000e+002	1.02860286e-001	-3.29713971e+000	1.98968944e+004	0.00000000e+000	4.2216e+016	1.0000e-010	0.0000e+000
5.300000e+002	1.04849976e-001	-3.29515002e+000	1.91513810e+004	0.00000000e+000	3.9108e+016	1.0000e-010	0.0000e+000
5.400000e+002	1.06765114e-001	-3.29323489e+000	1.84598996e+004	0.00000000e+000	3.6274e+016	1.0000e-010	0.0000e+000
5.500000e+002	1.08611104e-001	-3.29138890e+000	1.78172364e+004	0.00000000e+000	3.3713e+016	1.0000e-010	0.0000e+000
5.600000e+002	1.10392828e-001	-3.28960717e+000	1.72179084e+004	0.00000000e+000	3.1440e+016	1.0000e-010	0.0000e+000
5.700000e+002	1.12114618e-001	-3.28788538e+000	1.66568428e+004	0.00000000e+000	2.9433e+016	1.0000e-010	0.0000e+000
5.800000e+002	1.13780303e-001	-3.28621970e+000	1.61300895e+004	0.00000000e+000	2.7633e+016	1.0000e-010	0.0000e+000
5.900000e+002	1.15393312e-001	-3.28460669e+000	1.56348811e+004	0.00000000e+000	2.5978e+016	1.0000e-010	0.0000e+000
6.000000e+002	1.16956800e-001	-3.28304320e+000	1.51690806e+004	0.00000000e+000	2.4436e+016	1.0000e-010	0.0000e+000
6.100000e+002	1.18473708e-001	-3.28152629e+000	1.47305424e+004	0.00000000e+000	2.3006e+016	1.0000e-010	0.0000e+000
6.200000e+002	1.19946762e-001	-3.28005324e+000	1.43168507e+004	0.00000000e+000	2.1703e+016	1.0000e-010	0.0000e+000
6.300000e+002	1.21378447e-001	-3.27862155e+000	1.39255129e+004	0.00000000e+000	2.0530e+016	1.0000e-010	0.0000e+000
6.400000e+002	1.22770998e-001	-3.27722900e+000	1.35543394e+004	0.00000000e+000	1.9472e+016	1.0000e-010	0.0000e+000
6.500000e+002	1.24126432e-001	-3.27587357e+000	1.32016880e+004	0.00000000e+000	1.8501e+016	1.0000e-010	0.0000e+000
6.600000e+002	1.25446601e-001	-3.27455340e+000	1.28664176e+004	0.00000000e+000	1.7589e+016	1.0000e-010	0.0000e+000
6.700000e+002	1.26733243e-001	-3.27326676e+000	1.25476309e+004	0.00000000e+000	1.6725e+016	1.0000e-010	0.0000e+000
6.800000e+002	1.27988006e-001	-3.27201199e+000	1.22443968e+004	0.00000000e+000	1.5909e+016	1.0000e-010	0.0000e+000
6.900000e+002	1.29212446e-001	-3.27078755e+000	1.19556152e+004	0.00000000e+000	1.5151e+016	1.0000e-010	0.0000e+000
7.000000e+002	1.30408007e-001	-3.26959199e+000	1.16800657e+004	0.00000000e+000	1.4457e+016	1.0000e-010	0.0000e+000
7.100000e+002	1.31576014e-001	-3.26842399e+000	1.14165693e+004	0.00000000e+000	1.3825e+016	1.0000e-010	0.0000e+000
7.200000e+002	1.32717671e-001	-3.26728233e+000	1.11641474e+004	0.00000000e+000	1.3244e+016	1.0000e-010	0.0000e+000
7.300000e+002	1.33834085e-001	-3.26616591e+000	1.09220921e+004	0.00000000e+000	1.2700e+016	1.0000e-010	0.0000e+000
7.400000e+002	1.34926295e-001	-3.26507371e+000	1.06899243e+004	0.00000000e+000	1.2182e+016	1.0000e-010	0.0000e+000
7.500000e+002	1.35995287e-001	-3.26400471e+000	1.04672778e+004	0.00000000e+000	1.1683e+016	1.0000e-010	0.0000e+000
7.600000e+002	1.37042015e-001	-3.26295799e+000	1.02537721e+004	0.00000000e+000	1.1203e+016	1.0000e-010	0.0000e+000
7.700000e+002	1.38067392e-001	-3.26193261e+000	1.00489330e+004	0.00000000e+000	1.0749e+016	1.0000e-010	0.0000e+000
7.800000e+002	1.39072285e-001	-3.26092771e+000	9.85217750e+003	0.00000000e+000	1.0325e+016	1.0000e-010	0.0000e+000
7.900000e+002	1.40057503e-001	-3.25994250e+000	9.66286166e+003	0.00000000e+000	9.9347e+015	1.0000e-010	0.0000e+000
8.000000e+002	1.41023789e-001	-3.25897621e+000	9.48035871e+003	0.00000000e+000	9.5774e+015	1.0000e-010	0.0000e+000
8.100000e+002	1.41971825e-001	-3.25802817e+000	9.30413371e+003	0.00000000e+000	9.2482e+015	1.0000e-010	0.0000e+000
8.200000e+002	1.42902238e-001	-3.25709776e+000	9.13378932e+003	0.00000000e+000	8.9399e+015	1.0000e-010	0.0000e+000
8.300000e+002	1.43815617e-001	-3.25618438e+000	8.96907279e+003	0.00000000e+000	8.6448e+015	1.0000e-010	0.0000e+000
8.400000e+002	1.44712525e-001	-3.25528748e+000	8.80984827e+003	0.00000000e+000	8.3569e+015	1.0000e-010	0.0000e+000
8.500000e+002	1.45593510e-001	-3.25440649e+000	8.65604804e+003	0.00000000e+000	8.0725e+015	1.0000e-010	0.0000e+000
8.600000e+002	1.46459114e-001	-3.25354089e+000	8.50761865e+003	0.00000000e+000	7.7909e+015	1.0000e-010	0.0000e+000
8.700000e+002	1.47309876e-001	-3.25269012e+000	8.36447548e+003	0.00000000e+000	7.5137e+015	1.0000e-010	0.0000e+000
8.800000e+002	1.48146324e-001	-3.25185368e+000	8.22647407e+003	0.00000000e+000	7.2441e+015	1.0000e-010	0.0000e+000
8.900000e+002	1.48968971e-001	-3.25103103e+000	8.09340007e+003	0.00000000e+000	6.9857e+015	1.0000e-010	0.0000e+000
9.000000e+002	1.49778311e-001	-3.25022169e+000	7.96497575e+003	0.00000000e+000	6.7419e+015	1.0000e-010	0.0000e+000
9.100000e+002	1.50574809e-001	-3.24942519e+000	7.84087769e+003	0.00000000e+000	6.5149e+015	1.0000e-010	0.0000e+000
9.200000e+002	1.51358896e-001	-3.24864110e+000	7.72075999e+003	0.00000000e+000	6.3061e+015	1.0000e-010	0.0000e+000
9.300000e+002	1.52130972e-001	-3.24786903e+000	7.60427776e+003	0.00000000e+000	6.1154e+015	1.0000e-010	0.0000e+000
9.400000e+002	1.52891400e-001	-3.24710860e+000	7.49110537e+003	0.00000000e+000	5.9417e+015	1.0000e-010	0.0000e+000
9.500000e+002	1.53640511e-001	-3.24635949e+000	7.38095663e+003	0.00000000e+000	5.7830e+015	1.0000e-010	0.0000e+000
9.600000e+002	1.54378606e-001	-3.24562139e+000	7.27358989e+003	0.00000000e+000	5.6370e+015	1.0000e-010	0.0000e+000
9.700000e+002	1.55105965e-001	-3.24489403e+000	7.16881456e+003	0.00000000e+000	5.5009e+015	1.0000e-010	0.0000e+000
9.800000e+002	1.55822847e-001	-3.24417715e+000	7.06649427e+003	0.00000000e+000	5.3720e+015	1.0000e-010	0.0000e+000
9.900000e+002	1.56529496e-001	-3.24347050e+000	6.96654929e+003	0.00000000e+000	5.2473e+015	1.0000e-010	0.0000e+000
1.000000e+003	1.57226151e-001	-3.24277385e+000	6.86901628e+003	0.00000000e+000	5.1207e+015	1.0000e-010	0.0000e+000	-7.0080e-002	-2.3774e-002	4.2067e-002	7.2435e-002	9.1844e-002	1.0605e-001	1.1723e-001	1.1758e-001	1.2644e-001	1.3425e-001	1.4104e-001	1.4705e-001	1.5258e-001
1.010000e+003	1.57913053e-001	-3.24208695e+000	6.77391053e+003	0.00000000e+000	4.9931e+015	1.0000e-010	0.0000e+000
1.020000e+003	1.58590444e-001	-3.24140956e+000	6.68126445e+003	0.00000000e+000	4.8640e+015	1.0000e-010	0.0000e+000
1.030000e+003	1.59258570e-001	-3.24074143e+000	6.59098206e+003	0.00000000e+000	4.7399e+015	1.0000e-010	0.0000e+000
1.040000e+003	1.59917669e-001	-3.24008233e+000	6.50297233e+003	0.00000000e+000	4.6206e+015	1.0000e-010	0.0000e+000
1.050000e+003	1.60567966e-001	-3.23943203e+000	6.41714884e+003	0.00000000e+000	4.5058e+015	1.0000e-010	0.0000e+000
1.060000e+003	1.61209681e-001	-3.23879032e+000	6.33342949e+003	0.00000000e+000	4.3953e+015	1.0000e-010	0.0000e+000
1.070000e+003	1.61843024e-001	-3.23815698e+000	6.25173625e+003	0.00000000e+000	4.2890e+015	1.0000e-010	0.0000e+000
1.080000e+003	1.62468197e-001	-3.23753180e+000	6.17199488e+003	0.00000000e+000	4.1865e+015	1.0000e-010	0.0000e+000
1.090000e+003	1.63085397e-001	-3.23691460e+000	6.09413474e+003	0.00000000e+000	4.0877e+015	1.0000e-010	0.0000e+000
1.100000e+003	1.63694810e-001	-3.23630519e+000	6.01808855e+003	0.00000000e+000	3.9925e+015	1.0000e-010	0.0000e+000
1.110000e+003	1.64296619e-001	-3.23570338e+000	5.94379219e+003	0.00000000e+000	3.9006e+015	1.0000e-010	0.0000e+000
1.120000e+003	1.64890998e-001	-3.23510900e+000	5.87118454e+003	0.00000000e+000	3.8119e+015	1.0000e-010	0.0000e+000
1.130000e+003	1.65478117e-001	-3.23452188e+000	5.80020728e+003	0.00000000e+000	3.7264e+015	1.0000e-010	0.0000e+000
1.140000e+003	1.66058138e-001	-3.23394186e+000	5.73080475e+003	0.00000000e+000	3.6437e+015	1.0000e-010	0.0000e+000
1.150000e+003	1.66631218e-001	-3.23336878e+000	5.66292379e+003	0.00000000e+000	3.5638e+015	1.0000e-010	0.0000e+000
1.160000e+003	1.67197510e-001	-3.23280249e+000	5.59651361e+003	0.00000000e+000	3.4866e+015	1.0000e-010	0.0000e+000
1.170000e+003	1.67757162e-001	-3.23224284e+000	5.53152564e+003	0.00000000e+000	3.4119e+015	1.0000e-010	0.0000e+000
1.180000e+003	1.68310314e-001	-3.23168969e+000	5.46791345e+003	0.00000000e+000	3.3397e+015	1.0000e-010	0.0000e+000
1.190000e+003	1.68857106e-001	-3.23114289e+000	5.40563257e+003	0.00000000e+000	3.2698e+015	1.0000e-010	0.0000e+000
1.200000e+003	1.69397669e-001	-3.23060233e+000	5.34464047e+003	0.00000000e+000	3.2021e+015	1.0000e-010	0.0000e+000
1.210000e+003	1.69932133e-001	-3.23006787e+000	5.28489637e+003	0.00000000e+000	3.1366e+015	1.0000e-010	0.0000e+000
1.220000e+003	1.70460623e-001	-3.22953938e+000	5.22636121e+003	0.00000000e+000	3.0731e+015	1.0000e-010	0.0000e+000
1.230000e+003	1.70983259e-001	-3.22901674e+000	5.16899755e+003	0.00000000e+000	3.0116e+015	1.0000e-010	0.0000e+000
1.240000e+003	1.71500158e-001	-3.22849984e+000	5.11276946e+003	0.00000000e+000	2.9520e+015	1.0000e-010	0.0000e+000
1.250000e+003	1.72011435e-001	-3.22798856e+000	5.05764247e+003	0.00000000e+000	2.8942e+015	1.0000e-010	0.0000e+000
1.260000e+003	1.72517200e-001	-3.22748280e+000	5.00358349e+003	0.00000000e+000	2.8381e+015	1.0000e-010	0.0000e+000
1.270000e+003	1.73017558e-001	-3.22698244e+000	4.95056076e+003	0.00000000e+000	2.7837e+015	1.0000e-010	0.0000e+000
1.280000e+003	1.73512614e-001	-3.22648739e+000	4.89854372e+003	0.00000000e+000	2.7309e+015	1.0000e-010	0.0000e+000
1.290000e+003	1.74002468e-001	-3.22599753e+000	4.84750305e+003	0.00000000e+000	2.6797e+015	1.0000e-010	0.0000e+000
1.300000e+003	1.74487219e-001	-3.22551278e+000	4.79741053e+003	0.00000000e+000	2.6299e+015	1.0000e-010	0.0000e+000
1.310000e+003	1.74966960e-001	-3.22503304e+000	4.74823901e+003	0.00000000e+000	2.5815e+015	1.0000e-010	0.0000e+000
1.320000e+003	1.75441784e-001	-3.22455822e+000	4.69996238e+003	0.00000000e+000	2.5345e+015	1.0000e-010	0.0000e+000
1.330000e+003	1.75911780e-001	-3.22408822e+000	4.65255551e+003	0.00000000e+000	2.4889e+015	1.0000e-010	0.0000e+000
1.340000e+003	1.76377035e-001	-3.22362296e+000	4.60599418e+003	0.00000000e+000	2.4445e+015	1.0000e-010	0.0000e+000
1.350000e+003	1.76837635e-001	-3.22316237e+000	4.56025507e+003	0.00000000e+000	2.4013e+015	1.0000e-010	0.0000e+000
1.360000e+003	1.77293660e-001	-3.22270634e+000	4.51531572e+003	0.00000000e+000	2.3593e+015	1.0000e-010	0.0000e+000
1.370000e+003	1.77745192e-001	-3.22225481e+000	4.47115447e+003	0.00000000e+000	2.3185e+015	1.0000e-010	0.0000e+000
1.380000e+003	1.78192307e-001	-3.22180769e+000	4.42775043e+003	0.00000000e+000	2.2787e+015	1.0000e-010	0.0000e+000
1.390000e+003	1.78635082e-001	-3.22136492e+000	4.38508346e+003	0.00000000e+000	2.2400e+015	1.0000e-010	0.0000e+000
1.400000e+003	1.79073591e-001	-3.22092641e+000	4.34313411e+003	0.00000000e+000	2.2024e+015	1.0000e-010	0.0000e+000
1.410000e+003	1.79507904e-001	-3.22049210e+000	4.30188362e+003	0.00000000e+000	2.1657e+015	1.0000e-010	0.0000e+000
1.420000e+003	1.79938093e-001	-3.22006191e+000	4.26131388e+003	0.00000000e+000	2.1299e+015	1.0000e-010	0.0000e+000
1.430000e+003	1.80364224e-001	-3.21963578e+000	4.22140739e+003	0.00000000e+000	2.0951e+015	1.0000e-010	0.0000e+000
1.440000e+003	1.80786365e-001	-3.21921364e+000	4.18214725e+003	0.00000000e+000	2.0612e+015	1.0000e-010	0.0000e+000
1.450000e+003	1.81204579e-001	-3.21879542e+000	4.14351712e+003	0.00000000e+000	2.0281e+015	1.0000e-010	0.0000e+000
1.460000e+003	1.81618931e-001	-3.21838107e+000	4.10550121e+003	0.00000000e+000	1.9959e+015	1.0000e-010	0.0000e+000
1.470000e+003	1.82029481e-001	-3.21797052e+000	4.06808425e+003	0.00000000e+000	1.9644e+015	1.0000e-010	0.0000e+000
1.480000e+003	1.82436290e-001	-3.21756371e+000	4.03125148e+003	0.00000000e+000	1.9337e+015	1.0000e-010	0.0000e+000
1.490000e+003	1.82839415e-001	-3.21716059e+000	3.99498862e+003	0.00000000e+000	1.9038e+015	1.0000e-010	0.0000e+000
1.500000e+003	1.83238914e-001	-3.21676109e+000	3.95928182e+003	0.00000000e+000	1.8746e+015	1.0000e-010	0.0000e+000
1.510000e+003	1.83634842e-001	-3.21636516e+000	3.92411772e+003	0.00000000e+000	1.8461e+015	1.0000e-010	0.0000e+000
1.520000e+003	1.84027254e-001	-3.21597275e+000	3.88948334e+003	0.00000000e+000	1.8183e+015	1.0000e-010	0.0000e+000
1.530000e+003	1.84416202e-001	-3.21558380e+000	3.85536615e+003	0.00000000e+000	1.7912e+015	1.0000e-010	0.0000e+000
1.540000e+003	1.84801739e-001	-3.21519826e+000	3.82175398e+003	0.00000000e+000	1.7647e+015	1.0000e-010	0.0000e+000
1.550000e+003	1.85183914e-001	-3.21481609e+000	3.78863505e+003	0.00000000e+000	1.7388e+015	1.0000e-010	0.0000e+000
1.560000e+003	1.85562778e-001	-3.21443722e+000	3.75599795e+003	0.00000000e+000	1.7135e+015	1.0000e-010	0.0000e+000
1.570000e+003	1.85938377e-001	-3.21406162e+000	3.72383159e+003	0.00000000e+000	1.6887e+015	1.0000e-010	0.0000e+000
1.580000e+003	1.86310760e-001	-3.21368924e+000	3.69212525e+003	0.00000000e+000	1.6646e+015	1.0000e-010	0.0000e+000
1.590000e+003	1.86679973e-001	-3.21332003e+000	3.66086852e+003	0.00000000e+000	1.6410e+015	1.0000e-010	0.0000e+000
1.600000e+003	1.87046060e-001	-3.21295394e+000	3.63005129e+003	0.00000000e+000	1.6179e+015	1.0000e-010	0.0000e+000
1.610000e+003	1.87409065e-001	-3.21259094e+000	3.59966376e+003	0.00000000e+000	1.5954e+015	1.0000e-010	0.0000e+000
1.620000e+003	1.87769031e-001	-3.21223097e+000	3.56969642e+003	0.00000000e+000	1.5733e+015	1.0000e-010	0.0000e+000
1.630000e+003	1.88126001e-001	-3.21187400e+000	3.54014003e+003	0.00000000e+000	1.5517e+015	1.0000e-010	0.0000e+000
1.640000e+003	1.88480015e-001	-3.21151998e+000	3.51098563e+003	0.00000000e+000	1.5306e+015	1.0000e-010	0.0000e+000
1.650000e+003	1.88831114e-001	-3.21116889e+000	3.48222449e+003	0.00000000e+000	1.5100e+015	1.0000e-010	0.0000e+000
1.660000e+003	1.89179336e-001	-3.21082066e+000	3.45384817e+003	0.00000000e+000	1.4898e+015	1.0000e-010	0.0000e+000
1.670000e+003	1.89524721e-001	-3.21047528e+000	3.42584844e+003	0.00000000e+000	1.4700e+015	1.0000e-010	0.0000e+000
1.680000e+003	1.89867306e-001	-3.21013269e+000	3.39821730e+003	0.00000000e+000	1.4506e+015	1.0000e-010	0.0000e+000
1.690000e+003	1.90207127e-001	-3.20979287e+000	3.37094700e+003	0.00000000e+000	1.4317e+015	1.0000e-010	0.0000e+000
1.700000e+003	1.90544222e-001	-3.20945578e+000	3.34402997e+003	0.00000000e+000	1.4132e+015	1.0000e-010	0.0000e+000
1.710000e+003	1.90878625e-001	-3.20912137e+000	3.31745889e+003	0.00000000e+000	1.3950e+015	1.0000e-010	0.0000e+000
1.720000e+003	1.91210371e-001	-3.20878963e+000	3.29122660e+003	0.00000000e+000	1.3772e+015	1.0000e-010	0.0000e+000
1.730000e+003	1.91539494e-001	-3.20846051e+000	3.26532615e+003	0.00000000e+000	1.3598e+015	1.0000e-010	0.0000e+000
1.740000e+003	1.91866026e-001	-3.20813397e+000	3.23975080e+003	0.00000000e+000	1.3427e+015	1.0000e-010	0.0000e+000
1.750000e+003	1.92190001e-001	-3.20781000e+000	3.21449395e+003	0.00000000e+000	1.3260e+015	1.0000e-010	0.0000e+000
1.760000e+003	1.92511451e-001	-3.20748855e+000	3.18954920e+003	0.00000000e+000	1.3096e+015	1.0000e-010	0.0000e+000
1.770000e+003	1.92830406e-001	-3.20716959e+000	3.16491033e+003	0.00000000e+000	1.2936e+015	1.0000e-010	0.0000e+000
1.780000e+003	1.93146897e-001	-3.20685310e+000	3.14057126e+003	0.00000000e+000	1.2778e+015	1.0000e-010	0.0000e+000
1.790000e+003	1.93460954e-001	-3.20653905e+000	3.11652608e+003	0.00000000e+000	1.2624e+015	1.0000e-010	0.0000e+000
1.800000e+003	1.93772606e-001	-3.20622739e+000	3.09276903e+003	0.00000000e+000	1.2473e+015	1.0000e-010	0.0000e+000
1.810000e+003	1.94081883e-001	-3.20591812e+000	3.06929449e+003	0.00000000e+000	1.2324e+015	1.0000e-010	0.0000e+000
1.820000e+003	1.94388813e-001	-3.20561119e+000	3.04609702e+003	0.00000000e+000	1.2179e+015	1.0000e-010	0.0000e+000
1.830000e+003	1.94693422e-001	-3.20530658e+000	3.02317127e+003	0.00000000e+000	1.2036e+015	1.0000e-010	0.0000e+000
1.840000e+003	1.94995740e-001	-3.20500426e+000	3.00051206e+003	0.00000000e+000	1.1896e+015	1.0000e-010	0.0000e+000
1.850000e+003	1.95295791e-001	-3.20470421e+000	2.97811432e+003	0.00000000e+000	1.1759e+015	1.0000e-010	0.0000e+000
1.860000e+003	1.95593602e-001	-3.20440640e+000	2.95597312e+003	0.00000000e+000	1.1624e+015	1.0000e-010	0.0000e+000
1.870000e+003	1.95889200e-001	-3.20411080e+000	2.93408365e+003	0.00000000e+000	1.1492e+015	1.0000e-010	0.0000e+000
1.880000e+003	1.96182608e-001	-3.20381739e+000	2.91244120e+003	0.00000000e+000	1.1362e+015	1.0000e-010	0.0000e+000
1.890000e+003	1.96473852e-001	-3.20352615e+000	2.89104121e+003	0.00000000e+000	1.1235e+015	1.0000e-010	0.0000e+000
1.900000e+003	1.96762956e-001	-3.20323704e+000	2.86987921e+003	0.00000000e+000	1.1110e+015	1.0000e-010	0.0000e+000
1.910000e+003	1.97049944e-001	-3.20295006e+000	2.84895082e+003	0.00000000e+000	1.0987e+015	1.0000e-010	0.0000e+000
1.920000e+003	1.97334839e-001	-3.20266516e+000	2.82825181e+003	0.00000000e+000	1.0867e+015	1.0000e-010	0.0000e+000
1.930000e+003	1.97617664e-001	-3.20238234e+000	2.80777801e+003	0.00000000e+000	1.0749e+015	1.0000e-010	0.0000e+000
1.940000e+003	1.97898442e-001	-3.20210156e+000	2.78752538e+003	0.00000000e+000	1.0633e+015	1.0000e-010	0.0000e+000
1.950000e+003	1.98177195e-001	-3.20182281e+000	2.76748995e+003	0.00000000e+000	1.0519e+015	1.0000e-010	0.0000e+000
1.960000e+003	1.98453944e-001	-3.20154606e+000	2.74766785e+003	0.00000000e+000	1.0407e+015	1.0000e-010	0.0000e+000
1.970000e+003	1.98728710e-001	-3.20127129e+000	2.72805532e+003	0.00000000e+000	1.0297e+015	1.0000e-010	0.0000e+000
1.980000e+003	1.99001516e-001	-3.20099848e+000	2.70864867e+003	0.00000000e+000	1.0189e+015	1.0000e-010	0.0000e+000
1.990000e+003	1.99272381e-001	-3.20072762e+000	2.68944428e+003	0.00000000e+000	1.0082e+015	1.0000e-010	0.0000e+000
2.000000e+003	1.99541325e-001	-3.20045867e+000	2.67043865e+003	0.00000000e+000	9.9780e+014	1.0000e-010	0.0000e+000
2.010000e+003	1.99808369e-001	-3.20019163e+000	2.65162833e+003	0.00000000e+000	9.8755e+014	1.0000e-010	0.0000e+000
2.020000e+003	2.00073532e-001	-3.19992647e+000	2.63300997e+003	0.00000000e+000	9.7747e+014	1.0000e-010	0.0000e+000
2.030000e+003	2.00336833e-001	-3.19966317e+000	2.61458026e+003	0.00000000e+000	9.6757e+014	1.0000e-010	0.0000e+000
2.040000e+003	2.00598291e-001	-3.19940171e+000	2.59633601e+003	0.00000000e+000	9.5783e+014	1.0000e-010	0.0000e+000
2.050000e+003	2.00857925e-001	-3.19914208e+000	2.57827407e+003	0.00000000e+000	9.4826e+014	1.0000e-010	0.0000e+000
2.060000e+003	2.01115752e-001	-3.19888425e+000	2.56039137e+003	0.00000000e+000	9.3885e+014	1.0000e-010	0.0000e+000
2.070000e+003	2.01371791e-001	-3.19862821e+000	2.54268491e+003	0.00000000e+000	9.2960e+014	1.0000e-010	0.0000e+000
2.080000e+003	2.01626060e-001	-3.19837394e+000	2.52515174e+003	0.00000000e+000	9.2050e+014	1.0000e-010	0.0000e+000
2.090000e+003	2.01878575e-001	-3.19812143e+000	2.50778901e+003	0.00000000e+000	9.1155e+014	1.0000e-010	0.0000e+000
2.100000e+003	2.02129354e-001	-3.19787065e+000	2.49059388e+003	0.00000000e+000	9.0275e+014	1.0000e-010	0.0000e+000
2.110000e+003	2.02378413e-001	-3.19762159e+000	2.47356362e+003	0.00000000e+000	8.9410e+014	1.0000e-010	0.0000e+000
2.120000e+003	2.02625769e-001	-3.19737423e+000	2.45669553e+003	0.00000000e+000	8.8558e+014	1.0000e-010	0.0000e+000
2.130000e+003	2.02871439e-001	-3.19712856e+000	2.43998698e+003	0.00000000e+000	8.7721e+014	1.0000e-010	0.0000e+000
2.140000e+003	2.03115438e-001	-3.19688456e+000	2.42343539e+003	0.00000000e+000	8.6896e+014	1.0000e-010	0.0000e+000
2.150000e+003	2.03357781e-001	-3.19664222e+000	2.40703823e+003	0.00000000e+000	8.6086e+014	1.0000e-010	0.0000e+000
2.160000e+003	2.03598485e-001	-3.19640151e+000	2.39079303e+003	0.00000000e+000	8.5288e+014	1.0000e-010	0.0000e+000
2.170000e+003	2.03837564e-001	-3.19616244e+000	2.37469737e+003	0.00000000e+000	8.4503e+014	1.0000e-010	0.0000e+000
2.180000e+003	2.04075034e-001	-3.19592497e+000	2.35874889e+003	0.00000000e+000	8.3730e+014	1.0000e-010	0.0000e+000
2.190000e+003	2.04310909e-001	-3.19568909e+000	2.34294527e+003	0.00000000e+000	8.2970e+014	1.0000e-010	0.0000e+000
2.200000e+003	2.04545204e-001	-3.19545480e+000	2.32728422e+003	0.00000000e+000	8.2221e+014	1.0000e-010	0.0000e+000
2.210000e+003	2.04777932e-001	-3.19522207e+000	2.31176352e+003	0.00000000e+000	8.1484e+014	1.0000e-010	0.0000e+000
2.220000e+003	2.05009108e-001	-3.19499089e+000	2.29638100e+003	0.00000000e+000	8.0759e+014	1.0000e-010	0.0000e+000
2.230000e+003	2.05238746e-001	-3.19476125e+000	2.28113452e+003	0.00000000e+000	8.0045e+014	1.0000e-010	0.0000e+000
2.240000e+003	2.05466860e-001	-3.19453314e+000	2.26602197e+003	0.00000000e+000	7.9341e+014	1.0000e-010	0.0000e+000
2.250000e+003	2.05693462e-001	-3.19430654e+000	2.25104131e+003	0.00000000e+000	7.8649e+014	1.0000e-010	0.0000e+000
2.260000e+003	2.05918566e-001	-3.19408143e+000	2.23619053e+003	0.00000000e+000	7.7967e+014	1.0000e-010	0.0000e+000
2.270000e+003	2.06142185e-001	-3.19385781e+000	2.22146765e+003	0.00000000e+000	7.7296e+014	1.0000e-010	0.0000e+000
2.280000e+003	2.06364332e-001	-3.19363567e+000	2.20687075e+003	0.00000000e+000	7.6634e+014	1.0000e-010	0.0000e+000
2.290000e+003	2.06585019e-001	-3.19341498e+000	2.19239792e+003	0.00000000e+000	7.5983e+014	1.0000e-010	0.0000e+000
2.300000e+003	2.06804259e-001	-3.19319574e+000	2.17804731e+003	0.00000000e+000	7.5341e+014	1.0000e-010	0.0000e+000
2.310000e+003	2.07022064e-001	-3.19297794e+000	2.16381710e+003	0.00000000e+000	7.4709e+014	1.0000e-010	0.0000e+000
2.320000e+003	2.07238445e-001	-3.19276155e+000	2.14970549e+003	0.00000000e+000	7.4086e+014	1.0000e-010	0.0000e+000
2.330000e+003	2.07453416e-001	-3.19254658e+000	2.13571075e+003	0.00000000e+000	7.3473e+014	1.0000e-010	0.0000e+000
2.340000e+003	2.07666987e-001	-3.19233301e+000	2.12183114e+003	0.00000000e+000	7.2868e+014	1.0000e-010	0.0000e+000
2.350000e+003	2.07879170e-001	-3.19212083e+000	2.10806499e+003	0.00000000e+000	7.2273e+014	1.0000e-010	0.0000e+000
2.360000e+003	2.08089977e-001	-3.19191002e+000	2.09441063e+003	0.00000000e+000	7.1686e+014	1.0000e-010	0.0000e+000
2.370000e+003	2.08299418e-001	-3.19170058e+000	2.08086645e+003	0.00000000e+000	7.1107e+014	1.0000e-010	0.0000e+000
2.380000e+003	2.08507504e-001	-3.19149250e+000	2.06743085e+003	0.00000000e+000	7.0537e+014	1.0000e-010	0.0000e+000
2.390000e+003	2.08714247e-001	-3.19128575e+000	2.05410227e+003	0.00000000e+000	6.9976e+014	1.0000e-010	0.0000e+000
2.400000e+003	2.08919658e-001	-3.19108034e+000	2.04087917e+003	0.00000000e+000	6.9422e+014	1.0000e-010	0.0000e+000
2.410000e+003	2.09123746e-001	-3.19087625e+000	2.02776005e+003	0.00000000e+000	6.8876e+014	1.0000e-010	0.0000e+000
2.420000e+003	2.09326522e-001	-3.19067348e+000	2.01474344e+003	0.00000000e+000	6.8338e+014	1.0000e-010	0.0000e+000
2.430000e+003	2.09527996e-001	-3.19047200e+000	2.00182787e+003	0.00000000e+000	6.7807e+014	1.0000e-010	0.0000e+000
2.440000e+003	2.09728179e-001	-3.19027182e+000	1.98901192e+003	0.00000000e+000	6.7284e+014	1.0000e-010	0.0000e+000
2.450000e+003	2.09927080e-001	-3.19007292e+000	1.97629420e+003	0.00000000e+000	6.6768e+014	1.0000e-010	0.0000e+000
2.460000e+003	2.10124709e-001	-3.18987529e+000	1.96367334e+003	0.00000000e+000	6.6260e+014	1.0000e-010	0.0000e+000
2.470000e+003	2.10321077e-001	-3.18967892e+000	1.95114797e+003	0.00000000e+000	6.5759e+014	1.0000e-010	0.0000e+000
2.480000e+003	2.10516191e-001	-3.18948381e+000	1.93871678e+003	0.00000000e+000	6.5264e+014	1.0000e-010	0.0000e+000
2.490000e+003	2.10710063e-001	-3.18928994e+000	1.92637847e+003	0.00000000e+000	6.4777e+014	1.0000e-010	0.0000e+000
2.500000e+003	2.10902701e-001	-3.18909730e+000	1.91413176e+003	0.00000000e+000	6.4296e+014	1.0000e-010	0.0000e+000
2.510000e+003	2.11094114e-001	-3.18890589e+000	1.90197539e+003	0.00000000e+000	6.3821e+014	1.0000e-010	0.0000e+000
2.520000e+003	2.11284312e-001	-3.18871569e+000	1.88990813e+003	0.00000000e+000	6.3354e+014	1.0000e-010	0.0000e+000
2.530000e+003	2.11473302e-001	-3.18852670e+000	1.87792876e+003	0.00000000e+000	6.2892e+014	1.0000e-010	0.0000e+000
2.540000e+003	2.11661095e-001	-3.18833890e+000	1.86603610e+003	0.00000000e+000	6.2437e+014	1.0000e-010	0.0000e+000
2.550000e+003	2.11847699e-001	-3.18815230e+000	1.85422898e+003	0.00000000e+000	6.1988e+014	1.0000e-010	0.0000e+000
2.560000e+003	2.12033122e-001	-3.18796688e+000	1.84250623e+003	0.00000000e+000	6.1545e+014	1.0000e-010	0.0000e+000
2.570000e+003	2.12217372e-001	-3.18778263e+000	1.83086674e+003	0.00000000e+000	6.1108e+014	1.0000e-010	0.0000e+000
2.580000e+003	2.12400459e-001	-3.18759954e+000	1.81930939e+003	0.00000000e+000	6.0676e+014	1.0000e-010	0.0000e+000
2.590000e+003	2.12582390e-001	-3.18741761e+000	1.80783309e+003	0.00000000e+000	6.0251e+014	1.0000e-010	0.0000e+000
2.600000e+003	2.12763173e-001	-3.18723683e+000	1.79643676e+003	0.00000000e+000	5.9831e+014	1.0000e-010	0.0000e+000
2.610000e+003	2.12942817e-001	-3.18705718e+000	1.78511935e+003	0.00000000e+000	5.9417e+014	1.0000e-010	0.0000e+000
2.620000e+003	2.13121329e-001	-3.18687867e+000	1.77387982e+003	0.00000000e+000	5.9008e+014	1.0000e-010	0.0000e+000
2.630000e+003	2.13298717e-001	-3.18670128e+000	1.76271715e+003	0.00000000e+000	5.8604e+014	1.0000e-010	0.0000e+000
2.640000e+003	2.13474989e-001	-3.18652501e+000	1.75163033e+003	0.00000000e+000	5.8206e+014	1.0000e-010	0.0000e+000
2.650000e+003	2.13650152e-001	-3.18634985e+000	1.74061837e+003	0.00000000e+000	5.7813e+014	1.0000e-010	0.0000e+000
2.660000e+003	2.13824214e-001	-3.18617579e+000	1.72968032e+003	0.00000000e+000	5.7425e+014	1.0000e-010	0.0000e+000
2.670000e+003	2.13997182e-001	-3.18600282e+000	1.71881520e+003	0.00000000e+000	5.7042e+014	1.0000e-010	0.0000e+000
2.680000e+003	2.14169063e-001	-3.18583094e+000	1.70802208e+003	0.00000000e+000	5.6664e+014	1.0000e-010	0.0000e+000
2.690000e+003	2.14339865e-001	-3.18566013e+000	1.69730003e+003	0.00000000e+000	5.6291e+014	1.0000e-010	0.0000e+000
2.700000e+003	2.14509595e-001	-3.18549040e+000	1.68664815e+003	0.00000000e+000	5.5923e+014	1.0000e-010	0.0000e+000
2.710000e+003	2.14678260e-001	-3.18532174e+000	1.67606554e+003	0.00000000e+000	5.5559e+014	1.0000e-010	0.0000e+000
2.720000e+003	2.14845867e-001	-3.18515413e+000	1.66555131e+003	0.00000000e+000	5.5200e+014	1.0000e-010	0.0000e+000
2.730000e+003	2.15012422e-001	-3.18498758e+000	1.65510461e+003	0.00000000e+000	5.4846e+014	1.0000e-010	0.0000e+000
2.740000e+003	2.15177932e-001	-3.18482207e+000	1.64472458e+003	0.00000000e+000	5.4496e+014	1.0000e-010	0.0000e+000
2.750000e+003	2.15342405e-001	-3.18465760e+000	1.63441037e+003	0.00000000e+000	5.4150e+014	1.0000e-010	0.0000e+000
2.760000e+003	2.15505846e-001	-3.18449415e+000	1.62416117e+003	0.00000000e+000	5.3809e+014	1.0000e-010	0.0000e+000
2.770000e+003	2.15668262e-001	-3.18433174e+000	1.61397616e+003	0.00000000e+000	5.3472e+014	1.0000e-010	0.0000e+000
2.780000e+003	2.15829659e-001	-3.18417034e+000	1.60385453e+003	0.00000000e+000	5.3139e+014	1.0000e-010	0.0000e+000
2.790000e+003	2.15990045e-001	-3.18400996e+000	1.59379551e+003	0.00000000e+000	5.2810e+014	1.0000e-010	0.0000e+000
2.800000e+003	2.16149424e-001	-3.18385058e+000	1.58379831e+003	0.00000000e+000	5.2486e+014	1.0000e-010	0.0000e+000
2.810000e+003	2.16307804e-001	-3.18369220e+000	1.57386217e+003	0.00000000e+000	5.2165e+014	1.0000e-010	0.0000e+000
2.820000e+003	2.16465191e-001	-3.18353481e+000	1.56398633e+003	0.00000000e+000	5.1848e+014	1.0000e-010	0.0000e+000
2.830000e+003	2.16621589e-001	-3.18337841e+000	1.55417006e+003	0.00000000e+000	5.1536e+014	1.0000e-010	0.0000e+000
2.840000e+003	2.16777006e-001	-3.18322299e+000	1.54441263e+003	0.00000000e+000	5.1227e+014	1.0000e-010	0.0000e+000
2.850000e+003	2.16931447e-001	-3.18306855e+000	1.53471332e+003	0.00000000e+000	5.0922e+014	1.0000e-010	0.0000e+000
2.860000e+003	2.17084919e-001	-3.18291508e+000	1.52507142e+003	0.00000000e+000	5.0620e+014	1.0000e-010	0.0000e+000
2.870000e+003	2.17237426e-001	-3.18276257e+000	1.51548623e+003	0.00000000e+000	5.0323e+014	1.0000e-010	0.0000e+000
2.880000e+003	2.17388975e-001	-3.18261103e+000	1.50595706e+003	0.00000000e+000	5.0028e+014	1.0000e-010	0.0000e+000
2.890000e+003	2.17539570e-001	-3.18246043e+000	1.49648324e+003	0.00000000e+000	4.9738e+014	1.0000e-010	0.0000e+000
2.900000e+003	2.17689219e-001	-3.18231078e+000	1.48706411e+003	0.00000000e+000	4.9451e+014	1.0000e-010	0.0000e+000
2.910000e+003	2.17837925e-001	-3.18216208e+000	1.47769900e+003	0.00000000e+000	4.9167e+014	1.0000e-010	0.0000e+000
2.920000e+003	2.17985695e-001	-3.18201431e+000	1.46838727e+003	0.00000000e+000	4.8887e+014	1.0000e-010	0.0000e+000
2.930000e+003	2.18132534e-001	-3.18186747e+000	1.45912828e+003	0.00000000e+000	4.8610e+014	1.0000e-010	0.0000e+000
2.940000e+003	2.18278446e-001	-3.18172155e+000	1.44992140e+003	0.00000000e+000	4.8336e+014	1.0000e-010	0.0000e+000
2.950000e+003	2.18423439e-001	-3.18157656e+000	1.44076602e+003	0.00000000e+000	4.8066e+014	1.0000e-010	0.0000e+000
2.960000e+003	2.18567515e-001	-3.18143248e+000	1.43166151e+003	0.00000000e+000	4.7799e+014	1.0000e-010	0.0000e+000
2.970000e+003	2.18710681e-001	-3.18128932e+000	1.42260729e+003	0.00000000e+000	4.7535e+014	1.0000e-010	0.0000e+000
2.980000e+003	2.18852942e-001	-3.18114706e+000	1.41360275e+003	0.00000000e+000	4.7274e+014	1.0000e-010	0.0000e+000
2.990000e+003	2.18994302e-001	-3.18100570e+000	1.40464732e+003	0.00000000e+000	4.7016e+014	1.0000e-010	0.0000e+000
3.000000e+003	2.19134767e-001	-3.18086523e+000	1.39574042e+003	0.00000000e+000	4.6762e+014	1.0000e-010	0.0000e+000
3.010000e+003	2.19274341e-001	-3.18072566e+000	1.38688147e+003	0.00000000e+000	4.6510e+014	1.0000e-010	0.0000e+000
3.020000e+003	2.19413029e-001	-3.18058697e+000	1.37806992e+003	0.00000000e+000	4.6261e+014	1.0000e-010	0.0000e+000
3.030000e+003	2.19550836e-001	-3.18044916e+000	1.36930522e+003	0.00000000e+000	4.6015e+014	1.0000e-010	0.0000e+000
3.040000e+003	2.19687767e-001	-3.18031223e+000	1.36058682e+003	0.00000000e+000	4.5772e+014	1.0000e-010	0.0000e+000
3.050000e+003	2.19823825e-001	-3.18017617e+000	1.35191418e+003	0.00000000e+000	4.5532e+014	1.0000e-010	0.0000e+000
3.060000e+003	2.19959017e-001	-3.18004098e+000	1.34328678e+003	0.00000000e+000	4.5294e+014	1.0000e-010	0.0000e+000
3.070000e+003	2.20093346e-001	-3.17990665e+000	1.33470409e+003	0.00000000e+000	4.5059e+014	1.0000e-010	0.0000e+000
3.080000e+003	2.20226816e-001	-3.17977318e+000	1.32616560e+003	0.00000000e+000	4.4827e+014	1.0000e-010	0.0000e+000
3.090000e+003	2.20359433e-001	-3.17964057e+000	1.31767079e+003	0.00000000e+000	4.4598e+014	1.0000e-010	0.0000e+000
3.100000e+003	2.20491200e-001	-3.17950880e+000	1.30921918e+003	0.00000000e+000	4.4371e+014	1.0000e-010	0.0000e+000
3.110000e+003	2.20622122e-001	-3.17937788e+000	1.30081025e+003	0.00000000e+000	4.4147e+014	1.0000e-010	0.0000e+000
3.120000e+003	2.20752203e-001	-3.17924780e+000	1.29244354e+003	0.00000000e+000	4.3926e+014	1.0000e-010	0.0000e+000
3.130000e+003	2.20881447e-001	-3.17911855e+000	1.28411854e+003	0.00000000e+000	4.3706e+014	1.0000e-010	0.0000e+000
3.140000e+003	2.21009859e-001	-3.17899014e+000	1.27583480e+003	0.00000000e+000	4.3490e+014	1.0000e-010	0.0000e+000
3.150000e+003	2.21137442e-001	-3.17886256e+000	1.26759184e+003	0.00000000e+000	4.3276e+014	1.0000e-010	0.0000e+000
3.160000e+003	2.21264201e-001	-3.17873580e+000	1.25938919e+003	0.00000000e+000	4.3064e+014	1.0000e-010	0.0000e+000
3.170000e+003	2.21390140e-001	-3.17860986e+000	1.25122641e+003	0.00000000e+000	4.2855e+014	1.0000e-010	0.0000e+000
3.180000e+003	2.21515263e-001	-3.17848474e+000	1.24310304e+003	0.00000000e+000	4.2648e+014	1.0000e-010	0.0000e+000
3.190000e+003	2.21639573e-001	-3.17836043e+000	1.23501864e+003	0.00000000e+000	4.2443e+014	1.0000e-010	0.0000e+000
3.200000e+003	2.21763075e-001	-3.17823692e+000	1.22697276e+003	0.00000000e+000	4.2241e+014	1.0000e-010	0.0000e+000
3.210000e+003	2.21885772e-001	-3.17811423e+000	1.21896499e+003	0.00000000e+000	4.2041e+014	1.0000e-010	0.0000e+000
3.220000e+003	2.22007669e-001	-3.17799233e+000	1.21099488e+003	0.00000000e+000	4.1843e+014	1.0000e-010	0.0000e+000
3.230000e+003	2.22128768e-001	-3.17787123e+000	1.20306202e+003	0.00000000e+000	4.1648e+014	1.0000e-010	0.0000e+000
3.240000e+003	2.22249075e-001	-3.17775093e+000	1.19516599e+003	0.00000000e+000	4.1454e+014	1.0000e-010	0.0000e+000
3.250000e+003	2.22368591e-001	-3.17763141e+000	1.18730638e+003	0.00000000e+000	4.1263e+014	1.0000e-010	0.0000e+000
3.260000e+003	2.22487322e-001	-3.17751268e+000	1.17948278e+003	0.00000000e+000	4.1074e+014	1.0000e-010	0.0000e+000
3.270000e+003	2.22605270e-001	-3.17739473e+000	1.17169480e+003	0.00000000e+000	4.0887e+014	1.0000e-010	0.0000e+000
3.280000e+003	2.22722440e-001	-3.17727756e+000	1.16394204e+003	0.00000000e+000	4.0702e+014	1.0000e-010	0.0000e+000
3.290000e+003	2.22838834e-001	-3.17716117e+000	1.15622410e+003	0.00000000e+000	4.0519e+014	1.0000e-010	0.0000e+000
3.300000e+003	2.22954456e-001	-3.17704554e+000	1.14854060e+003	0.00000000e+000	4.0339e+014	1.0000e-010	0.0000e+000
3.310000e+003	2.23069310e-001	-3.17693069e+000	1.14089117e+003	0.00000000e+000	4.0160e+014	1.0000e-010	0.0000e+000
3.320000e+003	2.23183399e-001	-3.17681660e+000	1.13327542e+003	0.00000000e+000	3.9983e+014	1.0000e-010	0.0000e+000
3.330000e+003	2.23296727e-001	-3.17670327e+000	1.12569298e+003	0.00000000e+000	3.9808e+014	1.0000e-010	0.0000e+000
3.340000e+003	2.23409296e-001	-3.17659070e+000	1.11814348e+003	0.00000000e+000	3.9635e+014	1.0000e-010	0.0000e+000
3.350000e+003	2.23521111e-001	-3.17647889e+000	1.11062657e+003	0.00000000e+000	3.9464e+014	1.0000e-010	0.0000e+000
3.360000e+003	2.23632173e-001	-3.17636783e+000	1.10314188e+003	0.00000000e+000	3.9295e+014	1.0000e-010	0.0000e+000
3.370000e+003	2.23742487e-001	-3.17625751e+000	1.09568906e+003	0.00000000e+000	3.9128e+014	1.0000e-010	0.0000e+000
3.380000e+003	2.23852056e-001	-3.17614794e+000	1.08826777e+003	0.00000000e+000	3.8962e+014	1.0000e-010	0.0000e+000
3.390000e+003	2.23960883e-001	-3.17603912e+000	1.08087764e+003	0.00000000e+000	3.8798e+014	1.0000e-010	0.0000e+000
3.400000e+003	2.24068971e-001	-3.17593103e+000	1.07351836e+003	0.00000000e+000	3.8636e+014	1.0000e-010	0.0000e+000
3.410000e+003	2.24176323e-001	-3.17582368e+000	1.06618956e+003	0.00000000e+000	3.8476e+014	1.0000e-010	0.0000e+000
3.420000e+003	2.24282942e-001	-3.17571706e+000	1.05889094e+003	0.00000000e+000	3.8318e+014	1.0000e-010	0.0000e+000
3.430000e+003	2.24388831e-001	-3.17561117e+000	1.05162214e+003	0.00000000e+000	3.8161e+014	1.0000e-010	0.0000e+000
3.440000e+003	2.24493993e-001	-3.17550601e+000	1.04438285e+003	0.00000000e+000	3.8006e+014	1.0000e-010	0.0000e+000
3.450000e+003	2.24598431e-001	-3.17540157e+000	1.03717275e+003	0.00000000e+000	3.7853e+014	1.0000e-010	0.0000e+000
3.460000e+003	2.24702149e-001	-3.17529785e+000	1.02999152e+003	0.00000000e+000	3.7702e+014	1.0000e-010	0.0000e+000
3.470000e+003	2.24805148e-001	-3.17519485e+000	1.02283885e+003	0.00000000e+000	3.7552e+014	1.0000e-010	0.0000e+000
3.480000e+003	2.24907432e-001	-3.17509257e+000	1.01571441e+003	0.00000000e+000	3.7403e+014	1.0000e-010	0.0000e+000
3.490000e+003	2.25009003e-001	-3.17499100e+000	1.00861792e+003	0.00000000e+000	3.7257e+014	1.0000e-010	0.0000e+000
3.500000e+003	2.25109865e-001	-3.17489014e+000	1.00154905e+003	0.00000000e+000	3.7112e+014	1.0000e-010	0.0000e+000
3.510000e+003	2.25210020e-001	-3.17478998e+000	9.94507524e+002	0.00000000e+000	3.6968e+014	1.0000e-010	0.0000e+000
3.520000e+003	2.25309470e-001	-3.17469053e+000	9.87493030e+002	0.00000000e+000	3.6826e+014	1.0000e-010	0.0000e+000
3.530000e+003	2.25408220e-001	-3.17459178e+000	9.80505278e+002	0.00000000e+000	3.6686e+014	1.0000e-010	0.0000e+000
3.540000e+003	2.25506270e-001	-3.17449373e+000	9.73543980e+002	0.00000000e+000	3.6547e+014	1.0000e-010	0.0000e+000
3.550000e+003	2.25603625e-001	-3.17439638e+000	9.66608847e+002	0.00000000e+000	3.6410e+014	1.0000e-010	0.0000e+000
3.560000e+003	2.25700286e-001	-3.17429971e+000	9.59699597e+002	0.00000000e+000	3.6274e+014	1.0000e-010	0.0000e+000
3.570000e+003	2.25796256e-001	-3.17420374e+000	9.52815948e+002	0.00000000e+000	3.6139e+014	1.0000e-010	0.0000e+000
3.580000e+003	2.25891537e-001	-3.17410846e+000	9.45957623e+002	0.00000000e+000	3.6006e+014	1.0000e-010	0.0000e+000
3.590000e+003	2.25986133e-001	-3.17401387e+000	9.39124348e+002	0.00000000e+000	3.5875e+014	1.0000e-010	0.0000e+000
3.600000e+003	2.26080045e-001	-3.17391995e+000	9.32315851e+002	0.00000000e+000	3.5745e+014	1.0000e-010	0.0000e+000
3.610000e+003	2.26173277e-001	-3.17382672e+000	9.25531863e+002	0.00000000e+000	3.5616e+014	1.0000e-010	0.0000e+000
3.620000e+003	2.26265830e-001	-3.17373417e+000	9.18772120e+002	0.00000000e+000	3.5489e+014	1.0000e-010	0.0000e+000
3.630000e+003	2.26357707e-001	-3.17364229e+000	9.12036358e+002	0.00000000e+000	3.5363e+014	1.0000e-010	0.0000e+000
3.640000e+003	2.26448911e-001	-3.17355109e+000	9.05324317e+002	0.00000000e+000	3.5238e+014	1.0000e-010	0.0000e+000
3.650000e+003	2.26539443e-001	-3.17346056e+000	8.98635741e+002	0.00000000e+000	3.5115e+014	1.0000e-010	0.0000e+000
3.660000e+003	2.26629307e-001	-3.17337069e+000	8.91970374e+002	0.00000000e+000	3.4993e+014	1.0000e-010	0.0000e+000
3.670000e+003	2.26718504e-001	-3.17328150e+000	8.85327965e+002	0.00000000e+000	3.4873e+014	1.0000e-010	0.0000e+000
3.680000e+003	2.26807037e-001	-3.17319296e+000	8.78708265e+002	0.00000000e+000	3.4754e+014	1.0000e-010	0.0000e+000
3.690000e+003	2.26894908e-001	-3.17310509e+000	8.72111026e+002	0.00000000e+000	3.4636e+014	1.0000e-010	0.0000e+000
3.700000e+003	2.26982119e-001	-3.17301788e+000	8.65536006e+002	0.00000000e+000	3.4519e+014	1.0000e-010	0.0000e+000
3.710000e+003	2.27068672e-001	-3.17293133e+000	8.58982963e+002	0.00000000e+000	3.4404e+014	1.0000e-010	0.0000e+000
3.720000e+003	2.27154571e-001	-3.17284543e+000	8.52451657e+002	0.00000000e+000	3.4290e+014	1.0000e-010	0.0000e+000
3.730000e+003	2.27239816e-001	-3.17276018e+000	8.45941852e+002	0.00000000e+000	3.4177e+014	1.0000e-010	0.0000e+000
3.740000e+003	2.27324410e-001	-3.17267559e+000	8.39453315e+002	0.00000000e+000	3.4065e+014	1.0000e-010	0.0000e+000
3.750000e+003	2.27408355e-001	-3.17259164e+000	8.32985812e+002	0.00000000e+000	3.3955e+014	1.0000e-010	0.0000e+000
3.760000e+003	2.27491654e-001	-3.17250835e+000	8.26539115e+002	0.00000000e+000	3.3845e+014	1.0000e-010	0.0000e+000
3.770000e+003	2.27574308e-001	-3.17242569e+000	8.20112996e+002	0.00000000e+000	3.3737e+014	1.0000e-010	0.0000e+000
3.780000e+003	2.27656319e-001	-3.17234368e+000	8.13707231e+002	0.00000000e+000	3.3630e+014	1.0000e-010	0.0000e+000
3.790000e+003	2.27737690e-001	-3.17226231e+000	8.07321597e+002	0.00000000e+000	3.3525e+014	1.0000e-010	0.0000e+000
3.800000e+003	2.27818422e-001	-3.17218158e+000	8.00955873e+002	0.00000000e+000	3.3420e+014	1.0000e-010	0.0000e+000
3.810000e+003	2.27898518e-001	-3.17210148e+000	7.94609841e+002	0.00000000e+000	3.3317e+014	1.0000e-010	0.0000e+000
3.820000e+003	2.27977979e-001	-3.17202202e+000	7.88283285e+002	0.00000000e+000	3.3215e+014	1.0000e-010	0.0000e+000
3.830000e+003	2.28056807e-001	-3.17194319e+000	7.81975990e+002	0.00000000e+000	3.3113e+014	1.0000e-010	0.0000e+000
3.840000e+003	2.28135004e-001	-3.17186500e+000	7.75687745e+002	0.00000000e+000	3.3013e+014	1.0000e-010	0.0000e+000
3.850000e+003	2.28212573e-001	-3.17178743e+000	7.69418340e+002	0.00000000e+000	3.2915e+014	1.0000e-010	0.0000e+000
3.860000e+003	2.28289515e-001	-3.17171048e+000	7.63167566e+002	0.00000000e+000	3.2817e+014	1.0000e-010	0.0000e+000
3.870000e+003	2.28365832e-001	-3.17163417e+000	7.56935218e+002	0.00000000e+000	3.2720e+014	1.0000e-010	0.0000e+000
3.880000e+003	2.28441525e-001	-3.17155847e+000	7.50721091e+002	0.00000000e+000	3.2624e+014	1.0000e-010	0.0000e+000
3.890000e+003	2.28516597e-001	-3.17148340e+000	7.44524983e+002	0.00000000e+000	3.2530e+014	1.0000e-010	0.0000e+000
3.900000e+003	2.28591050e-001	-3.17140895e+000	7.38346694e+002	0.00000000e+000	3.2436e+014	1.0000e-010	0.0000e+000
3.910000e+003	2.28664885e-001	-3.17133512e+000	7.32186026e+002	0.00000000e+000	3.2344e+014	1.0000e-010	0.0000e+000
3.920000e+003	2.28738103e-001	-3.17126190e+000	7.26042781e+002	0.00000000e+000	3.2252e+014	1.0000e-010	0.0000e+000
3.930000e+003	2.28810708e-001	-3.17118929e+000	7.19916765e+002	0.00000000e+000	3.2162e+014	1.0000e-010	0.0000e+000
3.940000e+003	2.28882699e-001	-3.17111730e+000	7.13807784e+002	0.00000000e+000	3.2072e+014	1.0000e-010	0.0000e+000
3.950000e+003	2.28954080e-001	-3.17104592e+000	7.07715649e+002	0.00000000e+000	3.1984e+014	1.0000e-010	0.0000e+000
3.960000e+003	2.29024852e-001	-3.17097515e+000	7.01640168e+002	0.00000000e+000	3.1896e+014	1.0000e-010	0.0000e+000
3.970000e+003	2.29095016e-001	-3.17090498e+000	6.95581154e+002	0.00000000e+000	3.1810e+014	1.0000e-010	0.0000e+000
3.980000e+003	2.29164574e-001	-3.17083543e+000	6.89538420e+002	0.00000000e+000	3.1725e+014	1.0000e-010	0.0000e+000
3.990000e+003	2.29233528e-001	-3.17076647e+000	6.83511783e+002	0.00000000e+000	3.1640e+014	1.0000e-010	0.0000e+000
4.000000e+003	2.29301879e-001	-3.17069812e+000	6.77501058e+002	0.00000000e+000	3.1556e+014	1.0000e-010	0.0000e+000
4.010000e+003	2.29369629e-001	-3.17063037e+000	6.71506066e+002	0.00000000e+000	3.1474e+014	1.0000e-010	0.0000e+000
4.020000e+003	2.29436779e-001	-3.17056322e+000	6.65526625e+002	0.00000000e+000	3.1392e+014	1.0000e-010	0.0000e+000
4.030000e+003	2.29503332e-001	-3.17049667e+000	6.59562557e+002	0.00000000e+000	3.1312e+014	1.0000e-010	0.0000e+000
4.040000e+003	2.29569288e-001	-3.17043071e+000	6.53613686e+002	0.00000000e+000	3.1232e+014	1.0000e-010	0.0000e+000
4.050000e+003	2.29634650e-001	-3.17036535e+000	6.47679837e+002	0.00000000e+000	3.1153e+014	1.0000e-010	0.0000e+000
4.060000e+003	2.29699418e-001	-3.17030058e+000	6.41760836e+002	0.00000000e+000	3.1075e+014	1.0000e-010	0.0000e+000
4.070000e+003	2.29763594e-001	-3.17023641e+000	6.35856510e+002	0.00000000e+000	3.0998e+014	1.0000e-010	0.0000e+000
4.080000e+003	2.29827179e-001	-3.17017282e+000	6.29966688e+002	0.00000000e+000	3.0922e+014	1.0000e-010	0.0000e+000
4.090000e+003	2.29890176e-001	-3.17010982e+000	6.24091201e+002	0.00000000e+000	3.0846e+014	1.0000e-010	0.0000e+000
4.100000e+003	2.29952585e-001	-3.17004741e+000	6.18229881e+002	0.00000000e+000	3.0772e+014	1.0000e-010	0.0000e+000
4.110000e+003	2.30014408e-001	-3.16998559e+000	6.12382562e+002	0.00000000e+000	3.0699e+014	1.0000e-010	0.0000e+000
4.120000e+003	2.30075646e-001	-3.16992435e+000	6.06549077e+002	0.00000000e+000	3.0626e+014	1.0000e-010	0.0000e+000
4.130000e+003	2.30136301e-001	-3.16986370e+000	6.00729262e+002	0.00000000e+000	3.0554e+014	1.0000e-010	0.0000e+000
4.140000e+003	2.30196374e-001	-3.16980363e+000	5.94922956e+002	0.00000000e+000	3.0483e+014	1.0000e-010	0.0000e+000
4.150000e+003	2.30255867e-001	-3.16974413e+000	5.89129996e+002	0.00000000e+000	3.0413e+014	1.0000e-010	0.0000e+000
4.160000e+003	2.30314780e-001	-3.16968522e+000	5.83350223e+002	0.00000000e+000	3.0344e+014	1.0000e-010	0.0000e+000
4.170000e+003	2.30373115e-001	-3.16962689e+000	5.77583476e+002	0.00000000e+000	3.0276e+014	1.0000e-010	0.0000e+000
4.180000e+003	2.30430873e-001	-3.16956913e+000	5.71829600e+002	0.00000000e+000	3.0208e+014	1.0000e-010	0.0000e+000
4.190000e+003	2.30488056e-001	-3.16951194e+000	5.66088436e+002	0.00000000e+000	3.0141e+014	1.0000e-010	0.0000e+000
4.200000e+003	2.30544665e-001	-3.16945534e+000	5.60359831e+002	0.00000000e+000	3.0075e+014	1.0000e-010	0.0000e+000
4.210000e+003	2.30600701e-001	-3.16939930e+000	5.54643629e+002	0.00000000e+000	3.0010e+014	1.0000e-010	0.0000e+000
4.220000e+003	2.30656165e-001	-3.16934383e+000	5.48939678e+002	0.00000000e+000	2.9946e+014	1.0000e-010	0.0000e+000
4.230000e+003	2.30711059e-001	-3.16928894e+000	5.43247826e+002	0.00000000e+000	2.9882e+014	1.0000e-010	0.0000e+000
4.240000e+003	2.30765384e-001	-3.16923462e+000	5.37567922e+002	0.00000000e+000	2.9820e+014	1.0000e-010	0.0000e+000
4.250000e+003	2.30819141e-001	-3.16918086e+000	5.31899816e+002	0.00000000e+000	2.9758e+014	1.0000e-010	0.0000e+000
4.260000e+003	2.30872331e-001	-3.16912767e+000	5.26243361e+002	0.00000000e+000	2.9697e+014	1.0000e-010	0.0000e+000
4.270000e+003	2.30924955e-001	-3.16907505e+000	5.20598408e+002	0.00000000e+000	2.9636e+014	1.0000e-010	0.0000e+000
4.280000e+003	2.30977015e-001	-3.16902299e+000	5.14964811e+002	0.00000000e+000	2.9577e+014	1.0000e-010	0.0000e+000
4.290000e+003	2.31028511e-001	-3.16897149e+000	5.09342425e+002	0.00000000e+000	2.9518e+014	1.0000e-010	0.0000e+000
4.300000e+003	2.31079446e-001	-3.16892055e+000	5.03731106e+002	0.00000000e+000	2.9460e+014	1.0000e-010	0.0000e+000
4.310000e+003	2.31129819e-001	-3.16887018e+000	4.98130709e+002	0.00000000e+000	2.9402e+014	1.0000e-010	0.0000e+000
4.320000e+003	2.31179632e-001	-3.16882037e+000	4.92541094e+002	0.00000000e+000	2.9346e+014	1.0000e-010	0.0000e+000
4.330000e+003	2.31228886e-001	-3.16877111e+000	4.86962117e+002	0.00000000e+000	2.9290e+014	1.0000e-010	0.0000e+000
4.340000e+003	2.31277582e-001	-3.16872242e+000	4.81393640e+002	0.00000000e+000	2.9235e+014	1.0000e-010	0.0000e+000
4.350000e+003	2.31325721e-001	-3.16867428e+000	4.75835523e+002	0.00000000e+000	2.9180e+014	1.0000e-010	0.0000e+000
4.360000e+003	2.31373305e-001	-3.16862670e+000	4.70287626e+002	0.00000000e+000	2.9127e+014	1.0000e-010	0.0000e+000
4.370000e+003	2.31420334e-001	-3.16857967e+000	4.64749812e+002	0.00000000e+000	2.9074e+014	1.0000e-010	0.0000e+000
4.380000e+003	2.31466809e-001	-3.16853319e+000	4.59221945e+002	0.00000000e+000	2.9021e+014	1.0000e-010	0.0000e+000
4.390000e+003	2.31512731e-001	-3.16848727e+000	4.53703889e+002	0.00000000e+000	2.8970e+014	1.0000e-010	0.0000e+000
4.400000e+003	2.31558101e-001	-3.16844190e+000	4.48195509e+002	0.00000000e+000	2.8919e+014	1.0000e-010	0.0000e+000
4.410000e+003	2.31602921e-001	-3.16839708e+000	4.42696670e+002	0.00000000e+000	2.8869e+014	1.0000e-010	0.0000e+000
4.420000e+003	2.31647190e-001	-3.16835281e+000	4.37207239e+002	0.00000000e+000	2.8820e+014	1.0000e-010	0.0000e+000
4.430000e+003	2.31690911e-001	-3.16830909e+000	4.31727085e+002	0.00000000e+000	2.8771e+014	1.0000e-010	0.0000e+000
4.440000e+003	2.31734084e-001	-3.16826592e+000	4.26256074e+002	0.00000000e+000	2.8723e+014	1.0000e-010	0.0000e+000
4.450000e+003	2.31776710e-001	-3.16822329e+000	4.20794077e+002	0.00000000e+000	2.8676e+014	1.0000e-010	0.0000e+000
4.460000e+003	2.31818789e-001	-3.16818121e+000	4.15340963e+002	0.00000000e+000	2.8629e+014	1.0000e-010	0.0000e+000
4.470000e+003	2.31860323e-001	-3.16813968e+000	4.09896603e+002	0.00000000e+000	2.8583e+014	1.0000e-010	0.0000e+000
4.480000e+003	2.31901313e-001	-3.16809869e+000	4.04460869e+002	0.00000000e+000	2.8538e+014	1.0000e-010	0.0000e+000
4.490000e+003	2.31941759e-001	-3.16805824e+000	3.99033632e+002	0.00000000e+000	2.8493e+014	1.0000e-010	0.0000e+000
4.500000e+003	2.31981662e-001	-3.16801834e+000	3.93614766e+002	0.00000000e+000	2.8449e+014	1.0000e-010	0.0000e+000
4.510000e+003	2.32021024e-001	-3.16797898e+000	3.88204144e+002	0.00000000e+000	2.8406e+014	1.0000e-010	0.0000e+000
4.520000e+003	2.32059844e-001	-3.16794016e+000	3.82801641e+002	0.00000000e+000	2.8363e+014	1.0000e-010	0.0000e+000
4.530000e+003	2.32098124e-001	-3.16790188e+000	3.77407132e+002	0.00000000e+000	2.8321e+014	1.0000e-010	0.0000e+000
4.540000e+003	2.32135865e-001	-3.16786414e+000	3.72020492e+002	0.00000000e+000	2.8280e+014	1.0000e-010	0.0000e+000
4.550000e+003	2.32173067e-001	-3.16782693e+000	3.66641599e+002	0.00000000e+000	2.8239e+014	1.0000e-010	0.0000e+000
4.560000e+003	2.32209731e-001	-3.16779027e+000	3.61270328e+002	0.00000000e+000	2.8199e+014	1.0000e-010	0.0000e+000
4.570000e+003	2.32245858e-001	-3.16775414e+000	3.55906558e+002	0.00000000e+000	2.8160e+014	1.0000e-010	0.0000e+000
4.580000e+003	2.32281449e-001	-3.16771855e+000	3.50550168e+002	0.00000000e+000	2.8121e+014	1.0000e-010	0.0000e+000
4.590000e+003	2.32316504e-001	-3.16768350e+000	3.45201036e+002	0.00000000e+000	2.8083e+014	1.0000e-010	0.0000e+000
4.600000e+003	2.32351024e-001	-3.16764898e+000	3.39859042e+002	0.00000000e+000	2.8046e+014	1.0000e-010	0.0000e+000
4.610000e+003	2.32385010e-001	-3.16761499e+000	3.34524066e+002	0.00000000e+000	2.8009e+014	1.0000e-010	0.0000e+000
4.620000e+003	2.32418462e-001	-3.16758154e+000	3.29195989e+002	0.00000000e+000	2.7973e+014	1.0000e-010	0.0000e+000
4.630000e+003	2.32451382e-001	-3.16754862e+000	3.23874692e+002	0.00000000e+000	2.7937e+014	1.0000e-010	0.0000e+000
4.640000e+003	2.32483769e-001	-3.16751623e+000	3.18560058e+002	0.00000000e+000	2.7902e+014	1.0000e-010	0.0000e+000
4.650000e+003	2.32515625e-001	-3.16748437e+000	3.13251968e+002	0.00000000e+000	2.7868e+014	1.0000e-010	0.0000e+000
4.660000e+003	2.32546950e-001	-3.16745305e+000	3.07950307e+002	0.00000000e+000	2.7834e+014	1.0000e-010	0.0000e+000
4.670000e+003	2.32577746e-001	-3.16742225e+000	3.02654957e+002	0.00000000e+000	2.7801e+014	1.0000e-010	0.0000e+000
4.680000e+003	2.32608011e-001	-3.16739199e+000	2.97365803e+002	0.00000000e+000	2.7768e+014	1.0000e-010	0.0000e+000
4.690000e+003	2.32637748e-001	-3.16736225e+000	2.92082730e+002	0.00000000e+000	2.7736e+014	1.0000e-010	0.0000e+000
4.700000e+003	2.32666956e-001	-3.16733304e+000	2.86805622e+002	0.00000000e+000	2.7705e+014	1.0000e-010	0.0000e+000
4.710000e+003	2.32695636e-001	-3.16730436e+000	2.81534365e+002	0.00000000e+000	2.7674e+014	1.0000e-010	0.0000e+000
4.720000e+003	2.32723790e-001	-3.16727621e+000	2.76268845e+002	0.00000000e+000	2.7644e+014	1.0000e-010	0.0000e+000
4.730000e+003	2.32751417e-001	-3.16724858e+000	2.71008950e+002	0.00000000e+000	2.7615e+014	1.0000e-010	0.0000e+000
4.740000e+003	2.32778518e-001	-3.16722148e+000	2.65754566e+002	0.00000000e+000	2.7586e+014	1.0000e-010	0.0000e+000
4.750000e+003	2.32805093e-001	-3.16719491e+000	2.60505580e+002	0.00000000e+000	2.7557e+014	1.0000e-010	0.0000e+000
4.760000e+003	2.32831144e-001	-3.16716886e+000	2.55261881e+002	0.00000000e+000	2.7530e+014	1.0000e-010	0.0000e+000
4.770000e+003	2.32856670e-001	-3.16714333e+000	2.50023357e+002	0.00000000e+000	2.7502e+014	1.0000e-010	0.0000e+000
4.780000e+003	2.32881672e-001	-3.16711833e+000	2.44789897e+002	0.00000000e+000	2.7476e+014	1.0000e-010	0.0000e+000
4.790000e+003	2.32906151e-001	-3.16709385e+000	2.39561391e+002	0.00000000e+000	2.7450e+014	1.0000e-010	0.0000e+000
4.800000e+003	2.32930107e-001	-3.16706989e+000	2.34337727e+002	0.00000000e+000	2.7424e+014	1.0000e-010	0.0000e+000
4.810000e+003	2.32953541e-001	-3.16704646e+000	2.29118796e+002	0.00000000e+000	2.7400e+014	1.0000e-010	0.0000e+000
4.820000e+003	2.32976453e-001	-3.16702355e+000	2.23904488e+002	0.00000000e+000	2.7375e+014	1.0000e-010	0.0000e+000
4.830000e+003	2.32998843e-001	-3.16700116e+000	2.18694694e+002	0.00000000e+000	2.7352e+014	1.0000e-010	0.0000e+000
4.840000e+003	2.33020713e-001	-3.16697929e+000	2.13489306e+002	0.00000000e+000	2.7328e+014	1.0000e-010	0.0000e+000
4.850000e+003	2.33042062e-001	-3.16695794e+000	2.08288215e+002	0.00000000e+000	2.7306e+014	1.0000e-010	0.0000e+000
4.860000e+003	2.33062891e-001	-3.16693711e+000	2.03091312e+002	0.00000000e+000	2.7284e+014	1.0000e-010	0.0000e+000
4.870000e+003	2.33083200e-001	-3.16691680e+000	1.97898491e+002	0.00000000e+000	2.7262e+014	1.0000e-010	0.0000e+000
4.880000e+003	2.33102990e-001	-3.16689701e+000	1.92709643e+002	0.00000000e+000	2.7242e+014	1.0000e-010	0.0000e+000
4.890000e+003	2.33122261e-001	-3.16687774e+000	1.87524661e+002	0.00000000e+000	2.7221e+014	1.0000e-010	0.0000e+000
4.900000e+003	2.33141013e-001	-3.16685899e+000	1.82343440e+002	0.00000000e+000	2.7202e+014	1.0000e-010	0.0000e+000
4.910000e+003	2.33159247e-001	-3.16684075e+000	1.77165871e+002	0.00000000e+000	2.7182e+014	1.0000e-010	0.0000e+000
4.920000e+003	2.33176964e-001	-3.16682304e+000	1.71991850e+002	0.00000000e+000	2.7164e+014	1.0000e-010	0.0000e+000
4.930000e+003	2.33194163e-001	-3.16680584e+000	1.66821270e+002	0.00000000e+000	2.7146e+014	1.0000e-010	0.0000e+000
4.940000e+003	2.33210845e-001	-3.16678915e+000	1.61654025e+002	0.00000000e+000	2.7128e+014	1.0000e-010	0.0000e+000
4.950000e+003	2.33227011e-001	-3.16677299e+000	1.56490010e+002	0.00000000e+000	2.7111e+014	1.0000e-010	0.0000e+000
4.960000e+003	2.33242660e-001	-3.16675734e+000	1.51329120e+002	0.00000000e+000	2.7095e+014	1.0000e-010	0.0000e+000
4.970000e+003	2.33257793e-001	-3.16674221e+000	1.46171251e+002	0.00000000e+000	2.7079e+014	1.0000e-010	0.0000e+000
4.980000e+003	2.33272410e-001	-3.16672759e+000	1.41016297e+002	0.00000000e+000	2.7064e+014	1.0000e-010	0.0000e+000
4.990000e+003	2.33286511e-001	-3.16671349e+000	1.35864154e+002	0.00000000e+000	2.7049e+014	1.0000e-010	0.0000e+000
5.000000e+003	2.33300098e-001	-3.16669990e+000	1.30714718e+002	0.00000000e+000	2.7035e+014	1.0000e-010	0.0000e+000
5.010000e+003	2.33313169e-001	-3.16668683e+000	1.25567885e+002	0.00000000e+000	2.7021e+014	1.0000e-010	0.0000e+000
5.020000e+003	2.33325726e-001	-3.16667427e+000	1.20423551e+002	0.00000000e+000	2.7008e+014	1.0000e-010	0.0000e+000
5.030000e+003	2.33337768e-001	-3.16666223e+000	1.15281613e+002	0.00000000e+000	2.6995e+014	1.0000e-010	0.0000e+000
5.040000e+003	2.33349297e-001	-3.16665070e+000	1.10141968e+002	0.00000000e+000	2.6983e+014	1.0000e-010	0.0000e+000
5.050000e+003	2.33360311e-001	-3.16663969e+000	1.05004511e+002	0.00000000e+000	2.6972e+014	1.0000e-010	0.0000e+000
5.060000e+003	2.33370811e-001	-3.16662919e+000	9.98691415e+001	0.00000000e+000	2.6961e+014	1.0000e-010	0.0000e+000
5.070000e+003	2.33380798e-001	-3.16661920e+000	9.47357551e+001	0.00000000e+000	2.6950e+014	1.0000e-010	0.0000e+000
5.080000e+003	2.33390272e-001	-3.16660973e+000	8.96042495e+001	0.00000000e+000	2.6941e+014	1.0000e-010	0.0000e+000
5.090000e+003	2.33399232e-001	-3.16660077e+000	8.44745222e+001	0.00000000e+000	2.6931e+014	1.0000e-010	0.0000e+000
5.100000e+003	2.33407680e-001	-3.16659232e+000	7.93464708e+001	0.00000000e+000	2.6922e+014	1.0000e-010	0.0000e+000
5.110000e+003	2.33415614e-001	-3.16658439e+000	7.42199931e+001	0.00000000e+000	2.6914e+014	1.0000e-010	0.0000e+000
5.120000e+003	2.33423036e-001	-3.16657696e+000	6.90949869e+001	0.00000000e+000	2.6906e+014	1.0000e-010	0.0000e+000
5.130000e+003	2.33429946e-001	-3.16657005e+000	6.39713504e+001	0.00000000e+000	2.6899e+014	1.0000e-010	0.0000e+000
5.140000e+003	2.33436343e-001	-3.16656366e+000	5.88489815e+001	0.00000000e+000	2.6893e+014	1.0000e-010	0.0000e+000
5.150000e+003	2.33442228e-001	-3.16655777e+000	5.37277786e+001	0.00000000e+000	2.6886e+014	1.0000e-010	0.0000e+000
5.160000e+003	2.33447601e-001	-3.16655240e+000	4.86076399e+001	0.00000000e+000	2.6881e+014	1.0000e-010	0.0000e+000
5.170000e+003	2.33452461e-001	-3.16654754e+000	4.34884638e+001	0.00000000e+000	2.6876e+014	1.0000e-010	0.0000e+000
5.180000e+003	2.33456810e-001	-3.16654319e+000	3.83701488e+001	0.00000000e+000	2.6871e+014	1.0000e-010	0.0000e+000
5.190000e+003	2.33460647e-001	-3.16653935e+000	3.32525934e+001	0.00000000e+000	2.6867e+014	1.0000e-010	0.0000e+000
5.200000e+003	2.33463972e-001	-3.16653603e+000	2.81356962e+001	0.00000000e+000	2.6864e+014	1.0000e-010	0.0000e+000
5.210000e+003	2.33466786e-001	-3.16653321e+000	2.30193559e+001	0.00000000e+000	2.6861e+014	1.0000e-010	0.0000e+000
5.220000e+003	2.33469088e-001	-3.16653091e+000	1.79034711e+001	0.00000000e+000	2.6859e+014	1.0000e-010	0.0000e+000
5.230000e+003	2.33470878e-001	-3.16652912e+000	1.27879406e+001	0.00000000e+000	2.6857e+014	1.0000e-010	0.0000e+000
5.240000e+003	2.33472157e-001	-3.16652784e+000	7.67266316e+000	0.00000000e+000	2.6855e+014	1.0000e-010	0.0000e+000
5.250000e+003	2.33472924e-001	-3.16652708e+000	2.55753752e+000	0.00000000e+000	2.6855e+014	1.0000e-010	0.0000e+000
5.260000e+003	2.33473180e-001	-3.16652682e+000	2.55753752e+000	0.00000000e+000	2.6854e+014	1.0000e-010	0.0000e+000
