V	C (Fcm-2)	Initcharge (cm-2)	Finalcharge (cm-2)	ns Total (cm-2)	ps Total (cm-2)
-5.000e+000	4.8003e-017	-9.3438e+000	-6.3477e+000	6.3476e+000	5.2500e-015
-4.990e+000	4.8003e-017	-9.3438e+000	-6.3477e+000	6.3476e+000	5.2500e-015
-4.980e+000	4.8003e-017	-9.3438e+000	-6.3477e+000	6.3476e+000	5.2500e-015
-4.970e+000	4.8003e-017	-9.3438e+000	-6.3477e+000	6.3476e+000	5.2500e-015
-4.960e+000	4.8003e-017	-9.3438e+000	-6.3477e+000	6.3476e+000	5.2500e-015
-4.950e+000	4.8003e-017	-9.3438e+000	-6.3477e+000	6.3476e+000	5.2500e-015
-4.940e+000	4.8003e-017	-9.3438e+000	-6.3477e+000	6.3476e+000	5.2500e-015
-4.930e+000	4.8003e-017	-9.3438e+000	-6.3477e+000	6.3476e+000	5.2500e-015
-4.920e+000	4.8003e-017	-9.3438e+000	-6.3477e+000	6.3476e+000	5.2500e-015
-4.910e+000	4.8003e-017	-9.3438e+000	-6.3477e+000	6.3476e+000	5.2500e-015
-4.900e+000	4.8003e-017	-9.3438e+000	-6.3477e+000	6.3476e+000	5.2500e-015
-4.890e+000	4.8003e-017	-9.3438e+000	-6.3477e+000	6.3476e+000	5.2500e-015
-4.880e+000	4.8003e-017	-9.3438e+000	-6.3477e+000	6.3476e+000	5.2500e-015
-4.870e+000	4.8003e-017	-9.3438e+000	-6.3477e+000	6.3476e+000	5.2500e-015
-4.860e+000	4.8003e-017	-9.3438e+000	-6.3477e+000	6.3476e+000	5.2500e-015
-4.850e+000	4.8003e-017	-9.3438e+000	-6.3477e+000	6.3476e+000	5.2500e-015
-4.840e+000	4.8003e-017	-9.3438e+000	-6.3477e+000	6.3476e+000	5.2500e-015
-4.830e+000	4.8003e-017	-9.3438e+000	-6.3477e+000	6.3476e+000	5.2500e-015
-4.820e+000	4.8003e-017	-9.3438e+000	-6.3477e+000	6.3476e+000	5.2500e-015
-4.810e+000	4.8003e-017	-9.3438e+000	-6.3477e+000	6.3476e+000	5.2500e-015
-4.800e+000	4.8003e-017	-9.3438e+000	-6.3477e+000	6.3476e+000	5.2500e-015
-4.790e+000	4.8003e-017	-9.3438e+000	-6.3477e+000	6.3476e+000	5.2500e-015
-4.780e+000	4.8003e-017	-9.3438e+000	-6.3477e+000	6.3476e+000	5.2500e-015
-4.770e+000	4.8003e-017	-9.3438e+000	-6.3477e+000	6.3476e+000	5.2500e-015
-4.760e+000	4.8003e-017	-9.3438e+000	-6.3477e+000	6.3476e+000	5.2500e-015
-4.750e+000	4.8003e-017	-9.3438e+000	-6.3477e+000	6.3476e+000	5.2500e-015
-4.740e+000	4.8003e-017	-9.3438e+000	-6.3477e+000	6.3476e+000	5.2500e-015
-4.730e+000	4.8003e-017	-9.3438e+000	-6.3477e+000	6.3476e+000	5.2500e-015
-4.720e+000	4.8003e-017	-9.3438e+000	-6.3477e+000	6.3476e+000	5.2500e-015
-4.710e+000	4.8003e-017	-9.3438e+000	-6.3477e+000	6.3476e+000	5.2500e-015
-4.700e+000	4.8003e-017	-9.3438e+000	-6.3477e+000	6.3476e+000	5.2500e-015
-4.690e+000	4.8003e-017	-9.3438e+000	-6.3477e+000	6.3476e+000	5.2500e-015
-4.680e+000	4.8003e-017	-9.3438e+000	-6.3477e+000	6.3476e+000	5.2500e-015
-4.670e+000	4.8003e-017	-9.3438e+000	-6.3477e+000	6.3476e+000	5.2500e-015
-4.660e+000	4.8003e-017	-9.3438e+000	-6.3477e+000	6.3476e+000	5.2500e-015
-4.650e+000	4.8003e-017	-9.3438e+000	-6.3477e+000	6.3476e+000	5.2500e-015
-4.640e+000	4.8003e-017	-9.3438e+000	-6.3477e+000	6.3476e+000	5.2500e-015
-4.630e+000	4.8003e-017	-9.3438e+000	-6.3477e+000	6.3476e+000	5.2500e-015
-4.620e+000	4.8003e-017	-9.3438e+000	-6.3477e+000	6.3476e+000	5.2500e-015
-4.610e+000	4.8003e-017	-9.3438e+000	-6.3477e+000	6.3476e+000	5.2500e-015
-4.600e+000	4.8003e-017	-9.3438e+000	-6.3477e+000	6.3476e+000	5.2500e-015
-4.590e+000	4.8003e-017	-9.3438e+000	-6.3477e+000	6.3476e+000	5.2500e-015
-4.580e+000	4.8003e-017	-9.3438e+000	-6.3477e+000	6.3476e+000	5.2500e-015
-4.570e+000	4.8003e-017	-9.3438e+000	-6.3477e+000	6.3476e+000	5.2500e-015
-4.560e+000	4.8003e-017	-9.3438e+000	-6.3477e+000	6.3476e+000	5.2500e-015
-4.550e+000	4.8003e-017	-9.3438e+000	-6.3477e+000	6.3476e+000	5.2500e-015
-4.540e+000	4.8003e-017	-9.3438e+000	-6.3477e+000	6.3476e+000	5.2500e-015
-4.530e+000	4.8003e-017	-9.3438e+000	-6.3477e+000	6.3476e+000	5.2500e-015
-4.520e+000	4.8003e-017	-9.3438e+000	-6.3477e+000	6.3476e+000	5.2500e-015
-4.510e+000	4.8003e-017	-9.3438e+000	-6.3477e+000	6.3476e+000	5.2500e-015
-4.500e+000	4.8003e-017	-9.3438e+000	-6.3477e+000	6.3476e+000	5.2500e-015
-4.490e+000	4.8003e-017	-9.3438e+000	-6.3477e+000	6.3476e+000	5.2500e-015
-4.480e+000	4.8003e-017	-9.3438e+000	-6.3477e+000	6.3476e+000	5.2500e-015
-4.470e+000	4.8003e-017	-9.3438e+000	-6.3477e+000	6.3476e+000	5.2500e-015
-4.460e+000	4.8003e-017	-9.3438e+000	-6.3477e+000	6.3476e+000	5.2500e-015
-4.450e+000	4.8003e-017	-9.3438e+000	-6.3477e+000	6.3476e+000	5.2500e-015
-4.440e+000	4.8003e-017	-9.3438e+000	-6.3477e+000	6.3476e+000	5.2500e-015
-4.430e+000	4.8003e-017	-9.3438e+000	-6.3477e+000	6.3476e+000	5.2500e-015
-4.420e+000	4.8003e-017	-9.3438e+000	-6.3477e+000	6.3476e+000	5.2500e-015
-4.410e+000	4.8003e-017	-9.3438e+000	-6.3477e+000	6.3476e+000	5.2500e-015
-4.400e+000	4.8003e-017	-9.3438e+000	-6.3477e+000	6.3476e+000	5.2500e-015
-4.390e+000	4.8003e-017	-9.3438e+000	-6.3477e+000	6.3476e+000	5.2500e-015
-4.380e+000	4.8003e-017	-9.3438e+000	-6.3477e+000	6.3476e+000	5.2500e-015
-4.370e+000	4.8003e-017	-9.3438e+000	-6.3477e+000	6.3476e+000	5.2500e-015
-4.360e+000	4.8003e-017	-9.3438e+000	-6.3477e+000	6.3476e+000	5.2500e-015
-4.350e+000	4.8003e-017	-9.3438e+000	-6.3477e+000	6.3476e+000	5.2500e-015
-4.340e+000	4.8003e-017	-9.3438e+000	-6.3477e+000	6.3476e+000	5.2500e-015
-4.330e+000	4.8003e-017	-9.3438e+000	-6.3477e+000	6.3476e+000	5.2500e-015
-4.320e+000	4.8003e-017	-9.3438e+000	-6.3477e+000	6.3476e+000	5.2500e-015
-4.310e+000	4.8003e-017	-9.3438e+000	-6.3477e+000	6.3476e+000	5.2500e-015
-4.300e+000	4.8003e-017	-9.3438e+000	-6.3477e+000	6.3476e+000	5.2500e-015
-4.290e+000	4.8003e-017	-9.3438e+000	-6.3477e+000	6.3476e+000	5.2500e-015
-4.280e+000	4.8003e-017	-9.3438e+000	-6.3477e+000	6.3476e+000	5.2500e-015
-4.270e+000	4.8003e-017	-9.3438e+000	-6.3477e+000	6.3476e+000	5.2500e-015
-4.260e+000	4.8003e-017	-9.3438e+000	-6.3477e+000	6.3476e+000	5.2500e-015
-4.250e+000	4.8003e-017	-9.3438e+000	-6.3477e+000	6.3476e+000	5.2500e-015
-4.240e+000	4.8003e-017	-9.3438e+000	-6.3477e+000	6.3476e+000	5.2500e-015
-4.230e+000	4.8003e-017	-9.3438e+000	-6.3477e+000	6.3476e+000	5.2500e-015
-4.220e+000	4.8003e-017	-9.3438e+000	-6.3477e+000	6.3476e+000	5.2500e-015
-4.210e+000	4.8003e-017	-9.3438e+000	-6.3477e+000	6.3476e+000	5.2500e-015
-4.200e+000	4.8003e-017	-9.3438e+000	-6.3477e+000	6.3476e+000	5.2500e-015
-4.190e+000	4.8003e-017	-9.3438e+000	-6.3477e+000	6.3476e+000	5.2500e-015
-4.180e+000	4.8003e-017	-9.3438e+000	-6.3477e+000	6.3476e+000	5.2500e-015
-4.170e+000	4.8003e-017	-9.3438e+000	-6.3477e+000	6.3476e+000	5.2500e-015
-4.160e+000	4.8003e-017	-9.3438e+000	-6.3477e+000	6.3476e+000	5.2500e-015
-4.150e+000	4.8003e-017	-9.3438e+000	-6.3477e+000	6.3476e+000	5.2500e-015
-4.140e+000	4.8003e-017	-9.3438e+000	-6.3477e+000	6.3476e+000	5.2500e-015
-4.130e+000	4.8003e-017	-9.3438e+000	-6.3477e+000	6.3476e+000	5.2500e-015
-4.120e+000	4.8003e-017	-9.3438e+000	-6.3477e+000	6.3476e+000	5.2500e-015
-4.110e+000	4.8003e-017	-9.3438e+000	-6.3477e+000	6.3476e+000	5.2500e-015
-4.100e+000	4.8003e-017	-9.3438e+000	-6.3477e+000	6.3476e+000	5.2500e-015
-4.090e+000	4.8003e-017	-9.3438e+000	-6.3477e+000	6.3476e+000	5.2500e-015
-4.080e+000	4.8003e-017	-9.3438e+000	-6.3477e+000	6.3476e+000	5.2500e-015
-4.070e+000	4.8003e-017	-9.3438e+000	-6.3477e+000	6.3476e+000	5.2500e-015
-4.060e+000	4.8003e-017	-9.3438e+000	-6.3477e+000	6.3476e+000	5.2500e-015
-4.050e+000	4.8003e-017	-9.3438e+000	-6.3477e+000	6.3476e+000	5.2500e-015
-4.040e+000	4.8003e-017	-9.3438e+000	-6.3477e+000	6.3476e+000	5.2500e-015
-4.030e+000	4.8003e-017	-9.3438e+000	-6.3477e+000	6.3476e+000	5.2500e-015
-4.020e+000	4.8003e-017	-9.3438e+000	-6.3477e+000	6.3476e+000	5.2500e-015
-4.010e+000	4.8003e-017	-9.3438e+000	-6.3477e+000	6.3476e+000	5.2500e-015
-4.000e+000	4.8003e-017	-9.3438e+000	-6.3477e+000	6.3476e+000	5.2500e-015
-3.990e+000	4.8003e-017	-9.3438e+000	-6.3477e+000	6.3476e+000	5.2500e-015
-3.980e+000	4.8003e-017	-9.3438e+000	-6.3477e+000	6.3476e+000	5.2500e-015
-3.970e+000	4.8003e-017	-9.3438e+000	-6.3477e+000	6.3476e+000	5.2500e-015
-3.960e+000	4.8003e-017	-9.3438e+000	-6.3477e+000	6.3476e+000	5.2500e-015
-3.950e+000	4.8003e-017	-9.3438e+000	-6.3477e+000	6.3476e+000	5.2500e-015
-3.940e+000	4.8003e-017	-9.3438e+000	-6.3477e+000	6.3476e+000	5.2500e-015
-3.930e+000	4.8003e-017	-9.3438e+000	-6.3477e+000	6.3476e+000	5.2500e-015
-3.920e+000	4.8003e-017	-9.3438e+000	-6.3477e+000	6.3476e+000	5.2500e-015
-3.910e+000	4.8003e-017	-9.3438e+000	-6.3477e+000	6.3476e+000	5.2500e-015
-3.900e+000	4.8003e-017	-9.3438e+000	-6.3477e+000	6.3476e+000	5.2500e-015
-3.890e+000	4.8003e-017	-9.3438e+000	-6.3477e+000	6.3476e+000	5.2500e-015
-3.880e+000	4.8003e-017	-9.3438e+000	-6.3477e+000	6.3476e+000	5.2500e-015
-3.870e+000	4.8003e-017	-9.3438e+000	-6.3477e+000	6.3476e+000	5.2500e-015
-3.860e+000	4.8003e-017	-9.3438e+000	-6.3477e+000	6.3476e+000	5.2500e-015
-3.850e+000	4.8003e-017	-9.3438e+000	-6.3477e+000	6.3476e+000	5.2500e-015
-3.840e+000	4.8003e-017	-9.3438e+000	-6.3477e+000	6.3476e+000	5.2500e-015
-3.830e+000	4.8003e-017	-9.3438e+000	-6.3477e+000	6.3476e+000	5.2500e-015
-3.820e+000	4.8003e-017	-9.3438e+000	-6.3477e+000	6.3476e+000	5.2500e-015
-3.810e+000	4.8003e-017	-9.3438e+000	-6.3477e+000	6.3476e+000	5.2500e-015
-3.800e+000	4.8003e-017	-9.3438e+000	-6.3477e+000	6.3476e+000	5.2500e-015
-3.790e+000	4.8003e-017	-9.3438e+000	-6.3477e+000	6.3476e+000	5.2500e-015
-3.780e+000	4.8003e-017	-9.3438e+000	-6.3477e+000	6.3476e+000	5.2500e-015
-3.770e+000	4.8003e-017	-9.3438e+000	-6.3477e+000	6.3476e+000	5.2500e-015
-3.760e+000	4.8003e-017	-9.3438e+000	-6.3477e+000	6.3476e+000	5.2500e-015
-3.750e+000	4.8003e-017	-9.3438e+000	-6.3477e+000	6.3476e+000	5.2500e-015
-3.740e+000	4.8003e-017	-9.3438e+000	-6.3477e+000	6.3476e+000	5.2500e-015
-3.730e+000	4.8003e-017	-9.3438e+000	-6.3477e+000	6.3476e+000	5.2500e-015
-3.720e+000	4.8003e-017	-9.3438e+000	-6.3477e+000	6.3476e+000	5.2500e-015
-3.710e+000	4.8003e-017	-9.3438e+000	-6.3477e+000	6.3476e+000	5.2500e-015
-3.700e+000	4.8003e-017	-9.3438e+000	-6.3477e+000	6.3476e+000	5.2500e-015
-3.690e+000	4.8003e-017	-9.3438e+000	-6.3477e+000	6.3476e+000	5.2500e-015
-3.680e+000	4.8003e-017	-9.3438e+000	-6.3477e+000	6.3476e+000	5.2500e-015
-3.670e+000	4.8003e-017	-9.3438e+000	-6.3477e+000	6.3476e+000	5.2500e-015
-3.660e+000	4.8003e-017	-9.3438e+000	-6.3477e+000	6.3476e+000	5.2500e-015
-3.650e+000	4.8003e-017	-9.3438e+000	-6.3477e+000	6.3476e+000	5.2500e-015
-3.640e+000	4.8003e-017	-9.3438e+000	-6.3477e+000	6.3476e+000	5.2500e-015
-3.630e+000	4.8003e-017	-9.3439e+000	-6.3477e+000	6.3477e+000	5.2500e-015
-3.620e+000	4.8004e-017	-9.3439e+000	-6.3478e+000	6.3477e+000	5.2500e-015
-3.610e+000	4.8004e-017	-9.3440e+000	-6.3478e+000	6.3478e+000	5.2500e-015
-3.600e+000	4.8005e-017	-9.3441e+000	-6.3479e+000	6.3478e+000	5.2500e-015
-3.590e+000	4.8006e-017	-9.3443e+000	-6.3481e+000	6.3480e+000	5.2500e-015
-3.580e+000	4.8007e-017	-9.3446e+000	-6.3482e+000	6.3482e+000	5.2500e-015
-3.570e+000	4.8009e-017	-9.3450e+000	-6.3485e+000	6.3484e+000	5.2500e-015
-3.560e+000	4.8012e-017	-9.3456e+000	-6.3489e+000	6.3489e+000	5.2500e-015
-3.550e+000	4.8017e-017	-9.3465e+000	-6.3495e+000	6.3495e+000	5.2500e-015
-3.540e+000	4.8024e-017	-9.3478e+000	-6.3504e+000	6.3503e+000	5.2500e-015
-3.530e+000	4.8034e-017	-9.3497e+000	-6.3517e+000	6.3516e+000	5.2500e-015
-3.520e+000	4.8048e-017	-9.3525e+000	-6.3536e+000	6.3536e+000	5.2500e-015
-3.510e+000	4.8069e-017	-9.3567e+000	-6.3565e+000	6.3564e+000	5.2500e-015
-3.500e+000	4.8101e-017	-9.3628e+000	-6.3606e+000	6.3605e+000	5.2500e-015
-3.490e+000	4.8147e-017	-9.3718e+000	-6.3667e+000	6.3666e+000	5.2500e-015
-3.480e+000	4.8215e-017	-9.3851e+000	-6.3757e+000	6.3757e+000	5.2500e-015
-3.470e+000	4.8316e-017	-9.4046e+000	-6.3890e+000	6.3889e+000	5.2500e-015
-3.460e+000	4.8463e-017	-9.4333e+000	-6.4085e+000	6.4084e+000	5.2500e-015
-3.450e+000	4.8681e-017	-9.4756e+000	-6.4372e+000	6.4372e+000	5.2500e-015
-3.440e+000	4.9001e-017	-9.5379e+000	-6.4796e+000	6.4795e+000	5.2500e-015
-3.430e+000	4.9472e-017	-9.6297e+000	-6.5419e+000	6.5418e+000	5.2500e-015
-3.420e+000	5.0182e-017	-9.7657e+000	-6.6336e+000	6.6335e+000	5.2500e-015
-3.410e+000	5.1188e-017	-9.9645e+000	-6.7696e+000	6.7685e+000	5.2500e-015
-3.400e+000	5.2692e-017	-1.0257e+001	-6.9684e+000	6.9673e+000	5.2500e-015
-3.390e+000	5.4970e-017	-1.0692e+001	-7.2611e+000	7.2600e+000	5.2500e-015
-3.380e+000	5.8168e-017	-1.1326e+001	-7.6959e+000	7.6910e+000	5.2500e-015
-3.370e+000	6.3032e-017	-1.2264e+001	-8.3304e+000	8.3254e+000	5.2500e-015
-3.360e+000	7.0100e-017	-1.3644e+001	-9.2684e+000	9.2595e+000	5.2500e-015
-3.350e+000	8.0553e-017	-1.5675e+001	-1.0648e+001	1.0635e+001	5.2500e-015
-3.340e+000	9.5891e-017	-1.8664e+001	-1.2679e+001	1.2660e+001	5.2500e-015
-3.330e+000	1.1856e-016	-2.3068e+001	-1.5668e+001	1.5641e+001	5.2500e-015
-3.320e+000	1.5182e-016	-2.9547e+001	-2.0072e+001	2.0030e+001	5.2500e-015
-3.310e+000	2.0088e-016	-3.9090e+001	-2.6551e+001	2.6492e+001	5.2500e-015
-3.300e+000	2.7309e-016	-5.3139e+001	-3.6093e+001	3.6005e+001	5.2500e-015
-3.290e+000	3.7944e-016	-7.3825e+001	-5.0142e+001	5.0013e+001	5.2500e-015
-3.280e+000	5.3590e-016	-1.0428e+002	-7.0829e+001	7.0635e+001	5.2500e-015
-3.270e+000	7.6635e-016	-1.4911e+002	-1.0128e+002	1.0100e+002	5.2500e-015
-3.260e+000	1.1056e-015	-2.1513e+002	-1.4612e+002	1.4570e+002	5.2500e-015
-3.250e+000	1.6051e-015	-3.1231e+002	-2.1213e+002	2.1151e+002	5.2500e-015
-3.240e+000	2.3405e-015	-4.5540e+002	-3.0932e+002	3.0841e+002	5.2500e-015
-3.230e+000	3.4233e-015	-6.6607e+002	-4.5240e+002	4.5107e+002	5.2500e-015
-3.220e+000	5.0174e-015	-9.7623e+002	-6.6307e+002	6.6111e+002	5.2500e-015
-3.210e+000	7.3643e-015	-1.4329e+003	-9.7323e+002	9.7034e+002	5.2500e-015
-3.200e+000	1.0820e-014	-2.1052e+003	-1.4299e+003	1.4256e+003	5.2500e-015
-3.190e+000	1.5907e-014	-3.0950e+003	-2.1022e+003	2.0959e+003	5.2500e-015
-3.180e+000	2.3397e-014	-4.5524e+003	-3.0920e+003	3.0828e+003	5.2500e-015
-3.170e+000	3.4425e-014	-6.6980e+003	-4.5494e+003	4.5358e+003	5.2500e-015
-3.160e+000	5.0660e-014	-9.8570e+003	-6.6950e+003	6.6750e+003	5.2500e-015
-3.150e+000	7.4564e-014	-1.4508e+004	-9.8540e+003	9.8245e+003	5.2500e-015
-3.140e+000	1.0976e-013	-2.1355e+004	-1.4505e+004	1.4461e+004	5.2500e-015
-3.130e+000	1.6157e-013	-3.1437e+004	-2.1352e+004	2.1288e+004	5.2500e-015
-3.120e+000	2.3785e-013	-4.6279e+004	-3.1434e+004	3.1340e+004	5.2500e-015
-3.110e+000	3.5017e-013	-6.8132e+004	-4.6276e+004	4.6138e+004	5.2500e-015
-3.100e+000	5.1552e-013	-1.0031e+005	-6.8129e+004	6.7925e+004	5.2500e-015
-3.090e+000	7.5896e-013	-1.4767e+005	-1.0030e+005	1.0000e+005	5.2500e-015
-3.080e+000	1.1174e-012	-2.1741e+005	-1.4767e+005	1.4723e+005	5.2500e-015
-3.070e+000	1.6450e-012	-3.2008e+005	-2.1741e+005	2.1676e+005	5.2500e-015
-3.060e+000	2.4218e-012	-4.7124e+005	-3.2008e+005	3.1912e+005	5.2500e-015
-3.050e+000	3.5654e-012	-6.9377e+005	-4.7123e+005	4.6982e+005	5.2500e-015
-3.040e+000	5.2489e-012	-1.0214e+006	-6.9377e+005	6.9169e+005	5.2500e-015
-3.030e+000	7.7270e-012	-1.5037e+006	-1.0214e+006	1.0183e+006	5.2500e-015
-3.020e+000	1.1374e-011	-2.2136e+006	-1.5036e+006	1.4991e+006	5.2500e-015
-3.010e+000	1.6742e-011	-3.2585e+006	-2.2136e+006	2.2070e+006	5.2500e-015
-3.000e+000	2.4640e-011	-4.7965e+006	-3.2585e+006	3.2488e+006	5.2500e-015
-2.990e+000	3.6258e-011	-7.0595e+006	-4.7965e+006	4.7821e+006	5.2500e-015
-2.980e+000	5.3340e-011	-1.0389e+007	-7.0595e+006	7.0384e+006	5.2500e-015
-2.970e+000	7.8440e-011	-1.5285e+007	-1.0389e+007	1.0358e+007	5.2500e-015
-2.960e+000	1.1529e-010	-2.2480e+007	-1.5285e+007	1.5239e+007	5.2500e-015
-2.950e+000	1.6931e-010	-3.3048e+007	-2.2480e+007	2.2413e+007	5.2500e-015
-2.940e+000	2.4836e-010	-4.8549e+007	-3.3048e+007	3.2949e+007	5.2500e-015
-2.930e+000	3.6370e-010	-7.1250e+007	-4.8549e+007	4.8405e+007	5.2500e-015
-2.920e+000	5.3130e-010	-1.0441e+008	-7.1250e+007	7.1037e+007	5.2500e-015
-2.910e+000	7.7339e-010	-1.5268e+008	-1.0441e+008	1.0410e+008	5.2500e-015
-2.900e+000	1.1202e-009	-2.2260e+008	-1.5268e+008	1.5223e+008	5.2500e-015
-2.890e+000	1.6113e-009	-3.2317e+008	-2.2260e+008	2.2194e+008	5.2500e-015
-2.880e+000	2.2957e-009	-4.6645e+008	-3.2317e+008	3.2222e+008	5.2500e-015
-2.870e+000	3.2301e-009	-6.6806e+008	-4.6645e+008	4.6510e+008	5.2500e-015
-2.860e+000	4.4730e-009	-9.4724e+008	-6.6806e+008	6.6614e+008	5.2500e-015
-2.850e+000	6.0757e-009	-1.3265e+009	-9.4724e+008	9.4456e+008	5.2500e-015
-2.840e+000	8.0734e-009	-1.8304e+009	-1.3265e+009	1.3228e+009	5.2500e-015
-2.830e+000	1.0480e-008	-2.4844e+009	-1.8304e+009	1.8254e+009	5.2500e-015
-2.820e+000	1.3290e-008	-3.3139e+009	-2.4844e+009	2.4780e+009	5.2500e-015
-2.810e+000	1.6493e-008	-4.3433e+009	-3.3139e+009	3.3057e+009	5.2500e-015
-2.800e+000	2.0084e-008	-5.5969e+009	-4.3433e+009	4.3332e+009	5.2500e-015
-2.790e+000	2.4075e-008	-7.0996e+009	-5.5969e+009	5.5846e+009	5.2500e-015
-2.780e+000	2.8492e-008	-8.8779e+009	-7.0996e+009	7.0850e+009	5.2500e-015
-2.770e+000	3.3375e-008	-1.0961e+010	-8.8779e+009	8.8612e+009	5.2500e-015
-2.760e+000	3.8764e-008	-1.3380e+010	-1.0961e+010	1.0942e+010	5.2500e-015
-2.750e+000	4.4694e-008	-1.6170e+010	-1.3380e+010	1.3359e+010	5.2500e-015
-2.740e+000	5.1186e-008	-1.9365e+010	-1.6170e+010	1.6147e+010	5.2500e-015
-2.730e+000	5.8239e-008	-2.3000e+010	-1.9365e+010	1.9340e+010	5.2500e-015
-2.720e+000	6.5828e-008	-2.7108e+010	-2.3000e+010	2.2973e+010	5.2500e-015
-2.710e+000	7.3905e-008	-3.1721e+010	-2.7108e+010	2.7080e+010	5.2500e-015
-2.700e+000	8.2399e-008	-3.6864e+010	-3.1721e+010	3.1692e+010	5.2500e-015
-2.690e+000	9.1220e-008	-4.2558e+010	-3.6864e+010	3.6834e+010	5.2500e-015
-2.680e+000	1.0027e-007	-4.8816e+010	-4.2558e+010	4.2526e+010	5.2500e-015
-2.670e+000	1.0943e-007	-5.5646e+010	-4.8816e+010	4.8783e+010	5.2500e-015
-2.660e+000	1.1862e-007	-6.3049e+010	-5.5646e+010	5.5613e+010	5.2500e-015
-2.650e+000	1.2772e-007	-7.1021e+010	-6.3049e+010	6.3015e+010	5.2500e-015
-2.640e+000	1.3665e-007	-7.9550e+010	-7.1021e+010	7.0986e+010	5.2500e-015
-2.630e+000	1.4534e-007	-8.8621e+010	-7.9550e+010	7.9515e+010	5.2500e-015
-2.620e+000	1.5373e-007	-9.8216e+010	-8.8621e+010	8.8585e+010	5.2500e-015
-2.610e+000	1.6158e-007	-1.0830e+011	-9.8216e+010	9.8180e+010	5.2500e-015
-2.600e+000	1.6898e-007	-1.1885e+011	-1.0830e+011	1.0826e+011	5.2500e-015
-2.590e+000	1.7619e-007	-1.2985e+011	-1.1885e+011	1.1881e+011	5.2500e-015
-2.580e+000	1.8303e-007	-1.4127e+011	-1.2985e+011	1.2981e+011	5.2500e-015
-2.570e+000	1.8959e-007	-1.5310e+011	-1.4127e+011	1.4123e+011	5.2500e-015
-2.560e+000	1.9564e-007	-1.6531e+011	-1.5310e+011	1.5306e+011	5.2500e-015
-2.550e+000	2.0122e-007	-1.7787e+011	-1.6531e+011	1.6528e+011	5.2500e-015
-2.540e+000	2.0665e-007	-1.9077e+011	-1.7787e+011	1.7783e+011	5.2500e-015
-2.530e+000	2.1164e-007	-2.0398e+011	-1.9077e+011	1.9073e+011	5.2500e-015
-2.520e+000	2.1637e-007	-2.1748e+011	-2.0398e+011	2.0394e+011	5.2500e-015
-2.510e+000	2.2067e-007	-2.3126e+011	-2.1748e+011	2.1745e+011	5.2500e-015
-2.500e+000	2.2476e-007	-2.4529e+011	-2.3126e+011	2.3122e+011	5.2500e-015
-2.490e+000	2.2863e-007	-2.5956e+011	-2.4529e+011	2.4525e+011	5.2500e-015
-2.480e+000	2.3216e-007	-2.7405e+011	-2.5956e+011	2.5952e+011	5.2500e-015
-2.470e+000	2.3551e-007	-2.8874e+011	-2.7405e+011	2.7401e+011	5.2500e-015
-2.460e+000	2.3869e-007	-3.0364e+011	-2.8874e+011	2.8871e+011	5.2500e-015
-2.450e+000	2.4162e-007	-3.1872e+011	-3.0364e+011	3.0360e+011	5.2500e-015
-2.440e+000	2.4434e-007	-3.3397e+011	-3.1872e+011	3.1868e+011	5.2500e-015
-2.430e+000	2.4696e-007	-3.4939e+011	-3.3397e+011	3.3394e+011	5.2500e-015
-2.420e+000	2.4937e-007	-3.6495e+011	-3.4939e+011	3.4935e+011	5.2500e-015
-2.410e+000	2.5168e-007	-3.8066e+011	-3.6495e+011	3.6491e+011	5.2500e-015
-2.400e+000	2.5383e-007	-3.9650e+011	-3.8066e+011	3.8062e+011	5.2500e-015
-2.390e+000	2.5585e-007	-4.1247e+011	-3.9650e+011	3.9646e+011	5.2500e-015
-2.380e+000	2.5774e-007	-4.2856e+011	-4.1247e+011	4.1243e+011	5.2500e-015
-2.370e+000	2.5956e-007	-4.4476e+011	-4.2856e+011	4.2852e+011	5.2500e-015
-2.360e+000	2.6126e-007	-4.6107e+011	-4.4476e+011	4.4472e+011	5.2500e-015
-2.350e+000	2.6287e-007	-4.7747e+011	-4.6107e+011	4.6103e+011	5.2500e-015
-2.340e+000	2.6437e-007	-4.9397e+011	-4.7747e+011	4.7743e+011	5.2500e-015
-2.330e+000	2.6583e-007	-5.1057e+011	-4.9397e+011	4.9394e+011	5.2500e-015
-2.320e+000	2.6719e-007	-5.2724e+011	-5.1057e+011	5.1053e+011	5.2500e-015
-2.310e+000	2.6849e-007	-5.4400e+011	-5.2724e+011	5.2720e+011	5.2500e-015
-2.300e+000	2.6971e-007	-5.6084e+011	-5.4400e+011	5.4396e+011	5.2500e-015
-2.290e+000	2.7088e-007	-5.7774e+011	-5.6084e+011	5.6080e+011	5.2500e-015
-2.280e+000	2.7197e-007	-5.9472e+011	-5.7774e+011	5.7770e+011	5.2500e-015
-2.270e+000	2.7304e-007	-6.1176e+011	-5.9472e+011	5.9468e+011	5.2500e-015
-2.260e+000	2.7404e-007	-6.2886e+011	-6.1176e+011	6.1172e+011	5.2500e-015
-2.250e+000	2.7500e-007	-6.4603e+011	-6.2886e+011	6.2882e+011	5.2500e-015
-2.240e+000	2.7591e-007	-6.6325e+011	-6.4603e+011	6.4599e+011	5.2500e-015
-2.230e+000	2.7678e-007	-6.8052e+011	-6.6325e+011	6.6321e+011	5.2500e-015
-2.220e+000	2.7761e-007	-6.9785e+011	-6.8052e+011	6.8048e+011	5.2500e-015
-2.210e+000	2.7841e-007	-7.1523e+011	-6.9785e+011	6.9781e+011	5.2500e-015
-2.200e+000	2.7916e-007	-7.3265e+011	-7.1523e+011	7.1519e+011	5.2500e-015
-2.190e+000	2.7989e-007	-7.5012e+011	-7.3265e+011	7.3261e+011	5.2500e-015
-2.180e+000	2.8059e-007	-7.6763e+011	-7.5012e+011	7.5008e+011	5.2500e-015
-2.170e+000	2.8125e-007	-7.8519e+011	-7.6763e+011	7.6759e+011	5.2500e-015
-2.160e+000	2.8189e-007	-8.0278e+011	-7.8519e+011	7.8515e+011	5.2500e-015
-2.150e+000	2.8250e-007	-8.2041e+011	-8.0278e+011	8.0274e+011	5.2500e-015
-2.140e+000	2.8309e-007	-8.3808e+011	-8.2041e+011	8.2037e+011	5.2500e-015
-2.130e+000	2.8366e-007	-8.5579e+011	-8.3808e+011	8.3804e+011	5.2500e-015
-2.120e+000	2.8420e-007	-8.7353e+011	-8.5579e+011	8.5575e+011	5.2500e-015
-2.110e+000	2.8472e-007	-8.9130e+011	-8.7353e+011	8.7349e+011	5.2500e-015
-2.100e+000	2.8522e-007	-9.0910e+011	-8.9130e+011	8.9126e+011	5.2500e-015
-2.090e+000	2.8570e-007	-9.2693e+011	-9.0910e+011	9.0906e+011	5.2500e-015
-2.080e+000	2.8616e-007	-9.4479e+011	-9.2693e+011	9.2689e+011	5.2500e-015
-2.070e+000	2.8662e-007	-9.6268e+011	-9.4479e+011	9.4475e+011	5.2500e-015
-2.060e+000	2.8705e-007	-9.8060e+011	-9.6268e+011	9.6264e+011	5.2500e-015
-2.050e+000	2.8747e-007	-9.9854e+011	-9.8060e+011	9.8056e+011	5.2500e-015
-2.040e+000	2.8787e-007	-1.0165e+012	-9.9854e+011	9.9850e+011	5.2500e-015
-2.030e+000	2.8826e-007	-1.0345e+012	-1.0165e+012	1.0165e+012	5.2500e-015
-2.020e+000	2.8863e-007	-1.0525e+012	-1.0345e+012	1.0345e+012	5.2500e-015
-2.010e+000	2.8900e-007	-1.0706e+012	-1.0525e+012	1.0525e+012	5.2500e-015
-2.000e+000	2.8935e-007	-1.0886e+012	-1.0706e+012	1.0705e+012	5.2500e-015
-1.990e+000	2.8968e-007	-1.1067e+012	-1.0886e+012	1.0886e+012	5.2500e-015
-1.980e+000	2.9001e-007	-1.1248e+012	-1.1067e+012	1.1067e+012	5.2500e-015
-1.970e+000	2.9033e-007	-1.1429e+012	-1.1248e+012	1.1248e+012	5.2500e-015
-1.960e+000	2.9064e-007	-1.1611e+012	-1.1429e+012	1.1429e+012	5.2500e-015
-1.950e+000	2.9094e-007	-1.1792e+012	-1.1611e+012	1.1610e+012	5.2500e-015
-1.940e+000	2.9123e-007	-1.1974e+012	-1.1792e+012	1.1792e+012	5.2500e-015
-1.930e+000	2.9151e-007	-1.2156e+012	-1.1974e+012	1.1973e+012	5.2500e-015
-1.920e+000	2.9178e-007	-1.2338e+012	-1.2156e+012	1.2155e+012	5.2500e-015
-1.910e+000	2.9204e-007	-1.2520e+012	-1.2338e+012	1.2338e+012	5.2500e-015
-1.900e+000	2.9230e-007	-1.2703e+012	-1.2520e+012	1.2520e+012	5.2500e-015
-1.890e+000	2.9254e-007	-1.2885e+012	-1.2703e+012	1.2702e+012	5.2500e-015
-1.880e+000	2.9279e-007	-1.3068e+012	-1.2885e+012	1.2885e+012	5.2500e-015
-1.870e+000	2.9302e-007	-1.3251e+012	-1.3068e+012	1.3068e+012	5.2500e-015
-1.860e+000	2.9325e-007	-1.3434e+012	-1.3251e+012	1.3250e+012	5.2500e-015
-1.850e+000	2.9347e-007	-1.3617e+012	-1.3434e+012	1.3434e+012	5.2500e-015
-1.840e+000	2.9369e-007	-1.3800e+012	-1.3617e+012	1.3617e+012	5.2500e-015
-1.830e+000	2.9390e-007	-1.3984e+012	-1.3800e+012	1.3800e+012	5.2500e-015
-1.820e+000	2.9410e-007	-1.4167e+012	-1.3984e+012	1.3983e+012	5.2500e-015
-1.810e+000	2.9430e-007	-1.4351e+012	-1.4167e+012	1.4167e+012	5.2500e-015
-1.800e+000	2.9450e-007	-1.4535e+012	-1.4351e+012	1.4351e+012	5.2500e-015
-1.790e+000	2.9469e-007	-1.4719e+012	-1.4535e+012	1.4535e+012	5.2500e-015
-1.780e+000	2.9487e-007	-1.4903e+012	-1.4719e+012	1.4718e+012	5.2500e-015
-1.770e+000	2.9505e-007	-1.5087e+012	-1.4903e+012	1.4902e+012	5.2500e-015
-1.760e+000	2.9523e-007	-1.5271e+012	-1.5087e+012	1.5087e+012	5.2500e-015
-1.750e+000	2.9540e-007	-1.5456e+012	-1.5271e+012	1.5271e+012	5.2500e-015
-1.740e+000	2.9557e-007	-1.5640e+012	-1.5456e+012	1.5455e+012	5.2500e-015
-1.730e+000	2.9573e-007	-1.5825e+012	-1.5640e+012	1.5640e+012	5.2500e-015
-1.720e+000	2.9589e-007	-1.6009e+012	-1.5825e+012	1.5824e+012	5.2500e-015
-1.710e+000	2.9604e-007	-1.6194e+012	-1.6009e+012	1.6009e+012	5.2500e-015
-1.700e+000	2.9620e-007	-1.6379e+012	-1.6194e+012	1.6194e+012	5.2500e-015
-1.690e+000	2.9634e-007	-1.6564e+012	-1.6379e+012	1.6379e+012	5.2500e-015
-1.680e+000	2.9649e-007	-1.6749e+012	-1.6564e+012	1.6564e+012	5.2500e-015
-1.670e+000	2.9663e-007	-1.6934e+012	-1.6749e+012	1.6749e+012	5.2500e-015
-1.660e+000	2.9677e-007	-1.7119e+012	-1.6934e+012	1.6934e+012	5.2500e-015
-1.650e+000	2.9691e-007	-1.7305e+012	-1.7119e+012	1.7119e+012	5.2500e-015
-1.640e+000	2.9704e-007	-1.7490e+012	-1.7305e+012	1.7304e+012	5.2500e-015
-1.630e+000	2.9717e-007	-1.7676e+012	-1.7490e+012	1.7490e+012	5.2500e-015
-1.620e+000	2.9730e-007	-1.7861e+012	-1.7676e+012	1.7675e+012	5.2500e-015
-1.610e+000	2.9742e-007	-1.8047e+012	-1.7861e+012	1.7861e+012	5.2500e-015
-1.600e+000	2.9754e-007	-1.8233e+012	-1.8047e+012	1.8046e+012	5.2500e-015
-1.590e+000	2.9766e-007	-1.8418e+012	-1.8233e+012	1.8232e+012	5.2500e-015
-1.580e+000	2.9778e-007	-1.8604e+012	-1.8418e+012	1.8418e+012	5.2500e-015
-1.570e+000	2.9790e-007	-1.8790e+012	-1.8604e+012	1.8604e+012	5.2500e-015
-1.560e+000	2.9801e-007	-1.8976e+012	-1.8790e+012	1.8790e+012	5.2500e-015
-1.550e+000	2.9812e-007	-1.9162e+012	-1.8976e+012	1.8976e+012	5.2500e-015
-1.540e+000	2.9823e-007	-1.9348e+012	-1.9162e+012	1.9162e+012	5.2500e-015
-1.530e+000	2.9834e-007	-1.9535e+012	-1.9348e+012	1.9348e+012	5.2500e-015
-1.520e+000	2.9844e-007	-1.9721e+012	-1.9535e+012	1.9534e+012	5.2500e-015
-1.510e+000	2.9854e-007	-1.9907e+012	-1.9721e+012	1.9720e+012	5.2500e-015
-1.500e+000	2.9864e-007	-2.0094e+012	-1.9907e+012	1.9907e+012	5.2500e-015
-1.490e+000	2.9874e-007	-2.0280e+012	-2.0094e+012	2.0093e+012	5.2500e-015
-1.480e+000	2.9884e-007	-2.0467e+012	-2.0280e+012	2.0280e+012	5.2500e-015
-1.470e+000	2.9893e-007	-2.0653e+012	-2.0467e+012	2.0466e+012	5.2500e-015
-1.460e+000	2.9903e-007	-2.0840e+012	-2.0653e+012	2.0653e+012	5.2500e-015
-1.450e+000	2.9912e-007	-2.1026e+012	-2.0840e+012	2.0839e+012	5.2500e-015
-1.440e+000	2.9921e-007	-2.1213e+012	-2.1026e+012	2.1026e+012	5.2500e-015
-1.430e+000	2.9930e-007	-2.1400e+012	-2.1213e+012	2.1213e+012	5.2500e-015
-1.420e+000	2.9939e-007	-2.1587e+012	-2.1400e+012	2.1400e+012	5.2500e-015
-1.410e+000	2.9947e-007	-2.1774e+012	-2.1587e+012	2.1586e+012	5.2500e-015
-1.400e+000	2.9956e-007	-2.1961e+012	-2.1774e+012	2.1773e+012	5.2500e-015
-1.390e+000	2.9964e-007	-2.2148e+012	-2.1961e+012	2.1960e+012	5.2500e-015
-1.380e+000	2.9972e-007	-2.2335e+012	-2.2148e+012	2.2147e+012	5.2500e-015
-1.370e+000	2.9980e-007	-2.2522e+012	-2.2335e+012	2.2334e+012	5.2500e-015
-1.360e+000	2.9988e-007	-2.2709e+012	-2.2522e+012	2.2522e+012	5.2500e-015
-1.350e+000	2.9996e-007	-2.2896e+012	-2.2709e+012	2.2709e+012	5.2500e-015
-1.340e+000	3.0003e-007	-2.3084e+012	-2.2896e+012	2.2896e+012	5.2500e-015
-1.330e+000	3.0011e-007	-2.3271e+012	-2.3084e+012	2.3083e+012	5.2500e-015
-1.320e+000	3.0018e-007	-2.3458e+012	-2.3271e+012	2.3271e+012	5.2500e-015
-1.310e+000	3.0026e-007	-2.3646e+012	-2.3458e+012	2.3458e+012	5.2500e-015
-1.300e+000	3.0033e-007	-2.3833e+012	-2.3646e+012	2.3645e+012	5.2500e-015
-1.290e+000	3.0040e-007	-2.4021e+012	-2.3833e+012	2.3833e+012	5.2500e-015
-1.280e+000	3.0047e-007	-2.4208e+012	-2.4021e+012	2.4020e+012	5.2500e-015
-1.270e+000	3.0054e-007	-2.4396e+012	-2.4208e+012	2.4208e+012	5.2500e-015
-1.260e+000	3.0060e-007	-2.4583e+012	-2.4396e+012	2.4395e+012	5.2500e-015
-1.250e+000	3.0067e-007	-2.4771e+012	-2.4583e+012	2.4583e+012	5.2500e-015
-1.240e+000	3.0074e-007	-2.4959e+012	-2.4771e+012	2.4771e+012	5.2500e-015
-1.230e+000	3.0080e-007	-2.5146e+012	-2.4959e+012	2.4958e+012	5.2500e-015
-1.220e+000	3.0087e-007	-2.5334e+012	-2.5146e+012	2.5146e+012	5.2500e-015
-1.210e+000	3.0093e-007	-2.5522e+012	-2.5334e+012	2.5334e+012	5.2500e-015
-1.200e+000	3.0099e-007	-2.5710e+012	-2.5522e+012	2.5522e+012	5.2500e-015
-1.190e+000	3.0105e-007	-2.5898e+012	-2.5710e+012	2.5710e+012	5.2500e-015
-1.180e+000	3.0111e-007	-2.6086e+012	-2.5898e+012	2.5897e+012	5.2500e-015
-1.170e+000	3.0117e-007	-2.6274e+012	-2.6086e+012	2.6085e+012	5.2500e-015
-1.160e+000	3.0123e-007	-2.6462e+012	-2.6274e+012	2.6273e+012	5.2500e-015
-1.150e+000	3.0129e-007	-2.6650e+012	-2.6462e+012	2.6461e+012	5.2500e-015
-1.140e+000	3.0135e-007	-2.6838e+012	-2.6650e+012	2.6649e+012	5.2500e-015
-1.130e+000	3.0140e-007	-2.7026e+012	-2.6838e+012	2.6838e+012	5.2500e-015
-1.120e+000	3.0146e-007	-2.7214e+012	-2.7026e+012	2.7026e+012	5.2500e-015
-1.110e+000	3.0152e-007	-2.7402e+012	-2.7214e+012	2.7214e+012	5.2500e-015
-1.100e+000	3.0157e-007	-2.7591e+012	-2.7402e+012	2.7402e+012	5.2500e-015
-1.090e+000	3.0162e-007	-2.7779e+012	-2.7591e+012	2.7590e+012	5.2500e-015
-1.080e+000	3.0168e-007	-2.7967e+012	-2.7779e+012	2.7778e+012	5.2500e-015
-1.070e+000	3.0173e-007	-2.8155e+012	-2.7967e+012	2.7967e+012	5.2500e-015
-1.060e+000	3.0178e-007	-2.8344e+012	-2.8155e+012	2.8155e+012	5.2500e-015
-1.050e+000	3.0183e-007	-2.8532e+012	-2.8344e+012	2.8343e+012	5.2500e-015
-1.040e+000	3.0188e-007	-2.8721e+012	-2.8532e+012	2.8532e+012	5.2500e-015
-1.030e+000	3.0193e-007	-2.8909e+012	-2.8721e+012	2.8720e+012	5.2500e-015
-1.020e+000	3.0198e-007	-2.9098e+012	-2.8909e+012	2.8909e+012	5.2500e-015
-1.010e+000	3.0203e-007	-2.9286e+012	-2.9098e+012	2.9097e+012	5.2500e-015
-1.000e+000	3.0208e-007	-2.9475e+012	-2.9286e+012	2.9286e+012	5.2500e-015
-9.900e-001	3.0213e-007	-2.9663e+012	-2.9475e+012	2.9474e+012	5.2500e-015
-9.800e-001	3.0218e-007	-2.9852e+012	-2.9663e+012	2.9663e+012	5.2500e-015
-9.700e-001	3.0222e-007	-3.0040e+012	-2.9852e+012	2.9851e+012	5.2500e-015
-9.600e-001	3.0227e-007	-3.0229e+012	-3.0040e+012	3.0040e+012	5.2500e-015
-9.500e-001	3.0231e-007	-3.0418e+012	-3.0229e+012	3.0229e+012	5.2500e-015
-9.400e-001	3.0236e-007	-3.0607e+012	-3.0418e+012	3.0417e+012	5.2500e-015
-9.300e-001	3.0240e-007	-3.0795e+012	-3.0607e+012	3.0606e+012	5.2500e-015
-9.200e-001	3.0245e-007	-3.0984e+012	-3.0795e+012	3.0795e+012	5.2500e-015
-9.100e-001	3.0249e-007	-3.1173e+012	-3.0984e+012	3.0984e+012	5.2500e-015
-9.000e-001	3.0254e-007	-3.1362e+012	-3.1173e+012	3.1172e+012	5.2500e-015
-8.900e-001	3.0258e-007	-3.1551e+012	-3.1362e+012	3.1361e+012	5.2500e-015
-8.800e-001	3.0262e-007	-3.1739e+012	-3.1551e+012	3.1550e+012	5.2500e-015
-8.700e-001	3.0266e-007	-3.1928e+012	-3.1739e+012	3.1739e+012	5.2500e-015
-8.600e-001	3.0270e-007	-3.2117e+012	-3.1928e+012	3.1928e+012	5.2500e-015
-8.500e-001	3.0274e-007	-3.2306e+012	-3.2117e+012	3.2117e+012	5.2500e-015
-8.400e-001	3.0279e-007	-3.2495e+012	-3.2306e+012	3.2306e+012	5.2500e-015
-8.300e-001	3.0283e-007	-3.2684e+012	-3.2495e+012	3.2495e+012	5.2500e-015
-8.200e-001	3.0287e-007	-3.2873e+012	-3.2684e+012	3.2684e+012	5.2500e-015
-8.100e-001	3.0291e-007	-3.3062e+012	-3.2873e+012	3.2873e+012	5.2500e-015
-8.000e-001	3.0294e-007	-3.3251e+012	-3.3062e+012	3.3062e+012	5.2500e-015
-7.900e-001	3.0298e-007	-3.3440e+012	-3.3251e+012	3.3251e+012	5.2500e-015
-7.800e-001	3.0302e-007	-3.3630e+012	-3.3440e+012	3.3440e+012	5.2500e-015
-7.700e-001	3.0306e-007	-3.3819e+012	-3.3630e+012	3.3629e+012	5.2500e-015
-7.600e-001	3.0310e-007	-3.4008e+012	-3.3819e+012	3.3818e+012	5.2500e-015
-7.500e-001	3.0313e-007	-3.4197e+012	-3.4008e+012	3.4008e+012	5.2500e-015
-7.400e-001	3.0317e-007	-3.4386e+012	-3.4197e+012	3.4197e+012	5.2500e-015
-7.300e-001	3.0321e-007	-3.4576e+012	-3.4386e+012	3.4386e+012	5.2500e-015
-7.200e-001	3.0324e-007	-3.4765e+012	-3.4576e+012	3.4575e+012	5.2500e-015
-7.100e-001	3.0328e-007	-3.4954e+012	-3.4765e+012	3.4764e+012	5.2500e-015
-7.000e-001	3.0332e-007	-3.5143e+012	-3.4954e+012	3.4954e+012	5.2500e-015
-6.900e-001	3.0335e-007	-3.5333e+012	-3.5143e+012	3.5143e+012	5.2500e-015
-6.800e-001	3.0339e-007	-3.5522e+012	-3.5333e+012	3.5332e+012	5.2500e-015
-6.700e-001	3.0342e-007	-3.5712e+012	-3.5522e+012	3.5522e+012	5.2500e-015
-6.600e-001	3.0345e-007	-3.5901e+012	-3.5712e+012	3.5711e+012	5.2500e-015
-6.500e-001	3.0349e-007	-3.6090e+012	-3.5901e+012	3.5901e+012	5.2500e-015
-6.400e-001	3.0352e-007	-3.6280e+012	-3.6090e+012	3.6090e+012	5.2500e-015
-6.300e-001	3.0356e-007	-3.6469e+012	-3.6280e+012	3.6279e+012	5.2500e-015
-6.200e-001	3.0359e-007	-3.6659e+012	-3.6469e+012	3.6469e+012	5.2500e-015
-6.100e-001	3.0362e-007	-3.6848e+012	-3.6659e+012	3.6658e+012	5.2500e-015
-6.000e-001	3.0365e-007	-3.7038e+012	-3.6848e+012	3.6848e+012	5.2500e-015
-5.900e-001	3.0369e-007	-3.7227e+012	-3.7038e+012	3.7037e+012	5.2500e-015
-5.800e-001	3.0372e-007	-3.7417e+012	-3.7227e+012	3.7227e+012	5.2500e-015
-5.700e-001	3.0375e-007	-3.7606e+012	-3.7417e+012	3.7416e+012	5.2500e-015
-5.600e-001	3.0378e-007	-3.7796e+012	-3.7606e+012	3.7606e+012	5.2500e-015
-5.500e-001	3.0381e-007	-3.7986e+012	-3.7796e+012	3.7796e+012	5.2500e-015
-5.400e-001	3.0384e-007	-3.8175e+012	-3.7986e+012	3.7985e+012	5.2500e-015
-5.300e-001	3.0387e-007	-3.8365e+012	-3.8175e+012	3.8175e+012	5.2500e-015
-5.200e-001	3.0390e-007	-3.8555e+012	-3.8365e+012	3.8365e+012	5.2500e-015
-5.100e-001	3.0393e-007	-3.8744e+012	-3.8555e+012	3.8554e+012	5.2500e-015
-5.000e-001	3.0396e-007	-3.8934e+012	-3.8744e+012	3.8744e+012	5.2500e-015
-4.900e-001	3.0399e-007	-3.9124e+012	-3.8934e+012	3.8934e+012	5.2500e-015
-4.800e-001	3.0402e-007	-3.9314e+012	-3.9124e+012	3.9123e+012	5.2500e-015
-4.700e-001	3.0405e-007	-3.9503e+012	-3.9314e+012	3.9313e+012	5.2500e-015
-4.600e-001	3.0408e-007	-3.9693e+012	-3.9503e+012	3.9503e+012	5.2500e-015
-4.500e-001	3.0411e-007	-3.9883e+012	-3.9693e+012	3.9693e+012	5.2500e-015
-4.400e-001	3.0414e-007	-4.0073e+012	-3.9883e+012	3.9883e+012	5.2500e-015
-4.300e-001	3.0417e-007	-4.0263e+012	-4.0073e+012	4.0072e+012	5.2500e-015
-4.200e-001	3.0420e-007	-4.0453e+012	-4.0263e+012	4.0262e+012	5.2500e-015
-4.100e-001	3.0422e-007	-4.0642e+012	-4.0453e+012	4.0452e+012	5.2500e-015
-4.000e-001	3.0425e-007	-4.0832e+012	-4.0642e+012	4.0642e+012	5.2500e-015
-3.900e-001	3.0428e-007	-4.1022e+012	-4.0832e+012	4.0832e+012	5.2500e-015
-3.800e-001	3.0431e-007	-4.1212e+012	-4.1022e+012	4.1022e+012	5.2500e-015
-3.700e-001	3.0433e-007	-4.1402e+012	-4.1212e+012	4.1212e+012	5.2500e-015
-3.600e-001	3.0436e-007	-4.1592e+012	-4.1402e+012	4.1402e+012	5.2500e-015
-3.500e-001	3.0439e-007	-4.1782e+012	-4.1592e+012	4.1592e+012	5.2500e-015
-3.400e-001	3.0442e-007	-4.1972e+012	-4.1782e+012	4.1782e+012	5.2500e-015
-3.300e-001	3.0444e-007	-4.2162e+012	-4.1972e+012	4.1972e+012	5.2500e-015
-3.200e-001	3.0447e-007	-4.2352e+012	-4.2162e+012	4.2162e+012	5.2500e-015
-3.100e-001	3.0449e-007	-4.2542e+012	-4.2352e+012	4.2352e+012	5.2500e-015
-3.000e-001	3.0452e-007	-4.2732e+012	-4.2542e+012	4.2542e+012	5.2500e-015
-2.900e-001	3.0455e-007	-4.2922e+012	-4.2732e+012	4.2732e+012	5.2500e-015
-2.800e-001	3.0457e-007	-4.3112e+012	-4.2922e+012	4.2922e+012	5.2500e-015
-2.700e-001	3.0460e-007	-4.3303e+012	-4.3112e+012	4.3112e+012	5.2500e-015
-2.600e-001	3.0462e-007	-4.3493e+012	-4.3303e+012	4.3302e+012	5.2500e-015
-2.500e-001	3.0465e-007	-4.3683e+012	-4.3493e+012	4.3492e+012	5.2500e-015
-2.400e-001	3.0467e-007	-4.3873e+012	-4.3683e+012	4.3682e+012	5.2500e-015
-2.300e-001	3.0470e-007	-4.4063e+012	-4.3873e+012	4.3873e+012	5.2500e-015
-2.200e-001	3.0472e-007	-4.4253e+012	-4.4063e+012	4.4063e+012	5.2500e-015
-2.100e-001	3.0474e-007	-4.4444e+012	-4.4253e+012	4.4253e+012	5.2500e-015
-2.000e-001	3.0477e-007	-4.4634e+012	-4.4444e+012	4.4443e+012	5.2500e-015
-1.900e-001	3.0479e-007	-4.4824e+012	-4.4634e+012	4.4633e+012	5.2500e-015
-1.800e-001	3.0482e-007	-4.5014e+012	-4.4824e+012	4.4824e+012	5.2500e-015
-1.700e-001	3.0484e-007	-4.5205e+012	-4.5014e+012	4.5014e+012	5.2500e-015
-1.600e-001	3.0486e-007	-4.5395e+012	-4.5205e+012	4.5204e+012	5.2500e-015
-1.500e-001	3.0489e-007	-4.5585e+012	-4.5395e+012	4.5394e+012	5.2500e-015
-1.400e-001	3.0491e-007	-4.5775e+012	-4.5585e+012	4.5585e+012	5.2500e-015
-1.300e-001	3.0493e-007	-4.5966e+012	-4.5775e+012	4.5775e+012	5.2500e-015
-1.200e-001	3.0496e-007	-4.6156e+012	-4.5966e+012	4.5965e+012	5.2500e-015
-1.100e-001	3.0498e-007	-4.6346e+012	-4.6156e+012	4.6156e+012	5.2500e-015
-1.000e-001	3.0500e-007	-4.6537e+012	-4.6346e+012	4.6346e+012	5.2500e-015
-9.000e-002	3.0503e-007	-4.6727e+012	-4.6537e+012	4.6536e+012	5.2500e-015
-8.000e-002	3.0505e-007	-4.6918e+012	-4.6727e+012	4.6727e+012	5.2500e-015
-7.000e-002	3.0507e-007	-4.7108e+012	-4.6918e+012	4.6917e+012	5.2500e-015
-6.000e-002	3.0509e-007	-4.7298e+012	-4.7108e+012	4.7108e+012	5.2500e-015
-5.000e-002	3.0511e-007	-4.7489e+012	-4.7298e+012	4.7298e+012	5.2500e-015
-4.000e-002	3.0514e-007	-4.7679e+012	-4.7489e+012	4.7488e+012	5.2500e-015
-3.000e-002	3.0516e-007	-4.7870e+012	-4.7679e+012	4.7679e+012	5.2500e-015
-2.000e-002	3.0518e-007	-4.8060e+012	-4.7870e+012	4.7869e+012	5.2500e-015
-1.000e-002	3.0520e-007	-4.8251e+012	-4.8060e+012	4.8060e+012	5.2500e-015
0.000e+000	3.0522e-007	-4.8441e+012	-4.8251e+012	4.8250e+012	5.2500e-015
1.000e-002	3.0524e-007	-4.8632e+012	-4.8441e+012	4.8441e+012	5.2500e-015
2.000e-002	3.0526e-007	-4.8822e+012	-4.8632e+012	4.8631e+012	5.2500e-015
3.000e-002	3.0529e-007	-4.9013e+012	-4.8822e+012	4.8822e+012	5.2500e-015
4.000e-002	3.0531e-007	-4.9203e+012	-4.9013e+012	4.9012e+012	5.2500e-015
5.000e-002	3.0533e-007	-4.9394e+012	-4.9203e+012	4.9203e+012	5.2500e-015
6.000e-002	3.0535e-007	-4.9585e+012	-4.9394e+012	4.9394e+012	5.2500e-015
7.000e-002	3.0537e-007	-4.9775e+012	-4.9585e+012	4.9584e+012	5.2500e-015
8.000e-002	3.0539e-007	-4.9966e+012	-4.9775e+012	4.9775e+012	5.2500e-015
9.000e-002	3.0541e-007	-5.0156e+012	-4.9966e+012	4.9965e+012	5.2500e-015
1.000e-001	3.0543e-007	-5.0347e+012	-5.0156e+012	5.0156e+012	5.2500e-015
1.100e-001	3.0545e-007	-5.0538e+012	-5.0347e+012	5.0347e+012	5.2500e-015
1.200e-001	3.0547e-007	-5.0728e+012	-5.0538e+012	5.0537e+012	5.2500e-015
1.300e-001	3.0549e-007	-5.0919e+012	-5.0728e+012	5.0728e+012	5.2500e-015
1.400e-001	3.0551e-007	-5.1110e+012	-5.0919e+012	5.0919e+012	5.2500e-015
1.500e-001	3.0553e-007	-5.1300e+012	-5.1110e+012	5.1109e+012	5.2500e-015
1.600e-001	3.0555e-007	-5.1491e+012	-5.1300e+012	5.1300e+012	5.2500e-015
1.700e-001	3.0557e-007	-5.1682e+012	-5.1491e+012	5.1491e+012	5.2500e-015
1.800e-001	3.0559e-007	-5.1872e+012	-5.1682e+012	5.1681e+012	5.2500e-015
1.900e-001	3.0561e-007	-5.2063e+012	-5.1872e+012	5.1872e+012	5.2500e-015
2.000e-001	3.0563e-007	-5.2254e+012	-5.2063e+012	5.2063e+012	5.2500e-015
2.100e-001	3.0564e-007	-5.2445e+012	-5.2254e+012	5.2254e+012	5.2500e-015
2.200e-001	3.0566e-007	-5.2636e+012	-5.2445e+012	5.2444e+012	5.2500e-015
2.300e-001	3.0568e-007	-5.2826e+012	-5.2636e+012	5.2635e+012	5.2500e-015
2.400e-001	3.0570e-007	-5.3017e+012	-5.2826e+012	5.2826e+012	5.2500e-015
2.500e-001	3.0572e-007	-5.3208e+012	-5.3017e+012	5.3017e+012	5.2500e-015
2.600e-001	3.0574e-007	-5.3399e+012	-5.3208e+012	5.3208e+012	5.2500e-015
2.700e-001	3.0576e-007	-5.3590e+012	-5.3399e+012	5.3398e+012	5.2500e-015
2.800e-001	3.0577e-007	-5.3780e+012	-5.3590e+012	5.3589e+012	5.2500e-015
2.900e-001	3.0579e-007	-5.3971e+012	-5.3780e+012	5.3780e+012	5.2500e-015
3.000e-001	3.0581e-007	-5.4162e+012	-5.3971e+012	5.3971e+012	5.2500e-015
3.100e-001	3.0583e-007	-5.4353e+012	-5.4162e+012	5.4162e+012	5.2500e-015
3.200e-001	3.0585e-007	-5.4544e+012	-5.4353e+012	5.4353e+012	5.2500e-015
3.300e-001	3.0587e-007	-5.4735e+012	-5.4544e+012	5.4544e+012	5.2500e-015
3.400e-001	3.0588e-007	-5.4926e+012	-5.4735e+012	5.4734e+012	5.2500e-015
3.500e-001	3.0590e-007	-5.5117e+012	-5.4926e+012	5.4925e+012	5.2500e-015
3.600e-001	3.0592e-007	-5.5308e+012	-5.5117e+012	5.5116e+012	5.2500e-015
3.700e-001	3.0594e-007	-5.5499e+012	-5.5308e+012	5.5307e+012	5.2500e-015
3.800e-001	3.0596e-007	-5.5690e+012	-5.5499e+012	5.5498e+012	5.2500e-015
3.900e-001	3.0598e-007	-5.5881e+012	-5.5690e+012	5.5689e+012	5.2500e-015
4.000e-001	3.0600e-007	-5.6072e+012	-5.5881e+012	5.5880e+012	5.2500e-015
4.100e-001	3.0602e-007	-5.6263e+012	-5.6072e+012	5.6071e+012	5.2500e-015
4.200e-001	3.0604e-007	-5.6454e+012	-5.6263e+012	5.6262e+012	5.2500e-015
4.300e-001	3.0606e-007	-5.6645e+012	-5.6454e+012	5.6453e+012	5.2500e-015
4.400e-001	3.0609e-007	-5.6836e+012	-5.6645e+012	5.6644e+012	5.2500e-015
4.500e-001	3.0612e-007	-5.7027e+012	-5.6836e+012	5.6835e+012	5.2500e-015
4.600e-001	3.0616e-007	-5.7218e+012	-5.7027e+012	5.7026e+012	5.2500e-015
4.700e-001	3.0621e-007	-5.7409e+012	-5.7218e+012	5.7217e+012	5.2500e-015
4.800e-001	3.0627e-007	-5.7600e+012	-5.7409e+012	5.7409e+012	5.2500e-015
4.900e-001	3.0636e-007	-5.7791e+012	-5.7600e+012	5.7600e+012	5.2500e-015
5.000e-001	3.0647e-007	-5.7983e+012	-5.7791e+012	5.7791e+012	5.2500e-015
5.100e-001	3.0663e-007	-5.8174e+012	-5.7983e+012	5.7982e+012	5.2500e-015
5.200e-001	3.0686e-007	-5.8365e+012	-5.8174e+012	5.8174e+012	5.2500e-015
5.300e-001	3.0717e-007	-5.8557e+012	-5.8365e+012	5.8365e+012	5.2500e-015
5.400e-001	3.0762e-007	-5.8749e+012	-5.8557e+012	5.8557e+012	5.2500e-015
5.500e-001	3.0827e-007	-5.8942e+012	-5.8749e+012	5.8749e+012	5.2500e-015
5.600e-001	3.0921e-007	-5.9135e+012	-5.8942e+012	5.8941e+012	5.2500e-015
5.700e-001	3.1056e-007	-5.9328e+012	-5.9135e+012	5.9134e+012	5.2500e-015
5.800e-001	3.1251e-007	-5.9523e+012	-5.9328e+012	5.9328e+012	5.2500e-015
5.900e-001	3.1533e-007	-5.9720e+012	-5.9523e+012	5.9523e+012	5.2500e-015
6.000e-001	3.1941e-007	-5.9920e+012	-5.9720e+012	5.9720e+012	5.2500e-015
6.100e-001	3.2531e-007	-6.0123e+012	-5.9920e+012	5.9919e+012	5.2500e-015
6.200e-001	3.3306e-007	-6.0331e+012	-6.0123e+012	6.0122e+012	5.2500e-015
6.300e-001	3.4530e-007	-6.0546e+012	-6.0331e+012	6.0330e+012	5.2500e-015
6.400e-001	3.6212e-007	-6.0772e+012	-6.0546e+012	6.0546e+012	5.2500e-015
6.500e-001	3.8575e-007	-6.1013e+012	-6.0772e+012	6.0772e+012	5.2500e-015
6.600e-001	4.1849e-007	-6.1274e+012	-6.1013e+012	6.1012e+012	5.2500e-015
6.700e-001	4.6301e-007	-6.1563e+012	-6.1274e+012	6.1274e+012	5.2500e-015
6.800e-001	5.2214e-007	-6.1889e+012	-6.1563e+012	6.1563e+012	5.2500e-015
6.900e-001	5.9826e-007	-6.2262e+012	-6.1889e+012	6.1889e+012	5.2500e-015
7.000e-001	6.9266e-007	-6.2695e+012	-6.2262e+012	6.2262e+012	5.2500e-015
7.100e-001	8.0476e-007	-6.3197e+012	-6.2695e+012	6.2694e+012	5.2500e-015
7.200e-001	9.3178e-007	-6.3779e+012	-6.3197e+012	6.3197e+012	5.2500e-015
7.300e-001	1.0691e-006	-6.4446e+012	-6.3779e+012	6.3778e+012	5.2500e-015
7.400e-001	1.2110e-006	-6.5202e+012	-6.4446e+012	6.4445e+012	5.2500e-015
7.500e-001	1.3524e-006	-6.6046e+012	-6.5202e+012	6.5201e+012	5.2500e-015
7.600e-001	1.4891e-006	-6.6975e+012	-6.6046e+012	6.6045e+012	5.2500e-015
7.700e-001	1.6184e-006	-6.7985e+012	-6.6975e+012	6.6975e+012	5.2500e-015
7.800e-001	1.7400e-006	-6.9071e+012	-6.7985e+012	6.7985e+012	5.2500e-015
7.900e-001	1.8533e-006	-7.0228e+012	-6.9071e+012	6.9071e+012	5.2500e-015
8.000e-001	1.9593e-006	-7.1451e+012	-7.0228e+012	7.0228e+012	5.2500e-015
8.100e-001	2.0590e-006	-7.2736e+012	-7.1451e+012	7.1451e+012	5.2500e-015
8.200e-001	2.1537e-006	-7.4080e+012	-7.2736e+012	7.2736e+012	5.2500e-015
8.300e-001	2.2446e-006	-7.5481e+012	-7.4080e+012	7.4080e+012	5.2500e-015
8.400e-001	2.3328e-006	-7.6937e+012	-7.5481e+012	7.5481e+012	5.2500e-015
8.500e-001	2.4192e-006	-7.8447e+012	-7.6937e+012	7.6937e+012	5.2500e-015
8.600e-001	2.5046e-006	-8.0011e+012	-7.8447e+012	7.8447e+012	5.2500e-015
8.700e-001	2.5893e-006	-8.1627e+012	-8.0011e+012	8.0010e+012	5.2500e-015
8.800e-001	2.6738e-006	-8.3296e+012	-8.1627e+012	8.1626e+012	5.2500e-015
8.900e-001	2.7578e-006	-8.5017e+012	-8.3296e+012	8.3295e+012	5.2500e-015
9.000e-001	2.8411e-006	-8.6790e+012	-8.5017e+012	8.5016e+012	5.2500e-015
9.100e-001	2.9234e-006	-8.8615e+012	-8.6790e+012	8.6790e+012	5.2500e-015
9.200e-001	3.0040e-006	-9.0490e+012	-8.8615e+012	8.8614e+012	5.2500e-015
9.300e-001	3.0826e-006	-9.2414e+012	-9.0490e+012	9.0489e+012	5.2500e-015
9.400e-001	3.1585e-006	-9.4385e+012	-9.2414e+012	9.2413e+012	5.2500e-015
9.500e-001	3.2315e-006	-9.6402e+012	-9.4385e+012	9.4385e+012	5.2500e-015
9.600e-001	3.2789e-006	-9.8448e+012	-9.6402e+012	9.6401e+012	5.2500e-015
9.700e-001	3.3072e-006	-1.0051e+013	-9.8448e+012	9.8448e+012	5.2500e-015
9.800e-001	3.3633e-006	-1.0261e+013	-1.0051e+013	1.0051e+013	5.2500e-015
9.900e-001	3.4162e-006	-1.0474e+013	-1.0261e+013	1.0261e+013	5.2500e-015
1.000e+000	3.4660e-006	-1.0691e+013	-1.0474e+013	1.0474e+013	5.2500e-015
1.010e+000	3.5134e-006	-1.0910e+013	-1.0691e+013	1.0691e+013	5.2500e-015
1.020e+000	3.5580e-006	-1.1132e+013	-1.0910e+013	1.0910e+013	5.2500e-015
1.030e+000	3.6002e-006	-1.1357e+013	-1.1132e+013	1.1132e+013	5.2500e-015
1.040e+000	3.6404e-006	-1.1584e+013	-1.1357e+013	1.1357e+013	5.2500e-015
1.050e+000	3.6786e-006	-1.1814e+013	-1.1584e+013	1.1584e+013	5.2500e-015
1.060e+000	3.7150e-006	-1.2045e+013	-1.1814e+013	1.1814e+013	5.2500e-015
1.070e+000	3.7498e-006	-1.2280e+013	-1.2045e+013	1.2045e+013	5.2500e-015
1.080e+000	3.7833e-006	-1.2516e+013	-1.2280e+013	1.2279e+013	5.2500e-015
1.090e+000	3.8154e-006	-1.2754e+013	-1.2516e+013	1.2516e+013	5.2500e-015
1.100e+000	3.8464e-006	-1.2994e+013	-1.2754e+013	1.2754e+013	5.2500e-015
1.110e+000	3.8764e-006	-1.3236e+013	-1.2994e+013	1.2994e+013	5.2500e-015
1.120e+000	3.9054e-006	-1.3480e+013	-1.3236e+013	1.3236e+013	5.2500e-015
1.130e+000	3.9336e-006	-1.3725e+013	-1.3480e+013	1.3480e+013	5.2500e-015
1.140e+000	3.9610e-006	-1.3972e+013	-1.3725e+013	1.3725e+013	5.2500e-015
1.150e+000	3.9877e-006	-1.4221e+013	-1.3972e+013	1.3972e+013	5.2500e-015
1.160e+000	4.0137e-006	-1.4472e+013	-1.4221e+013	1.4221e+013	5.2500e-015
1.170e+000	4.0390e-006	-1.4724e+013	-1.4472e+013	1.4472e+013	5.2500e-015
1.180e+000	4.0638e-006	-1.4977e+013	-1.4724e+013	1.4724e+013	5.2500e-015
1.190e+000	4.0880e-006	-1.5233e+013	-1.4977e+013	1.4977e+013	5.2500e-015
1.200e+000	4.1117e-006	-1.5489e+013	-1.5233e+013	1.5233e+013	5.2500e-015
1.210e+000	4.1348e-006	-1.5747e+013	-1.5489e+013	1.5489e+013	5.2500e-015
1.220e+000	4.1575e-006	-1.6007e+013	-1.5747e+013	1.5747e+013	5.2500e-015
1.230e+000	4.1796e-006	-1.6268e+013	-1.6007e+013	1.6007e+013	5.2500e-015
1.240e+000	4.2012e-006	-1.6530e+013	-1.6268e+013	1.6268e+013	5.2500e-015
1.250e+000	4.2222e-006	-1.6793e+013	-1.6530e+013	1.6530e+013	5.2500e-015
1.260e+000	4.2428e-006	-1.7058e+013	-1.6793e+013	1.6793e+013	5.2500e-015
1.270e+000	4.2629e-006	-1.7324e+013	-1.7058e+013	1.7058e+013	5.2500e-015
1.280e+000	4.2825e-006	-1.7592e+013	-1.7324e+013	1.7324e+013	5.2500e-015
1.290e+000	4.3016e-006	-1.7860e+013	-1.7592e+013	1.7592e+013	5.2500e-015
1.300e+000	4.3202e-006	-1.8130e+013	-1.7860e+013	1.7860e+013	5.2500e-015
1.310e+000	4.3384e-006	-1.8401e+013	-1.8130e+013	1.8130e+013	5.2500e-015
1.320e+000	4.3560e-006	-1.8672e+013	-1.8401e+013	1.8400e+013	5.2500e-015
1.330e+000	4.3733e-006	-1.8945e+013	-1.8672e+013	1.8672e+013	5.2500e-015
1.340e+000	4.3900e-006	-1.9219e+013	-1.8945e+013	1.8945e+013	5.2500e-015
1.350e+000	4.4064e-006	-1.9494e+013	-1.9219e+013	1.9219e+013	5.2500e-015
1.360e+000	4.4223e-006	-1.9770e+013	-1.9494e+013	1.9494e+013	5.2500e-015
1.370e+000	4.4288e-006	-2.0047e+013	-1.9770e+013	1.9770e+013	5.2500e-015
1.380e+000	4.4401e-006	-2.0324e+013	-2.0047e+013	2.0047e+013	5.2500e-015
1.390e+000	4.4542e-006	-2.0602e+013	-2.0324e+013	2.0324e+013	5.2500e-015
1.400e+000	4.4680e-006	-2.0881e+013	-2.0602e+013	2.0602e+013	5.2500e-015
1.410e+000	4.4813e-006	-2.1161e+013	-2.0881e+013	2.0881e+013	5.2500e-015
1.420e+000	4.4945e-006	-2.1441e+013	-2.1161e+013	2.1160e+013	5.2500e-015
1.430e+000	4.5072e-006	-2.1722e+013	-2.1441e+013	2.1441e+013	5.2500e-015
1.440e+000	4.5197e-006	-2.2004e+013	-2.1722e+013	2.1722e+013	5.2500e-015
1.450e+000	4.5319e-006	-2.2287e+013	-2.2004e+013	2.2004e+013	5.2500e-015
1.460e+000	4.5438e-006	-2.2571e+013	-2.2287e+013	2.2287e+013	5.2500e-015
1.470e+000	4.5555e-006	-2.2855e+013	-2.2571e+013	2.2571e+013	5.2500e-015
1.480e+000	4.5669e-006	-2.3140e+013	-2.2855e+013	2.2855e+013	5.2500e-015
1.490e+000	4.5781e-006	-2.3426e+013	-2.3140e+013	2.3140e+013	5.2500e-015
1.500e+000	4.5890e-006	-2.3712e+013	-2.3426e+013	2.3426e+013	5.2500e-015
1.510e+000	4.5997e-006	-2.4000e+013	-2.3712e+013	2.3712e+013	5.2500e-015
1.520e+000	4.6102e-006	-2.4287e+013	-2.4000e+013	2.4000e+013	5.2500e-015
1.530e+000	4.6205e-006	-2.4576e+013	-2.4287e+013	2.4287e+013	5.2500e-015
1.540e+000	4.6306e-006	-2.4865e+013	-2.4576e+013	2.4576e+013	5.2500e-015
1.550e+000	4.6405e-006	-2.5154e+013	-2.4865e+013	2.4865e+013	5.2500e-015
1.560e+000	4.6503e-006	-2.5445e+013	-2.5154e+013	2.5154e+013	5.2500e-015
1.570e+000	4.6598e-006	-2.5735e+013	-2.5445e+013	2.5445e+013	5.2500e-015
1.580e+000	4.6692e-006	-2.6027e+013	-2.5735e+013	2.5735e+013	5.2500e-015
1.590e+000	4.6785e-006	-2.6319e+013	-2.6027e+013	2.6027e+013	5.2500e-015
1.600e+000	4.6876e-006	-2.6611e+013	-2.6319e+013	2.6319e+013	5.2500e-015
1.610e+000	4.6965e-006	-2.6905e+013	-2.6611e+013	2.6611e+013	5.2500e-015
1.620e+000	4.7053e-006	-2.7198e+013	-2.6905e+013	2.6905e+013	5.2500e-015
1.630e+000	4.7140e-006	-2.7492e+013	-2.7198e+013	2.7198e+013	5.2500e-015
1.640e+000	4.7226e-006	-2.7787e+013	-2.7492e+013	2.7492e+013	5.2500e-015
1.650e+000	4.7310e-006	-2.8083e+013	-2.7787e+013	2.7787e+013	5.2500e-015
1.660e+000	4.7393e-006	-2.8378e+013	-2.8083e+013	2.8082e+013	5.2500e-015
1.670e+000	4.7475e-006	-2.8675e+013	-2.8378e+013	2.8378e+013	5.2500e-015
1.680e+000	4.7555e-006	-2.8971e+013	-2.8675e+013	2.8675e+013	5.2500e-015
1.690e+000	4.7635e-006	-2.9269e+013	-2.8971e+013	2.8971e+013	5.2500e-015
1.700e+000	4.7713e-006	-2.9567e+013	-2.9269e+013	2.9269e+013	5.2500e-015
1.710e+000	4.7791e-006	-2.9865e+013	-2.9567e+013	2.9567e+013	5.2500e-015
1.720e+000	4.7867e-006	-3.0164e+013	-2.9865e+013	2.9865e+013	5.2500e-015
1.730e+000	4.7943e-006	-3.0463e+013	-3.0164e+013	3.0164e+013	5.2500e-015
1.740e+000	4.8017e-006	-3.0763e+013	-3.0463e+013	3.0463e+013	5.2500e-015
1.750e+000	4.8091e-006	-3.1063e+013	-3.0763e+013	3.0763e+013	5.2500e-015
1.760e+000	4.8163e-006	-3.1363e+013	-3.1063e+013	3.1063e+013	5.2500e-015
1.770e+000	4.8235e-006	-3.1664e+013	-3.1363e+013	3.1363e+013	5.2500e-015
1.780e+000	4.8306e-006	-3.1966e+013	-3.1664e+013	3.1664e+013	5.2500e-015
1.790e+000	4.8377e-006	-3.2268e+013	-3.1966e+013	3.1966e+013	5.2500e-015
1.800e+000	4.8446e-006	-3.2570e+013	-3.2268e+013	3.2268e+013	5.2500e-015
1.810e+000	4.8514e-006	-3.2873e+013	-3.2570e+013	3.2570e+013	5.2500e-015
1.820e+000	4.8582e-006	-3.3176e+013	-3.2873e+013	3.2873e+013	5.2500e-015
1.830e+000	4.8649e-006	-3.3480e+013	-3.3176e+013	3.3176e+013	5.2500e-015
1.840e+000	4.8716e-006	-3.3784e+013	-3.3480e+013	3.3480e+013	5.2500e-015
1.850e+000	4.8781e-006	-3.4088e+013	-3.3784e+013	3.3784e+013	5.2500e-015
1.860e+000	4.8846e-006	-3.4393e+013	-3.4088e+013	3.4088e+013	5.2500e-015
1.870e+000	4.8910e-006	-3.4699e+013	-3.4393e+013	3.4393e+013	5.2500e-015
1.880e+000	4.8974e-006	-3.5004e+013	-3.4699e+013	3.4699e+013	5.2500e-015
1.890e+000	4.9036e-006	-3.5310e+013	-3.5004e+013	3.5004e+013	5.2500e-015
1.900e+000	4.9098e-006	-3.5617e+013	-3.5310e+013	3.5310e+013	5.2500e-015
1.910e+000	4.9160e-006	-3.5924e+013	-3.5617e+013	3.5617e+013	5.2500e-015
1.920e+000	4.9221e-006	-3.6231e+013	-3.5924e+013	3.5924e+013	5.2500e-015
1.930e+000	4.9281e-006	-3.6538e+013	-3.6231e+013	3.6231e+013	5.2500e-015
1.940e+000	4.9341e-006	-3.6846e+013	-3.6538e+013	3.6538e+013	5.2500e-015
1.950e+000	4.9400e-006	-3.7155e+013	-3.6846e+013	3.6846e+013	5.2500e-015
1.960e+000	4.9458e-006	-3.7463e+013	-3.7155e+013	3.7155e+013	5.2500e-015
1.970e+000	4.9516e-006	-3.7772e+013	-3.7463e+013	3.7463e+013	5.2500e-015
1.980e+000	4.9573e-006	-3.8082e+013	-3.7772e+013	3.7772e+013	5.2500e-015
1.990e+000	4.9630e-006	-3.8392e+013	-3.8082e+013	3.8082e+013	5.2500e-015
2.000e+000	4.9686e-006	-3.8702e+013	-3.8392e+013	3.8392e+013	5.2500e-015
2.010e+000	4.9741e-006	-3.9012e+013	-3.8702e+013	3.8702e+013	5.2500e-015
2.020e+000	4.9796e-006	-3.9323e+013	-3.9012e+013	3.9012e+013	5.2500e-015
2.030e+000	4.9851e-006	-3.9634e+013	-3.9323e+013	3.9323e+013	5.2500e-015
2.040e+000	4.9905e-006	-3.9946e+013	-3.9634e+013	3.9634e+013	5.2500e-015
2.050e+000	4.9958e-006	-4.0257e+013	-3.9946e+013	3.9946e+013	5.2500e-015
2.060e+000	5.0011e-006	-4.0570e+013	-4.0257e+013	4.0257e+013	5.2500e-015
2.070e+000	5.0064e-006	-4.0882e+013	-4.0570e+013	4.0569e+013	5.2500e-015
2.080e+000	5.0116e-006	-4.1195e+013	-4.0882e+013	4.0882e+013	5.2500e-015
2.090e+000	5.0167e-006	-4.1508e+013	-4.1195e+013	4.1195e+013	5.2500e-015
2.100e+000	5.0218e-006	-4.1821e+013	-4.1508e+013	4.1508e+013	5.2500e-015
2.110e+000	5.0268e-006	-4.2135e+013	-4.1821e+013	4.1821e+013	5.2500e-015
2.120e+000	5.0319e-006	-4.2449e+013	-4.2135e+013	4.2135e+013	5.2500e-015
2.130e+000	5.0368e-006	-4.2764e+013	-4.2449e+013	4.2449e+013	5.2500e-015
2.140e+000	5.0417e-006	-4.3078e+013	-4.2764e+013	4.2763e+013	5.2500e-015
2.150e+000	5.0466e-006	-4.3393e+013	-4.3078e+013	4.3078e+013	5.2500e-015
2.160e+000	5.0514e-006	-4.3708e+013	-4.3393e+013	4.3393e+013	5.2500e-015
2.170e+000	5.0562e-006	-4.4024e+013	-4.3708e+013	4.3708e+013	5.2500e-015
2.180e+000	5.0609e-006	-4.4340e+013	-4.4024e+013	4.4024e+013	5.2500e-015
2.190e+000	5.0656e-006	-4.4656e+013	-4.4340e+013	4.4340e+013	5.2500e-015
2.200e+000	5.0703e-006	-4.4973e+013	-4.4656e+013	4.4656e+013	5.2500e-015
2.210e+000	5.0749e-006	-4.5289e+013	-4.4973e+013	4.4973e+013	5.2500e-015
2.220e+000	5.0795e-006	-4.5606e+013	-4.5289e+013	4.5289e+013	5.2500e-015
2.230e+000	5.0840e-006	-4.5924e+013	-4.5606e+013	4.5606e+013	5.2500e-015
2.240e+000	5.0885e-006	-4.6241e+013	-4.5924e+013	4.5924e+013	5.2500e-015
2.250e+000	5.0930e-006	-4.6559e+013	-4.6241e+013	4.6241e+013	5.2500e-015
2.260e+000	5.0974e-006	-4.6877e+013	-4.6559e+013	4.6559e+013	5.2500e-015
2.270e+000	5.1018e-006	-4.7196e+013	-4.6877e+013	4.6877e+013	5.2500e-015
2.280e+000	5.1061e-006	-4.7514e+013	-4.7196e+013	4.7196e+013	5.2500e-015
2.290e+000	5.1104e-006	-4.7833e+013	-4.7514e+013	4.7514e+013	5.2500e-015
2.300e+000	5.1147e-006	-4.8153e+013	-4.7833e+013	4.7833e+013	5.2500e-015
2.310e+000	5.1185e-006	-4.8472e+013	-4.8153e+013	4.8153e+013	5.2500e-015
2.320e+000	5.1213e-006	-4.8792e+013	-4.8472e+013	4.8472e+013	5.2500e-015
2.330e+000	5.1255e-006	-4.9112e+013	-4.8792e+013	4.8792e+013	5.2500e-015
2.340e+000	5.1296e-006	-4.9432e+013	-4.9112e+013	4.9112e+013	5.2500e-015
2.350e+000	5.1337e-006	-4.9752e+013	-4.9432e+013	4.9432e+013	5.2500e-015
2.360e+000	5.1377e-006	-5.0073e+013	-4.9752e+013	4.9752e+013	5.2500e-015
2.370e+000	5.1417e-006	-5.0394e+013	-5.0073e+013	5.0073e+013	5.2500e-015
2.380e+000	5.1457e-006	-5.0715e+013	-5.0394e+013	5.0394e+013	5.2500e-015
2.390e+000	5.1497e-006	-5.1036e+013	-5.0715e+013	5.0715e+013	5.2500e-015
2.400e+000	5.1536e-006	-5.1358e+013	-5.1036e+013	5.1036e+013	5.2500e-015
2.410e+000	5.1575e-006	-5.1680e+013	-5.1358e+013	5.1358e+013	5.2500e-015
2.420e+000	5.1614e-006	-5.2002e+013	-5.1680e+013	5.1680e+013	5.2500e-015
2.430e+000	5.1652e-006	-5.2325e+013	-5.2002e+013	5.2002e+013	5.2500e-015
2.440e+000	5.1691e-006	-5.2647e+013	-5.2325e+013	5.2324e+013	5.2500e-015
2.450e+000	5.1728e-006	-5.2970e+013	-5.2647e+013	5.2647e+013	5.2500e-015
2.460e+000	5.1766e-006	-5.3293e+013	-5.2970e+013	5.2970e+013	5.2500e-015
2.470e+000	5.1803e-006	-5.3616e+013	-5.3293e+013	5.3293e+013	5.2500e-015
2.480e+000	5.1841e-006	-5.3940e+013	-5.3616e+013	5.3616e+013	5.2500e-015
2.490e+000	5.1877e-006	-5.4264e+013	-5.3940e+013	5.3940e+013	5.2500e-015
2.500e+000	5.1914e-006	-5.4588e+013	-5.4264e+013	5.4264e+013	5.2500e-015
2.510e+000	5.1950e-006	-5.4912e+013	-5.4588e+013	5.4588e+013	5.2500e-015
2.520e+000	5.1986e-006	-5.5237e+013	-5.4912e+013	5.4912e+013	5.2500e-015
2.530e+000	5.2022e-006	-5.5561e+013	-5.5237e+013	5.5236e+013	5.2500e-015
2.540e+000	5.2058e-006	-5.5886e+013	-5.5561e+013	5.5561e+013	5.2500e-015
2.550e+000	5.2093e-006	-5.6211e+013	-5.5886e+013	5.5886e+013	5.2500e-015
2.560e+000	5.2128e-006	-5.6537e+013	-5.6211e+013	5.6211e+013	5.2500e-015
2.570e+000	5.2163e-006	-5.6862e+013	-5.6537e+013	5.6537e+013	5.2500e-015
2.580e+000	5.2198e-006	-5.7188e+013	-5.6862e+013	5.6862e+013	5.2500e-015
2.590e+000	5.2232e-006	-5.7514e+013	-5.7188e+013	5.7188e+013	5.2500e-015
2.600e+000	5.2267e-006	-5.7840e+013	-5.7514e+013	5.7514e+013	5.2500e-015
2.610e+000	5.2301e-006	-5.8167e+013	-5.7840e+013	5.7840e+013	5.2500e-015
2.620e+000	5.2335e-006	-5.8493e+013	-5.8167e+013	5.8167e+013	5.2500e-015
2.630e+000	5.2368e-006	-5.8820e+013	-5.8493e+013	5.8493e+013	5.2500e-015
2.640e+000	5.2402e-006	-5.9147e+013	-5.8820e+013	5.8820e+013	5.2500e-015
2.650e+000	5.2435e-006	-5.9475e+013	-5.9147e+013	5.9147e+013	5.2500e-015
2.660e+000	5.2468e-006	-5.9802e+013	-5.9475e+013	5.9474e+013	5.2500e-015
2.670e+000	5.2500e-006	-6.0130e+013	-5.9802e+013	5.9802e+013	5.2500e-015
2.680e+000	5.2533e-006	-6.0458e+013	-6.0130e+013	6.0130e+013	5.2500e-015
2.690e+000	5.2565e-006	-6.0786e+013	-6.0458e+013	6.0458e+013	5.2500e-015
2.700e+000	5.2598e-006	-6.1114e+013	-6.0786e+013	6.0786e+013	5.2500e-015
2.710e+000	5.2630e-006	-6.1442e+013	-6.1114e+013	6.1114e+013	5.2500e-015
2.720e+000	5.2661e-006	-6.1771e+013	-6.1442e+013	6.1442e+013	5.2500e-015
2.730e+000	5.2693e-006	-6.2100e+013	-6.1771e+013	6.1771e+013	5.2500e-015
2.740e+000	5.2724e-006	-6.2429e+013	-6.2100e+013	6.2100e+013	5.2500e-015
2.750e+000	5.2756e-006	-6.2758e+013	-6.2429e+013	6.2429e+013	5.2500e-015
2.760e+000	5.2787e-006	-6.3088e+013	-6.2758e+013	6.2758e+013	5.2500e-015
2.770e+000	5.2818e-006	-6.3417e+013	-6.3088e+013	6.3088e+013	5.2500e-015
2.780e+000	5.2848e-006	-6.3747e+013	-6.3417e+013	6.3417e+013	5.2500e-015
2.790e+000	5.2879e-006	-6.4077e+013	-6.3747e+013	6.3747e+013	5.2500e-015
2.800e+000	5.2909e-006	-6.4408e+013	-6.4077e+013	6.4077e+013	5.2500e-015
2.810e+000	5.2940e-006	-6.4738e+013	-6.4408e+013	6.4408e+013	5.2500e-015
2.820e+000	5.2970e-006	-6.5069e+013	-6.4738e+013	6.4738e+013	5.2500e-015
2.830e+000	5.2999e-006	-6.5399e+013	-6.5069e+013	6.5069e+013	5.2500e-015
2.840e+000	5.3029e-006	-6.5730e+013	-6.5399e+013	6.5399e+013	5.2500e-015
2.850e+000	5.3059e-006	-6.6062e+013	-6.5730e+013	6.5730e+013	5.2500e-015
2.860e+000	5.3088e-006	-6.6393e+013	-6.6062e+013	6.6062e+013	5.2500e-015
2.870e+000	5.3117e-006	-6.6724e+013	-6.6393e+013	6.6393e+013	5.2500e-015
2.880e+000	5.3146e-006	-6.7056e+013	-6.6724e+013	6.6724e+013	5.2500e-015
2.890e+000	5.3175e-006	-6.7388e+013	-6.7056e+013	6.7056e+013	5.2500e-015
2.900e+000	5.3204e-006	-6.7720e+013	-6.7388e+013	6.7388e+013	5.2500e-015
2.910e+000	5.3233e-006	-6.8052e+013	-6.7720e+013	6.7720e+013	5.2500e-015
2.920e+000	5.3261e-006	-6.8385e+013	-6.8052e+013	6.8052e+013	5.2500e-015
2.930e+000	5.3289e-006	-6.8717e+013	-6.8385e+013	6.8385e+013	5.2500e-015
2.940e+000	5.3318e-006	-6.9050e+013	-6.8717e+013	6.8717e+013	5.2500e-015
2.950e+000	5.3346e-006	-6.9383e+013	-6.9050e+013	6.9050e+013	5.2500e-015
2.960e+000	5.3374e-006	-6.9716e+013	-6.9383e+013	6.9383e+013	5.2500e-015
2.970e+000	5.3401e-006	-7.0050e+013	-6.9716e+013	6.9716e+013	5.2500e-015
2.980e+000	5.3429e-006	-7.0383e+013	-7.0050e+013	7.0050e+013	5.2500e-015
2.990e+000	5.3456e-006	-7.0717e+013	-7.0383e+013	7.0383e+013	5.2500e-015
3.000e+000	5.3484e-006	-7.1051e+013	-7.0717e+013	7.0717e+013	5.2500e-015
3.010e+000	5.3511e-006	-7.1385e+013	-7.1051e+013	7.1050e+013	5.2500e-015
3.020e+000	5.3538e-006	-7.1719e+013	-7.1385e+013	7.1384e+013	5.2500e-015
3.030e+000	5.3565e-006	-7.2053e+013	-7.1719e+013	7.1719e+013	5.2500e-015
3.040e+000	5.3592e-006	-7.2388e+013	-7.2053e+013	7.2053e+013	5.2500e-015
3.050e+000	5.3618e-006	-7.2722e+013	-7.2388e+013	7.2387e+013	5.2500e-015
3.060e+000	5.3645e-006	-7.3057e+013	-7.2722e+013	7.2722e+013	5.2500e-015
3.070e+000	5.3671e-006	-7.3392e+013	-7.3057e+013	7.3057e+013	5.2500e-015
3.080e+000	5.3698e-006	-7.3727e+013	-7.3392e+013	7.3392e+013	5.2500e-015
3.090e+000	5.3724e-006	-7.4062e+013	-7.3727e+013	7.3727e+013	5.2500e-015
3.100e+000	5.3750e-006	-7.4398e+013	-7.4062e+013	7.4062e+013	5.2500e-015
3.110e+000	5.3776e-006	-7.4734e+013	-7.4398e+013	7.4398e+013	5.2500e-015
3.120e+000	5.3801e-006	-7.5069e+013	-7.4734e+013	7.4734e+013	5.2500e-015
3.130e+000	5.3827e-006	-7.5405e+013	-7.5069e+013	7.5069e+013	5.2500e-015
3.140e+000	5.3853e-006	-7.5741e+013	-7.5405e+013	7.5405e+013	5.2500e-015
3.150e+000	5.3878e-006	-7.6078e+013	-7.5741e+013	7.5741e+013	5.2500e-015
3.160e+000	5.3903e-006	-7.6414e+013	-7.6078e+013	7.6078e+013	5.2500e-015
3.170e+000	5.3929e-006	-7.6751e+013	-7.6414e+013	7.6414e+013	5.2500e-015
3.180e+000	5.3954e-006	-7.7088e+013	-7.6751e+013	7.6751e+013	5.2500e-015
3.190e+000	5.3979e-006	-7.7424e+013	-7.7088e+013	7.7087e+013	5.2500e-015
3.200e+000	5.4003e-006	-7.7761e+013	-7.7424e+013	7.7424e+013	5.2500e-015
3.210e+000	5.4028e-006	-7.8099e+013	-7.7761e+013	7.7761e+013	5.2500e-015
3.220e+000	5.4053e-006	-7.8436e+013	-7.8099e+013	7.8099e+013	5.2500e-015
3.230e+000	5.4077e-006	-7.8774e+013	-7.8436e+013	7.8436e+013	5.2500e-015
3.240e+000	5.4102e-006	-7.9111e+013	-7.8774e+013	7.8774e+013	5.2500e-015
3.250e+000	5.4126e-006	-7.9449e+013	-7.9111e+013	7.9111e+013	5.2500e-015
3.260e+000	5.4150e-006	-7.9787e+013	-7.9449e+013	7.9449e+013	5.2500e-015
3.270e+000	5.4174e-006	-8.0125e+013	-7.9787e+013	7.9787e+013	5.2500e-015
3.280e+000	5.4198e-006	-8.0463e+013	-8.0125e+013	8.0125e+013	5.2500e-015
3.290e+000	5.4222e-006	-8.0802e+013	-8.0463e+013	8.0463e+013	5.2500e-015
3.300e+000	5.4246e-006	-8.1140e+013	-8.0802e+013	8.0802e+013	5.2500e-015
3.310e+000	5.4270e-006	-8.1479e+013	-8.1140e+013	8.1140e+013	5.2500e-015
3.320e+000	5.4293e-006	-8.1818e+013	-8.1479e+013	8.1479e+013	5.2500e-015
3.330e+000	5.4317e-006	-8.2157e+013	-8.1818e+013	8.1818e+013	5.2500e-015
3.340e+000	5.4340e-006	-8.2496e+013	-8.2157e+013	8.2157e+013	5.2500e-015
3.350e+000	5.4363e-006	-8.2836e+013	-8.2496e+013	8.2496e+013	5.2500e-015
3.360e+000	5.4386e-006	-8.3175e+013	-8.2836e+013	8.2836e+013	5.2500e-015
3.370e+000	5.4409e-006	-8.3515e+013	-8.3175e+013	8.3175e+013	5.2500e-015
3.380e+000	5.4432e-006	-8.3854e+013	-8.3515e+013	8.3515e+013	5.2500e-015
3.390e+000	5.4455e-006	-8.4194e+013	-8.3854e+013	8.3854e+013	5.2500e-015
3.400e+000	5.4478e-006	-8.4534e+013	-8.4194e+013	8.4194e+013	5.2500e-015
3.410e+000	5.4501e-006	-8.4874e+013	-8.4534e+013	8.4534e+013	5.2500e-015
3.420e+000	5.4523e-006	-8.5215e+013	-8.4874e+013	8.4874e+013	5.2500e-015
3.430e+000	5.4546e-006	-8.5555e+013	-8.5215e+013	8.5215e+013	5.2500e-015
3.440e+000	5.4568e-006	-8.5896e+013	-8.5555e+013	8.5555e+013	5.2500e-015
3.450e+000	5.4591e-006	-8.6237e+013	-8.5896e+013	8.5896e+013	5.2500e-015
3.460e+000	5.4613e-006	-8.6577e+013	-8.6237e+013	8.6236e+013	5.2500e-015
3.470e+000	5.4635e-006	-8.6918e+013	-8.6577e+013	8.6577e+013	5.2500e-015
3.480e+000	5.4657e-006	-8.7260e+013	-8.6918e+013	8.6918e+013	5.2500e-015
3.490e+000	5.4679e-006	-8.7601e+013	-8.7260e+013	8.7259e+013	5.2500e-015
3.500e+000	5.4701e-006	-8.7942e+013	-8.7601e+013	8.7601e+013	5.2500e-015
3.510e+000	5.4723e-006	-8.8284e+013	-8.7942e+013	8.7942e+013	5.2500e-015
3.520e+000	5.4744e-006	-8.8625e+013	-8.8284e+013	8.8284e+013	5.2500e-015
3.530e+000	5.4766e-006	-8.8967e+013	-8.8625e+013	8.8625e+013	5.2500e-015
3.540e+000	5.4787e-006	-8.9309e+013	-8.8967e+013	8.8967e+013	5.2500e-015
3.550e+000	5.4809e-006	-8.9651e+013	-8.9309e+013	8.9309e+013	5.2500e-015
3.560e+000	5.4830e-006	-8.9994e+013	-8.9651e+013	8.9651e+013	5.2500e-015
3.570e+000	5.4851e-006	-9.0336e+013	-8.9994e+013	8.9993e+013	5.2500e-015
3.580e+000	5.4873e-006	-9.0678e+013	-9.0336e+013	9.0336e+013	5.2500e-015
3.590e+000	5.4894e-006	-9.1021e+013	-9.0678e+013	9.0678e+013	5.2500e-015
3.600e+000	5.4915e-006	-9.1364e+013	-9.1021e+013	9.1021e+013	5.2500e-015
3.610e+000	5.4936e-006	-9.1707e+013	-9.1364e+013	9.1364e+013	5.2500e-015
3.620e+000	5.4957e-006	-9.2050e+013	-9.1707e+013	9.1707e+013	5.2500e-015
3.630e+000	5.4977e-006	-9.2393e+013	-9.2050e+013	9.2050e+013	5.2500e-015
3.640e+000	5.4998e-006	-9.2736e+013	-9.2393e+013	9.2393e+013	5.2500e-015
3.650e+000	5.5019e-006	-9.3079e+013	-9.2736e+013	9.2736e+013	5.2500e-015
3.660e+000	5.5039e-006	-9.3423e+013	-9.3079e+013	9.3079e+013	5.2500e-015
3.670e+000	5.5060e-006	-9.3767e+013	-9.3423e+013	9.3423e+013	5.2500e-015
3.680e+000	5.5080e-006	-9.4110e+013	-9.3767e+013	9.3767e+013	5.2500e-015
3.690e+000	5.5100e-006	-9.4454e+013	-9.4110e+013	9.4110e+013	5.2500e-015
3.700e+000	5.5121e-006	-9.4798e+013	-9.4454e+013	9.4454e+013	5.2500e-015
3.710e+000	5.5141e-006	-9.5143e+013	-9.4798e+013	9.4798e+013	5.2500e-015
3.720e+000	5.5161e-006	-9.5487e+013	-9.5143e+013	9.5142e+013	5.2500e-015
3.730e+000	5.5181e-006	-9.5831e+013	-9.5487e+013	9.5487e+013	5.2500e-015
3.740e+000	5.5201e-006	-9.6176e+013	-9.5831e+013	9.5831e+013	5.2500e-015
3.750e+000	5.5221e-006	-9.6520e+013	-9.6176e+013	9.6176e+013	5.2500e-015
3.760e+000	5.5240e-006	-9.6865e+013	-9.6520e+013	9.6520e+013	5.2500e-015
3.770e+000	5.5260e-006	-9.7210e+013	-9.6865e+013	9.6865e+013	5.2500e-015
3.780e+000	5.5280e-006	-9.7555e+013	-9.7210e+013	9.7210e+013	5.2500e-015
3.790e+000	5.5299e-006	-9.7900e+013	-9.7555e+013	9.7555e+013	5.2500e-015
3.800e+000	5.5319e-006	-9.8246e+013	-9.7900e+013	9.7900e+013	5.2500e-015
3.810e+000	5.5338e-006	-9.8591e+013	-9.8246e+013	9.8246e+013	5.2500e-015
3.820e+000	5.5358e-006	-9.8936e+013	-9.8591e+013	9.8591e+013	5.2500e-015
3.830e+000	5.5377e-006	-9.9282e+013	-9.8936e+013	9.8936e+013	5.2500e-015
3.840e+000	5.5396e-006	-9.9628e+013	-9.9282e+013	9.9282e+013	5.2500e-015
3.850e+000	5.5415e-006	-9.9974e+013	-9.9628e+013	9.9628e+013	5.2500e-015
3.860e+000	5.5434e-006	-1.0032e+014	-9.9974e+013	9.9974e+013	5.2500e-015
3.870e+000	5.5454e-006	-1.0067e+014	-1.0032e+014	1.0032e+014	5.2500e-015
3.880e+000	5.5472e-006	-1.0101e+014	-1.0067e+014	1.0067e+014	5.2500e-015
3.890e+000	5.5491e-006	-1.0136e+014	-1.0101e+014	1.0101e+014	5.2500e-015
3.900e+000	5.5510e-006	-1.0170e+014	-1.0136e+014	1.0136e+014	5.2500e-015
3.910e+000	5.5529e-006	-1.0205e+014	-1.0170e+014	1.0170e+014	5.2500e-015
3.920e+000	5.5548e-006	-1.0240e+014	-1.0205e+014	1.0205e+014	5.2500e-015
3.930e+000	5.5566e-006	-1.0274e+014	-1.0240e+014	1.0240e+014	5.2500e-015
3.940e+000	5.5585e-006	-1.0309e+014	-1.0274e+014	1.0274e+014	5.2500e-015
3.950e+000	5.5603e-006	-1.0344e+014	-1.0309e+014	1.0309e+014	5.2500e-015
3.960e+000	5.5622e-006	-1.0379e+014	-1.0344e+014	1.0344e+014	5.2500e-015
3.970e+000	5.5640e-006	-1.0413e+014	-1.0379e+014	1.0379e+014	5.2500e-015
3.980e+000	5.5658e-006	-1.0448e+014	-1.0413e+014	1.0413e+014	5.2500e-015
3.990e+000	5.5677e-006	-1.0483e+014	-1.0448e+014	1.0448e+014	5.2500e-015
4.000e+000	5.5695e-006	-1.0518e+014	-1.0483e+014	1.0483e+014	5.2500e-015
4.010e+000	5.5713e-006	-1.0552e+014	-1.0518e+014	1.0518e+014	5.2500e-015
4.020e+000	5.5731e-006	-1.0587e+014	-1.0552e+014	1.0552e+014	5.2500e-015
4.030e+000	5.5749e-006	-1.0622e+014	-1.0587e+014	1.0587e+014	5.2500e-015
4.040e+000	5.5767e-006	-1.0657e+014	-1.0622e+014	1.0622e+014	5.2500e-015
4.050e+000	5.5785e-006	-1.0692e+014	-1.0657e+014	1.0657e+014	5.2500e-015
4.060e+000	5.5803e-006	-1.0726e+014	-1.0692e+014	1.0692e+014	5.2500e-015
4.070e+000	5.5820e-006	-1.0761e+014	-1.0726e+014	1.0726e+014	5.2500e-015
4.080e+000	5.5838e-006	-1.0796e+014	-1.0761e+014	1.0761e+014	5.2500e-015
4.090e+000	5.5856e-006	-1.0831e+014	-1.0796e+014	1.0796e+014	5.2500e-015
4.100e+000	5.5873e-006	-1.0866e+014	-1.0831e+014	1.0831e+014	5.2500e-015
4.110e+000	5.5891e-006	-1.0901e+014	-1.0866e+014	1.0866e+014	5.2500e-015
4.120e+000	5.5908e-006	-1.0936e+014	-1.0901e+014	1.0901e+014	5.2500e-015
4.130e+000	5.5926e-006	-1.0971e+014	-1.0936e+014	1.0936e+014	5.2500e-015
4.140e+000	5.5943e-006	-1.1005e+014	-1.0971e+014	1.0971e+014	5.2500e-015
4.150e+000	5.5960e-006	-1.1040e+014	-1.1005e+014	1.1005e+014	5.2500e-015
4.160e+000	5.5978e-006	-1.1075e+014	-1.1040e+014	1.1040e+014	5.2500e-015
4.170e+000	5.5995e-006	-1.1110e+014	-1.1075e+014	1.1075e+014	5.2500e-015
4.180e+000	5.6012e-006	-1.1145e+014	-1.1110e+014	1.1110e+014	5.2500e-015
4.190e+000	5.6029e-006	-1.1180e+014	-1.1145e+014	1.1145e+014	5.2500e-015
4.200e+000	5.6046e-006	-1.1215e+014	-1.1180e+014	1.1180e+014	5.2500e-015
4.210e+000	5.6063e-006	-1.1250e+014	-1.1215e+014	1.1215e+014	5.2500e-015
4.220e+000	5.6080e-006	-1.1285e+014	-1.1250e+014	1.1250e+014	5.2500e-015
4.230e+000	5.6097e-006	-1.1320e+014	-1.1285e+014	1.1285e+014	5.2500e-015
4.240e+000	5.6114e-006	-1.1355e+014	-1.1320e+014	1.1320e+014	5.2500e-015
4.250e+000	5.6130e-006	-1.1390e+014	-1.1355e+014	1.1355e+014	5.2500e-015
4.260e+000	5.6147e-006	-1.1425e+014	-1.1390e+014	1.1390e+014	5.2500e-015
4.270e+000	5.6164e-006	-1.1460e+014	-1.1425e+014	1.1425e+014	5.2500e-015
4.280e+000	5.6180e-006	-1.1495e+014	-1.1460e+014	1.1460e+014	5.2500e-015
4.290e+000	5.6197e-006	-1.1530e+014	-1.1495e+014	1.1495e+014	5.2500e-015
4.300e+000	5.6213e-006	-1.1566e+014	-1.1530e+014	1.1530e+014	5.2500e-015
4.310e+000	5.6230e-006	-1.1601e+014	-1.1566e+014	1.1566e+014	5.2500e-015
4.320e+000	5.6246e-006	-1.1636e+014	-1.1601e+014	1.1601e+014	5.2500e-015
4.330e+000	5.6262e-006	-1.1671e+014	-1.1636e+014	1.1636e+014	5.2500e-015
4.340e+000	5.6279e-006	-1.1706e+014	-1.1671e+014	1.1671e+014	5.2500e-015
4.350e+000	5.6295e-006	-1.1741e+014	-1.1706e+014	1.1706e+014	5.2500e-015
4.360e+000	5.6311e-006	-1.1776e+014	-1.1741e+014	1.1741e+014	5.2500e-015
4.370e+000	5.6327e-006	-1.1811e+014	-1.1776e+014	1.1776e+014	5.2500e-015
4.380e+000	5.6343e-006	-1.1847e+014	-1.1811e+014	1.1811e+014	5.2500e-015
4.390e+000	5.6359e-006	-1.1882e+014	-1.1847e+014	1.1847e+014	5.2500e-015
4.400e+000	5.6375e-006	-1.1917e+014	-1.1882e+014	1.1882e+014	5.2500e-015
4.410e+000	5.6391e-006	-1.1952e+014	-1.1917e+014	1.1917e+014	5.2500e-015
4.420e+000	5.6407e-006	-1.1987e+014	-1.1952e+014	1.1952e+014	5.2500e-015
4.430e+000	5.6423e-006	-1.2023e+014	-1.1987e+014	1.1987e+014	5.2500e-015
4.440e+000	5.6439e-006	-1.2058e+014	-1.2023e+014	1.2023e+014	5.2500e-015
4.450e+000	5.6455e-006	-1.2093e+014	-1.2058e+014	1.2058e+014	5.2500e-015
4.460e+000	5.6470e-006	-1.2128e+014	-1.2093e+014	1.2093e+014	5.2500e-015
4.470e+000	5.6486e-006	-1.2164e+014	-1.2128e+014	1.2128e+014	5.2500e-015
4.480e+000	5.6502e-006	-1.2199e+014	-1.2164e+014	1.2164e+014	5.2500e-015
4.490e+000	5.6517e-006	-1.2234e+014	-1.2199e+014	1.2199e+014	5.2500e-015
4.500e+000	5.6533e-006	-1.2269e+014	-1.2234e+014	1.2234e+014	5.2500e-015
4.510e+000	5.6548e-006	-1.2305e+014	-1.2269e+014	1.2269e+014	5.2500e-015
4.520e+000	5.6564e-006	-1.2340e+014	-1.2305e+014	1.2305e+014	5.2500e-015
4.530e+000	5.6579e-006	-1.2375e+014	-1.2340e+014	1.2340e+014	5.2500e-015
4.540e+000	5.6594e-006	-1.2411e+014	-1.2375e+014	1.2375e+014	5.2500e-015
4.550e+000	5.6610e-006	-1.2446e+014	-1.2411e+014	1.2411e+014	5.2500e-015
4.560e+000	5.6625e-006	-1.2481e+014	-1.2446e+014	1.2446e+014	5.2500e-015
4.570e+000	5.6640e-006	-1.2517e+014	-1.2481e+014	1.2481e+014	5.2500e-015
4.580e+000	5.6655e-006	-1.2552e+014	-1.2517e+014	1.2517e+014	5.2500e-015
4.590e+000	5.6670e-006	-1.2587e+014	-1.2552e+014	1.2552e+014	5.2500e-015
4.600e+000	5.6685e-006	-1.2623e+014	-1.2587e+014	1.2587e+014	5.2500e-015
4.610e+000	5.6700e-006	-1.2658e+014	-1.2623e+014	1.2623e+014	5.2500e-015
4.620e+000	5.6715e-006	-1.2694e+014	-1.2658e+014	1.2658e+014	5.2500e-015
4.630e+000	5.6730e-006	-1.2729e+014	-1.2694e+014	1.2694e+014	5.2500e-015
4.640e+000	5.6745e-006	-1.2764e+014	-1.2729e+014	1.2729e+014	5.2500e-015
4.650e+000	5.6760e-006	-1.2800e+014	-1.2764e+014	1.2764e+014	5.2500e-015
4.660e+000	5.6775e-006	-1.2835e+014	-1.2800e+014	1.2800e+014	5.2500e-015
4.670e+000	5.6790e-006	-1.2871e+014	-1.2835e+014	1.2835e+014	5.2500e-015
4.680e+000	5.6804e-006	-1.2906e+014	-1.2871e+014	1.2871e+014	5.2500e-015
4.690e+000	5.6819e-006	-1.2942e+014	-1.2906e+014	1.2906e+014	5.2500e-015
4.700e+000	5.6834e-006	-1.2977e+014	-1.2942e+014	1.2942e+014	5.2500e-015
4.710e+000	5.6848e-006	-1.3013e+014	-1.2977e+014	1.2977e+014	5.2500e-015
4.720e+000	5.6863e-006	-1.3048e+014	-1.3013e+014	1.3013e+014	5.2500e-015
4.730e+000	5.6877e-006	-1.3084e+014	-1.3048e+014	1.3048e+014	5.2500e-015
4.740e+000	5.6892e-006	-1.3119e+014	-1.3084e+014	1.3084e+014	5.2500e-015
4.750e+000	5.6906e-006	-1.3155e+014	-1.3119e+014	1.3119e+014	5.2500e-015
4.760e+000	5.6921e-006	-1.3190e+014	-1.3155e+014	1.3155e+014	5.2500e-015
4.770e+000	5.6935e-006	-1.3226e+014	-1.3190e+014	1.3190e+014	5.2500e-015
4.780e+000	5.6949e-006	-1.3261e+014	-1.3226e+014	1.3226e+014	5.2500e-015
4.790e+000	5.6964e-006	-1.3297e+014	-1.3261e+014	1.3261e+014	5.2500e-015
4.800e+000	5.6978e-006	-1.3332e+014	-1.3297e+014	1.3297e+014	5.2500e-015
4.810e+000	5.6992e-006	-1.3368e+014	-1.3332e+014	1.3332e+014	5.2500e-015
4.820e+000	5.7006e-006	-1.3403e+014	-1.3368e+014	1.3368e+014	5.2500e-015
4.830e+000	5.7021e-006	-1.3439e+014	-1.3403e+014	1.3403e+014	5.2500e-015
4.840e+000	5.7035e-006	-1.3475e+014	-1.3439e+014	1.3439e+014	5.2500e-015
4.850e+000	5.7049e-006	-1.3510e+014	-1.3475e+014	1.3475e+014	5.2500e-015
4.860e+000	5.7063e-006	-1.3546e+014	-1.3510e+014	1.3510e+014	5.2500e-015
4.870e+000	5.7077e-006	-1.3581e+014	-1.3546e+014	1.3546e+014	5.2500e-015
4.880e+000	5.7091e-006	-1.3617e+014	-1.3581e+014	1.3581e+014	5.2500e-015
4.890e+000	5.7105e-006	-1.3653e+014	-1.3617e+014	1.3617e+014	5.2500e-015
4.900e+000	5.7118e-006	-1.3688e+014	-1.3653e+014	1.3653e+014	5.2500e-015
4.910e+000	5.7132e-006	-1.3724e+014	-1.3688e+014	1.3688e+014	5.2500e-015
4.920e+000	5.7146e-006	-1.3760e+014	-1.3724e+014	1.3724e+014	5.2500e-015
4.930e+000	5.7160e-006	-1.3795e+014	-1.3760e+014	1.3760e+014	5.2500e-015
4.940e+000	5.7174e-006	-1.3831e+014	-1.3795e+014	1.3795e+014	5.2500e-015
4.950e+000	5.7187e-006	-1.3867e+014	-1.3831e+014	1.3831e+014	5.2500e-015
4.960e+000	5.7201e-006	-1.3902e+014	-1.3867e+014	1.3867e+014	5.2500e-015
4.970e+000	5.7214e-006	-1.3938e+014	-1.3902e+014	1.3902e+014	5.2500e-015
4.980e+000	5.7227e-006	-1.3974e+014	-1.3938e+014	1.3938e+014	5.2500e-015
4.990e+000	5.7240e-006	-1.4010e+014	-1.3974e+014	1.3974e+014	5.2500e-015
5.000e+000	5.7253e-006	-1.4045e+014	-1.4010e+014	1.4010e+014	5.2500e-015
