Y (ang)	Ec (eV)	Ev (eV)	E (V/cm)	Ef (eV)	n (cm-3)	p (cm-3)	Nd - Na (cm-3)	el eval 1 (eV)	el eval 2 (eV)	el eval 3 (eV)	el eval 4 (eV)	el eval 5 (eV)	el eval 6 (eV)	el eval 7 (eV)	el eval 8 (eV)	el eval 9 (eV)	el eval 10 (eV)	el eval 11 (eV)
0.000000e+000	6.00000000e-001	-2.80000000e+000	9.35354492e+005	-0.00000000e+000	1.8691e+008	1.0000e-010	0.0000e+000
1.000000e+001	1.25353545e+000	-2.84646455e+000	-1.74842358e+006	0.00000000e+000	1.8697e-003	1.0000e-010	-1.3848e+020
2.000000e+001	1.07869309e+000	-3.02130691e+000	-1.74842358e+006	0.00000000e+000	1.6980e+000	1.0000e-010	0.0000e+000	-4.3632e-002	3.4402e-002	6.7922e-002	8.8666e-002	1.0360e-001	1.1524e-001	1.2476e-001	1.3281e-001	1.3977e-001	1.4592e-001	1.5157e-001
3.000000e+001	9.03850733e-001	-3.19614927e+000	-1.74842358e+006	0.00000000e+000	1.4695e+003	1.0000e-010	0.0000e+000
4.000000e+001	1.69008375e-001	-3.23099163e+000	9.35292574e+005	0.00000000e+000	3.2506e+015	1.0000e-010	1.3848e+020
5.000000e+001	2.84937632e-001	-3.14306237e+000	8.36082454e+005	0.00000000e+000	3.6681e+013	1.0000e-010	-5.2547e+018
6.000000e+001	3.90945878e-001	-3.06505412e+000	7.36211000e+005	0.00000000e+000	6.0754e+011	1.0000e-010	-5.2784e+018
7.000000e+001	4.86966978e-001	-2.99703302e+000	6.35675442e+005	0.00000000e+000	1.4808e+010	1.0000e-010	-5.3022e+018
8.000000e+001	5.72934522e-001	-2.93906548e+000	5.34473660e+005	0.00000000e+000	5.3247e+008	1.0000e-010	-5.3259e+018
9.000000e+001	6.48781888e-001	-2.89121811e+000	4.32603541e+005	0.00000000e+000	2.8322e+007	1.0000e-010	-5.3496e+018
1.000000e+002	7.14442242e-001	-2.85355776e+000	3.30062959e+005	0.00000000e+000	2.2339e+006	1.0000e-010	-5.3733e+018
1.100000e+002	7.69848538e-001	-2.82615146e+000	2.26849783e+005	0.00000000e+000	2.6199e+005	1.0000e-010	-5.3970e+018
1.200000e+002	8.14933516e-001	-2.80906648e+000	1.22961870e+005	0.00000000e+000	4.5802e+004	1.0000e-010	-5.4207e+018
1.300000e+002	8.49629703e-001	-2.80237030e+000	1.83970683e+004	0.00000000e+000	1.1968e+004	1.0000e-010	-5.4445e+018
1.400000e+002	8.73869410e-001	-2.80613059e+000	-8.68467813e+004	0.00000000e+000	4.6899e+003	1.0000e-010	-5.4682e+018
1.500000e+002	8.87584732e-001	-2.82041527e+000	-1.92771849e+005	0.00000000e+000	2.9229e+003	1.0000e-010	-5.4919e+018
1.600000e+002	8.90707547e-001	-2.84529245e+000	-2.99380313e+005	0.00000000e+000	9.6921e+003	1.0000e-010	-5.5156e+018
1.700000e+002	8.83169516e-001	-2.88083048e+000	-4.06674361e+005	0.00000000e+000	3.2295e+005	1.0000e-010	-5.5393e+018
1.800000e+002	8.64902080e-001	-2.92709792e+000	-5.14656192e+005	0.00000000e+000	1.4004e+007	1.0000e-010	-5.5630e+018
1.900000e+002	8.35836460e-001	-2.98416354e+000	-6.23328011e+005	0.00000000e+000	5.9760e+008	1.0000e-010	-5.5868e+018
2.000000e+002	7.95903659e-001	-3.05209634e+000	-7.32692036e+005	0.00000000e+000	2.4409e+010	1.0000e-010	-5.6105e+018
2.100000e+002	7.45034456e-001	-3.13096554e+000	-8.42750509e+005	0.00000000e+000	9.3483e+011	1.0000e-010	-5.6342e+018
2.200000e+002	6.83159405e-001	-3.22084060e+000	-9.53506267e+005	0.00000000e+000	3.2825e+013	1.0000e-010	-5.6579e+018
2.300000e+002	6.10208778e-001	-3.32179122e+000	-1.06498032e+006	0.00000000e+000	1.0301e+015	1.0000e-010	-5.6816e+018
2.400000e+002	5.26110746e-001	-3.43388925e+000	-1.17768101e+006	0.00000000e+000	2.8033e+016	1.0000e-010	-5.7054e+018
2.500000e+002	4.30742645e-001	-3.55725736e+000	-1.30295769e+006	0.00000000e+000	6.3748e+017	1.0000e-010	-5.7291e+018
2.600000e+002	-1.69953125e-001	-3.56995312e+000	7.02219024e+005	0.00000000e+000	1.1569e+019	1.0000e-010	1.1533e+020
2.700000e+002	-9.97312222e-002	-3.49973122e+000	4.42218230e+005	0.00000000e+000	1.3649e+019	1.0000e-010	0.0000e+000
2.800000e+002	-5.55093992e-002	-3.45550940e+000	2.77805585e+005	0.00000000e+000	8.6306e+018	1.0000e-010	0.0000e+000
2.900000e+002	-2.77288407e-002	-3.42772884e+000	1.92025125e+005	0.00000000e+000	4.5026e+018	1.0000e-010	0.0000e+000
3.000000e+002	-8.52632821e-003	-3.40852633e+000	1.45078136e+005	0.00000000e+000	2.4640e+018	1.0000e-010	0.0000e+000
3.100000e+002	5.98148537e-003	-3.39401851e+000	1.15753324e+005	0.00000000e+000	1.5389e+018	1.0000e-010	0.0000e+000
3.200000e+002	1.75568178e-002	-3.38244318e+000	9.56245073e+004	0.00000000e+000	1.0562e+018	1.0000e-010	0.0000e+000
3.300000e+002	2.71192685e-002	-3.37288073e+000	8.10804283e+004	0.00000000e+000	7.6315e+017	1.0000e-010	0.0000e+000
3.400000e+002	3.52273114e-002	-3.36477269e+000	7.02180401e+004	0.00000000e+000	5.6994e+017	1.0000e-010	0.0000e+000
3.500000e+002	4.22491154e-002	-3.35775088e+000	6.18763811e+004	0.00000000e+000	4.3767e+017	1.0000e-010	0.0000e+000
3.600000e+002	4.84367535e-002	-3.35156325e+000	5.52869719e+004	0.00000000e+000	3.4572e+017	1.0000e-010	0.0000e+000
3.700000e+002	5.39654507e-002	-3.34603455e+000	4.99468125e+004	0.00000000e+000	2.8017e+017	1.0000e-010	0.0000e+000
3.800000e+002	5.89601319e-002	-3.34103987e+000	4.55382958e+004	0.00000000e+000	2.3129e+017	1.0000e-010	0.0000e+000
3.900000e+002	6.35139615e-002	-3.33648604e+000	4.18464887e+004	0.00000000e+000	1.9368e+017	1.0000e-010	0.0000e+000
4.000000e+002	6.76986104e-002	-3.33230139e+000	3.87086155e+004	0.00000000e+000	1.6462e+017	1.0000e-010	0.0000e+000
4.100000e+002	7.15694719e-002	-3.32843053e+000	3.60031805e+004	0.00000000e+000	1.4193e+017	1.0000e-010	0.0000e+000
4.200000e+002	7.51697900e-002	-3.32483021e+000	3.36468013e+004	0.00000000e+000	1.2362e+017	1.0000e-010	0.0000e+000
4.300000e+002	7.85344701e-002	-3.32146553e+000	3.15805384e+004	0.00000000e+000	1.0840e+017	1.0000e-010	0.0000e+000
4.400000e+002	8.16925239e-002	-3.31830748e+000	2.97555350e+004	0.00000000e+000	9.5743e+016	1.0000e-010	0.0000e+000
4.500000e+002	8.46680774e-002	-3.31533192e+000	2.81292158e+004	0.00000000e+000	8.5320e+016	1.0000e-010	0.0000e+000
4.600000e+002	8.74809990e-002	-3.31251900e+000	2.66683776e+004	0.00000000e+000	7.6638e+016	1.0000e-010	0.0000e+000
4.700000e+002	9.01478368e-002	-3.30985216e+000	2.53497998e+004	0.00000000e+000	6.9175e+016	1.0000e-010	0.0000e+000
4.800000e+002	9.26828168e-002	-3.30731718e+000	2.41560133e+004	0.00000000e+000	6.2629e+016	1.0000e-010	0.0000e+000
4.900000e+002	9.50984181e-002	-3.30490158e+000	2.30709005e+004	0.00000000e+000	5.6927e+016	1.0000e-010	0.0000e+000
5.000000e+002	9.74055081e-002	-3.30259449e+000	2.20789339e+004	0.00000000e+000	5.2041e+016	1.0000e-010	0.0000e+000
5.100000e+002	9.96134015e-002	-3.30038660e+000	2.11670386e+004	0.00000000e+000	4.7840e+016	1.0000e-010	0.0000e+000
5.200000e+002	1.01730105e-001	-3.29826989e+000	2.03257965e+004	0.00000000e+000	4.4134e+016	1.0000e-010	0.0000e+000
5.300000e+002	1.03762685e-001	-3.29623731e+000	1.95484842e+004	0.00000000e+000	4.0780e+016	1.0000e-010	0.0000e+000
5.400000e+002	1.05717533e-001	-3.29428247e+000	1.88291141e+004	0.00000000e+000	3.7741e+016	1.0000e-010	0.0000e+000
5.500000e+002	1.07600445e-001	-3.29239956e+000	1.81613498e+004	0.00000000e+000	3.5033e+016	1.0000e-010	0.0000e+000
5.600000e+002	1.09416580e-001	-3.29058342e+000	1.75388936e+004	0.00000000e+000	3.2656e+016	1.0000e-010	0.0000e+000
5.700000e+002	1.11170469e-001	-3.28882953e+000	1.69564886e+004	0.00000000e+000	3.0555e+016	1.0000e-010	0.0000e+000
5.800000e+002	1.12866118e-001	-3.28713388e+000	1.64104003e+004	0.00000000e+000	2.8650e+016	1.0000e-010	0.0000e+000
5.900000e+002	1.14507158e-001	-3.28549284e+000	1.58980017e+004	0.00000000e+000	2.6883e+016	1.0000e-010	0.0000e+000
6.000000e+002	1.16096958e-001	-3.28390304e+000	1.54169321e+004	0.00000000e+000	2.5239e+016	1.0000e-010	0.0000e+000
6.100000e+002	1.17638651e-001	-3.28236135e+000	1.49645343e+004	0.00000000e+000	2.3735e+016	1.0000e-010	0.0000e+000
6.200000e+002	1.19135105e-001	-3.28086490e+000	1.45378933e+004	0.00000000e+000	2.2384e+016	1.0000e-010	0.0000e+000
6.300000e+002	1.20588894e-001	-3.27941111e+000	1.41342800e+004	0.00000000e+000	2.1176e+016	1.0000e-010	0.0000e+000
6.400000e+002	1.22002322e-001	-3.27799768e+000	1.37515664e+004	0.00000000e+000	2.0079e+016	1.0000e-010	0.0000e+000
6.500000e+002	1.23377479e-001	-3.27662252e+000	1.33883086e+004	0.00000000e+000	1.9059e+016	1.0000e-010	0.0000e+000
6.600000e+002	1.24716310e-001	-3.27528369e+000	1.30434899e+004	0.00000000e+000	1.8091e+016	1.0000e-010	0.0000e+000
6.700000e+002	1.26020659e-001	-3.27397934e+000	1.27161440e+004	0.00000000e+000	1.7175e+016	1.0000e-010	0.0000e+000
6.800000e+002	1.27292273e-001	-3.27270773e+000	1.24051027e+004	0.00000000e+000	1.6320e+016	1.0000e-010	0.0000e+000
6.900000e+002	1.28532783e-001	-3.27146722e+000	1.21089828e+004	0.00000000e+000	1.5537e+016	1.0000e-010	0.0000e+000
7.000000e+002	1.29743682e-001	-3.27025632e+000	1.18263660e+004	0.00000000e+000	1.4828e+016	1.0000e-010	0.0000e+000
7.100000e+002	1.30926318e-001	-3.26907368e+000	1.15560257e+004	0.00000000e+000	1.4184e+016	1.0000e-010	0.0000e+000
7.200000e+002	1.32081921e-001	-3.26791808e+000	1.12970674e+004	0.00000000e+000	1.3587e+016	1.0000e-010	0.0000e+000
7.300000e+002	1.33211628e-001	-3.26678837e+000	1.10489200e+004	0.00000000e+000	1.3020e+016	1.0000e-010	0.0000e+000
7.400000e+002	1.34316520e-001	-3.26568348e+000	1.08112069e+004	0.00000000e+000	1.2473e+016	1.0000e-010	0.0000e+000
7.500000e+002	1.35397640e-001	-3.26460236e+000	1.05835745e+004	0.00000000e+000	1.1944e+016	1.0000e-010	0.0000e+000
7.600000e+002	1.36455998e-001	-3.26354400e+000	1.03655585e+004	0.00000000e+000	1.1439e+016	1.0000e-010	0.0000e+000
7.700000e+002	1.37492554e-001	-3.26250745e+000	1.01565398e+004	0.00000000e+000	1.0967e+016	1.0000e-010	0.0000e+000
7.800000e+002	1.38508208e-001	-3.26149179e+000	9.95578229e+003	0.00000000e+000	1.0534e+016	1.0000e-010	0.0000e+000
7.900000e+002	1.39503786e-001	-3.26049621e+000	9.76252937e+003	0.00000000e+000	1.0140e+016	1.0000e-010	0.0000e+000
8.000000e+002	1.40480039e-001	-3.25951996e+000	9.57610901e+003	0.00000000e+000	9.7817e+015	1.0000e-010	0.0000e+000
8.100000e+002	1.41437650e-001	-3.25856235e+000	9.39600962e+003	0.00000000e+000	9.4500e+015	1.0000e-010	0.0000e+000
8.200000e+002	1.42377251e-001	-3.25762275e+000	9.22190706e+003	0.00000000e+000	9.1354e+015	1.0000e-010	0.0000e+000
8.300000e+002	1.43299441e-001	-3.25670056e+000	9.05364268e+003	0.00000000e+000	8.8291e+015	1.0000e-010	0.0000e+000
8.400000e+002	1.44204806e-001	-3.25579519e+000	8.89116735e+003	0.00000000e+000	8.5254e+015	1.0000e-010	0.0000e+000
8.500000e+002	1.45093922e-001	-3.25490608e+000	8.73447203e+003	0.00000000e+000	8.2221e+015	1.0000e-010	0.0000e+000
8.600000e+002	1.45967370e-001	-3.25403263e+000	8.58352421e+003	0.00000000e+000	7.9206e+015	1.0000e-010	0.0000e+000
8.700000e+002	1.46825722e-001	-3.25317428e+000	8.43822311e+003	0.00000000e+000	7.6244e+015	1.0000e-010	0.0000e+000
8.800000e+002	1.47669544e-001	-3.25233046e+000	8.29837880e+003	0.00000000e+000	7.3381e+015	1.0000e-010	0.0000e+000
8.900000e+002	1.48499382e-001	-3.25150062e+000	8.16371359e+003	0.00000000e+000	7.0665e+015	1.0000e-010	0.0000e+000
9.000000e+002	1.49315753e-001	-3.25068425e+000	8.03388015e+003	0.00000000e+000	6.8130e+015	1.0000e-010	0.0000e+000
9.100000e+002	1.50119141e-001	-3.24988086e+000	7.90848875e+003	0.00000000e+000	6.5800e+015	1.0000e-010	0.0000e+000
9.200000e+002	1.50909990e-001	-3.24909001e+000	7.78713671e+003	0.00000000e+000	6.3681e+015	1.0000e-010	0.0000e+000
9.300000e+002	1.51688704e-001	-3.24831130e+000	7.66943499e+003	0.00000000e+000	6.1766e+015	1.0000e-010	0.0000e+000
9.400000e+002	1.52455648e-001	-3.24754435e+000	7.55502651e+003	0.00000000e+000	6.0038e+015	1.0000e-010	0.0000e+000
9.500000e+002	1.53211150e-001	-3.24678885e+000	7.44360452e+003	0.00000000e+000	5.8471e+015	1.0000e-010	0.0000e+000
9.600000e+002	1.53955511e-001	-3.24604449e+000	7.33491454e+003	0.00000000e+000	5.7038e+015	1.0000e-010	0.0000e+000
9.700000e+002	1.54689002e-001	-3.24531100e+000	7.22875706e+003	0.00000000e+000	5.5709e+015	1.0000e-010	0.0000e+000
9.800000e+002	1.55411878e-001	-3.24458812e+000	7.12498655e+003	0.00000000e+000	5.4457e+015	1.0000e-010	0.0000e+000
9.900000e+002	1.56124376e-001	-3.24387562e+000	7.02350906e+003	0.00000000e+000	5.3253e+015	1.0000e-010	0.0000e+000
1.000000e+003	1.56826727e-001	-3.24317327e+000	6.92442564e+003	0.00000000e+000	5.1996e+015	1.0000e-010	0.0000e+000	-4.3632e-002	3.4402e-002	6.7922e-002	8.8666e-002	1.0360e-001	1.1524e-001	1.2476e-001	1.3281e-001	1.3977e-001	1.4592e-001	1.5157e-001
1.010000e+003	1.57519170e-001	-3.24248083e+000	6.82785976e+003	0.00000000e+000	5.0690e+015	1.0000e-010	0.0000e+000
1.020000e+003	1.58201956e-001	-3.24179804e+000	6.73381093e+003	0.00000000e+000	4.9369e+015	1.0000e-010	0.0000e+000
1.030000e+003	1.58875337e-001	-3.24112466e+000	6.64218021e+003	0.00000000e+000	4.8100e+015	1.0000e-010	0.0000e+000
1.040000e+003	1.59539555e-001	-3.24046044e+000	6.55287379e+003	0.00000000e+000	4.6880e+015	1.0000e-010	0.0000e+000
1.050000e+003	1.60194842e-001	-3.23980516e+000	6.46580262e+003	0.00000000e+000	4.5706e+015	1.0000e-010	0.0000e+000
1.060000e+003	1.60841423e-001	-3.23915858e+000	6.38088217e+003	0.00000000e+000	4.4578e+015	1.0000e-010	0.0000e+000
1.070000e+003	1.61479511e-001	-3.23852049e+000	6.29803210e+003	0.00000000e+000	4.3491e+015	1.0000e-010	0.0000e+000
1.080000e+003	1.62109314e-001	-3.23789069e+000	6.21717603e+003	0.00000000e+000	4.2444e+015	1.0000e-010	0.0000e+000
1.090000e+003	1.62731032e-001	-3.23726897e+000	6.13824128e+003	0.00000000e+000	4.1436e+015	1.0000e-010	0.0000e+000
1.100000e+003	1.63344856e-001	-3.23665514e+000	6.06115866e+003	0.00000000e+000	4.0463e+015	1.0000e-010	0.0000e+000
1.110000e+003	1.63950972e-001	-3.23604903e+000	5.98586227e+003	0.00000000e+000	3.9526e+015	1.0000e-010	0.0000e+000
1.120000e+003	1.64549558e-001	-3.23545044e+000	5.91228929e+003	0.00000000e+000	3.8621e+015	1.0000e-010	0.0000e+000
1.130000e+003	1.65140787e-001	-3.23485921e+000	5.84037982e+003	0.00000000e+000	3.7748e+015	1.0000e-010	0.0000e+000
1.140000e+003	1.65724825e-001	-3.23427518e+000	5.77007668e+003	0.00000000e+000	3.6905e+015	1.0000e-010	0.0000e+000
1.150000e+003	1.66301832e-001	-3.23369817e+000	5.70132530e+003	0.00000000e+000	3.6090e+015	1.0000e-010	0.0000e+000
1.160000e+003	1.66871965e-001	-3.23312803e+000	5.63407355e+003	0.00000000e+000	3.5303e+015	1.0000e-010	0.0000e+000
1.170000e+003	1.67435372e-001	-3.23256463e+000	5.56827160e+003	0.00000000e+000	3.4542e+015	1.0000e-010	0.0000e+000
1.180000e+003	1.67992200e-001	-3.23200780e+000	5.50387180e+003	0.00000000e+000	3.3806e+015	1.0000e-010	0.0000e+000
1.190000e+003	1.68542587e-001	-3.23145741e+000	5.44082859e+003	0.00000000e+000	3.3094e+015	1.0000e-010	0.0000e+000
1.200000e+003	1.69086670e-001	-3.23091333e+000	5.37909831e+003	0.00000000e+000	3.2405e+015	1.0000e-010	0.0000e+000
1.210000e+003	1.69624579e-001	-3.23037542e+000	5.31863921e+003	0.00000000e+000	3.1738e+015	1.0000e-010	0.0000e+000
1.220000e+003	1.70156443e-001	-3.22984356e+000	5.25941125e+003	0.00000000e+000	3.1091e+015	1.0000e-010	0.0000e+000
1.230000e+003	1.70682384e-001	-3.22931762e+000	5.20137607e+003	0.00000000e+000	3.0465e+015	1.0000e-010	0.0000e+000
1.240000e+003	1.71202522e-001	-3.22879748e+000	5.14449688e+003	0.00000000e+000	2.9859e+015	1.0000e-010	0.0000e+000
1.250000e+003	1.71716972e-001	-3.22828303e+000	5.08873838e+003	0.00000000e+000	2.9270e+015	1.0000e-010	0.0000e+000
1.260000e+003	1.72225846e-001	-3.22777415e+000	5.03406672e+003	0.00000000e+000	2.8700e+015	1.0000e-010	0.0000e+000
1.270000e+003	1.72729252e-001	-3.22727075e+000	4.98044935e+003	0.00000000e+000	2.8146e+015	1.0000e-010	0.0000e+000
1.280000e+003	1.73227297e-001	-3.22677270e+000	4.92785505e+003	0.00000000e+000	2.7609e+015	1.0000e-010	0.0000e+000
1.290000e+003	1.73720083e-001	-3.22627992e+000	4.87625380e+003	0.00000000e+000	2.7088e+015	1.0000e-010	0.0000e+000
1.300000e+003	1.74207708e-001	-3.22579229e+000	4.82561674e+003	0.00000000e+000	2.6582e+015	1.0000e-010	0.0000e+000
1.310000e+003	1.74690270e-001	-3.22530973e+000	4.77591612e+003	0.00000000e+000	2.6090e+015	1.0000e-010	0.0000e+000
1.320000e+003	1.75167861e-001	-3.22483214e+000	4.72712524e+003	0.00000000e+000	2.5613e+015	1.0000e-010	0.0000e+000
1.330000e+003	1.75640574e-001	-3.22435943e+000	4.67921841e+003	0.00000000e+000	2.5149e+015	1.0000e-010	0.0000e+000
1.340000e+003	1.76108496e-001	-3.22389150e+000	4.63217090e+003	0.00000000e+000	2.4698e+015	1.0000e-010	0.0000e+000
1.350000e+003	1.76571713e-001	-3.22342829e+000	4.58595888e+003	0.00000000e+000	2.4259e+015	1.0000e-010	0.0000e+000
1.360000e+003	1.77030309e-001	-3.22296969e+000	4.54055940e+003	0.00000000e+000	2.3833e+015	1.0000e-010	0.0000e+000
1.370000e+003	1.77484365e-001	-3.22251564e+000	4.49595034e+003	0.00000000e+000	2.3418e+015	1.0000e-010	0.0000e+000
1.380000e+003	1.77933960e-001	-3.22206604e+000	4.45211038e+003	0.00000000e+000	2.3014e+015	1.0000e-010	0.0000e+000
1.390000e+003	1.78379171e-001	-3.22162083e+000	4.40901894e+003	0.00000000e+000	2.2621e+015	1.0000e-010	0.0000e+000
1.400000e+003	1.78820073e-001	-3.22117993e+000	4.36665619e+003	0.00000000e+000	2.2239e+015	1.0000e-010	0.0000e+000
1.410000e+003	1.79256738e-001	-3.22074326e+000	4.32500298e+003	0.00000000e+000	2.1866e+015	1.0000e-010	0.0000e+000
1.420000e+003	1.79689239e-001	-3.22031076e+000	4.28404083e+003	0.00000000e+000	2.1503e+015	1.0000e-010	0.0000e+000
1.430000e+003	1.80117643e-001	-3.21988236e+000	4.24375188e+003	0.00000000e+000	2.1150e+015	1.0000e-010	0.0000e+000
1.440000e+003	1.80542018e-001	-3.21945798e+000	4.20411890e+003	0.00000000e+000	2.0806e+015	1.0000e-010	0.0000e+000
1.450000e+003	1.80962430e-001	-3.21903757e+000	4.16512523e+003	0.00000000e+000	2.0470e+015	1.0000e-010	0.0000e+000
1.460000e+003	1.81378942e-001	-3.21862106e+000	4.12675477e+003	0.00000000e+000	2.0143e+015	1.0000e-010	0.0000e+000
1.470000e+003	1.81791618e-001	-3.21820838e+000	4.08899195e+003	0.00000000e+000	1.9824e+015	1.0000e-010	0.0000e+000
1.480000e+003	1.82200517e-001	-3.21779948e+000	4.05182173e+003	0.00000000e+000	1.9513e+015	1.0000e-010	0.0000e+000
1.490000e+003	1.82605699e-001	-3.21739430e+000	4.01522954e+003	0.00000000e+000	1.9209e+015	1.0000e-010	0.0000e+000
1.500000e+003	1.83007222e-001	-3.21699278e+000	3.97920129e+003	0.00000000e+000	1.8913e+015	1.0000e-010	0.0000e+000
1.510000e+003	1.83405142e-001	-3.21659486e+000	3.94372336e+003	0.00000000e+000	1.8624e+015	1.0000e-010	0.0000e+000
1.520000e+003	1.83799514e-001	-3.21620049e+000	3.90878253e+003	0.00000000e+000	1.8343e+015	1.0000e-010	0.0000e+000
1.530000e+003	1.84190393e-001	-3.21580961e+000	3.87436603e+003	0.00000000e+000	1.8067e+015	1.0000e-010	0.0000e+000
1.540000e+003	1.84577829e-001	-3.21542217e+000	3.84046147e+003	0.00000000e+000	1.7799e+015	1.0000e-010	0.0000e+000
1.550000e+003	1.84961875e-001	-3.21503812e+000	3.80705687e+003	0.00000000e+000	1.7536e+015	1.0000e-010	0.0000e+000
1.560000e+003	1.85342581e-001	-3.21465742e+000	3.77414058e+003	0.00000000e+000	1.7280e+015	1.0000e-010	0.0000e+000
1.570000e+003	1.85719995e-001	-3.21428000e+000	3.74170135e+003	0.00000000e+000	1.7029e+015	1.0000e-010	0.0000e+000
1.580000e+003	1.86094165e-001	-3.21390583e+000	3.70972826e+003	0.00000000e+000	1.6785e+015	1.0000e-010	0.0000e+000
1.590000e+003	1.86465138e-001	-3.21353486e+000	3.67821069e+003	0.00000000e+000	1.6546e+015	1.0000e-010	0.0000e+000
1.600000e+003	1.86832959e-001	-3.21316704e+000	3.64713838e+003	0.00000000e+000	1.6312e+015	1.0000e-010	0.0000e+000
1.610000e+003	1.87197673e-001	-3.21280233e+000	3.61650136e+003	0.00000000e+000	1.6083e+015	1.0000e-010	0.0000e+000
1.620000e+003	1.87559323e-001	-3.21244068e+000	3.58628994e+003	0.00000000e+000	1.5860e+015	1.0000e-010	0.0000e+000
1.630000e+003	1.87917952e-001	-3.21208205e+000	3.55649473e+003	0.00000000e+000	1.5641e+015	1.0000e-010	0.0000e+000
1.640000e+003	1.88273602e-001	-3.21172640e+000	3.52710661e+003	0.00000000e+000	1.5428e+015	1.0000e-010	0.0000e+000
1.650000e+003	1.88626312e-001	-3.21137369e+000	3.49811672e+003	0.00000000e+000	1.5219e+015	1.0000e-010	0.0000e+000
1.660000e+003	1.88976124e-001	-3.21102388e+000	3.46951646e+003	0.00000000e+000	1.5014e+015	1.0000e-010	0.0000e+000
1.670000e+003	1.89323076e-001	-3.21067692e+000	3.44129748e+003	0.00000000e+000	1.4814e+015	1.0000e-010	0.0000e+000
1.680000e+003	1.89667205e-001	-3.21033279e+000	3.41345164e+003	0.00000000e+000	1.4618e+015	1.0000e-010	0.0000e+000
1.690000e+003	1.90008551e-001	-3.20999145e+000	3.38597106e+003	0.00000000e+000	1.4426e+015	1.0000e-010	0.0000e+000
1.700000e+003	1.90347148e-001	-3.20965285e+000	3.35884806e+003	0.00000000e+000	1.4239e+015	1.0000e-010	0.0000e+000
1.710000e+003	1.90683032e-001	-3.20931697e+000	3.33207518e+003	0.00000000e+000	1.4055e+015	1.0000e-010	0.0000e+000
1.720000e+003	1.91016240e-001	-3.20898376e+000	3.30564516e+003	0.00000000e+000	1.3875e+015	1.0000e-010	0.0000e+000
1.730000e+003	1.91346805e-001	-3.20865320e+000	3.27955094e+003	0.00000000e+000	1.3699e+015	1.0000e-010	0.0000e+000
1.740000e+003	1.91674760e-001	-3.20832524e+000	3.25378566e+003	0.00000000e+000	1.3526e+015	1.0000e-010	0.0000e+000
1.750000e+003	1.92000138e-001	-3.20799986e+000	3.22834264e+003	0.00000000e+000	1.3357e+015	1.0000e-010	0.0000e+000
1.760000e+003	1.92322972e-001	-3.20767703e+000	3.20321537e+003	0.00000000e+000	1.3191e+015	1.0000e-010	0.0000e+000
1.770000e+003	1.92643294e-001	-3.20735671e+000	3.17839752e+003	0.00000000e+000	1.3029e+015	1.0000e-010	0.0000e+000
1.780000e+003	1.92961134e-001	-3.20703887e+000	3.15388293e+003	0.00000000e+000	1.2869e+015	1.0000e-010	0.0000e+000
1.790000e+003	1.93276522e-001	-3.20672348e+000	3.12966559e+003	0.00000000e+000	1.2713e+015	1.0000e-010	0.0000e+000
1.800000e+003	1.93589489e-001	-3.20641051e+000	3.10573966e+003	0.00000000e+000	1.2560e+015	1.0000e-010	0.0000e+000
1.810000e+003	1.93900063e-001	-3.20609994e+000	3.08209945e+003	0.00000000e+000	1.2410e+015	1.0000e-010	0.0000e+000
1.820000e+003	1.94208273e-001	-3.20579173e+000	3.05873940e+003	0.00000000e+000	1.2263e+015	1.0000e-010	0.0000e+000
1.830000e+003	1.94514146e-001	-3.20548585e+000	3.03565412e+003	0.00000000e+000	1.2119e+015	1.0000e-010	0.0000e+000
1.840000e+003	1.94817712e-001	-3.20518229e+000	3.01283833e+003	0.00000000e+000	1.1978e+015	1.0000e-010	0.0000e+000
1.850000e+003	1.95118996e-001	-3.20488100e+000	2.99028689e+003	0.00000000e+000	1.1839e+015	1.0000e-010	0.0000e+000
1.860000e+003	1.95418024e-001	-3.20458198e+000	2.96799481e+003	0.00000000e+000	1.1703e+015	1.0000e-010	0.0000e+000
1.870000e+003	1.95714824e-001	-3.20428518e+000	2.94595719e+003	0.00000000e+000	1.1569e+015	1.0000e-010	0.0000e+000
1.880000e+003	1.96009420e-001	-3.20399058e+000	2.92416927e+003	0.00000000e+000	1.1438e+015	1.0000e-010	0.0000e+000
1.890000e+003	1.96301837e-001	-3.20369816e+000	2.90262641e+003	0.00000000e+000	1.1309e+015	1.0000e-010	0.0000e+000
1.900000e+003	1.96592099e-001	-3.20340790e+000	2.88132408e+003	0.00000000e+000	1.1183e+015	1.0000e-010	0.0000e+000
1.910000e+003	1.96880232e-001	-3.20311977e+000	2.86025785e+003	0.00000000e+000	1.1059e+015	1.0000e-010	0.0000e+000
1.920000e+003	1.97166257e-001	-3.20283374e+000	2.83942342e+003	0.00000000e+000	1.0937e+015	1.0000e-010	0.0000e+000
1.930000e+003	1.97450200e-001	-3.20254980e+000	2.81881657e+003	0.00000000e+000	1.0818e+015	1.0000e-010	0.0000e+000
1.940000e+003	1.97732081e-001	-3.20226792e+000	2.79843318e+003	0.00000000e+000	1.0701e+015	1.0000e-010	0.0000e+000
1.950000e+003	1.98011925e-001	-3.20198808e+000	2.77826926e+003	0.00000000e+000	1.0585e+015	1.0000e-010	0.0000e+000
1.960000e+003	1.98289752e-001	-3.20171025e+000	2.75832087e+003	0.00000000e+000	1.0472e+015	1.0000e-010	0.0000e+000
1.970000e+003	1.98565584e-001	-3.20143442e+000	2.73858419e+003	0.00000000e+000	1.0361e+015	1.0000e-010	0.0000e+000
1.980000e+003	1.98839442e-001	-3.20116056e+000	2.71905549e+003	0.00000000e+000	1.0252e+015	1.0000e-010	0.0000e+000
1.990000e+003	1.99111348e-001	-3.20088865e+000	2.69973111e+003	0.00000000e+000	1.0145e+015	1.0000e-010	0.0000e+000
2.000000e+003	1.99381321e-001	-3.20061868e+000	2.68060748e+003	0.00000000e+000	1.0039e+015	1.0000e-010	0.0000e+000
2.010000e+003	1.99649381e-001	-3.20035062e+000	2.66168112e+003	0.00000000e+000	9.9358e+014	1.0000e-010	0.0000e+000
2.020000e+003	1.99915550e-001	-3.20008445e+000	2.64294863e+003	0.00000000e+000	9.8340e+014	1.0000e-010	0.0000e+000
2.030000e+003	2.00179844e-001	-3.19982016e+000	2.62440667e+003	0.00000000e+000	9.7340e+014	1.0000e-010	0.0000e+000
2.040000e+003	2.00442285e-001	-3.19955771e+000	2.60605199e+003	0.00000000e+000	9.6357e+014	1.0000e-010	0.0000e+000
2.050000e+003	2.00702890e-001	-3.19929711e+000	2.58788140e+003	0.00000000e+000	9.5391e+014	1.0000e-010	0.0000e+000
2.060000e+003	2.00961678e-001	-3.19903832e+000	2.56989181e+003	0.00000000e+000	9.4441e+014	1.0000e-010	0.0000e+000
2.070000e+003	2.01218668e-001	-3.19878133e+000	2.55208016e+003	0.00000000e+000	9.3506e+014	1.0000e-010	0.0000e+000
2.080000e+003	2.01473876e-001	-3.19852612e+000	2.53444348e+003	0.00000000e+000	9.2588e+014	1.0000e-010	0.0000e+000
2.090000e+003	2.01727320e-001	-3.19827268e+000	2.51697885e+003	0.00000000e+000	9.1685e+014	1.0000e-010	0.0000e+000
2.100000e+003	2.01979018e-001	-3.19802098e+000	2.49968345e+003	0.00000000e+000	9.0796e+014	1.0000e-010	0.0000e+000
2.110000e+003	2.02228986e-001	-3.19777101e+000	2.48255446e+003	0.00000000e+000	8.9923e+014	1.0000e-010	0.0000e+000
2.120000e+003	2.02477242e-001	-3.19752276e+000	2.46558918e+003	0.00000000e+000	8.9063e+014	1.0000e-010	0.0000e+000
2.130000e+003	2.02723801e-001	-3.19727620e+000	2.44878494e+003	0.00000000e+000	8.8218e+014	1.0000e-010	0.0000e+000
2.140000e+003	2.02968679e-001	-3.19703132e+000	2.43213911e+003	0.00000000e+000	8.7386e+014	1.0000e-010	0.0000e+000
2.150000e+003	2.03211893e-001	-3.19678811e+000	2.41564916e+003	0.00000000e+000	8.6568e+014	1.0000e-010	0.0000e+000
2.160000e+003	2.03453458e-001	-3.19654654e+000	2.39931257e+003	0.00000000e+000	8.5763e+014	1.0000e-010	0.0000e+000
2.170000e+003	2.03693389e-001	-3.19630661e+000	2.38312690e+003	0.00000000e+000	8.4971e+014	1.0000e-010	0.0000e+000
2.180000e+003	2.03931702e-001	-3.19606830e+000	2.36708975e+003	0.00000000e+000	8.4191e+014	1.0000e-010	0.0000e+000
2.190000e+003	2.04168411e-001	-3.19583159e+000	2.35119877e+003	0.00000000e+000	8.3424e+014	1.0000e-010	0.0000e+000
2.200000e+003	2.04403531e-001	-3.19559647e+000	2.33545167e+003	0.00000000e+000	8.2668e+014	1.0000e-010	0.0000e+000
2.210000e+003	2.04637076e-001	-3.19536292e+000	2.31984617e+003	0.00000000e+000	8.1925e+014	1.0000e-010	0.0000e+000
2.220000e+003	2.04869061e-001	-3.19513094e+000	2.30438009e+003	0.00000000e+000	8.1193e+014	1.0000e-010	0.0000e+000
2.230000e+003	2.05099499e-001	-3.19490050e+000	2.28905126e+003	0.00000000e+000	8.0473e+014	1.0000e-010	0.0000e+000
2.240000e+003	2.05328404e-001	-3.19467160e+000	2.27385756e+003	0.00000000e+000	7.9763e+014	1.0000e-010	0.0000e+000
2.250000e+003	2.05555789e-001	-3.19444421e+000	2.25879691e+003	0.00000000e+000	7.9065e+014	1.0000e-010	0.0000e+000
2.260000e+003	2.05781669e-001	-3.19421833e+000	2.24386728e+003	0.00000000e+000	7.8377e+014	1.0000e-010	0.0000e+000
2.270000e+003	2.06006056e-001	-3.19399394e+000	2.22906667e+003	0.00000000e+000	7.7700e+014	1.0000e-010	0.0000e+000
2.280000e+003	2.06228962e-001	-3.19377104e+000	2.21439313e+003	0.00000000e+000	7.7033e+014	1.0000e-010	0.0000e+000
2.290000e+003	2.06450402e-001	-3.19354960e+000	2.19984474e+003	0.00000000e+000	7.6376e+014	1.0000e-010	0.0000e+000
2.300000e+003	2.06670386e-001	-3.19332961e+000	2.18541963e+003	0.00000000e+000	7.5729e+014	1.0000e-010	0.0000e+000
2.310000e+003	2.06888928e-001	-3.19311107e+000	2.17111594e+003	0.00000000e+000	7.5091e+014	1.0000e-010	0.0000e+000
2.320000e+003	2.07106040e-001	-3.19289396e+000	2.15693188e+003	0.00000000e+000	7.4463e+014	1.0000e-010	0.0000e+000
2.330000e+003	2.07321733e-001	-3.19267827e+000	2.14286567e+003	0.00000000e+000	7.3844e+014	1.0000e-010	0.0000e+000
2.340000e+003	2.07536020e-001	-3.19246398e+000	2.12891557e+003	0.00000000e+000	7.3235e+014	1.0000e-010	0.0000e+000
2.350000e+003	2.07748911e-001	-3.19225109e+000	2.11507988e+003	0.00000000e+000	7.2634e+014	1.0000e-010	0.0000e+000
2.360000e+003	2.07960419e-001	-3.19203958e+000	2.10135692e+003	0.00000000e+000	7.2042e+014	1.0000e-010	0.0000e+000
2.370000e+003	2.08170555e-001	-3.19182945e+000	2.08774506e+003	0.00000000e+000	7.1459e+014	1.0000e-010	0.0000e+000
2.380000e+003	2.08379329e-001	-3.19162067e+000	2.07424268e+003	0.00000000e+000	7.0885e+014	1.0000e-010	0.0000e+000
2.390000e+003	2.08586754e-001	-3.19141325e+000	2.06084820e+003	0.00000000e+000	7.0318e+014	1.0000e-010	0.0000e+000
2.400000e+003	2.08792838e-001	-3.19120716e+000	2.04756008e+003	0.00000000e+000	6.9760e+014	1.0000e-010	0.0000e+000
2.410000e+003	2.08997594e-001	-3.19100241e+000	2.03437679e+003	0.00000000e+000	6.9209e+014	1.0000e-010	0.0000e+000
2.420000e+003	2.09201032e-001	-3.19079897e+000	2.02129683e+003	0.00000000e+000	6.8667e+014	1.0000e-010	0.0000e+000
2.430000e+003	2.09403162e-001	-3.19059684e+000	2.00831874e+003	0.00000000e+000	6.8132e+014	1.0000e-010	0.0000e+000
2.440000e+003	2.09603994e-001	-3.19039601e+000	1.99544109e+003	0.00000000e+000	6.7605e+014	1.0000e-010	0.0000e+000
2.450000e+003	2.09803538e-001	-3.19019646e+000	1.98266245e+003	0.00000000e+000	6.7085e+014	1.0000e-010	0.0000e+000
2.460000e+003	2.10001804e-001	-3.18999820e+000	1.96998143e+003	0.00000000e+000	6.6573e+014	1.0000e-010	0.0000e+000
2.470000e+003	2.10198802e-001	-3.18980120e+000	1.95739669e+003	0.00000000e+000	6.6067e+014	1.0000e-010	0.0000e+000
2.480000e+003	2.10394542e-001	-3.18960546e+000	1.94490687e+003	0.00000000e+000	6.5569e+014	1.0000e-010	0.0000e+000
2.490000e+003	2.10589033e-001	-3.18941097e+000	1.93251066e+003	0.00000000e+000	6.5078e+014	1.0000e-010	0.0000e+000
2.500000e+003	2.10782284e-001	-3.18921772e+000	1.92020677e+003	0.00000000e+000	6.4593e+014	1.0000e-010	0.0000e+000
2.510000e+003	2.10974304e-001	-3.18902570e+000	1.90799393e+003	0.00000000e+000	6.4115e+014	1.0000e-010	0.0000e+000
2.520000e+003	2.11165104e-001	-3.18883490e+000	1.89587089e+003	0.00000000e+000	6.3643e+014	1.0000e-010	0.0000e+000
2.530000e+003	2.11354691e-001	-3.18864531e+000	1.88383644e+003	0.00000000e+000	6.3178e+014	1.0000e-010	0.0000e+000
2.540000e+003	2.11543074e-001	-3.18845693e+000	1.87188936e+003	0.00000000e+000	6.2720e+014	1.0000e-010	0.0000e+000
2.550000e+003	2.11730263e-001	-3.18826974e+000	1.86002847e+003	0.00000000e+000	6.2267e+014	1.0000e-010	0.0000e+000
2.560000e+003	2.11916266e-001	-3.18808373e+000	1.84825262e+003	0.00000000e+000	6.1821e+014	1.0000e-010	0.0000e+000
2.570000e+003	2.12101091e-001	-3.18789891e+000	1.83656066e+003	0.00000000e+000	6.1380e+014	1.0000e-010	0.0000e+000
2.580000e+003	2.12284748e-001	-3.18771525e+000	1.82495146e+003	0.00000000e+000	6.0946e+014	1.0000e-010	0.0000e+000
2.590000e+003	2.12467243e-001	-3.18753276e+000	1.81342393e+003	0.00000000e+000	6.0517e+014	1.0000e-010	0.0000e+000
2.600000e+003	2.12648585e-001	-3.18735141e+000	1.80197698e+003	0.00000000e+000	6.0094e+014	1.0000e-010	0.0000e+000
2.610000e+003	2.12828783e-001	-3.18717122e+000	1.79060953e+003	0.00000000e+000	5.9677e+014	1.0000e-010	0.0000e+000
2.620000e+003	2.13007844e-001	-3.18699216e+000	1.77932056e+003	0.00000000e+000	5.9265e+014	1.0000e-010	0.0000e+000
2.630000e+003	2.13185776e-001	-3.18681422e+000	1.76810901e+003	0.00000000e+000	5.8858e+014	1.0000e-010	0.0000e+000
2.640000e+003	2.13362587e-001	-3.18663741e+000	1.75697388e+003	0.00000000e+000	5.8457e+014	1.0000e-010	0.0000e+000
2.650000e+003	2.13538284e-001	-3.18646172e+000	1.74591417e+003	0.00000000e+000	5.8061e+014	1.0000e-010	0.0000e+000
2.660000e+003	2.13712875e-001	-3.18628712e+000	1.73492890e+003	0.00000000e+000	5.7671e+014	1.0000e-010	0.0000e+000
2.670000e+003	2.13886368e-001	-3.18611363e+000	1.72401711e+003	0.00000000e+000	5.7285e+014	1.0000e-010	0.0000e+000
2.680000e+003	2.14058770e-001	-3.18594123e+000	1.71317785e+003	0.00000000e+000	5.6904e+014	1.0000e-010	0.0000e+000
2.690000e+003	2.14230088e-001	-3.18576991e+000	1.70241017e+003	0.00000000e+000	5.6528e+014	1.0000e-010	0.0000e+000
2.700000e+003	2.14400329e-001	-3.18559967e+000	1.69171318e+003	0.00000000e+000	5.6157e+014	1.0000e-010	0.0000e+000
2.710000e+003	2.14569500e-001	-3.18543050e+000	1.68108595e+003	0.00000000e+000	5.5791e+014	1.0000e-010	0.0000e+000
2.720000e+003	2.14737609e-001	-3.18526239e+000	1.67052760e+003	0.00000000e+000	5.5429e+014	1.0000e-010	0.0000e+000
2.730000e+003	2.14904662e-001	-3.18509534e+000	1.66003726e+003	0.00000000e+000	5.5072e+014	1.0000e-010	0.0000e+000
2.740000e+003	2.15070665e-001	-3.18492933e+000	1.64961407e+003	0.00000000e+000	5.4720e+014	1.0000e-010	0.0000e+000
2.750000e+003	2.15235627e-001	-3.18476437e+000	1.63925718e+003	0.00000000e+000	5.4372e+014	1.0000e-010	0.0000e+000
2.760000e+003	2.15399552e-001	-3.18460045e+000	1.62896575e+003	0.00000000e+000	5.4028e+014	1.0000e-010	0.0000e+000
2.770000e+003	2.15562449e-001	-3.18443755e+000	1.61873896e+003	0.00000000e+000	5.3689e+014	1.0000e-010	0.0000e+000
2.780000e+003	2.15724323e-001	-3.18427568e+000	1.60857601e+003	0.00000000e+000	5.3354e+014	1.0000e-010	0.0000e+000
2.790000e+003	2.15885180e-001	-3.18411482e+000	1.59847610e+003	0.00000000e+000	5.3023e+014	1.0000e-010	0.0000e+000
2.800000e+003	2.16045028e-001	-3.18395497e+000	1.58843845e+003	0.00000000e+000	5.2696e+014	1.0000e-010	0.0000e+000
2.810000e+003	2.16203872e-001	-3.18379613e+000	1.57846228e+003	0.00000000e+000	5.2373e+014	1.0000e-010	0.0000e+000
2.820000e+003	2.16361718e-001	-3.18363828e+000	1.56854684e+003	0.00000000e+000	5.2054e+014	1.0000e-010	0.0000e+000
2.830000e+003	2.16518573e-001	-3.18348143e+000	1.55869138e+003	0.00000000e+000	5.1739e+014	1.0000e-010	0.0000e+000
2.840000e+003	2.16674442e-001	-3.18332556e+000	1.54889516e+003	0.00000000e+000	5.1428e+014	1.0000e-010	0.0000e+000
2.850000e+003	2.16829331e-001	-3.18317067e+000	1.53915746e+003	0.00000000e+000	5.1121e+014	1.0000e-010	0.0000e+000
2.860000e+003	2.16983247e-001	-3.18301675e+000	1.52947756e+003	0.00000000e+000	5.0818e+014	1.0000e-010	0.0000e+000
2.870000e+003	2.17136195e-001	-3.18286381e+000	1.51985476e+003	0.00000000e+000	5.0518e+014	1.0000e-010	0.0000e+000
2.880000e+003	2.17288180e-001	-3.18271182e+000	1.51028837e+003	0.00000000e+000	5.0222e+014	1.0000e-010	0.0000e+000
2.890000e+003	2.17439209e-001	-3.18256079e+000	1.50077770e+003	0.00000000e+000	4.9929e+014	1.0000e-010	0.0000e+000
2.900000e+003	2.17589287e-001	-3.18241071e+000	1.49132209e+003	0.00000000e+000	4.9640e+014	1.0000e-010	0.0000e+000
2.910000e+003	2.17738419e-001	-3.18226158e+000	1.48192086e+003	0.00000000e+000	4.9355e+014	1.0000e-010	0.0000e+000
2.920000e+003	2.17886611e-001	-3.18211339e+000	1.47257337e+003	0.00000000e+000	4.9073e+014	1.0000e-010	0.0000e+000
2.930000e+003	2.18033869e-001	-3.18196613e+000	1.46327898e+003	0.00000000e+000	4.8794e+014	1.0000e-010	0.0000e+000
2.940000e+003	2.18180197e-001	-3.18181980e+000	1.45403704e+003	0.00000000e+000	4.8519e+014	1.0000e-010	0.0000e+000
2.950000e+003	2.18325600e-001	-3.18167440e+000	1.44484694e+003	0.00000000e+000	4.8247e+014	1.0000e-010	0.0000e+000
2.960000e+003	2.18470085e-001	-3.18152992e+000	1.43570806e+003	0.00000000e+000	4.7978e+014	1.0000e-010	0.0000e+000
2.970000e+003	2.18613656e-001	-3.18138634e+000	1.42661980e+003	0.00000000e+000	4.7712e+014	1.0000e-010	0.0000e+000
2.980000e+003	2.18756318e-001	-3.18124368e+000	1.41758154e+003	0.00000000e+000	4.7449e+014	1.0000e-010	0.0000e+000
2.990000e+003	2.18898076e-001	-3.18110192e+000	1.40859271e+003	0.00000000e+000	4.7190e+014	1.0000e-010	0.0000e+000
3.000000e+003	2.19038935e-001	-3.18096106e+000	1.39965273e+003	0.00000000e+000	4.6933e+014	1.0000e-010	0.0000e+000
3.010000e+003	2.19178900e-001	-3.18082110e+000	1.39076102e+003	0.00000000e+000	4.6680e+014	1.0000e-010	0.0000e+000
3.020000e+003	2.19317977e-001	-3.18068202e+000	1.38191701e+003	0.00000000e+000	4.6430e+014	1.0000e-010	0.0000e+000
3.030000e+003	2.19456168e-001	-3.18054383e+000	1.37312015e+003	0.00000000e+000	4.6182e+014	1.0000e-010	0.0000e+000
3.040000e+003	2.19593480e-001	-3.18040652e+000	1.36436990e+003	0.00000000e+000	4.5937e+014	1.0000e-010	0.0000e+000
3.050000e+003	2.19729917e-001	-3.18027008e+000	1.35566570e+003	0.00000000e+000	4.5696e+014	1.0000e-010	0.0000e+000
3.060000e+003	2.19865484e-001	-3.18013452e+000	1.34700703e+003	0.00000000e+000	4.5457e+014	1.0000e-010	0.0000e+000
3.070000e+003	2.20000185e-001	-3.17999982e+000	1.33839335e+003	0.00000000e+000	4.5220e+014	1.0000e-010	0.0000e+000
3.080000e+003	2.20134024e-001	-3.17986598e+000	1.32982416e+003	0.00000000e+000	4.4987e+014	1.0000e-010	0.0000e+000
3.090000e+003	2.20267006e-001	-3.17973299e+000	1.32129893e+003	0.00000000e+000	4.4756e+014	1.0000e-010	0.0000e+000
3.100000e+003	2.20399136e-001	-3.17960086e+000	1.31281716e+003	0.00000000e+000	4.4528e+014	1.0000e-010	0.0000e+000
3.110000e+003	2.20530418e-001	-3.17946958e+000	1.30437836e+003	0.00000000e+000	4.4302e+014	1.0000e-010	0.0000e+000
3.120000e+003	2.20660856e-001	-3.17933914e+000	1.29598202e+003	0.00000000e+000	4.4079e+014	1.0000e-010	0.0000e+000
3.130000e+003	2.20790454e-001	-3.17920955e+000	1.28762768e+003	0.00000000e+000	4.3859e+014	1.0000e-010	0.0000e+000
3.140000e+003	2.20919217e-001	-3.17908078e+000	1.27931484e+003	0.00000000e+000	4.3641e+014	1.0000e-010	0.0000e+000
3.150000e+003	2.21047148e-001	-3.17895285e+000	1.27104303e+003	0.00000000e+000	4.3426e+014	1.0000e-010	0.0000e+000
3.160000e+003	2.21174253e-001	-3.17882575e+000	1.26281180e+003	0.00000000e+000	4.3213e+014	1.0000e-010	0.0000e+000
3.170000e+003	2.21300534e-001	-3.17869947e+000	1.25462067e+003	0.00000000e+000	4.3002e+014	1.0000e-010	0.0000e+000
3.180000e+003	2.21425996e-001	-3.17857400e+000	1.24646920e+003	0.00000000e+000	4.2794e+014	1.0000e-010	0.0000e+000
3.190000e+003	2.21550643e-001	-3.17844936e+000	1.23835694e+003	0.00000000e+000	4.2588e+014	1.0000e-010	0.0000e+000
3.200000e+003	2.21674478e-001	-3.17832552e+000	1.23028345e+003	0.00000000e+000	4.2385e+014	1.0000e-010	0.0000e+000
3.210000e+003	2.21797507e-001	-3.17820249e+000	1.22224828e+003	0.00000000e+000	4.2183e+014	1.0000e-010	0.0000e+000
3.220000e+003	2.21919732e-001	-3.17808027e+000	1.21425102e+003	0.00000000e+000	4.1984e+014	1.0000e-010	0.0000e+000
3.230000e+003	2.22041157e-001	-3.17795884e+000	1.20629123e+003	0.00000000e+000	4.1788e+014	1.0000e-010	0.0000e+000
3.240000e+003	2.22161786e-001	-3.17783821e+000	1.19836849e+003	0.00000000e+000	4.1593e+014	1.0000e-010	0.0000e+000
3.250000e+003	2.22281623e-001	-3.17771838e+000	1.19048240e+003	0.00000000e+000	4.1401e+014	1.0000e-010	0.0000e+000
3.260000e+003	2.22400671e-001	-3.17759933e+000	1.18263254e+003	0.00000000e+000	4.1211e+014	1.0000e-010	0.0000e+000
3.270000e+003	2.22518934e-001	-3.17748107e+000	1.17481850e+003	0.00000000e+000	4.1023e+014	1.0000e-010	0.0000e+000
3.280000e+003	2.22636416e-001	-3.17736358e+000	1.16703990e+003	0.00000000e+000	4.0837e+014	1.0000e-010	0.0000e+000
3.290000e+003	2.22753120e-001	-3.17724688e+000	1.15929633e+003	0.00000000e+000	4.0653e+014	1.0000e-010	0.0000e+000
3.300000e+003	2.22869050e-001	-3.17713095e+000	1.15158741e+003	0.00000000e+000	4.0471e+014	1.0000e-010	0.0000e+000
3.310000e+003	2.22984208e-001	-3.17701579e+000	1.14391275e+003	0.00000000e+000	4.0291e+014	1.0000e-010	0.0000e+000
3.320000e+003	2.23098600e-001	-3.17690140e+000	1.13627198e+003	0.00000000e+000	4.0113e+014	1.0000e-010	0.0000e+000
3.330000e+003	2.23212227e-001	-3.17678777e+000	1.12866471e+003	0.00000000e+000	3.9937e+014	1.0000e-010	0.0000e+000
3.340000e+003	2.23325093e-001	-3.17667491e+000	1.12109059e+003	0.00000000e+000	3.9763e+014	1.0000e-010	0.0000e+000
3.350000e+003	2.23437202e-001	-3.17656280e+000	1.11354924e+003	0.00000000e+000	3.9591e+014	1.0000e-010	0.0000e+000
3.360000e+003	2.23548557e-001	-3.17645144e+000	1.10604030e+003	0.00000000e+000	3.9421e+014	1.0000e-010	0.0000e+000
3.370000e+003	2.23659161e-001	-3.17634084e+000	1.09856342e+003	0.00000000e+000	3.9253e+014	1.0000e-010	0.0000e+000
3.380000e+003	2.23769018e-001	-3.17623098e+000	1.09111825e+003	0.00000000e+000	3.9086e+014	1.0000e-010	0.0000e+000
3.390000e+003	2.23878129e-001	-3.17612187e+000	1.08370443e+003	0.00000000e+000	3.8922e+014	1.0000e-010	0.0000e+000
3.400000e+003	2.23986500e-001	-3.17601350e+000	1.07632163e+003	0.00000000e+000	3.8759e+014	1.0000e-010	0.0000e+000
3.410000e+003	2.24094132e-001	-3.17590587e+000	1.06896950e+003	0.00000000e+000	3.8598e+014	1.0000e-010	0.0000e+000
3.420000e+003	2.24201029e-001	-3.17579897e+000	1.06164771e+003	0.00000000e+000	3.8438e+014	1.0000e-010	0.0000e+000
3.430000e+003	2.24307194e-001	-3.17569281e+000	1.05435592e+003	0.00000000e+000	3.8281e+014	1.0000e-010	0.0000e+000
3.440000e+003	2.24412629e-001	-3.17558737e+000	1.04709382e+003	0.00000000e+000	3.8125e+014	1.0000e-010	0.0000e+000
3.450000e+003	2.24517339e-001	-3.17548266e+000	1.03986107e+003	0.00000000e+000	3.7971e+014	1.0000e-010	0.0000e+000
3.460000e+003	2.24621325e-001	-3.17537868e+000	1.03265735e+003	0.00000000e+000	3.7819e+014	1.0000e-010	0.0000e+000
3.470000e+003	2.24724591e-001	-3.17527541e+000	1.02548235e+003	0.00000000e+000	3.7668e+014	1.0000e-010	0.0000e+000
3.480000e+003	2.24827139e-001	-3.17517286e+000	1.01833575e+003	0.00000000e+000	3.7519e+014	1.0000e-010	0.0000e+000
3.490000e+003	2.24928972e-001	-3.17507103e+000	1.01121725e+003	0.00000000e+000	3.7371e+014	1.0000e-010	0.0000e+000
3.500000e+003	2.25030094e-001	-3.17496991e+000	1.00412654e+003	0.00000000e+000	3.7225e+014	1.0000e-010	0.0000e+000
3.510000e+003	2.25130507e-001	-3.17486949e+000	9.97063323e+002	0.00000000e+000	3.7081e+014	1.0000e-010	0.0000e+000
3.520000e+003	2.25230213e-001	-3.17476979e+000	9.90027291e+002	0.00000000e+000	3.6938e+014	1.0000e-010	0.0000e+000
3.530000e+003	2.25329216e-001	-3.17467078e+000	9.83018153e+002	0.00000000e+000	3.6797e+014	1.0000e-010	0.0000e+000
3.540000e+003	2.25427518e-001	-3.17457248e+000	9.76035616e+002	0.00000000e+000	3.6657e+014	1.0000e-010	0.0000e+000
3.550000e+003	2.25525121e-001	-3.17447488e+000	9.69079392e+002	0.00000000e+000	3.6519e+014	1.0000e-010	0.0000e+000
3.560000e+003	2.25622029e-001	-3.17437797e+000	9.62149195e+002	0.00000000e+000	3.6383e+014	1.0000e-010	0.0000e+000
3.570000e+003	2.25718244e-001	-3.17428176e+000	9.55244742e+002	0.00000000e+000	3.6247e+014	1.0000e-010	0.0000e+000
3.580000e+003	2.25813769e-001	-3.17418623e+000	9.48365755e+002	0.00000000e+000	3.6114e+014	1.0000e-010	0.0000e+000
3.590000e+003	2.25908605e-001	-3.17409139e+000	9.41511956e+002	0.00000000e+000	3.5982e+014	1.0000e-010	0.0000e+000
3.600000e+003	2.26002756e-001	-3.17399724e+000	9.34683074e+002	0.00000000e+000	3.5851e+014	1.0000e-010	0.0000e+000
3.610000e+003	2.26096225e-001	-3.17390378e+000	9.27878836e+002	0.00000000e+000	3.5721e+014	1.0000e-010	0.0000e+000
3.620000e+003	2.26189013e-001	-3.17381099e+000	9.21098977e+002	0.00000000e+000	3.5593e+014	1.0000e-010	0.0000e+000
3.630000e+003	2.26281122e-001	-3.17371888e+000	9.14343231e+002	0.00000000e+000	3.5467e+014	1.0000e-010	0.0000e+000
3.640000e+003	2.26372557e-001	-3.17362744e+000	9.07611337e+002	0.00000000e+000	3.5342e+014	1.0000e-010	0.0000e+000
3.650000e+003	2.26463318e-001	-3.17353668e+000	9.00903036e+002	0.00000000e+000	3.5218e+014	1.0000e-010	0.0000e+000
3.660000e+003	2.26553408e-001	-3.17344659e+000	8.94218071e+002	0.00000000e+000	3.5095e+014	1.0000e-010	0.0000e+000
3.670000e+003	2.26642830e-001	-3.17335717e+000	8.87556190e+002	0.00000000e+000	3.4974e+014	1.0000e-010	0.0000e+000
3.680000e+003	2.26731586e-001	-3.17326841e+000	8.80917142e+002	0.00000000e+000	3.4854e+014	1.0000e-010	0.0000e+000
3.690000e+003	2.26819677e-001	-3.17318032e+000	8.74300677e+002	0.00000000e+000	3.4736e+014	1.0000e-010	0.0000e+000
3.700000e+003	2.26907107e-001	-3.17309289e+000	8.67706552e+002	0.00000000e+000	3.4618e+014	1.0000e-010	0.0000e+000
3.710000e+003	2.26993878e-001	-3.17300612e+000	8.61134522e+002	0.00000000e+000	3.4502e+014	1.0000e-010	0.0000e+000
3.720000e+003	2.27079991e-001	-3.17292001e+000	8.54584347e+002	0.00000000e+000	3.4388e+014	1.0000e-010	0.0000e+000
3.730000e+003	2.27165450e-001	-3.17283455e+000	8.48055789e+002	0.00000000e+000	3.4274e+014	1.0000e-010	0.0000e+000
3.740000e+003	2.27250255e-001	-3.17274974e+000	8.41548613e+002	0.00000000e+000	3.4162e+014	1.0000e-010	0.0000e+000
3.750000e+003	2.27334410e-001	-3.17266559e+000	8.35062584e+002	0.00000000e+000	3.4051e+014	1.0000e-010	0.0000e+000
3.760000e+003	2.27417917e-001	-3.17258208e+000	8.28597473e+002	0.00000000e+000	3.3941e+014	1.0000e-010	0.0000e+000
3.770000e+003	2.27500776e-001	-3.17249922e+000	8.22153051e+002	0.00000000e+000	3.3832e+014	1.0000e-010	0.0000e+000
3.780000e+003	2.27582992e-001	-3.17241701e+000	8.15729090e+002	0.00000000e+000	3.3725e+014	1.0000e-010	0.0000e+000
3.790000e+003	2.27664565e-001	-3.17233544e+000	8.09325368e+002	0.00000000e+000	3.3619e+014	1.0000e-010	0.0000e+000
3.800000e+003	2.27745497e-001	-3.17225450e+000	8.02941662e+002	0.00000000e+000	3.3514e+014	1.0000e-010	0.0000e+000
3.810000e+003	2.27825791e-001	-3.17217421e+000	7.96577752e+002	0.00000000e+000	3.3410e+014	1.0000e-010	0.0000e+000
3.820000e+003	2.27905449e-001	-3.17209455e+000	7.90233421e+002	0.00000000e+000	3.3307e+014	1.0000e-010	0.0000e+000
3.830000e+003	2.27984472e-001	-3.17201553e+000	7.83908454e+002	0.00000000e+000	3.3205e+014	1.0000e-010	0.0000e+000
3.840000e+003	2.28062863e-001	-3.17193714e+000	7.77602637e+002	0.00000000e+000	3.3105e+014	1.0000e-010	0.0000e+000
3.850000e+003	2.28140624e-001	-3.17185938e+000	7.71315759e+002	0.00000000e+000	3.3005e+014	1.0000e-010	0.0000e+000
3.860000e+003	2.28217755e-001	-3.17178224e+000	7.65047610e+002	0.00000000e+000	3.2907e+014	1.0000e-010	0.0000e+000
3.870000e+003	2.28294260e-001	-3.17170574e+000	7.58797984e+002	0.00000000e+000	3.2810e+014	1.0000e-010	0.0000e+000
3.880000e+003	2.28370140e-001	-3.17162986e+000	7.52566674e+002	0.00000000e+000	3.2714e+014	1.0000e-010	0.0000e+000
3.890000e+003	2.28445396e-001	-3.17155460e+000	7.46353477e+002	0.00000000e+000	3.2619e+014	1.0000e-010	0.0000e+000
3.900000e+003	2.28520032e-001	-3.17147997e+000	7.40158192e+002	0.00000000e+000	3.2525e+014	1.0000e-010	0.0000e+000
3.910000e+003	2.28594047e-001	-3.17140595e+000	7.33980620e+002	0.00000000e+000	3.2432e+014	1.0000e-010	0.0000e+000
3.920000e+003	2.28667446e-001	-3.17133255e+000	7.27820562e+002	0.00000000e+000	3.2340e+014	1.0000e-010	0.0000e+000
3.930000e+003	2.28740228e-001	-3.17125977e+000	7.21677821e+002	0.00000000e+000	3.2249e+014	1.0000e-010	0.0000e+000
3.940000e+003	2.28812395e-001	-3.17118760e+000	7.15552205e+002	0.00000000e+000	3.2159e+014	1.0000e-010	0.0000e+000
3.950000e+003	2.28883951e-001	-3.17111605e+000	7.09443521e+002	0.00000000e+000	3.2070e+014	1.0000e-010	0.0000e+000
3.960000e+003	2.28954895e-001	-3.17104511e+000	7.03351577e+002	0.00000000e+000	3.1982e+014	1.0000e-010	0.0000e+000
3.970000e+003	2.29025230e-001	-3.17097477e+000	6.97276185e+002	0.00000000e+000	3.1895e+014	1.0000e-010	0.0000e+000
3.980000e+003	2.29094958e-001	-3.17090504e+000	6.91217157e+002	0.00000000e+000	3.1809e+014	1.0000e-010	0.0000e+000
3.990000e+003	2.29164079e-001	-3.17083592e+000	6.85174308e+002	0.00000000e+000	3.1724e+014	1.0000e-010	0.0000e+000
4.000000e+003	2.29232597e-001	-3.17076740e+000	6.79147454e+002	0.00000000e+000	3.1640e+014	1.0000e-010	0.0000e+000
4.010000e+003	2.29300512e-001	-3.17069949e+000	6.73136412e+002	0.00000000e+000	3.1557e+014	1.0000e-010	0.0000e+000
4.020000e+003	2.29367825e-001	-3.17063217e+000	6.67141001e+002	0.00000000e+000	3.1475e+014	1.0000e-010	0.0000e+000
4.030000e+003	2.29434539e-001	-3.17056546e+000	6.61161042e+002	0.00000000e+000	3.1394e+014	1.0000e-010	0.0000e+000
4.040000e+003	2.29500655e-001	-3.17049934e+000	6.55196357e+002	0.00000000e+000	3.1314e+014	1.0000e-010	0.0000e+000
4.050000e+003	2.29566175e-001	-3.17043382e+000	6.49246770e+002	0.00000000e+000	3.1235e+014	1.0000e-010	0.0000e+000
4.060000e+003	2.29631100e-001	-3.17036890e+000	6.43312105e+002	0.00000000e+000	3.1156e+014	1.0000e-010	0.0000e+000
4.070000e+003	2.29695431e-001	-3.17030457e+000	6.37392191e+002	0.00000000e+000	3.1079e+014	1.0000e-010	0.0000e+000
4.080000e+003	2.29759170e-001	-3.17024083e+000	6.31486855e+002	0.00000000e+000	3.1002e+014	1.0000e-010	0.0000e+000
4.090000e+003	2.29822319e-001	-3.17017768e+000	6.25595925e+002	0.00000000e+000	3.0927e+014	1.0000e-010	0.0000e+000
4.100000e+003	2.29884878e-001	-3.17011512e+000	6.19719235e+002	0.00000000e+000	3.0852e+014	1.0000e-010	0.0000e+000
4.110000e+003	2.29946850e-001	-3.17005315e+000	6.13856614e+002	0.00000000e+000	3.0778e+014	1.0000e-010	0.0000e+000
4.120000e+003	2.30008236e-001	-3.16999176e+000	6.08007898e+002	0.00000000e+000	3.0705e+014	1.0000e-010	0.0000e+000
4.130000e+003	2.30069037e-001	-3.16993096e+000	6.02172922e+002	0.00000000e+000	3.0633e+014	1.0000e-010	0.0000e+000
4.140000e+003	2.30129254e-001	-3.16987075e+000	5.96351521e+002	0.00000000e+000	3.0562e+014	1.0000e-010	0.0000e+000
4.150000e+003	2.30188889e-001	-3.16981111e+000	5.90543533e+002	0.00000000e+000	3.0491e+014	1.0000e-010	0.0000e+000
4.160000e+003	2.30247944e-001	-3.16975206e+000	5.84748798e+002	0.00000000e+000	3.0422e+014	1.0000e-010	0.0000e+000
4.170000e+003	2.30306419e-001	-3.16969358e+000	5.78967154e+002	0.00000000e+000	3.0353e+014	1.0000e-010	0.0000e+000
4.180000e+003	2.30364315e-001	-3.16963568e+000	5.73198445e+002	0.00000000e+000	3.0285e+014	1.0000e-010	0.0000e+000
4.190000e+003	2.30421635e-001	-3.16957836e+000	5.67442512e+002	0.00000000e+000	3.0218e+014	1.0000e-010	0.0000e+000
4.200000e+003	2.30478379e-001	-3.16952162e+000	5.61699199e+002	0.00000000e+000	3.0152e+014	1.0000e-010	0.0000e+000
4.210000e+003	2.30534549e-001	-3.16946545e+000	5.55968352e+002	0.00000000e+000	3.0086e+014	1.0000e-010	0.0000e+000
4.220000e+003	2.30590146e-001	-3.16940985e+000	5.50249816e+002	0.00000000e+000	3.0022e+014	1.0000e-010	0.0000e+000
4.230000e+003	2.30645171e-001	-3.16935483e+000	5.44543438e+002	0.00000000e+000	2.9958e+014	1.0000e-010	0.0000e+000
4.240000e+003	2.30699625e-001	-3.16930037e+000	5.38849068e+002	0.00000000e+000	2.9895e+014	1.0000e-010	0.0000e+000
4.250000e+003	2.30753510e-001	-3.16924649e+000	5.33166555e+002	0.00000000e+000	2.9833e+014	1.0000e-010	0.0000e+000
4.260000e+003	2.30806827e-001	-3.16919317e+000	5.27495749e+002	0.00000000e+000	2.9771e+014	1.0000e-010	0.0000e+000
4.270000e+003	2.30859577e-001	-3.16914042e+000	5.21836502e+002	0.00000000e+000	2.9710e+014	1.0000e-010	0.0000e+000
4.280000e+003	2.30911760e-001	-3.16908824e+000	5.16188667e+002	0.00000000e+000	2.9651e+014	1.0000e-010	0.0000e+000
4.290000e+003	2.30963379e-001	-3.16903662e+000	5.10552098e+002	0.00000000e+000	2.9591e+014	1.0000e-010	0.0000e+000
4.300000e+003	2.31014434e-001	-3.16898557e+000	5.04926650e+002	0.00000000e+000	2.9533e+014	1.0000e-010	0.0000e+000
4.310000e+003	2.31064927e-001	-3.16893507e+000	4.99312179e+002	0.00000000e+000	2.9475e+014	1.0000e-010	0.0000e+000
4.320000e+003	2.31114858e-001	-3.16888514e+000	4.93708540e+002	0.00000000e+000	2.9419e+014	1.0000e-010	0.0000e+000
4.330000e+003	2.31164229e-001	-3.16883577e+000	4.88115593e+002	0.00000000e+000	2.9362e+014	1.0000e-010	0.0000e+000
4.340000e+003	2.31213041e-001	-3.16878696e+000	4.82533197e+002	0.00000000e+000	2.9307e+014	1.0000e-010	0.0000e+000
4.350000e+003	2.31261294e-001	-3.16873871e+000	4.76961210e+002	0.00000000e+000	2.9252e+014	1.0000e-010	0.0000e+000
4.360000e+003	2.31308990e-001	-3.16869101e+000	4.71399494e+002	0.00000000e+000	2.9198e+014	1.0000e-010	0.0000e+000
4.370000e+003	2.31356130e-001	-3.16864387e+000	4.65847910e+002	0.00000000e+000	2.9145e+014	1.0000e-010	0.0000e+000
4.380000e+003	2.31402715e-001	-3.16859729e+000	4.60306321e+002	0.00000000e+000	2.9093e+014	1.0000e-010	0.0000e+000
4.390000e+003	2.31448745e-001	-3.16855125e+000	4.54774590e+002	0.00000000e+000	2.9041e+014	1.0000e-010	0.0000e+000
4.400000e+003	2.31494223e-001	-3.16850578e+000	4.49252582e+002	0.00000000e+000	2.8990e+014	1.0000e-010	0.0000e+000
4.410000e+003	2.31539148e-001	-3.16846085e+000	4.43740162e+002	0.00000000e+000	2.8940e+014	1.0000e-010	0.0000e+000
4.420000e+003	2.31583522e-001	-3.16841648e+000	4.38237195e+002	0.00000000e+000	2.8890e+014	1.0000e-010	0.0000e+000
4.430000e+003	2.31627346e-001	-3.16837265e+000	4.32743549e+002	0.00000000e+000	2.8841e+014	1.0000e-010	0.0000e+000
4.440000e+003	2.31670620e-001	-3.16832938e+000	4.27259092e+002	0.00000000e+000	2.8793e+014	1.0000e-010	0.0000e+000
4.450000e+003	2.31713346e-001	-3.16828665e+000	4.21783691e+002	0.00000000e+000	2.8745e+014	1.0000e-010	0.0000e+000
4.460000e+003	2.31755524e-001	-3.16824448e+000	4.16317216e+002	0.00000000e+000	2.8698e+014	1.0000e-010	0.0000e+000
4.470000e+003	2.31797156e-001	-3.16820284e+000	4.10859537e+002	0.00000000e+000	2.8652e+014	1.0000e-010	0.0000e+000
4.480000e+003	2.31838242e-001	-3.16816176e+000	4.05410525e+002	0.00000000e+000	2.8607e+014	1.0000e-010	0.0000e+000
4.490000e+003	2.31878783e-001	-3.16812122e+000	3.99970051e+002	0.00000000e+000	2.8562e+014	1.0000e-010	0.0000e+000
4.500000e+003	2.31918780e-001	-3.16808122e+000	3.94537988e+002	0.00000000e+000	2.8518e+014	1.0000e-010	0.0000e+000
4.510000e+003	2.31958234e-001	-3.16804177e+000	3.89114209e+002	0.00000000e+000	2.8474e+014	1.0000e-010	0.0000e+000
4.520000e+003	2.31997145e-001	-3.16800285e+000	3.83698588e+002	0.00000000e+000	2.8431e+014	1.0000e-010	0.0000e+000
4.530000e+003	2.32035515e-001	-3.16796448e+000	3.78290998e+002	0.00000000e+000	2.8389e+014	1.0000e-010	0.0000e+000
4.540000e+003	2.32073344e-001	-3.16792666e+000	3.72891316e+002	0.00000000e+000	2.8348e+014	1.0000e-010	0.0000e+000
4.550000e+003	2.32110634e-001	-3.16788937e+000	3.67499416e+002	0.00000000e+000	2.8307e+014	1.0000e-010	0.0000e+000
4.560000e+003	2.32147383e-001	-3.16785262e+000	3.62115176e+002	0.00000000e+000	2.8267e+014	1.0000e-010	0.0000e+000
4.570000e+003	2.32183595e-001	-3.16781641e+000	3.56738472e+002	0.00000000e+000	2.8227e+014	1.0000e-010	0.0000e+000
4.580000e+003	2.32219269e-001	-3.16778073e+000	3.51369183e+002	0.00000000e+000	2.8188e+014	1.0000e-010	0.0000e+000
4.590000e+003	2.32254406e-001	-3.16774559e+000	3.46007187e+002	0.00000000e+000	2.8150e+014	1.0000e-010	0.0000e+000
4.600000e+003	2.32289006e-001	-3.16771099e+000	3.40652362e+002	0.00000000e+000	2.8112e+014	1.0000e-010	0.0000e+000
4.610000e+003	2.32323072e-001	-3.16767693e+000	3.35304589e+002	0.00000000e+000	2.8075e+014	1.0000e-010	0.0000e+000
4.620000e+003	2.32356602e-001	-3.16764340e+000	3.29963747e+002	0.00000000e+000	2.8039e+014	1.0000e-010	0.0000e+000
4.630000e+003	2.32389599e-001	-3.16761040e+000	3.24629718e+002	0.00000000e+000	2.8003e+014	1.0000e-010	0.0000e+000
4.640000e+003	2.32422062e-001	-3.16757794e+000	3.19302383e+002	0.00000000e+000	2.7968e+014	1.0000e-010	0.0000e+000
4.650000e+003	2.32453992e-001	-3.16754601e+000	3.13981623e+002	0.00000000e+000	2.7933e+014	1.0000e-010	0.0000e+000
4.660000e+003	2.32485390e-001	-3.16751461e+000	3.08667322e+002	0.00000000e+000	2.7900e+014	1.0000e-010	0.0000e+000
4.670000e+003	2.32516257e-001	-3.16748374e+000	3.03359362e+002	0.00000000e+000	2.7866e+014	1.0000e-010	0.0000e+000
4.680000e+003	2.32546593e-001	-3.16745341e+000	2.98057628e+002	0.00000000e+000	2.7834e+014	1.0000e-010	0.0000e+000
4.690000e+003	2.32576398e-001	-3.16742360e+000	2.92762002e+002	0.00000000e+000	2.7802e+014	1.0000e-010	0.0000e+000
4.700000e+003	2.32605675e-001	-3.16739433e+000	2.87472370e+002	0.00000000e+000	2.7770e+014	1.0000e-010	0.0000e+000
4.710000e+003	2.32634422e-001	-3.16736558e+000	2.82188616e+002	0.00000000e+000	2.7739e+014	1.0000e-010	0.0000e+000
4.720000e+003	2.32662641e-001	-3.16733736e+000	2.76910628e+002	0.00000000e+000	2.7709e+014	1.0000e-010	0.0000e+000
4.730000e+003	2.32690332e-001	-3.16730967e+000	2.71638289e+002	0.00000000e+000	2.7679e+014	1.0000e-010	0.0000e+000
4.740000e+003	2.32717496e-001	-3.16728250e+000	2.66371487e+002	0.00000000e+000	2.7650e+014	1.0000e-010	0.0000e+000
4.750000e+003	2.32744133e-001	-3.16725587e+000	2.61110110e+002	0.00000000e+000	2.7622e+014	1.0000e-010	0.0000e+000
4.760000e+003	2.32770244e-001	-3.16722976e+000	2.55854044e+002	0.00000000e+000	2.7594e+014	1.0000e-010	0.0000e+000
4.770000e+003	2.32795829e-001	-3.16720417e+000	2.50603177e+002	0.00000000e+000	2.7567e+014	1.0000e-010	0.0000e+000
4.780000e+003	2.32820889e-001	-3.16717911e+000	2.45357398e+002	0.00000000e+000	2.7540e+014	1.0000e-010	0.0000e+000
4.790000e+003	2.32845425e-001	-3.16715457e+000	2.40116595e+002	0.00000000e+000	2.7514e+014	1.0000e-010	0.0000e+000
4.800000e+003	2.32869437e-001	-3.16713056e+000	2.34880657e+002	0.00000000e+000	2.7488e+014	1.0000e-010	0.0000e+000
4.810000e+003	2.32892925e-001	-3.16710708e+000	2.29649475e+002	0.00000000e+000	2.7463e+014	1.0000e-010	0.0000e+000
4.820000e+003	2.32915890e-001	-3.16708411e+000	2.24422937e+002	0.00000000e+000	2.7439e+014	1.0000e-010	0.0000e+000
4.830000e+003	2.32938332e-001	-3.16706167e+000	2.19200935e+002	0.00000000e+000	2.7415e+014	1.0000e-010	0.0000e+000
4.840000e+003	2.32960252e-001	-3.16703975e+000	2.13983358e+002	0.00000000e+000	2.7392e+014	1.0000e-010	0.0000e+000
4.850000e+003	2.32981651e-001	-3.16701835e+000	2.08770099e+002	0.00000000e+000	2.7369e+014	1.0000e-010	0.0000e+000
4.860000e+003	2.33002528e-001	-3.16699747e+000	2.03561048e+002	0.00000000e+000	2.7347e+014	1.0000e-010	0.0000e+000
4.870000e+003	2.33022884e-001	-3.16697712e+000	1.98356096e+002	0.00000000e+000	2.7325e+014	1.0000e-010	0.0000e+000
4.880000e+003	2.33042719e-001	-3.16695728e+000	1.93155137e+002	0.00000000e+000	2.7305e+014	1.0000e-010	0.0000e+000
4.890000e+003	2.33062035e-001	-3.16693797e+000	1.87958063e+002	0.00000000e+000	2.7284e+014	1.0000e-010	0.0000e+000
4.900000e+003	2.33080831e-001	-3.16691917e+000	1.82764765e+002	0.00000000e+000	2.7264e+014	1.0000e-010	0.0000e+000
4.910000e+003	2.33099107e-001	-3.16690089e+000	1.77575138e+002	0.00000000e+000	2.7245e+014	1.0000e-010	0.0000e+000
4.920000e+003	2.33116865e-001	-3.16688314e+000	1.72389074e+002	0.00000000e+000	2.7226e+014	1.0000e-010	0.0000e+000
4.930000e+003	2.33134103e-001	-3.16686590e+000	1.67206468e+002	0.00000000e+000	2.7208e+014	1.0000e-010	0.0000e+000
4.940000e+003	2.33150824e-001	-3.16684918e+000	1.62027212e+002	0.00000000e+000	2.7191e+014	1.0000e-010	0.0000e+000
4.950000e+003	2.33167027e-001	-3.16683297e+000	1.56851201e+002	0.00000000e+000	2.7174e+014	1.0000e-010	0.0000e+000
4.960000e+003	2.33182712e-001	-3.16681729e+000	1.51678330e+002	0.00000000e+000	2.7157e+014	1.0000e-010	0.0000e+000
4.970000e+003	2.33197880e-001	-3.16680212e+000	1.46508493e+002	0.00000000e+000	2.7141e+014	1.0000e-010	0.0000e+000
4.980000e+003	2.33212531e-001	-3.16678747e+000	1.41341585e+002	0.00000000e+000	2.7126e+014	1.0000e-010	0.0000e+000
4.990000e+003	2.33226665e-001	-3.16677334e+000	1.36177502e+002	0.00000000e+000	2.7111e+014	1.0000e-010	0.0000e+000
5.000000e+003	2.33240283e-001	-3.16675972e+000	1.31016137e+002	0.00000000e+000	2.7097e+014	1.0000e-010	0.0000e+000
5.010000e+003	2.33253384e-001	-3.16674662e+000	1.25857388e+002	0.00000000e+000	2.7083e+014	1.0000e-010	0.0000e+000
5.020000e+003	2.33265970e-001	-3.16673403e+000	1.20701150e+002	0.00000000e+000	2.7070e+014	1.0000e-010	0.0000e+000
5.030000e+003	2.33278040e-001	-3.16672196e+000	1.15547318e+002	0.00000000e+000	2.7057e+014	1.0000e-010	0.0000e+000
5.040000e+003	2.33289595e-001	-3.16671041e+000	1.10395790e+002	0.00000000e+000	2.7045e+014	1.0000e-010	0.0000e+000
5.050000e+003	2.33300634e-001	-3.16669937e+000	1.05246460e+002	0.00000000e+000	2.7033e+014	1.0000e-010	0.0000e+000
5.060000e+003	2.33311159e-001	-3.16668884e+000	1.00099227e+002	0.00000000e+000	2.7022e+014	1.0000e-010	0.0000e+000
5.070000e+003	2.33321169e-001	-3.16667883e+000	9.49539867e+001	0.00000000e+000	2.7012e+014	1.0000e-010	0.0000e+000
5.080000e+003	2.33330664e-001	-3.16666934e+000	8.98106356e+001	0.00000000e+000	2.7002e+014	1.0000e-010	0.0000e+000
5.090000e+003	2.33339645e-001	-3.16666035e+000	8.46690710e+001	0.00000000e+000	2.6993e+014	1.0000e-010	0.0000e+000
5.100000e+003	2.33348112e-001	-3.16665189e+000	7.95291901e+001	0.00000000e+000	2.6984e+014	1.0000e-010	0.0000e+000
5.110000e+003	2.33356065e-001	-3.16664393e+000	7.43908902e+001	0.00000000e+000	2.6976e+014	1.0000e-010	0.0000e+000
5.120000e+003	2.33363504e-001	-3.16663650e+000	6.92540686e+001	0.00000000e+000	2.6968e+014	1.0000e-010	0.0000e+000
5.130000e+003	2.33370430e-001	-3.16662957e+000	6.41186229e+001	0.00000000e+000	2.6961e+014	1.0000e-010	0.0000e+000
5.140000e+003	2.33376842e-001	-3.16662316e+000	5.89844508e+001	0.00000000e+000	2.6954e+014	1.0000e-010	0.0000e+000
5.150000e+003	2.33382740e-001	-3.16661726e+000	5.38514499e+001	0.00000000e+000	2.6948e+014	1.0000e-010	0.0000e+000
5.160000e+003	2.33388125e-001	-3.16661187e+000	4.87195182e+001	0.00000000e+000	2.6942e+014	1.0000e-010	0.0000e+000
5.170000e+003	2.33392997e-001	-3.16660700e+000	4.35885536e+001	0.00000000e+000	2.6937e+014	1.0000e-010	0.0000e+000
5.180000e+003	2.33397356e-001	-3.16660264e+000	3.84584539e+001	0.00000000e+000	2.6933e+014	1.0000e-010	0.0000e+000
5.190000e+003	2.33401202e-001	-3.16659880e+000	3.33291175e+001	0.00000000e+000	2.6929e+014	1.0000e-010	0.0000e+000
5.200000e+003	2.33404535e-001	-3.16659547e+000	2.82004422e+001	0.00000000e+000	2.6925e+014	1.0000e-010	0.0000e+000
5.210000e+003	2.33407355e-001	-3.16659265e+000	2.30723264e+001	0.00000000e+000	2.6922e+014	1.0000e-010	0.0000e+000
5.220000e+003	2.33409662e-001	-3.16659034e+000	1.79446682e+001	0.00000000e+000	2.6920e+014	1.0000e-010	0.0000e+000
5.230000e+003	2.33411456e-001	-3.16658854e+000	1.28173659e+001	0.00000000e+000	2.6918e+014	1.0000e-010	0.0000e+000
5.240000e+003	2.33412738e-001	-3.16658726e+000	7.69031789e+000	0.00000000e+000	2.6917e+014	1.0000e-010	0.0000e+000
5.250000e+003	2.33413507e-001	-3.16658649e+000	2.56342235e+000	0.00000000e+000	2.6916e+014	1.0000e-010	0.0000e+000
5.260000e+003	2.33413764e-001	-3.16658624e+000	2.56342235e+000	0.00000000e+000	2.6915e+014	1.0000e-010	0.0000e+000
