Y (ang)	Ec (eV)	Ev (eV)	E (V/cm)	Ef (eV)	n (cm-3)	p (cm-3)	Nd - Na (cm-3)
0.000000e+000	-6.40000000e+000	-9.80000000e+000	3.74716585e+007	-7.00000000e+000	1.8691e+008	1.0000e-010	0.0000e+000
1.000000e+001	-2.09283415e+000	-6.19283415e+000	1.17083593e+007	0.00000000e+000	1.2303e+021	1.0000e-010	-1.3848e+020
2.000000e+001	-9.21998221e-001	-5.02199822e+000	4.66512464e+006	0.00000000e+000	3.6004e+020	1.0000e-010	0.0000e+000
3.000000e+001	-4.55485756e-001	-4.55548576e+000	2.21176895e+006	0.00000000e+000	1.2541e+020	1.0000e-010	0.0000e+000
4.000000e+001	-2.34308861e-001	-4.33430886e+000	1.29610626e+006	0.00000000e+000	4.6807e+019	1.0000e-010	0.0000e+000
5.000000e+001	-1.04698235e-001	-4.20469823e+000	1.00853016e+006	0.00000000e+000	1.4700e+019	1.0000e-010	0.0000e+000
6.000000e+001	-3.84521844e-003	-4.10384522e+000	9.70794962e+005	0.00000000e+000	1.9290e+018	1.0000e-010	0.0000e+000
7.000000e+001	9.32342778e-002	-4.00676572e+000	9.69613944e+005	0.00000000e+000	6.0372e+016	1.0000e-010	0.0000e+000
8.000000e+001	-3.69804328e-001	-3.76980433e+000	1.83056731e+006	0.00000000e+000	9.1943e+019	1.0000e-010	1.3848e+020
9.000000e+001	-1.55636486e-001	-3.59452537e+000	1.20301215e+006	0.00000000e+000	2.5734e+019	1.0000e-010	-7.3046e+018
1.000000e+002	-4.22415978e-003	-3.48200194e+000	1.02709146e+006	0.00000000e+000	1.9508e+018	1.0000e-010	-7.3504e+018
1.100000e+002	1.29596098e-001	-3.38707057e+000	8.86815297e+005	0.00000000e+000	1.4930e+016	1.0000e-010	-7.3961e+018
1.200000e+002	2.49388738e-001	-3.30616682e+000	7.45533251e+005	0.00000000e+000	1.4509e+014	1.0000e-010	-7.4419e+018
1.300000e+002	3.55053175e-001	-3.23939127e+000	6.02959918e+005	0.00000000e+000	2.4353e+012	1.0000e-010	-7.4876e+018
1.400000e+002	4.46460278e-001	-3.18687306e+000	4.59086890e+005	0.00000000e+000	7.0955e+010	1.0000e-010	-7.5334e+018
1.500000e+002	5.23480078e-001	-3.14874214e+000	3.13908364e+005	0.00000000e+000	3.6067e+009	1.0000e-010	-7.5791e+018
1.600000e+002	5.85982025e-001	-3.12512909e+000	1.67418544e+005	0.00000000e+000	3.2146e+008	1.0000e-010	-7.6249e+018
1.700000e+002	6.33834991e-001	-3.11616501e+000	1.96116015e+004	0.00000000e+000	5.0493e+007	1.0000e-010	-7.6706e+018
1.800000e+002	6.66907262e-001	-3.12198163e+000	-1.29518325e+005	0.00000000e+000	1.4049e+007	1.0000e-010	-7.7164e+018
1.900000e+002	6.85066541e-001	-3.14271124e+000	-2.79977133e+005	0.00000000e+000	6.9595e+006	1.0000e-010	-7.7621e+018
2.000000e+002	6.88179938e-001	-3.17848673e+000	-4.31770755e+005	0.00000000e+000	6.1698e+006	1.0000e-010	-7.8079e+018
2.100000e+002	6.76113974e-001	-3.22944158e+000	-5.84905159e+005	0.00000000e+000	9.8395e+006	1.0000e-010	-7.8536e+018
2.200000e+002	6.48734569e-001	-3.29570988e+000	-7.39386349e+005	0.00000000e+000	2.8374e+007	1.0000e-010	-7.8994e+018
2.300000e+002	6.05907045e-001	-3.37742629e+000	-8.95220364e+005	0.00000000e+000	1.4873e+008	1.0000e-010	-7.9451e+018
2.400000e+002	5.47496120e-001	-3.47472610e+000	-1.05241328e+006	0.00000000e+000	1.4245e+009	1.0000e-010	-7.9909e+018
2.500000e+002	4.73365903e-001	-3.58774521e+000	-1.21097121e+006	0.00000000e+000	2.5061e+010	1.0000e-010	-8.0366e+018
2.600000e+002	-1.76620107e-001	-3.57662011e+000	7.12548627e+005	0.00000000e+000	3.0996e+019	1.0000e-010	1.3040e+020
2.700000e+002	-1.05365244e-001	-3.50536524e+000	4.30128260e+005	0.00000000e+000	1.4827e+019	1.0000e-010	0.0000e+000
2.800000e+002	-6.23524178e-002	-3.46235242e+000	2.83311456e+005	0.00000000e+000	7.7079e+018	1.0000e-010	0.0000e+000
2.900000e+002	-3.40212722e-002	-3.43402127e+000	2.01399310e+005	0.00000000e+000	4.3004e+018	1.0000e-010	0.0000e+000
3.000000e+002	-1.38813411e-002	-3.41388134e+000	1.52379542e+005	0.00000000e+000	2.5735e+018	1.0000e-010	0.0000e+000
3.100000e+002	1.35661310e-003	-3.39864339e+000	1.20992641e+005	0.00000000e+000	1.6478e+018	1.0000e-010	0.0000e+000
3.200000e+002	1.34558772e-002	-3.38654412e+000	9.96551001e+004	0.00000000e+000	1.1202e+018	1.0000e-010	0.0000e+000
3.300000e+002	2.34213872e-002	-3.37657861e+000	8.44024056e+004	0.00000000e+000	8.0077e+017	1.0000e-010	0.0000e+000
3.400000e+002	3.18616278e-002	-3.36813837e+000	7.30420812e+004	0.00000000e+000	5.9642e+017	1.0000e-010	0.0000e+000
3.500000e+002	3.91658359e-002	-3.36083416e+000	6.42928942e+004	0.00000000e+000	4.5933e+017	1.0000e-010	0.0000e+000
3.600000e+002	4.55951253e-002	-3.35440487e+000	5.73675031e+004	0.00000000e+000	3.6358e+017	1.0000e-010	0.0000e+000
3.700000e+002	5.13318757e-002	-3.34866812e+000	5.17601594e+004	0.00000000e+000	2.9439e+017	1.0000e-010	0.0000e+000
3.800000e+002	5.65078916e-002	-3.34349211e+000	4.71332634e+004	0.00000000e+000	2.4291e+017	1.0000e-010	0.0000e+000
3.900000e+002	6.12212179e-002	-3.33877878e+000	4.32538431e+004	0.00000000e+000	2.0367e+017	1.0000e-010	0.0000e+000
4.000000e+002	6.55466023e-002	-3.33445340e+000	3.99564345e+004	0.00000000e+000	1.7311e+017	1.0000e-010	0.0000e+000
4.100000e+002	6.95422457e-002	-3.33045775e+000	3.71205423e+004	0.00000000e+000	1.4888e+017	1.0000e-010	0.0000e+000
4.200000e+002	7.32542999e-002	-3.32674570e+000	3.46564790e+004	0.00000000e+000	1.2936e+017	1.0000e-010	0.0000e+000
4.300000e+002	7.67199478e-002	-3.32328005e+000	3.24961918e+004	0.00000000e+000	1.1342e+017	1.0000e-010	0.0000e+000
4.400000e+002	7.99695670e-002	-3.32003043e+000	3.05871583e+004	0.00000000e+000	1.0022e+017	1.0000e-010	0.0000e+000
4.500000e+002	8.30282828e-002	-3.31697172e+000	2.88882252e+004	0.00000000e+000	8.9194e+016	1.0000e-010	0.0000e+000
4.600000e+002	8.59171054e-002	-3.31408289e+000	2.73667078e+004	0.00000000e+000	7.9880e+016	1.0000e-010	0.0000e+000
4.700000e+002	8.86537761e-002	-3.31134622e+000	2.59963304e+004	0.00000000e+000	7.1945e+016	1.0000e-010	0.0000e+000
4.800000e+002	9.12534092e-002	-3.30874659e+000	2.47557365e+004	0.00000000e+000	6.5131e+016	1.0000e-010	0.0000e+000
4.900000e+002	9.37289828e-002	-3.30627102e+000	2.36273942e+004	0.00000000e+000	5.9238e+016	1.0000e-010	0.0000e+000
5.000000e+002	9.60917223e-002	-3.30390828e+000	2.25967803e+004	0.00000000e+000	5.4107e+016	1.0000e-010	0.0000e+000
5.100000e+002	9.83514003e-002	-3.30164860e+000	2.16517638e+004	0.00000000e+000	4.9614e+016	1.0000e-010	0.0000e+000
5.200000e+002	1.00516577e-001	-3.29948342e+000	2.07821348e+004	0.00000000e+000	4.5656e+016	1.0000e-010	0.0000e+000
5.300000e+002	1.02594790e-001	-3.29740521e+000	1.99792398e+004	0.00000000e+000	4.2152e+016	1.0000e-010	0.0000e+000
5.400000e+002	1.04592714e-001	-3.29540729e+000	1.92311575e+004	0.00000000e+000	3.9274e+016	1.0000e-010	0.0000e+000
5.500000e+002	1.06515830e-001	-3.29348417e+000	1.85367052e+004	0.00000000e+000	3.6459e+016	1.0000e-010	0.0000e+000
5.600000e+002	1.08369500e-001	-3.29163050e+000	1.78903040e+004	0.00000000e+000	3.3936e+016	1.0000e-010	0.0000e+000
5.700000e+002	1.10158531e-001	-3.28984147e+000	1.72871229e+004	0.00000000e+000	3.1667e+016	1.0000e-010	0.0000e+000
5.800000e+002	1.11887243e-001	-3.28811276e+000	1.67229573e+004	0.00000000e+000	2.9619e+016	1.0000e-010	0.0000e+000
5.900000e+002	1.13559539e-001	-3.28644046e+000	1.61941307e+004	0.00000000e+000	2.7763e+016	1.0000e-010	0.0000e+000
6.000000e+002	1.15178952e-001	-3.28482105e+000	1.56974145e+004	0.00000000e+000	2.6078e+016	1.0000e-010	0.0000e+000
6.100000e+002	1.16748693e-001	-3.28325131e+000	1.52299616e+004	0.00000000e+000	2.4541e+016	1.0000e-010	0.0000e+000
6.200000e+002	1.18271689e-001	-3.28172831e+000	1.47892519e+004	0.00000000e+000	2.3137e+016	1.0000e-010	0.0000e+000
6.300000e+002	1.19750615e-001	-3.28024939e+000	1.43730465e+004	0.00000000e+000	2.1851e+016	1.0000e-010	0.0000e+000
6.400000e+002	1.21187919e-001	-3.27881208e+000	1.39793495e+004	0.00000000e+000	2.0669e+016	1.0000e-010	0.0000e+000
6.500000e+002	1.22585854e-001	-3.27741415e+000	1.36063762e+004	0.00000000e+000	1.9581e+016	1.0000e-010	0.0000e+000
6.600000e+002	1.23946492e-001	-3.27605351e+000	1.32525254e+004	0.00000000e+000	1.8577e+016	1.0000e-010	0.0000e+000
6.700000e+002	1.25271744e-001	-3.27472826e+000	1.29163571e+004	0.00000000e+000	1.7649e+016	1.0000e-010	0.0000e+000
6.800000e+002	1.26563380e-001	-3.27343662e+000	1.25965720e+004	0.00000000e+000	1.6789e+016	1.0000e-010	0.0000e+000
6.900000e+002	1.27823037e-001	-3.27217696e+000	1.22919951e+004	0.00000000e+000	1.5990e+016	1.0000e-010	0.0000e+000
7.000000e+002	1.29052237e-001	-3.27094776e+000	1.20015612e+004	0.00000000e+000	1.5248e+016	1.0000e-010	0.0000e+000
7.100000e+002	1.30252393e-001	-3.26974761e+000	1.17243022e+004	0.00000000e+000	1.4556e+016	1.0000e-010	0.0000e+000
7.200000e+002	1.31424823e-001	-3.26857518e+000	1.14593365e+004	0.00000000e+000	1.3911e+016	1.0000e-010	0.0000e+000
7.300000e+002	1.32570757e-001	-3.26742924e+000	1.12058594e+004	0.00000000e+000	1.3308e+016	1.0000e-010	0.0000e+000
7.400000e+002	1.33691343e-001	-3.26630866e+000	1.09631349e+004	0.00000000e+000	1.2743e+016	1.0000e-010	0.0000e+000
7.500000e+002	1.34787656e-001	-3.26521234e+000	1.07304884e+004	0.00000000e+000	1.2214e+016	1.0000e-010	0.0000e+000
7.600000e+002	1.35860705e-001	-3.26413929e+000	1.05073008e+004	0.00000000e+000	1.1717e+016	1.0000e-010	0.0000e+000
7.700000e+002	1.36911435e-001	-3.26308856e+000	1.02930026e+004	0.00000000e+000	1.1251e+016	1.0000e-010	0.0000e+000
7.800000e+002	1.37940735e-001	-3.26205926e+000	1.00870691e+004	0.00000000e+000	1.0812e+016	1.0000e-010	0.0000e+000
7.900000e+002	1.38949442e-001	-3.26105056e+000	9.88901603e+003	0.00000000e+000	1.0398e+016	1.0000e-010	0.0000e+000
8.000000e+002	1.39938344e-001	-3.26006166e+000	9.69839593e+003	0.00000000e+000	1.0008e+016	1.0000e-010	0.0000e+000
8.100000e+002	1.40908184e-001	-3.25909182e+000	9.51479448e+003	0.00000000e+000	9.6391e+015	1.0000e-010	0.0000e+000
8.200000e+002	1.41859663e-001	-3.25814034e+000	9.33782762e+003	0.00000000e+000	9.2908e+015	1.0000e-010	0.0000e+000
8.300000e+002	1.42793446e-001	-3.25720655e+000	9.16713880e+003	0.00000000e+000	8.9612e+015	1.0000e-010	0.0000e+000
8.400000e+002	1.43710160e-001	-3.25628984e+000	9.00239657e+003	0.00000000e+000	8.6490e+015	1.0000e-010	0.0000e+000
8.500000e+002	1.44610399e-001	-3.25538960e+000	8.84329239e+003	0.00000000e+000	8.3530e+015	1.0000e-010	0.0000e+000
8.600000e+002	1.45494729e-001	-3.25450527e+000	8.68953872e+003	0.00000000e+000	8.0721e+015	1.0000e-010	0.0000e+000
8.700000e+002	1.46363682e-001	-3.25363632e+000	8.54086722e+003	0.00000000e+000	7.8053e+015	1.0000e-010	0.0000e+000
8.800000e+002	1.47217769e-001	-3.25278223e+000	8.39702721e+003	0.00000000e+000	7.5516e+015	1.0000e-010	0.0000e+000
8.900000e+002	1.48057472e-001	-3.25194253e+000	8.25778424e+003	0.00000000e+000	7.3103e+015	1.0000e-010	0.0000e+000
9.000000e+002	1.48883250e-001	-3.25111675e+000	8.12291875e+003	0.00000000e+000	7.0805e+015	1.0000e-010	0.0000e+000
9.100000e+002	1.49695542e-001	-3.25030446e+000	7.99222497e+003	0.00000000e+000	6.8614e+015	1.0000e-010	0.0000e+000
9.200000e+002	1.50494765e-001	-3.24950524e+000	7.86550982e+003	0.00000000e+000	6.6526e+015	1.0000e-010	0.0000e+000
9.300000e+002	1.51281316e-001	-3.24871868e+000	7.74259193e+003	0.00000000e+000	6.4532e+015	1.0000e-010	0.0000e+000
9.400000e+002	1.52055575e-001	-3.24794443e+000	7.62330082e+003	0.00000000e+000	6.2628e+015	1.0000e-010	0.0000e+000
9.500000e+002	1.52817905e-001	-3.24718210e+000	7.50747603e+003	0.00000000e+000	6.0808e+015	1.0000e-010	0.0000e+000
9.600000e+002	1.53568653e-001	-3.24643135e+000	7.39496645e+003	0.00000000e+000	5.9068e+015	1.0000e-010	0.0000e+000
9.700000e+002	1.54308149e-001	-3.24569185e+000	7.28562962e+003	0.00000000e+000	5.7402e+015	1.0000e-010	0.0000e+000
9.800000e+002	1.55036712e-001	-3.24496329e+000	7.17933111e+003	0.00000000e+000	5.5807e+015	1.0000e-010	0.0000e+000
9.900000e+002	1.55754645e-001	-3.24424535e+000	7.07594399e+003	0.00000000e+000	5.4278e+015	1.0000e-010	0.0000e+000
1.000000e+003	1.56462240e-001	-3.24353776e+000	6.97534830e+003	0.00000000e+000	5.2813e+015	1.0000e-010	0.0000e+000
1.010000e+003	1.57159774e-001	-3.24284023e+000	6.87743058e+003	0.00000000e+000	5.1407e+015	1.0000e-010	0.0000e+000
1.020000e+003	1.57847518e-001	-3.24215248e+000	6.78208344e+003	0.00000000e+000	5.0057e+015	1.0000e-010	0.0000e+000
1.030000e+003	1.58525726e-001	-3.24147427e+000	6.68920513e+003	0.00000000e+000	4.8761e+015	1.0000e-010	0.0000e+000
1.040000e+003	1.59194646e-001	-3.24080535e+000	6.59869922e+003	0.00000000e+000	4.7516e+015	1.0000e-010	0.0000e+000
1.050000e+003	1.59854516e-001	-3.24014548e+000	6.51047423e+003	0.00000000e+000	4.6318e+015	1.0000e-010	0.0000e+000
1.060000e+003	1.60505564e-001	-3.23949444e+000	6.42444333e+003	0.00000000e+000	4.5166e+015	1.0000e-010	0.0000e+000
1.070000e+003	1.61148008e-001	-3.23885199e+000	6.34052403e+003	0.00000000e+000	4.4058e+015	1.0000e-010	0.0000e+000
1.080000e+003	1.61782060e-001	-3.23821794e+000	6.25863791e+003	0.00000000e+000	4.2990e+015	1.0000e-010	0.0000e+000
1.090000e+003	1.62407924e-001	-3.23759208e+000	6.17871041e+003	0.00000000e+000	4.1962e+015	1.0000e-010	0.0000e+000
1.100000e+003	1.63025795e-001	-3.23697420e+000	6.10067056e+003	0.00000000e+000	4.0971e+015	1.0000e-010	0.0000e+000
1.110000e+003	1.63635862e-001	-3.23636414e+000	6.02445077e+003	0.00000000e+000	4.0016e+015	1.0000e-010	0.0000e+000
1.120000e+003	1.64238307e-001	-3.23576169e+000	5.94998664e+003	0.00000000e+000	3.9094e+015	1.0000e-010	0.0000e+000
1.130000e+003	1.64833306e-001	-3.23516669e+000	5.87721678e+003	0.00000000e+000	3.8204e+015	1.0000e-010	0.0000e+000
1.140000e+003	1.65421028e-001	-3.23457897e+000	5.80608260e+003	0.00000000e+000	3.7346e+015	1.0000e-010	0.0000e+000
1.150000e+003	1.66001636e-001	-3.23399836e+000	5.73652822e+003	0.00000000e+000	3.6516e+015	1.0000e-010	0.0000e+000
1.160000e+003	1.66575289e-001	-3.23342471e+000	5.66850025e+003	0.00000000e+000	3.5715e+015	1.0000e-010	0.0000e+000
1.170000e+003	1.67142139e-001	-3.23285786e+000	5.60194767e+003	0.00000000e+000	3.4940e+015	1.0000e-010	0.0000e+000
1.180000e+003	1.67702334e-001	-3.23229767e+000	5.53682173e+003	0.00000000e+000	3.4191e+015	1.0000e-010	0.0000e+000
1.190000e+003	1.68256016e-001	-3.23174398e+000	5.47307578e+003	0.00000000e+000	3.3467e+015	1.0000e-010	0.0000e+000
1.200000e+003	1.68803323e-001	-3.23119668e+000	5.41066521e+003	0.00000000e+000	3.2766e+015	1.0000e-010	0.0000e+000
1.210000e+003	1.69344390e-001	-3.23065561e+000	5.34954727e+003	0.00000000e+000	3.2087e+015	1.0000e-010	0.0000e+000
1.220000e+003	1.69879345e-001	-3.23012066e+000	5.28968105e+003	0.00000000e+000	3.1430e+015	1.0000e-010	0.0000e+000
1.230000e+003	1.70408313e-001	-3.22959169e+000	5.23102733e+003	0.00000000e+000	3.0793e+015	1.0000e-010	0.0000e+000
1.240000e+003	1.70931415e-001	-3.22906858e+000	5.17354852e+003	0.00000000e+000	3.0176e+015	1.0000e-010	0.0000e+000
1.250000e+003	1.71448770e-001	-3.22855123e+000	5.11720855e+003	0.00000000e+000	2.9579e+015	1.0000e-010	0.0000e+000
1.260000e+003	1.71960491e-001	-3.22803951e+000	5.06197282e+003	0.00000000e+000	2.8999e+015	1.0000e-010	0.0000e+000
1.270000e+003	1.72466688e-001	-3.22753331e+000	5.00780812e+003	0.00000000e+000	2.8437e+015	1.0000e-010	0.0000e+000
1.280000e+003	1.72967469e-001	-3.22703253e+000	4.95468255e+003	0.00000000e+000	2.7891e+015	1.0000e-010	0.0000e+000
1.290000e+003	1.73462938e-001	-3.22653706e+000	4.90256546e+003	0.00000000e+000	2.7362e+015	1.0000e-010	0.0000e+000
1.300000e+003	1.73953194e-001	-3.22604681e+000	4.85142742e+003	0.00000000e+000	2.6848e+015	1.0000e-010	0.0000e+000
1.310000e+003	1.74438337e-001	-3.22556166e+000	4.80124008e+003	0.00000000e+000	2.6348e+015	1.0000e-010	0.0000e+000
1.320000e+003	1.74918461e-001	-3.22508154e+000	4.75197623e+003	0.00000000e+000	2.5864e+015	1.0000e-010	0.0000e+000
1.330000e+003	1.75393658e-001	-3.22460634e+000	4.70360965e+003	0.00000000e+000	2.5393e+015	1.0000e-010	0.0000e+000
1.340000e+003	1.75864019e-001	-3.22413598e+000	4.65611511e+003	0.00000000e+000	2.4935e+015	1.0000e-010	0.0000e+000
1.350000e+003	1.76329631e-001	-3.22367037e+000	4.60946832e+003	0.00000000e+000	2.4490e+015	1.0000e-010	0.0000e+000
1.360000e+003	1.76790578e-001	-3.22320942e+000	4.56364589e+003	0.00000000e+000	2.4057e+015	1.0000e-010	0.0000e+000
1.370000e+003	1.77246942e-001	-3.22275306e+000	4.51862525e+003	0.00000000e+000	2.3636e+015	1.0000e-010	0.0000e+000
1.380000e+003	1.77698805e-001	-3.22230120e+000	4.47438469e+003	0.00000000e+000	2.3226e+015	1.0000e-010	0.0000e+000
1.390000e+003	1.78146243e-001	-3.22185376e+000	4.43090325e+003	0.00000000e+000	2.2828e+015	1.0000e-010	0.0000e+000
1.400000e+003	1.78589334e-001	-3.22141067e+000	4.38816070e+003	0.00000000e+000	2.2440e+015	1.0000e-010	0.0000e+000
1.410000e+003	1.79028150e-001	-3.22097185e+000	4.34613755e+003	0.00000000e+000	2.2062e+015	1.0000e-010	0.0000e+000
1.420000e+003	1.79462763e-001	-3.22053724e+000	4.30481497e+003	0.00000000e+000	2.1694e+015	1.0000e-010	0.0000e+000
1.430000e+003	1.79893245e-001	-3.22010676e+000	4.26417479e+003	0.00000000e+000	2.1336e+015	1.0000e-010	0.0000e+000
1.440000e+003	1.80319662e-001	-3.21968034e+000	4.22419945e+003	0.00000000e+000	2.0987e+015	1.0000e-010	0.0000e+000
1.450000e+003	1.80742082e-001	-3.21925792e+000	4.18487200e+003	0.00000000e+000	2.0647e+015	1.0000e-010	0.0000e+000
1.460000e+003	1.81160570e-001	-3.21883943e+000	4.14617605e+003	0.00000000e+000	2.0315e+015	1.0000e-010	0.0000e+000
1.470000e+003	1.81575187e-001	-3.21842481e+000	4.10809576e+003	0.00000000e+000	1.9992e+015	1.0000e-010	0.0000e+000
1.480000e+003	1.81985997e-001	-3.21801400e+000	4.07061581e+003	0.00000000e+000	1.9677e+015	1.0000e-010	0.0000e+000
1.490000e+003	1.82393058e-001	-3.21760694e+000	4.03372140e+003	0.00000000e+000	1.9370e+015	1.0000e-010	0.0000e+000
1.500000e+003	1.82796431e-001	-3.21720357e+000	3.99739819e+003	0.00000000e+000	1.9070e+015	1.0000e-010	0.0000e+000
1.510000e+003	1.83196170e-001	-3.21680383e+000	3.96163231e+003	0.00000000e+000	1.8777e+015	1.0000e-010	0.0000e+000
1.520000e+003	1.83592334e-001	-3.21640767e+000	3.92641033e+003	0.00000000e+000	1.8492e+015	1.0000e-010	0.0000e+000
1.530000e+003	1.83984975e-001	-3.21601503e+000	3.89171927e+003	0.00000000e+000	1.8213e+015	1.0000e-010	0.0000e+000
1.540000e+003	1.84374147e-001	-3.21562585e+000	3.85754653e+003	0.00000000e+000	1.7941e+015	1.0000e-010	0.0000e+000
1.550000e+003	1.84759901e-001	-3.21524010e+000	3.82387992e+003	0.00000000e+000	1.7675e+015	1.0000e-010	0.0000e+000
1.560000e+003	1.85142289e-001	-3.21485771e+000	3.79070763e+003	0.00000000e+000	1.7416e+015	1.0000e-010	0.0000e+000
1.570000e+003	1.85521360e-001	-3.21447864e+000	3.75801819e+003	0.00000000e+000	1.7162e+015	1.0000e-010	0.0000e+000
1.580000e+003	1.85897162e-001	-3.21410284e+000	3.72580051e+003	0.00000000e+000	1.6914e+015	1.0000e-010	0.0000e+000
1.590000e+003	1.86269742e-001	-3.21373026e+000	3.69404383e+003	0.00000000e+000	1.6672e+015	1.0000e-010	0.0000e+000
1.600000e+003	1.86639146e-001	-3.21336085e+000	3.66273769e+003	0.00000000e+000	1.6436e+015	1.0000e-010	0.0000e+000
1.610000e+003	1.87005420e-001	-3.21299458e+000	3.63187198e+003	0.00000000e+000	1.6205e+015	1.0000e-010	0.0000e+000
1.620000e+003	1.87368607e-001	-3.21263139e+000	3.60143686e+003	0.00000000e+000	1.5978e+015	1.0000e-010	0.0000e+000
1.630000e+003	1.87728751e-001	-3.21227125e+000	3.57142279e+003	0.00000000e+000	1.5757e+015	1.0000e-010	0.0000e+000
1.640000e+003	1.88085893e-001	-3.21191411e+000	3.54182051e+003	0.00000000e+000	1.5541e+015	1.0000e-010	0.0000e+000
1.650000e+003	1.88440075e-001	-3.21155992e+000	3.51262102e+003	0.00000000e+000	1.5330e+015	1.0000e-010	0.0000e+000
1.660000e+003	1.88791337e-001	-3.21120866e+000	3.48381560e+003	0.00000000e+000	1.5123e+015	1.0000e-010	0.0000e+000
1.670000e+003	1.89139719e-001	-3.21086028e+000	3.45539576e+003	0.00000000e+000	1.4920e+015	1.0000e-010	0.0000e+000
1.680000e+003	1.89485258e-001	-3.21051474e+000	3.42735325e+003	0.00000000e+000	1.4722e+015	1.0000e-010	0.0000e+000
1.690000e+003	1.89827994e-001	-3.21017201e+000	3.39968007e+003	0.00000000e+000	1.4528e+015	1.0000e-010	0.0000e+000
1.700000e+003	1.90167962e-001	-3.20983204e+000	3.37236842e+003	0.00000000e+000	1.4339e+015	1.0000e-010	0.0000e+000
1.710000e+003	1.90505199e-001	-3.20949480e+000	3.34541073e+003	0.00000000e+000	1.4153e+015	1.0000e-010	0.0000e+000
1.720000e+003	1.90839740e-001	-3.20916026e+000	3.31879965e+003	0.00000000e+000	1.3971e+015	1.0000e-010	0.0000e+000
1.730000e+003	1.91171620e-001	-3.20882838e+000	3.29252801e+003	0.00000000e+000	1.3793e+015	1.0000e-010	0.0000e+000
1.740000e+003	1.91500872e-001	-3.20849913e+000	3.26658884e+003	0.00000000e+000	1.3618e+015	1.0000e-010	0.0000e+000
1.750000e+003	1.91827531e-001	-3.20817247e+000	3.24097538e+003	0.00000000e+000	1.3447e+015	1.0000e-010	0.0000e+000
1.760000e+003	1.92151629e-001	-3.20784837e+000	3.21568101e+003	0.00000000e+000	1.3280e+015	1.0000e-010	0.0000e+000
1.770000e+003	1.92473197e-001	-3.20752680e+000	3.19069933e+003	0.00000000e+000	1.3115e+015	1.0000e-010	0.0000e+000
1.780000e+003	1.92792267e-001	-3.20720773e+000	3.16602408e+003	0.00000000e+000	1.2955e+015	1.0000e-010	0.0000e+000
1.790000e+003	1.93108869e-001	-3.20689113e+000	3.14164918e+003	0.00000000e+000	1.2797e+015	1.0000e-010	0.0000e+000
1.800000e+003	1.93423034e-001	-3.20657697e+000	3.11756870e+003	0.00000000e+000	1.2642e+015	1.0000e-010	0.0000e+000
1.810000e+003	1.93734791e-001	-3.20626521e+000	3.09377687e+003	0.00000000e+000	1.2491e+015	1.0000e-010	0.0000e+000
1.820000e+003	1.94044169e-001	-3.20595583e+000	3.07026807e+003	0.00000000e+000	1.2342e+015	1.0000e-010	0.0000e+000
1.830000e+003	1.94351196e-001	-3.20564880e+000	3.04703682e+003	0.00000000e+000	1.2196e+015	1.0000e-010	0.0000e+000
1.840000e+003	1.94655899e-001	-3.20534410e+000	3.02407777e+003	0.00000000e+000	1.2054e+015	1.0000e-010	0.0000e+000
1.850000e+003	1.94958307e-001	-3.20504169e+000	3.00138572e+003	0.00000000e+000	1.1913e+015	1.0000e-010	0.0000e+000
1.860000e+003	1.95258446e-001	-3.20474155e+000	2.97895561e+003	0.00000000e+000	1.1776e+015	1.0000e-010	0.0000e+000
1.870000e+003	1.95556341e-001	-3.20444366e+000	2.95678247e+003	0.00000000e+000	1.1641e+015	1.0000e-010	0.0000e+000
1.880000e+003	1.95852019e-001	-3.20414798e+000	2.93486149e+003	0.00000000e+000	1.1509e+015	1.0000e-010	0.0000e+000
1.890000e+003	1.96145506e-001	-3.20385449e+000	2.91318797e+003	0.00000000e+000	1.1379e+015	1.0000e-010	0.0000e+000
1.900000e+003	1.96436824e-001	-3.20356318e+000	2.89175730e+003	0.00000000e+000	1.1251e+015	1.0000e-010	0.0000e+000
1.910000e+003	1.96726000e-001	-3.20327400e+000	2.87056502e+003	0.00000000e+000	1.1126e+015	1.0000e-010	0.0000e+000
1.920000e+003	1.97013057e-001	-3.20298694e+000	2.84960676e+003	0.00000000e+000	1.1003e+015	1.0000e-010	0.0000e+000
1.930000e+003	1.97298017e-001	-3.20270198e+000	2.82887824e+003	0.00000000e+000	1.0883e+015	1.0000e-010	0.0000e+000
1.940000e+003	1.97580905e-001	-3.20241909e+000	2.80837531e+003	0.00000000e+000	1.0764e+015	1.0000e-010	0.0000e+000
1.950000e+003	1.97861743e-001	-3.20213826e+000	2.78809390e+003	0.00000000e+000	1.0648e+015	1.0000e-010	0.0000e+000
1.960000e+003	1.98140552e-001	-3.20185945e+000	2.76803005e+003	0.00000000e+000	1.0534e+015	1.0000e-010	0.0000e+000
1.970000e+003	1.98417355e-001	-3.20158264e+000	2.74817989e+003	0.00000000e+000	1.0421e+015	1.0000e-010	0.0000e+000
1.980000e+003	1.98692173e-001	-3.20130783e+000	2.72853962e+003	0.00000000e+000	1.0311e+015	1.0000e-010	0.0000e+000
1.990000e+003	1.98965027e-001	-3.20103497e+000	2.70910555e+003	0.00000000e+000	1.0203e+015	1.0000e-010	0.0000e+000
2.000000e+003	1.99235938e-001	-3.20076406e+000	2.68987408e+003	0.00000000e+000	1.0097e+015	1.0000e-010	0.0000e+000
2.010000e+003	1.99504925e-001	-3.20049508e+000	2.67084167e+003	0.00000000e+000	9.9920e+014	1.0000e-010	0.0000e+000
2.020000e+003	1.99772009e-001	-3.20022799e+000	2.65200487e+003	0.00000000e+000	9.8893e+014	1.0000e-010	0.0000e+000
2.030000e+003	2.00037210e-001	-3.19996279e+000	2.63336033e+003	0.00000000e+000	9.7884e+014	1.0000e-010	0.0000e+000
2.040000e+003	2.00300546e-001	-3.19969945e+000	2.61490474e+003	0.00000000e+000	9.6892e+014	1.0000e-010	0.0000e+000
2.050000e+003	2.00562036e-001	-3.19943796e+000	2.59663488e+003	0.00000000e+000	9.5917e+014	1.0000e-010	0.0000e+000
2.060000e+003	2.00821700e-001	-3.19917830e+000	2.57854761e+003	0.00000000e+000	9.4958e+014	1.0000e-010	0.0000e+000
2.070000e+003	2.01079554e-001	-3.19892045e+000	2.56063986e+003	0.00000000e+000	9.4016e+014	1.0000e-010	0.0000e+000
2.080000e+003	2.01335618e-001	-3.19866438e+000	2.54290860e+003	0.00000000e+000	9.3089e+014	1.0000e-010	0.0000e+000
2.090000e+003	2.01589909e-001	-3.19841009e+000	2.52535090e+003	0.00000000e+000	9.2178e+014	1.0000e-010	0.0000e+000
2.100000e+003	2.01842444e-001	-3.19815756e+000	2.50796388e+003	0.00000000e+000	9.1282e+014	1.0000e-010	0.0000e+000
2.110000e+003	2.02093241e-001	-3.19790676e+000	2.49074472e+003	0.00000000e+000	9.0401e+014	1.0000e-010	0.0000e+000
2.120000e+003	2.02342315e-001	-3.19765768e+000	2.47369066e+003	0.00000000e+000	8.9534e+014	1.0000e-010	0.0000e+000
2.130000e+003	2.02589684e-001	-3.19741032e+000	2.45679901e+003	0.00000000e+000	8.8681e+014	1.0000e-010	0.0000e+000
2.140000e+003	2.02835364e-001	-3.19716464e+000	2.44006713e+003	0.00000000e+000	8.7843e+014	1.0000e-010	0.0000e+000
2.150000e+003	2.03079371e-001	-3.19692063e+000	2.42349243e+003	0.00000000e+000	8.7017e+014	1.0000e-010	0.0000e+000
2.160000e+003	2.03321720e-001	-3.19667828e+000	2.40707238e+003	0.00000000e+000	8.6206e+014	1.0000e-010	0.0000e+000
2.170000e+003	2.03562427e-001	-3.19643757e+000	2.39080451e+003	0.00000000e+000	8.5407e+014	1.0000e-010	0.0000e+000
2.180000e+003	2.03801508e-001	-3.19619849e+000	2.37468639e+003	0.00000000e+000	8.4620e+014	1.0000e-010	0.0000e+000
2.190000e+003	2.04038976e-001	-3.19596102e+000	2.35871565e+003	0.00000000e+000	8.3847e+014	1.0000e-010	0.0000e+000
2.200000e+003	2.04274848e-001	-3.19572515e+000	2.34288996e+003	0.00000000e+000	8.3085e+014	1.0000e-010	0.0000e+000
2.210000e+003	2.04509137e-001	-3.19549086e+000	2.32720705e+003	0.00000000e+000	8.2336e+014	1.0000e-010	0.0000e+000
2.220000e+003	2.04741858e-001	-3.19525814e+000	2.31166468e+003	0.00000000e+000	8.1598e+014	1.0000e-010	0.0000e+000
2.230000e+003	2.04973024e-001	-3.19502698e+000	2.29626067e+003	0.00000000e+000	8.0871e+014	1.0000e-010	0.0000e+000
2.240000e+003	2.05202650e-001	-3.19479735e+000	2.28099288e+003	0.00000000e+000	8.0156e+014	1.0000e-010	0.0000e+000
2.250000e+003	2.05430749e-001	-3.19456925e+000	2.26585921e+003	0.00000000e+000	7.9452e+014	1.0000e-010	0.0000e+000
2.260000e+003	2.05657335e-001	-3.19434266e+000	2.25085760e+003	0.00000000e+000	7.8759e+014	1.0000e-010	0.0000e+000
2.270000e+003	2.05882421e-001	-3.19411758e+000	2.23598604e+003	0.00000000e+000	7.8076e+014	1.0000e-010	0.0000e+000
2.280000e+003	2.06106020e-001	-3.19389398e+000	2.22124255e+003	0.00000000e+000	7.7404e+014	1.0000e-010	0.0000e+000
2.290000e+003	2.06328144e-001	-3.19367186e+000	2.20662520e+003	0.00000000e+000	7.6741e+014	1.0000e-010	0.0000e+000
2.300000e+003	2.06548807e-001	-3.19345119e+000	2.19213209e+003	0.00000000e+000	7.6089e+014	1.0000e-010	0.0000e+000
2.310000e+003	2.06768020e-001	-3.19323198e+000	2.17776135e+003	0.00000000e+000	7.5447e+014	1.0000e-010	0.0000e+000
2.320000e+003	2.06985796e-001	-3.19301420e+000	2.16351116e+003	0.00000000e+000	7.4814e+014	1.0000e-010	0.0000e+000
2.330000e+003	2.07202147e-001	-3.19279785e+000	2.14937973e+003	0.00000000e+000	7.4190e+014	1.0000e-010	0.0000e+000
2.340000e+003	2.07417085e-001	-3.19258292e+000	2.13536530e+003	0.00000000e+000	7.3576e+014	1.0000e-010	0.0000e+000
2.350000e+003	2.07630621e-001	-3.19236938e+000	2.12146616e+003	0.00000000e+000	7.2971e+014	1.0000e-010	0.0000e+000
2.360000e+003	2.07842768e-001	-3.19215723e+000	2.10768061e+003	0.00000000e+000	7.2374e+014	1.0000e-010	0.0000e+000
2.370000e+003	2.08053536e-001	-3.19194646e+000	2.09400699e+003	0.00000000e+000	7.1787e+014	1.0000e-010	0.0000e+000
2.380000e+003	2.08262937e-001	-3.19173706e+000	2.08044368e+003	0.00000000e+000	7.1208e+014	1.0000e-010	0.0000e+000
2.390000e+003	2.08470981e-001	-3.19152902e+000	2.06698909e+003	0.00000000e+000	7.0637e+014	1.0000e-010	0.0000e+000
2.400000e+003	2.08677680e-001	-3.19132232e+000	2.05364164e+003	0.00000000e+000	7.0074e+014	1.0000e-010	0.0000e+000
2.410000e+003	2.08883044e-001	-3.19111696e+000	2.04039980e+003	0.00000000e+000	6.9520e+014	1.0000e-010	0.0000e+000
2.420000e+003	2.09087084e-001	-3.19091292e+000	2.02726207e+003	0.00000000e+000	6.8973e+014	1.0000e-010	0.0000e+000
2.430000e+003	2.09289810e-001	-3.19071019e+000	2.01422695e+003	0.00000000e+000	6.8435e+014	1.0000e-010	0.0000e+000
2.440000e+003	2.09491233e-001	-3.19050877e+000	2.00129300e+003	0.00000000e+000	6.7903e+014	1.0000e-010	0.0000e+000
2.450000e+003	2.09691362e-001	-3.19030864e+000	1.98845879e+003	0.00000000e+000	6.7380e+014	1.0000e-010	0.0000e+000
2.460000e+003	2.09890208e-001	-3.19010979e+000	1.97572292e+003	0.00000000e+000	6.6864e+014	1.0000e-010	0.0000e+000
2.470000e+003	2.10087781e-001	-3.18991222e+000	1.96308401e+003	0.00000000e+000	6.6354e+014	1.0000e-010	0.0000e+000
2.480000e+003	2.10284089e-001	-3.18971591e+000	1.95054071e+003	0.00000000e+000	6.5853e+014	1.0000e-010	0.0000e+000
2.490000e+003	2.10479143e-001	-3.18952086e+000	1.93809170e+003	0.00000000e+000	6.5358e+014	1.0000e-010	0.0000e+000
2.500000e+003	2.10672952e-001	-3.18932705e+000	1.92573566e+003	0.00000000e+000	6.4869e+014	1.0000e-010	0.0000e+000
2.510000e+003	2.10865526e-001	-3.18913447e+000	1.91347133e+003	0.00000000e+000	6.4388e+014	1.0000e-010	0.0000e+000
2.520000e+003	2.11056873e-001	-3.18894313e+000	1.90129743e+003	0.00000000e+000	6.3913e+014	1.0000e-010	0.0000e+000
2.530000e+003	2.11247003e-001	-3.18875300e+000	1.88921275e+003	0.00000000e+000	6.3445e+014	1.0000e-010	0.0000e+000
2.540000e+003	2.11435924e-001	-3.18856408e+000	1.87721605e+003	0.00000000e+000	6.2983e+014	1.0000e-010	0.0000e+000
2.550000e+003	2.11623646e-001	-3.18837635e+000	1.86530614e+003	0.00000000e+000	6.2527e+014	1.0000e-010	0.0000e+000
2.560000e+003	2.11810176e-001	-3.18818982e+000	1.85348187e+003	0.00000000e+000	6.2078e+014	1.0000e-010	0.0000e+000
2.570000e+003	2.11995524e-001	-3.18800448e+000	1.84174206e+003	0.00000000e+000	6.1634e+014	1.0000e-010	0.0000e+000
2.580000e+003	2.12179699e-001	-3.18782030e+000	1.83008560e+003	0.00000000e+000	6.1197e+014	1.0000e-010	0.0000e+000
2.590000e+003	2.12362707e-001	-3.18763729e+000	1.81851136e+003	0.00000000e+000	6.0765e+014	1.0000e-010	0.0000e+000
2.600000e+003	2.12544558e-001	-3.18745544e+000	1.80701825e+003	0.00000000e+000	6.0339e+014	1.0000e-010	0.0000e+000
2.610000e+003	2.12725260e-001	-3.18727474e+000	1.79560520e+003	0.00000000e+000	5.9919e+014	1.0000e-010	0.0000e+000
2.620000e+003	2.12904821e-001	-3.18709518e+000	1.78427114e+003	0.00000000e+000	5.9504e+014	1.0000e-010	0.0000e+000
2.630000e+003	2.13083248e-001	-3.18691675e+000	1.77301504e+003	0.00000000e+000	5.9095e+014	1.0000e-010	0.0000e+000
2.640000e+003	2.13260549e-001	-3.18673945e+000	1.76183587e+003	0.00000000e+000	5.8691e+014	1.0000e-010	0.0000e+000
2.650000e+003	2.13436733e-001	-3.18656327e+000	1.75073264e+003	0.00000000e+000	5.8292e+014	1.0000e-010	0.0000e+000
2.660000e+003	2.13611806e-001	-3.18638819e+000	1.73970434e+003	0.00000000e+000	5.7899e+014	1.0000e-010	0.0000e+000
2.670000e+003	2.13785777e-001	-3.18621422e+000	1.72875000e+003	0.00000000e+000	5.7510e+014	1.0000e-010	0.0000e+000
2.680000e+003	2.13958652e-001	-3.18604135e+000	1.71786868e+003	0.00000000e+000	5.7127e+014	1.0000e-010	0.0000e+000
2.690000e+003	2.14130438e-001	-3.18586956e+000	1.70705942e+003	0.00000000e+000	5.6749e+014	1.0000e-010	0.0000e+000
2.700000e+003	2.14301144e-001	-3.18569886e+000	1.69632130e+003	0.00000000e+000	5.6375e+014	1.0000e-010	0.0000e+000
2.710000e+003	2.14470777e-001	-3.18552922e+000	1.68565341e+003	0.00000000e+000	5.6007e+014	1.0000e-010	0.0000e+000
2.720000e+003	2.14639342e-001	-3.18536066e+000	1.67505486e+003	0.00000000e+000	5.5643e+014	1.0000e-010	0.0000e+000
2.730000e+003	2.14806847e-001	-3.18519315e+000	1.66452475e+003	0.00000000e+000	5.5283e+014	1.0000e-010	0.0000e+000
2.740000e+003	2.14973300e-001	-3.18502670e+000	1.65406223e+003	0.00000000e+000	5.4928e+014	1.0000e-010	0.0000e+000
2.750000e+003	2.15138706e-001	-3.18486129e+000	1.64366643e+003	0.00000000e+000	5.4578e+014	1.0000e-010	0.0000e+000
2.760000e+003	2.15303073e-001	-3.18469693e+000	1.63333653e+003	0.00000000e+000	5.4232e+014	1.0000e-010	0.0000e+000
2.770000e+003	2.15466406e-001	-3.18453359e+000	1.62307168e+003	0.00000000e+000	5.3891e+014	1.0000e-010	0.0000e+000
2.780000e+003	2.15628714e-001	-3.18437129e+000	1.61287107e+003	0.00000000e+000	5.3553e+014	1.0000e-010	0.0000e+000
2.790000e+003	2.15790001e-001	-3.18421000e+000	1.60273391e+003	0.00000000e+000	5.3220e+014	1.0000e-010	0.0000e+000
2.800000e+003	2.15950274e-001	-3.18404973e+000	1.59265939e+003	0.00000000e+000	5.2891e+014	1.0000e-010	0.0000e+000
2.810000e+003	2.16109540e-001	-3.18389046e+000	1.58264676e+003	0.00000000e+000	5.2567e+014	1.0000e-010	0.0000e+000
2.820000e+003	2.16267805e-001	-3.18373220e+000	1.57269523e+003	0.00000000e+000	5.2246e+014	1.0000e-010	0.0000e+000
2.830000e+003	2.16425074e-001	-3.18357493e+000	1.56280406e+003	0.00000000e+000	5.1929e+014	1.0000e-010	0.0000e+000
2.840000e+003	2.16581355e-001	-3.18341865e+000	1.55297250e+003	0.00000000e+000	5.1616e+014	1.0000e-010	0.0000e+000
2.850000e+003	2.16736652e-001	-3.18326335e+000	1.54319983e+003	0.00000000e+000	5.1307e+014	1.0000e-010	0.0000e+000
2.860000e+003	2.16890972e-001	-3.18310903e+000	1.53348532e+003	0.00000000e+000	5.1001e+014	1.0000e-010	0.0000e+000
2.870000e+003	2.17044320e-001	-3.18295568e+000	1.52382826e+003	0.00000000e+000	5.0700e+014	1.0000e-010	0.0000e+000
2.880000e+003	2.17196703e-001	-3.18280330e+000	1.51422796e+003	0.00000000e+000	5.0402e+014	1.0000e-010	0.0000e+000
2.890000e+003	2.17348126e-001	-3.18265187e+000	1.50468373e+003	0.00000000e+000	5.0107e+014	1.0000e-010	0.0000e+000
2.900000e+003	2.17498594e-001	-3.18250141e+000	1.49519488e+003	0.00000000e+000	4.9817e+014	1.0000e-010	0.0000e+000
2.910000e+003	2.17648114e-001	-3.18235189e+000	1.48576076e+003	0.00000000e+000	4.9529e+014	1.0000e-010	0.0000e+000
2.920000e+003	2.17796690e-001	-3.18220331e+000	1.47638070e+003	0.00000000e+000	4.9245e+014	1.0000e-010	0.0000e+000
2.930000e+003	2.17944328e-001	-3.18205567e+000	1.46705406e+003	0.00000000e+000	4.8965e+014	1.0000e-010	0.0000e+000
2.940000e+003	2.18091033e-001	-3.18190897e+000	1.45778019e+003	0.00000000e+000	4.8688e+014	1.0000e-010	0.0000e+000
2.950000e+003	2.18236811e-001	-3.18176319e+000	1.44855847e+003	0.00000000e+000	4.8414e+014	1.0000e-010	0.0000e+000
2.960000e+003	2.18381667e-001	-3.18161833e+000	1.43938828e+003	0.00000000e+000	4.8144e+014	1.0000e-010	0.0000e+000
2.970000e+003	2.18525606e-001	-3.18147439e+000	1.43026901e+003	0.00000000e+000	4.7876e+014	1.0000e-010	0.0000e+000
2.980000e+003	2.18668633e-001	-3.18133137e+000	1.42120005e+003	0.00000000e+000	4.7612e+014	1.0000e-010	0.0000e+000
2.990000e+003	2.18810753e-001	-3.18118925e+000	1.41218080e+003	0.00000000e+000	4.7351e+014	1.0000e-010	0.0000e+000
3.000000e+003	2.18951971e-001	-3.18104803e+000	1.40321070e+003	0.00000000e+000	4.7093e+014	1.0000e-010	0.0000e+000
3.010000e+003	2.19092292e-001	-3.18090771e+000	1.39428915e+003	0.00000000e+000	4.6838e+014	1.0000e-010	0.0000e+000
3.020000e+003	2.19231721e-001	-3.18076828e+000	1.38541558e+003	0.00000000e+000	4.6586e+014	1.0000e-010	0.0000e+000
3.030000e+003	2.19370263e-001	-3.18062974e+000	1.37658944e+003	0.00000000e+000	4.6337e+014	1.0000e-010	0.0000e+000
3.040000e+003	2.19507922e-001	-3.18049208e+000	1.36781018e+003	0.00000000e+000	4.6091e+014	1.0000e-010	0.0000e+000
3.050000e+003	2.19644703e-001	-3.18035530e+000	1.35907724e+003	0.00000000e+000	4.5848e+014	1.0000e-010	0.0000e+000
3.060000e+003	2.19780610e-001	-3.18021939e+000	1.35039010e+003	0.00000000e+000	4.5608e+014	1.0000e-010	0.0000e+000
3.070000e+003	2.19915649e-001	-3.18008435e+000	1.34174821e+003	0.00000000e+000	4.5370e+014	1.0000e-010	0.0000e+000
3.080000e+003	2.20049824e-001	-3.17995018e+000	1.33315106e+003	0.00000000e+000	4.5135e+014	1.0000e-010	0.0000e+000
3.090000e+003	2.20183139e-001	-3.17981686e+000	1.32459813e+003	0.00000000e+000	4.4903e+014	1.0000e-010	0.0000e+000
3.100000e+003	2.20315599e-001	-3.17968440e+000	1.31608891e+003	0.00000000e+000	4.4674e+014	1.0000e-010	0.0000e+000
3.110000e+003	2.20447208e-001	-3.17955279e+000	1.30762290e+003	0.00000000e+000	4.4447e+014	1.0000e-010	0.0000e+000
3.120000e+003	2.20577970e-001	-3.17942203e+000	1.29919960e+003	0.00000000e+000	4.4222e+014	1.0000e-010	0.0000e+000
3.130000e+003	2.20707890e-001	-3.17929211e+000	1.29081853e+003	0.00000000e+000	4.4001e+014	1.0000e-010	0.0000e+000
3.140000e+003	2.20836972e-001	-3.17916303e+000	1.28247920e+003	0.00000000e+000	4.3782e+014	1.0000e-010	0.0000e+000
3.150000e+003	2.20965220e-001	-3.17903478e+000	1.27418114e+003	0.00000000e+000	4.3565e+014	1.0000e-010	0.0000e+000
3.160000e+003	2.21092638e-001	-3.17890736e+000	1.26592388e+003	0.00000000e+000	4.3351e+014	1.0000e-010	0.0000e+000
3.170000e+003	2.21219230e-001	-3.17878077e+000	1.25770696e+003	0.00000000e+000	4.3139e+014	1.0000e-010	0.0000e+000
3.180000e+003	2.21345001e-001	-3.17865500e+000	1.24952991e+003	0.00000000e+000	4.2930e+014	1.0000e-010	0.0000e+000
3.190000e+003	2.21469954e-001	-3.17853005e+000	1.24139229e+003	0.00000000e+000	4.2723e+014	1.0000e-010	0.0000e+000
3.200000e+003	2.21594093e-001	-3.17840591e+000	1.23329365e+003	0.00000000e+000	4.2518e+014	1.0000e-010	0.0000e+000
3.210000e+003	2.21717423e-001	-3.17828258e+000	1.22523356e+003	0.00000000e+000	4.2316e+014	1.0000e-010	0.0000e+000
3.220000e+003	2.21839946e-001	-3.17816005e+000	1.21721157e+003	0.00000000e+000	4.2116e+014	1.0000e-010	0.0000e+000
3.230000e+003	2.21961667e-001	-3.17803833e+000	1.20922727e+003	0.00000000e+000	4.1918e+014	1.0000e-010	0.0000e+000
3.240000e+003	2.22082590e-001	-3.17791741e+000	1.20128023e+003	0.00000000e+000	4.1722e+014	1.0000e-010	0.0000e+000
3.250000e+003	2.22202718e-001	-3.17779728e+000	1.19337003e+003	0.00000000e+000	4.1529e+014	1.0000e-010	0.0000e+000
3.260000e+003	2.22322055e-001	-3.17767795e+000	1.18549626e+003	0.00000000e+000	4.1337e+014	1.0000e-010	0.0000e+000
3.270000e+003	2.22440605e-001	-3.17755940e+000	1.17765851e+003	0.00000000e+000	4.1148e+014	1.0000e-010	0.0000e+000
3.280000e+003	2.22558370e-001	-3.17744163e+000	1.16985639e+003	0.00000000e+000	4.0961e+014	1.0000e-010	0.0000e+000
3.290000e+003	2.22675356e-001	-3.17732464e+000	1.16208949e+003	0.00000000e+000	4.0776e+014	1.0000e-010	0.0000e+000
3.300000e+003	2.22791565e-001	-3.17720843e+000	1.15435743e+003	0.00000000e+000	4.0593e+014	1.0000e-010	0.0000e+000
3.310000e+003	2.22907001e-001	-3.17709300e+000	1.14665981e+003	0.00000000e+000	4.0413e+014	1.0000e-010	0.0000e+000
3.320000e+003	2.23021667e-001	-3.17697833e+000	1.13899627e+003	0.00000000e+000	4.0234e+014	1.0000e-010	0.0000e+000
3.330000e+003	2.23135566e-001	-3.17686443e+000	1.13136641e+003	0.00000000e+000	4.0057e+014	1.0000e-010	0.0000e+000
3.340000e+003	2.23248703e-001	-3.17675130e+000	1.12376987e+003	0.00000000e+000	3.9882e+014	1.0000e-010	0.0000e+000
3.350000e+003	2.23361080e-001	-3.17663892e+000	1.11620629e+003	0.00000000e+000	3.9709e+014	1.0000e-010	0.0000e+000
3.360000e+003	2.23472701e-001	-3.17652730e+000	1.10867528e+003	0.00000000e+000	3.9538e+014	1.0000e-010	0.0000e+000
3.370000e+003	2.23583568e-001	-3.17641643e+000	1.10117651e+003	0.00000000e+000	3.9369e+014	1.0000e-010	0.0000e+000
3.380000e+003	2.23693686e-001	-3.17630631e+000	1.09370961e+003	0.00000000e+000	3.9201e+014	1.0000e-010	0.0000e+000
3.390000e+003	2.23803057e-001	-3.17619694e+000	1.08627423e+003	0.00000000e+000	3.9036e+014	1.0000e-010	0.0000e+000
3.400000e+003	2.23911684e-001	-3.17608832e+000	1.07887003e+003	0.00000000e+000	3.8872e+014	1.0000e-010	0.0000e+000
3.410000e+003	2.24019571e-001	-3.17598043e+000	1.07149667e+003	0.00000000e+000	3.8710e+014	1.0000e-010	0.0000e+000
3.420000e+003	2.24126721e-001	-3.17587328e+000	1.06415380e+003	0.00000000e+000	3.8550e+014	1.0000e-010	0.0000e+000
3.430000e+003	2.24233136e-001	-3.17576686e+000	1.05684110e+003	0.00000000e+000	3.8392e+014	1.0000e-010	0.0000e+000
3.440000e+003	2.24338820e-001	-3.17566118e+000	1.04955823e+003	0.00000000e+000	3.8235e+014	1.0000e-010	0.0000e+000
3.450000e+003	2.24443776e-001	-3.17555622e+000	1.04230487e+003	0.00000000e+000	3.8080e+014	1.0000e-010	0.0000e+000
3.460000e+003	2.24548007e-001	-3.17545199e+000	1.03508069e+003	0.00000000e+000	3.7927e+014	1.0000e-010	0.0000e+000
3.470000e+003	2.24651515e-001	-3.17534849e+000	1.02788538e+003	0.00000000e+000	3.7775e+014	1.0000e-010	0.0000e+000
3.480000e+003	2.24754303e-001	-3.17524570e+000	1.02071862e+003	0.00000000e+000	3.7626e+014	1.0000e-010	0.0000e+000
3.490000e+003	2.24856375e-001	-3.17514362e+000	1.01358010e+003	0.00000000e+000	3.7477e+014	1.0000e-010	0.0000e+000
3.500000e+003	2.24957733e-001	-3.17504227e+000	1.00646952e+003	0.00000000e+000	3.7331e+014	1.0000e-010	0.0000e+000
3.510000e+003	2.25058380e-001	-3.17494162e+000	9.99386564e+002	0.00000000e+000	3.7186e+014	1.0000e-010	0.0000e+000
3.520000e+003	2.25158319e-001	-3.17484168e+000	9.92330938e+002	0.00000000e+000	3.7042e+014	1.0000e-010	0.0000e+000
3.530000e+003	2.25257552e-001	-3.17474245e+000	9.85302342e+002	0.00000000e+000	3.6900e+014	1.0000e-010	0.0000e+000
3.540000e+003	2.25356082e-001	-3.17464392e+000	9.78300484e+002	0.00000000e+000	3.6760e+014	1.0000e-010	0.0000e+000
3.550000e+003	2.25453912e-001	-3.17454609e+000	9.71325073e+002	0.00000000e+000	3.6621e+014	1.0000e-010	0.0000e+000
3.560000e+003	2.25551045e-001	-3.17444896e+000	9.64375820e+002	0.00000000e+000	3.6484e+014	1.0000e-010	0.0000e+000
3.570000e+003	2.25647482e-001	-3.17435252e+000	9.57452443e+002	0.00000000e+000	3.6348e+014	1.0000e-010	0.0000e+000
3.580000e+003	2.25743227e-001	-3.17425677e+000	9.50554660e+002	0.00000000e+000	3.6213e+014	1.0000e-010	0.0000e+000
3.590000e+003	2.25838283e-001	-3.17416172e+000	9.43682193e+002	0.00000000e+000	3.6081e+014	1.0000e-010	0.0000e+000
3.600000e+003	2.25932651e-001	-3.17406735e+000	9.36834766e+002	0.00000000e+000	3.5949e+014	1.0000e-010	0.0000e+000
3.610000e+003	2.26026335e-001	-3.17397367e+000	9.30012109e+002	0.00000000e+000	3.5819e+014	1.0000e-010	0.0000e+000
3.620000e+003	2.26119336e-001	-3.17388066e+000	9.23213952e+002	0.00000000e+000	3.5690e+014	1.0000e-010	0.0000e+000
3.630000e+003	2.26211657e-001	-3.17378834e+000	9.16440029e+002	0.00000000e+000	3.5563e+014	1.0000e-010	0.0000e+000
3.640000e+003	2.26303301e-001	-3.17369670e+000	9.09690076e+002	0.00000000e+000	3.5437e+014	1.0000e-010	0.0000e+000
3.650000e+003	2.26394270e-001	-3.17360573e+000	9.02963834e+002	0.00000000e+000	3.5313e+014	1.0000e-010	0.0000e+000
3.660000e+003	2.26484567e-001	-3.17351543e+000	8.96261044e+002	0.00000000e+000	3.5190e+014	1.0000e-010	0.0000e+000
3.670000e+003	2.26574193e-001	-3.17342581e+000	8.89581452e+002	0.00000000e+000	3.5068e+014	1.0000e-010	0.0000e+000
3.680000e+003	2.26663151e-001	-3.17333685e+000	8.82924805e+002	0.00000000e+000	3.4948e+014	1.0000e-010	0.0000e+000
3.690000e+003	2.26751443e-001	-3.17324856e+000	8.76290854e+002	0.00000000e+000	3.4828e+014	1.0000e-010	0.0000e+000
3.700000e+003	2.26839072e-001	-3.17316093e+000	8.69679352e+002	0.00000000e+000	3.4710e+014	1.0000e-010	0.0000e+000
3.710000e+003	2.26926040e-001	-3.17307396e+000	8.63090054e+002	0.00000000e+000	3.4594e+014	1.0000e-010	0.0000e+000
3.720000e+003	2.27012349e-001	-3.17298765e+000	8.56522718e+002	0.00000000e+000	3.4479e+014	1.0000e-010	0.0000e+000
3.730000e+003	2.27098002e-001	-3.17290200e+000	8.49977105e+002	0.00000000e+000	3.4365e+014	1.0000e-010	0.0000e+000
3.740000e+003	2.27182999e-001	-3.17281700e+000	8.43452978e+002	0.00000000e+000	3.4252e+014	1.0000e-010	0.0000e+000
3.750000e+003	2.27267345e-001	-3.17273266e+000	8.36950101e+002	0.00000000e+000	3.4140e+014	1.0000e-010	0.0000e+000
3.760000e+003	2.27351040e-001	-3.17264896e+000	8.30468244e+002	0.00000000e+000	3.4030e+014	1.0000e-010	0.0000e+000
3.770000e+003	2.27434086e-001	-3.17256591e+000	8.24007175e+002	0.00000000e+000	3.3921e+014	1.0000e-010	0.0000e+000
3.780000e+003	2.27516487e-001	-3.17248351e+000	8.17566668e+002	0.00000000e+000	3.3813e+014	1.0000e-010	0.0000e+000
3.790000e+003	2.27598244e-001	-3.17240176e+000	8.11146496e+002	0.00000000e+000	3.3706e+014	1.0000e-010	0.0000e+000
3.800000e+003	2.27679359e-001	-3.17232064e+000	8.04746437e+002	0.00000000e+000	3.3600e+014	1.0000e-010	0.0000e+000
3.810000e+003	2.27759833e-001	-3.17224017e+000	7.98366270e+002	0.00000000e+000	3.3496e+014	1.0000e-010	0.0000e+000
3.820000e+003	2.27839670e-001	-3.17216033e+000	7.92005776e+002	0.00000000e+000	3.3393e+014	1.0000e-010	0.0000e+000
3.830000e+003	2.27918870e-001	-3.17208113e+000	7.85664738e+002	0.00000000e+000	3.3291e+014	1.0000e-010	0.0000e+000
3.840000e+003	2.27997437e-001	-3.17200256e+000	7.79342942e+002	0.00000000e+000	3.3190e+014	1.0000e-010	0.0000e+000
3.850000e+003	2.28075371e-001	-3.17192463e+000	7.73040176e+002	0.00000000e+000	3.3090e+014	1.0000e-010	0.0000e+000
3.860000e+003	2.28152675e-001	-3.17184732e+000	7.66756227e+002	0.00000000e+000	3.2991e+014	1.0000e-010	0.0000e+000
3.870000e+003	2.28229351e-001	-3.17177065e+000	7.60490890e+002	0.00000000e+000	3.2893e+014	1.0000e-010	0.0000e+000
3.880000e+003	2.28305400e-001	-3.17169460e+000	7.54243955e+002	0.00000000e+000	3.2797e+014	1.0000e-010	0.0000e+000
3.890000e+003	2.28380824e-001	-3.17161918e+000	7.48015220e+002	0.00000000e+000	3.2701e+014	1.0000e-010	0.0000e+000
3.900000e+003	2.28455626e-001	-3.17154437e+000	7.41804482e+002	0.00000000e+000	3.2606e+014	1.0000e-010	0.0000e+000
3.910000e+003	2.28529806e-001	-3.17147019e+000	7.35611539e+002	0.00000000e+000	3.2513e+014	1.0000e-010	0.0000e+000
3.920000e+003	2.28603367e-001	-3.17139663e+000	7.29436193e+002	0.00000000e+000	3.2421e+014	1.0000e-010	0.0000e+000
3.930000e+003	2.28676311e-001	-3.17132369e+000	7.23278247e+002	0.00000000e+000	3.2329e+014	1.0000e-010	0.0000e+000
3.940000e+003	2.28748639e-001	-3.17125136e+000	7.17137505e+002	0.00000000e+000	3.2239e+014	1.0000e-010	0.0000e+000
3.950000e+003	2.28820353e-001	-3.17117965e+000	7.11013774e+002	0.00000000e+000	3.2150e+014	1.0000e-010	0.0000e+000
3.960000e+003	2.28891454e-001	-3.17110855e+000	7.04906862e+002	0.00000000e+000	3.2061e+014	1.0000e-010	0.0000e+000
3.970000e+003	2.28961945e-001	-3.17103806e+000	6.98816580e+002	0.00000000e+000	3.1974e+014	1.0000e-010	0.0000e+000
3.980000e+003	2.29031826e-001	-3.17096817e+000	6.92742738e+002	0.00000000e+000	3.1888e+014	1.0000e-010	0.0000e+000
3.990000e+003	2.29101101e-001	-3.17089890e+000	6.86685149e+002	0.00000000e+000	3.1802e+014	1.0000e-010	0.0000e+000
4.000000e+003	2.29169769e-001	-3.17083023e+000	6.80643630e+002	0.00000000e+000	3.1718e+014	1.0000e-010	0.0000e+000
4.010000e+003	2.29237833e-001	-3.17076217e+000	6.74617997e+002	0.00000000e+000	3.1635e+014	1.0000e-010	0.0000e+000
4.020000e+003	2.29305295e-001	-3.17069470e+000	6.68608067e+002	0.00000000e+000	3.1552e+014	1.0000e-010	0.0000e+000
4.030000e+003	2.29372156e-001	-3.17062784e+000	6.62613660e+002	0.00000000e+000	3.1471e+014	1.0000e-010	0.0000e+000
4.040000e+003	2.29438417e-001	-3.17056158e+000	6.56634598e+002	0.00000000e+000	3.1390e+014	1.0000e-010	0.0000e+000
4.050000e+003	2.29504081e-001	-3.17049592e+000	6.50670703e+002	0.00000000e+000	3.1311e+014	1.0000e-010	0.0000e+000
4.060000e+003	2.29569148e-001	-3.17043085e+000	6.44721800e+002	0.00000000e+000	3.1232e+014	1.0000e-010	0.0000e+000
4.070000e+003	2.29633620e-001	-3.17036638e+000	6.38787715e+002	0.00000000e+000	3.1154e+014	1.0000e-010	0.0000e+000
4.080000e+003	2.29697499e-001	-3.17030250e+000	6.32868274e+002	0.00000000e+000	3.1077e+014	1.0000e-010	0.0000e+000
4.090000e+003	2.29760786e-001	-3.17023921e+000	6.26963306e+002	0.00000000e+000	3.1001e+014	1.0000e-010	0.0000e+000
4.100000e+003	2.29823482e-001	-3.17017652e+000	6.21072642e+002	0.00000000e+000	3.0926e+014	1.0000e-010	0.0000e+000
4.110000e+003	2.29885589e-001	-3.17011441e+000	6.15196113e+002	0.00000000e+000	3.0852e+014	1.0000e-010	0.0000e+000
4.120000e+003	2.29947109e-001	-3.17005289e+000	6.09333551e+002	0.00000000e+000	3.0779e+014	1.0000e-010	0.0000e+000
4.130000e+003	2.30008042e-001	-3.16999196e+000	6.03484791e+002	0.00000000e+000	3.0706e+014	1.0000e-010	0.0000e+000
4.140000e+003	2.30068391e-001	-3.16993161e+000	5.97649669e+002	0.00000000e+000	3.0634e+014	1.0000e-010	0.0000e+000
4.150000e+003	2.30128156e-001	-3.16987184e+000	5.91828021e+002	0.00000000e+000	3.0564e+014	1.0000e-010	0.0000e+000
4.160000e+003	2.30187339e-001	-3.16981266e+000	5.86019685e+002	0.00000000e+000	3.0494e+014	1.0000e-010	0.0000e+000
4.170000e+003	2.30245941e-001	-3.16975406e+000	5.80224500e+002	0.00000000e+000	3.0425e+014	1.0000e-010	0.0000e+000
4.180000e+003	2.30303963e-001	-3.16969604e+000	5.74442308e+002	0.00000000e+000	3.0357e+014	1.0000e-010	0.0000e+000
4.190000e+003	2.30361407e-001	-3.16963859e+000	5.68672949e+002	0.00000000e+000	3.0289e+014	1.0000e-010	0.0000e+000
4.200000e+003	2.30418275e-001	-3.16958173e+000	5.62916268e+002	0.00000000e+000	3.0223e+014	1.0000e-010	0.0000e+000
4.210000e+003	2.30474566e-001	-3.16952543e+000	5.57172108e+002	0.00000000e+000	3.0157e+014	1.0000e-010	0.0000e+000
4.220000e+003	2.30530283e-001	-3.16946972e+000	5.51440315e+002	0.00000000e+000	3.0092e+014	1.0000e-010	0.0000e+000
4.230000e+003	2.30585427e-001	-3.16941457e+000	5.45720735e+002	0.00000000e+000	3.0028e+014	1.0000e-010	0.0000e+000
4.240000e+003	2.30639999e-001	-3.16936000e+000	5.40013216e+002	0.00000000e+000	2.9965e+014	1.0000e-010	0.0000e+000
4.250000e+003	2.30694001e-001	-3.16930600e+000	5.34317607e+002	0.00000000e+000	2.9902e+014	1.0000e-010	0.0000e+000
4.260000e+003	2.30747433e-001	-3.16925257e+000	5.28633757e+002	0.00000000e+000	2.9840e+014	1.0000e-010	0.0000e+000
4.270000e+003	2.30800296e-001	-3.16919970e+000	5.22961519e+002	0.00000000e+000	2.9779e+014	1.0000e-010	0.0000e+000
4.280000e+003	2.30852592e-001	-3.16914741e+000	5.17300743e+002	0.00000000e+000	2.9719e+014	1.0000e-010	0.0000e+000
4.290000e+003	2.30904322e-001	-3.16909568e+000	5.11651283e+002	0.00000000e+000	2.9660e+014	1.0000e-010	0.0000e+000
4.300000e+003	2.30955487e-001	-3.16904451e+000	5.06012993e+002	0.00000000e+000	2.9601e+014	1.0000e-010	0.0000e+000
4.310000e+003	2.31006089e-001	-3.16899391e+000	5.00385728e+002	0.00000000e+000	2.9543e+014	1.0000e-010	0.0000e+000
4.320000e+003	2.31056127e-001	-3.16894387e+000	4.94769345e+002	0.00000000e+000	2.9486e+014	1.0000e-010	0.0000e+000
4.330000e+003	2.31105604e-001	-3.16889440e+000	4.89163700e+002	0.00000000e+000	2.9430e+014	1.0000e-010	0.0000e+000
4.340000e+003	2.31154520e-001	-3.16884548e+000	4.83568653e+002	0.00000000e+000	2.9374e+014	1.0000e-010	0.0000e+000
4.350000e+003	2.31202877e-001	-3.16879712e+000	4.77984061e+002	0.00000000e+000	2.9319e+014	1.0000e-010	0.0000e+000
4.360000e+003	2.31250676e-001	-3.16874932e+000	4.72409785e+002	0.00000000e+000	2.9265e+014	1.0000e-010	0.0000e+000
4.370000e+003	2.31297917e-001	-3.16870208e+000	4.66845686e+002	0.00000000e+000	2.9212e+014	1.0000e-010	0.0000e+000
4.380000e+003	2.31344601e-001	-3.16865540e+000	4.61291626e+002	0.00000000e+000	2.9159e+014	1.0000e-010	0.0000e+000
4.390000e+003	2.31390730e-001	-3.16860927e+000	4.55747468e+002	0.00000000e+000	2.9107e+014	1.0000e-010	0.0000e+000
4.400000e+003	2.31436305e-001	-3.16856369e+000	4.50213074e+002	0.00000000e+000	2.9056e+014	1.0000e-010	0.0000e+000
4.410000e+003	2.31481326e-001	-3.16851867e+000	4.44688311e+002	0.00000000e+000	2.9005e+014	1.0000e-010	0.0000e+000
4.420000e+003	2.31525795e-001	-3.16847420e+000	4.39173043e+002	0.00000000e+000	2.8955e+014	1.0000e-010	0.0000e+000
4.430000e+003	2.31569713e-001	-3.16843029e+000	4.33667136e+002	0.00000000e+000	2.8906e+014	1.0000e-010	0.0000e+000
4.440000e+003	2.31613079e-001	-3.16838692e+000	4.28170457e+002	0.00000000e+000	2.8858e+014	1.0000e-010	0.0000e+000
4.450000e+003	2.31655896e-001	-3.16834410e+000	4.22682875e+002	0.00000000e+000	2.8810e+014	1.0000e-010	0.0000e+000
4.460000e+003	2.31698165e-001	-3.16830184e+000	4.17204258e+002	0.00000000e+000	2.8763e+014	1.0000e-010	0.0000e+000
4.470000e+003	2.31739885e-001	-3.16826011e+000	4.11734475e+002	0.00000000e+000	2.8716e+014	1.0000e-010	0.0000e+000
4.480000e+003	2.31781059e-001	-3.16821894e+000	4.06273396e+002	0.00000000e+000	2.8671e+014	1.0000e-010	0.0000e+000
4.490000e+003	2.31821686e-001	-3.16817831e+000	4.00820893e+002	0.00000000e+000	2.8626e+014	1.0000e-010	0.0000e+000
4.500000e+003	2.31861768e-001	-3.16813823e+000	3.95376838e+002	0.00000000e+000	2.8581e+014	1.0000e-010	0.0000e+000
4.510000e+003	2.31901306e-001	-3.16809869e+000	3.89941102e+002	0.00000000e+000	2.8538e+014	1.0000e-010	0.0000e+000
4.520000e+003	2.31940300e-001	-3.16805970e+000	3.84513559e+002	0.00000000e+000	2.8495e+014	1.0000e-010	0.0000e+000
4.530000e+003	2.31978751e-001	-3.16802125e+000	3.79094083e+002	0.00000000e+000	2.8452e+014	1.0000e-010	0.0000e+000
4.540000e+003	2.32016661e-001	-3.16798334e+000	3.73682548e+002	0.00000000e+000	2.8411e+014	1.0000e-010	0.0000e+000
4.550000e+003	2.32054029e-001	-3.16794597e+000	3.68278829e+002	0.00000000e+000	2.8370e+014	1.0000e-010	0.0000e+000
4.560000e+003	2.32090857e-001	-3.16790914e+000	3.62882803e+002	0.00000000e+000	2.8329e+014	1.0000e-010	0.0000e+000
4.570000e+003	2.32127145e-001	-3.16787286e+000	3.57494346e+002	0.00000000e+000	2.8289e+014	1.0000e-010	0.0000e+000
4.580000e+003	2.32162894e-001	-3.16783711e+000	3.52113336e+002	0.00000000e+000	2.8250e+014	1.0000e-010	0.0000e+000
4.590000e+003	2.32198106e-001	-3.16780189e+000	3.46739649e+002	0.00000000e+000	2.8212e+014	1.0000e-010	0.0000e+000
4.600000e+003	2.32232780e-001	-3.16776722e+000	3.41373165e+002	0.00000000e+000	2.8174e+014	1.0000e-010	0.0000e+000
4.610000e+003	2.32266917e-001	-3.16773308e+000	3.36013763e+002	0.00000000e+000	2.8137e+014	1.0000e-010	0.0000e+000
4.620000e+003	2.32300518e-001	-3.16769948e+000	3.30661323e+002	0.00000000e+000	2.8100e+014	1.0000e-010	0.0000e+000
4.630000e+003	2.32333584e-001	-3.16766642e+000	3.25315724e+002	0.00000000e+000	2.8064e+014	1.0000e-010	0.0000e+000
4.640000e+003	2.32366116e-001	-3.16763388e+000	3.19976847e+002	0.00000000e+000	2.8029e+014	1.0000e-010	0.0000e+000
4.650000e+003	2.32398114e-001	-3.16760189e+000	3.14644575e+002	0.00000000e+000	2.7995e+014	1.0000e-010	0.0000e+000
4.660000e+003	2.32429578e-001	-3.16757042e+000	3.09318788e+002	0.00000000e+000	2.7960e+014	1.0000e-010	0.0000e+000
4.670000e+003	2.32460510e-001	-3.16753949e+000	3.03999370e+002	0.00000000e+000	2.7927e+014	1.0000e-010	0.0000e+000
4.680000e+003	2.32490910e-001	-3.16750909e+000	2.98686204e+002	0.00000000e+000	2.7894e+014	1.0000e-010	0.0000e+000
4.690000e+003	2.32520779e-001	-3.16747922e+000	2.93379172e+002	0.00000000e+000	2.7862e+014	1.0000e-010	0.0000e+000
4.700000e+003	2.32550117e-001	-3.16744988e+000	2.88078160e+002	0.00000000e+000	2.7830e+014	1.0000e-010	0.0000e+000
4.710000e+003	2.32578924e-001	-3.16742108e+000	2.82783052e+002	0.00000000e+000	2.7799e+014	1.0000e-010	0.0000e+000
4.720000e+003	2.32607203e-001	-3.16739280e+000	2.77493732e+002	0.00000000e+000	2.7769e+014	1.0000e-010	0.0000e+000
4.730000e+003	2.32634952e-001	-3.16736505e+000	2.72210087e+002	0.00000000e+000	2.7739e+014	1.0000e-010	0.0000e+000
4.740000e+003	2.32662173e-001	-3.16733783e+000	2.66932003e+002	0.00000000e+000	2.7710e+014	1.0000e-010	0.0000e+000
4.750000e+003	2.32688866e-001	-3.16731113e+000	2.61659365e+002	0.00000000e+000	2.7681e+014	1.0000e-010	0.0000e+000
4.760000e+003	2.32715032e-001	-3.16728497e+000	2.56392062e+002	0.00000000e+000	2.7653e+014	1.0000e-010	0.0000e+000
4.770000e+003	2.32740671e-001	-3.16725933e+000	2.51129980e+002	0.00000000e+000	2.7626e+014	1.0000e-010	0.0000e+000
4.780000e+003	2.32765784e-001	-3.16723422e+000	2.45873007e+002	0.00000000e+000	2.7599e+014	1.0000e-010	0.0000e+000
4.790000e+003	2.32790372e-001	-3.16720963e+000	2.40621032e+002	0.00000000e+000	2.7573e+014	1.0000e-010	0.0000e+000
4.800000e+003	2.32814434e-001	-3.16718557e+000	2.35373942e+002	0.00000000e+000	2.7547e+014	1.0000e-010	0.0000e+000
4.810000e+003	2.32837971e-001	-3.16716203e+000	2.30131628e+002	0.00000000e+000	2.7522e+014	1.0000e-010	0.0000e+000
4.820000e+003	2.32860984e-001	-3.16713902e+000	2.24893978e+002	0.00000000e+000	2.7498e+014	1.0000e-010	0.0000e+000
4.830000e+003	2.32883474e-001	-3.16711653e+000	2.19660883e+002	0.00000000e+000	2.7474e+014	1.0000e-010	0.0000e+000
4.840000e+003	2.32905440e-001	-3.16709456e+000	2.14432232e+002	0.00000000e+000	2.7451e+014	1.0000e-010	0.0000e+000
4.850000e+003	2.32926883e-001	-3.16707312e+000	2.09207917e+002	0.00000000e+000	2.7428e+014	1.0000e-010	0.0000e+000
4.860000e+003	2.32947804e-001	-3.16705220e+000	2.03987827e+002	0.00000000e+000	2.7406e+014	1.0000e-010	0.0000e+000
4.870000e+003	2.32968203e-001	-3.16703180e+000	1.98771855e+002	0.00000000e+000	2.7384e+014	1.0000e-010	0.0000e+000
4.880000e+003	2.32988080e-001	-3.16701192e+000	1.93559892e+002	0.00000000e+000	2.7363e+014	1.0000e-010	0.0000e+000
4.890000e+003	2.33007436e-001	-3.16699256e+000	1.88351830e+002	0.00000000e+000	2.7342e+014	1.0000e-010	0.0000e+000
4.900000e+003	2.33026271e-001	-3.16697373e+000	1.83147561e+002	0.00000000e+000	2.7322e+014	1.0000e-010	0.0000e+000
4.910000e+003	2.33044586e-001	-3.16695541e+000	1.77946977e+002	0.00000000e+000	2.7303e+014	1.0000e-010	0.0000e+000
4.920000e+003	2.33062380e-001	-3.16693762e+000	1.72749972e+002	0.00000000e+000	2.7284e+014	1.0000e-010	0.0000e+000
4.930000e+003	2.33079655e-001	-3.16692034e+000	1.67556438e+002	0.00000000e+000	2.7266e+014	1.0000e-010	0.0000e+000
4.940000e+003	2.33096411e-001	-3.16690359e+000	1.62366270e+002	0.00000000e+000	2.7248e+014	1.0000e-010	0.0000e+000
4.950000e+003	2.33112648e-001	-3.16688735e+000	1.57179360e+002	0.00000000e+000	2.7231e+014	1.0000e-010	0.0000e+000
4.960000e+003	2.33128366e-001	-3.16687163e+000	1.51995603e+002	0.00000000e+000	2.7215e+014	1.0000e-010	0.0000e+000
4.970000e+003	2.33143565e-001	-3.16685643e+000	1.46814893e+002	0.00000000e+000	2.7199e+014	1.0000e-010	0.0000e+000
4.980000e+003	2.33158247e-001	-3.16684175e+000	1.41637124e+002	0.00000000e+000	2.7183e+014	1.0000e-010	0.0000e+000
4.990000e+003	2.33172410e-001	-3.16682759e+000	1.36462191e+002	0.00000000e+000	2.7168e+014	1.0000e-010	0.0000e+000
5.000000e+003	2.33186057e-001	-3.16681394e+000	1.31289989e+002	0.00000000e+000	2.7154e+014	1.0000e-010	0.0000e+000
5.010000e+003	2.33199186e-001	-3.16680081e+000	1.26120414e+002	0.00000000e+000	2.7140e+014	1.0000e-010	0.0000e+000
5.020000e+003	2.33211798e-001	-3.16678820e+000	1.20953359e+002	0.00000000e+000	2.7127e+014	1.0000e-010	0.0000e+000
5.030000e+003	2.33223893e-001	-3.16677611e+000	1.15788722e+002	0.00000000e+000	2.7114e+014	1.0000e-010	0.0000e+000
5.040000e+003	2.33235472e-001	-3.16676453e+000	1.10626397e+002	0.00000000e+000	2.7102e+014	1.0000e-010	0.0000e+000
5.050000e+003	2.33246535e-001	-3.16675347e+000	1.05466280e+002	0.00000000e+000	2.7091e+014	1.0000e-010	0.0000e+000
5.060000e+003	2.33257081e-001	-3.16674292e+000	1.00308269e+002	0.00000000e+000	2.7080e+014	1.0000e-010	0.0000e+000
5.070000e+003	2.33267112e-001	-3.16673289e+000	9.51522582e+001	0.00000000e+000	2.7069e+014	1.0000e-010	0.0000e+000
5.080000e+003	2.33276627e-001	-3.16672337e+000	8.99981450e+001	0.00000000e+000	2.7059e+014	1.0000e-010	0.0000e+000
5.090000e+003	2.33285627e-001	-3.16671437e+000	8.48458258e+001	0.00000000e+000	2.7050e+014	1.0000e-010	0.0000e+000
5.100000e+003	2.33294112e-001	-3.16670589e+000	7.96951973e+001	0.00000000e+000	2.7041e+014	1.0000e-010	0.0000e+000
5.110000e+003	2.33302081e-001	-3.16669792e+000	7.45461563e+001	0.00000000e+000	2.7033e+014	1.0000e-010	0.0000e+000
5.120000e+003	2.33309536e-001	-3.16669046e+000	6.93985999e+001	0.00000000e+000	2.7025e+014	1.0000e-010	0.0000e+000
5.130000e+003	2.33316476e-001	-3.16668352e+000	6.42524252e+001	0.00000000e+000	2.7018e+014	1.0000e-010	0.0000e+000
5.140000e+003	2.33322901e-001	-3.16667710e+000	5.91075293e+001	0.00000000e+000	2.7011e+014	1.0000e-010	0.0000e+000
5.150000e+003	2.33328812e-001	-3.16667119e+000	5.39638096e+001	0.00000000e+000	2.7005e+014	1.0000e-010	0.0000e+000
5.160000e+003	2.33334208e-001	-3.16666579e+000	4.88211635e+001	0.00000000e+000	2.6999e+014	1.0000e-010	0.0000e+000
5.170000e+003	2.33339090e-001	-3.16666091e+000	4.36794885e+001	0.00000000e+000	2.6994e+014	1.0000e-010	0.0000e+000
5.180000e+003	2.33343458e-001	-3.16665654e+000	3.85386822e+001	0.00000000e+000	2.6989e+014	1.0000e-010	0.0000e+000
5.190000e+003	2.33347312e-001	-3.16665269e+000	3.33986421e+001	0.00000000e+000	2.6985e+014	1.0000e-010	0.0000e+000
5.200000e+003	2.33350652e-001	-3.16664935e+000	2.82592661e+001	0.00000000e+000	2.6982e+014	1.0000e-010	0.0000e+000
5.210000e+003	2.33353478e-001	-3.16664652e+000	2.31204518e+001	0.00000000e+000	2.6979e+014	1.0000e-010	0.0000e+000
5.220000e+003	2.33355790e-001	-3.16664421e+000	1.79820971e+001	0.00000000e+000	2.6976e+014	1.0000e-010	0.0000e+000
5.230000e+003	2.33357588e-001	-3.16664241e+000	1.28440998e+001	0.00000000e+000	2.6975e+014	1.0000e-010	0.0000e+000
5.240000e+003	2.33358872e-001	-3.16664113e+000	7.70635780e+000	0.00000000e+000	2.6973e+014	1.0000e-010	0.0000e+000
5.250000e+003	2.33359643e-001	-3.16664036e+000	2.56876892e+000	0.00000000e+000	2.6972e+014	1.0000e-010	0.0000e+000
5.260000e+003	2.33359900e-001	-3.16664010e+000	2.56876892e+000	0.00000000e+000	2.6972e+014	1.0000e-010	0.0000e+000
