Y (ang)	Ec (eV)	Ev (eV)	E (V/cm)	Ef (eV)	n (cm-3)	p (cm-3)	Nd - Na (cm-3)
0.000000e+000	-6.40000000e+000	-9.80000000e+000	3.74521797e+007	-7.00000000e+000	1.8691e+008	1.0000e-010	0.0000e+000
1.000000e+001	-2.09478203e+000	-6.19478203e+000	1.16547551e+007	0.00000000e+000	1.2320e+021	1.0000e-010	-1.3848e+020
2.000000e+001	-9.22718293e-001	-5.03095359e+000	4.57113528e+006	0.00000000e+000	3.6046e+020	1.0000e-010	-1.7174e+018
3.000000e+001	-4.59016529e-001	-4.57548712e+000	2.05557310e+006	0.00000000e+000	1.2686e+020	1.0000e-010	-1.7195e+018
4.000000e+001	-2.46870984e-001	-4.37157687e+000	1.03282493e+006	0.00000000e+000	5.0543e+019	1.0000e-010	-1.7215e+018
5.000000e+001	-1.37000256e-001	-4.26994143e+000	5.80576422e+005	0.00000000e+000	2.1382e+019	1.0000e-010	-1.7236e+018
6.000000e+001	-7.23543790e-002	-4.21353085e+000	3.67358396e+005	0.00000000e+000	9.1659e+018	1.0000e-010	-1.7256e+018
7.000000e+001	-2.90303041e-002	-4.17844207e+000	2.58791556e+005	0.00000000e+000	3.8175e+018	1.0000e-010	-1.7277e+018
8.000000e+001	3.43708677e-003	-4.15420997e+000	1.94670838e+005	0.00000000e+000	1.5449e+018	1.0000e-010	-1.7297e+018
9.000000e+001	2.94924058e-002	-4.13638995e+000	1.48052101e+005	0.00000000e+000	6.4839e+017	1.0000e-010	-1.7318e+018
1.000000e+002	5.08858512e-002	-4.12323180e+000	1.08212311e+005	0.00000000e+000	2.9928e+017	1.0000e-010	-1.7339e+018
1.100000e+002	6.82953176e-002	-4.11405762e+000	7.11173787e+004	0.00000000e+000	1.5607e+017	1.0000e-010	-1.7359e+018
1.200000e+002	8.19952907e-002	-4.10859294e+000	3.52009161e+004	0.00000000e+000	9.2779e+016	1.0000e-010	-1.7380e+018
1.300000e+002	9.21036176e-002	-4.10671991e+000	-1.94871757e+002	0.00000000e+000	6.3045e+016	1.0000e-010	-1.7400e+018
1.400000e+002	9.86723658e-002	-4.10838646e+000	-3.53777945e+004	0.00000000e+000	4.9006e+016	1.0000e-010	-1.7421e+018
1.500000e+002	1.01722822e-001	-4.11357130e+000	-7.05170514e+004	0.00000000e+000	4.3588e+016	1.0000e-010	-1.7441e+018
1.600000e+002	1.01259352e-001	-4.12227006e+000	-1.05734482e+005	0.00000000e+000	4.4371e+016	1.0000e-010	-1.7462e+018
1.700000e+002	9.72741388e-002	-4.13449057e+000	-1.41159014e+005	0.00000000e+000	5.1708e+016	1.0000e-010	-1.7482e+018
1.800000e+002	-2.22535273e-002	-4.12225353e+000	3.38941603e+005	0.00000000e+000	3.2198e+018	1.0000e-010	2.7725e+019
1.900000e+002	1.16406330e-002	-4.08835937e+000	3.15683467e+005	0.00000000e+000	1.1889e+018	1.0000e-010	0.0000e+000
2.000000e+002	4.32089797e-002	-4.05679102e+000	3.07923320e+005	0.00000000e+000	3.9669e+017	1.0000e-010	0.0000e+000
2.100000e+002	7.40013116e-002	-4.02599869e+000	3.05463353e+005	0.00000000e+000	1.2575e+017	1.0000e-010	0.0000e+000
2.200000e+002	1.04547647e-001	-3.99545235e+000	3.04693712e+005	0.00000000e+000	3.9343e+016	1.0000e-010	0.0000e+000
2.300000e+002	1.35017018e-001	-3.96498298e+000	3.04456888e+005	0.00000000e+000	1.2106e+016	1.0000e-010	0.0000e+000
2.400000e+002	1.65462707e-001	-3.93453729e+000	3.04383949e+005	0.00000000e+000	3.7285e+015	1.0000e-010	0.0000e+000
2.500000e+002	1.95901102e-001	-3.90409890e+000	3.04361479e+005	0.00000000e+000	1.1487e+015	1.0000e-010	0.0000e+000
2.600000e+002	-3.33662750e-001	-3.73366275e+000	1.43101439e+006	0.00000000e+000	7.8913e+019	1.0000e-010	1.3848e+020
2.700000e+002	-1.90561311e-001	-3.59056131e+000	7.71882997e+005	0.00000000e+000	3.4605e+019	1.0000e-010	0.0000e+000
2.800000e+002	-1.13373011e-001	-3.51337301e+000	4.59782964e+005	0.00000000e+000	1.6385e+019	1.0000e-010	0.0000e+000
2.900000e+002	-6.73947150e-002	-3.46739472e+000	2.99266676e+005	0.00000000e+000	8.4271e+018	1.0000e-010	0.0000e+000
3.000000e+002	-3.74680474e-002	-3.43746805e+000	2.10600655e+005	0.00000000e+000	4.6550e+018	1.0000e-010	0.0000e+000
3.100000e+002	-1.64079819e-002	-3.41640798e+000	1.58067911e+005	0.00000000e+000	2.7580e+018	1.0000e-010	0.0000e+000
3.200000e+002	-6.01190773e-004	-3.40060119e+000	1.24742929e+005	0.00000000e+000	1.7496e+018	1.0000e-010	0.0000e+000
3.300000e+002	1.18731021e-002	-3.38812690e+000	1.02268129e+005	0.00000000e+000	1.1799e+018	1.0000e-010	0.0000e+000
3.400000e+002	2.20999150e-002	-3.37790008e+000	8.63081266e+004	0.00000000e+000	8.3790e+017	1.0000e-010	0.0000e+000
3.500000e+002	3.07307277e-002	-3.36926927e+000	7.44847117e+004	0.00000000e+000	6.2073e+017	1.0000e-010	0.0000e+000
3.600000e+002	3.81791989e-002	-3.36182080e+000	6.54187026e+004	0.00000000e+000	4.7597e+017	1.0000e-010	0.0000e+000
3.700000e+002	4.47210691e-002	-3.35527893e+000	5.82683415e+004	0.00000000e+000	3.7540e+017	1.0000e-010	0.0000e+000
3.800000e+002	5.05479033e-002	-3.34945210e+000	5.24961434e+004	0.00000000e+000	3.0304e+017	1.0000e-010	0.0000e+000
3.900000e+002	5.57975176e-002	-3.34420248e+000	4.77451725e+004	0.00000000e+000	2.4943e+017	1.0000e-010	0.0000e+000
4.000000e+002	6.05720349e-002	-3.33942797e+000	4.37702108e+004	0.00000000e+000	2.0869e+017	1.0000e-010	0.0000e+000
4.100000e+002	6.49490559e-002	-3.33505094e+000	4.03977698e+004	0.00000000e+000	1.7705e+017	1.0000e-010	0.0000e+000
4.200000e+002	6.89888329e-002	-3.33101117e+000	3.75019367e+004	0.00000000e+000	1.5203e+017	1.0000e-010	0.0000e+000
4.300000e+002	7.27390266e-002	-3.32726097e+000	3.49892677e+004	0.00000000e+000	1.3192e+017	1.0000e-010	0.0000e+000
4.400000e+002	7.62379533e-002	-3.32376205e+000	3.27890448e+004	0.00000000e+000	1.1551e+017	1.0000e-010	0.0000e+000
4.500000e+002	7.95168578e-002	-3.32048314e+000	3.08468147e+004	0.00000000e+000	1.0197e+017	1.0000e-010	0.0000e+000
4.600000e+002	8.26015393e-002	-3.31739846e+000	2.91199984e+004	0.00000000e+000	9.0658e+016	1.0000e-010	0.0000e+000
4.700000e+002	8.55135391e-002	-3.31448646e+000	2.75748418e+004	0.00000000e+000	8.1121e+016	1.0000e-010	0.0000e+000
4.800000e+002	8.82710233e-002	-3.31172898e+000	2.61842544e+004	0.00000000e+000	7.3006e+016	1.0000e-010	0.0000e+000
4.900000e+002	9.08894487e-002	-3.30911055e+000	2.49262504e+004	0.00000000e+000	6.6045e+016	1.0000e-010	0.0000e+000
5.000000e+002	9.33820738e-002	-3.30661793e+000	2.37828061e+004	0.00000000e+000	6.0031e+016	1.0000e-010	0.0000e+000
5.100000e+002	9.57603544e-002	-3.30423965e+000	2.27390095e+004	0.00000000e+000	5.4799e+016	1.0000e-010	0.0000e+000
5.200000e+002	9.80342553e-002	-3.30196574e+000	2.17824190e+004	0.00000000e+000	5.0221e+016	1.0000e-010	0.0000e+000
5.300000e+002	1.00212497e-001	-3.29978750e+000	2.09025744e+004	0.00000000e+000	4.6192e+016	1.0000e-010	0.0000e+000
5.400000e+002	1.02302755e-001	-3.29769725e+000	2.00906183e+004	0.00000000e+000	4.2628e+016	1.0000e-010	0.0000e+000
5.500000e+002	1.04311817e-001	-3.29568818e+000	1.93343633e+004	0.00000000e+000	3.9704e+016	1.0000e-010	0.0000e+000
5.600000e+002	1.06245253e-001	-3.29375475e+000	1.86326044e+004	0.00000000e+000	3.6842e+016	1.0000e-010	0.0000e+000
5.700000e+002	1.08108513e-001	-3.29189149e+000	1.79796445e+004	0.00000000e+000	3.4281e+016	1.0000e-010	0.0000e+000
5.800000e+002	1.09906478e-001	-3.29009352e+000	1.73705537e+004	0.00000000e+000	3.1977e+016	1.0000e-010	0.0000e+000
5.900000e+002	1.11643533e-001	-3.28835647e+000	1.68010445e+004	0.00000000e+000	2.9899e+016	1.0000e-010	0.0000e+000
6.000000e+002	1.13323638e-001	-3.28667636e+000	1.62673702e+004	0.00000000e+000	2.8018e+016	1.0000e-010	0.0000e+000
6.100000e+002	1.14950375e-001	-3.28504963e+000	1.57662427e+004	0.00000000e+000	2.6309e+016	1.0000e-010	0.0000e+000
6.200000e+002	1.16526999e-001	-3.28347300e+000	1.52947639e+004	0.00000000e+000	2.4753e+016	1.0000e-010	0.0000e+000
6.300000e+002	1.18056475e-001	-3.28194352e+000	1.48503701e+004	0.00000000e+000	2.3331e+016	1.0000e-010	0.0000e+000
6.400000e+002	1.19541512e-001	-3.28045849e+000	1.44307845e+004	0.00000000e+000	2.2028e+016	1.0000e-010	0.0000e+000
6.500000e+002	1.20984591e-001	-3.27901541e+000	1.40339789e+004	0.00000000e+000	2.0832e+016	1.0000e-010	0.0000e+000
6.600000e+002	1.22387989e-001	-3.27761201e+000	1.36581399e+004	0.00000000e+000	1.9732e+016	1.0000e-010	0.0000e+000
6.700000e+002	1.23753803e-001	-3.27624620e+000	1.33016419e+004	0.00000000e+000	1.8716e+016	1.0000e-010	0.0000e+000
6.800000e+002	1.25083967e-001	-3.27491603e+000	1.29630229e+004	0.00000000e+000	1.7778e+016	1.0000e-010	0.0000e+000
6.900000e+002	1.26380269e-001	-3.27361973e+000	1.26409646e+004	0.00000000e+000	1.6908e+016	1.0000e-010	0.0000e+000
7.000000e+002	1.27644366e-001	-3.27235563e+000	1.23342754e+004	0.00000000e+000	1.6101e+016	1.0000e-010	0.0000e+000
7.100000e+002	1.28877793e-001	-3.27112221e+000	1.20418751e+004	0.00000000e+000	1.5351e+016	1.0000e-010	0.0000e+000
7.200000e+002	1.30081981e-001	-3.26991802e+000	1.17627825e+004	0.00000000e+000	1.4652e+016	1.0000e-010	0.0000e+000
7.300000e+002	1.31258259e-001	-3.26874174e+000	1.14961041e+004	0.00000000e+000	1.4001e+016	1.0000e-010	0.0000e+000
7.400000e+002	1.32407869e-001	-3.26759213e+000	1.12410249e+004	0.00000000e+000	1.3392e+016	1.0000e-010	0.0000e+000
7.500000e+002	1.33531972e-001	-3.26646803e+000	1.09967993e+004	0.00000000e+000	1.2822e+016	1.0000e-010	0.0000e+000
7.600000e+002	1.34631652e-001	-3.26536835e+000	1.07627447e+004	0.00000000e+000	1.2288e+016	1.0000e-010	0.0000e+000
7.700000e+002	1.35707926e-001	-3.26429207e+000	1.05382342e+004	0.00000000e+000	1.1787e+016	1.0000e-010	0.0000e+000
7.800000e+002	1.36761750e-001	-3.26323825e+000	1.03226916e+004	0.00000000e+000	1.1316e+016	1.0000e-010	0.0000e+000
7.900000e+002	1.37794019e-001	-3.26220598e+000	1.01155860e+004	0.00000000e+000	1.0873e+016	1.0000e-010	0.0000e+000
8.000000e+002	1.38805577e-001	-3.26119442e+000	9.91642777e+003	0.00000000e+000	1.0456e+016	1.0000e-010	0.0000e+000
8.100000e+002	1.39797220e-001	-3.26020278e+000	9.72476425e+003	0.00000000e+000	1.0062e+016	1.0000e-010	0.0000e+000
8.200000e+002	1.40769697e-001	-3.25923030e+000	9.54017662e+003	0.00000000e+000	9.6909e+015	1.0000e-010	0.0000e+000
8.300000e+002	1.41723714e-001	-3.25827629e+000	9.36227669e+003	0.00000000e+000	9.3398e+015	1.0000e-010	0.0000e+000
8.400000e+002	1.42659942e-001	-3.25734006e+000	9.19070413e+003	0.00000000e+000	9.0076e+015	1.0000e-010	0.0000e+000
8.500000e+002	1.43579012e-001	-3.25642099e+000	9.02512403e+003	0.00000000e+000	8.6930e+015	1.0000e-010	0.0000e+000
8.600000e+002	1.44481525e-001	-3.25551848e+000	8.86522472e+003	0.00000000e+000	8.3947e+015	1.0000e-010	0.0000e+000
8.700000e+002	1.45368047e-001	-3.25463195e+000	8.71071576e+003	0.00000000e+000	8.1117e+015	1.0000e-010	0.0000e+000
8.800000e+002	1.46239119e-001	-3.25376088e+000	8.56132619e+003	0.00000000e+000	7.8430e+015	1.0000e-010	0.0000e+000
8.900000e+002	1.47095251e-001	-3.25290475e+000	8.41680288e+003	0.00000000e+000	7.5875e+015	1.0000e-010	0.0000e+000
9.000000e+002	1.47936932e-001	-3.25206307e+000	8.27690914e+003	0.00000000e+000	7.3444e+015	1.0000e-010	0.0000e+000
9.100000e+002	1.48764623e-001	-3.25123538e+000	8.14142337e+003	0.00000000e+000	7.1130e+015	1.0000e-010	0.0000e+000
9.200000e+002	1.49578765e-001	-3.25042124e+000	8.01013789e+003	0.00000000e+000	6.8925e+015	1.0000e-010	0.0000e+000
9.300000e+002	1.50379779e-001	-3.24962022e+000	7.88285787e+003	0.00000000e+000	6.6822e+015	1.0000e-010	0.0000e+000
9.400000e+002	1.51168064e-001	-3.24883194e+000	7.75940033e+003	0.00000000e+000	6.4815e+015	1.0000e-010	0.0000e+000
9.500000e+002	1.51944004e-001	-3.24805600e+000	7.63959327e+003	0.00000000e+000	6.2899e+015	1.0000e-010	0.0000e+000
9.600000e+002	1.52707964e-001	-3.24729204e+000	7.52327487e+003	0.00000000e+000	6.1067e+015	1.0000e-010	0.0000e+000
9.700000e+002	1.53460291e-001	-3.24653971e+000	7.41029270e+003	0.00000000e+000	5.9316e+015	1.0000e-010	0.0000e+000
9.800000e+002	1.54201321e-001	-3.24579868e+000	7.30050312e+003	0.00000000e+000	5.7640e+015	1.0000e-010	0.0000e+000
9.900000e+002	1.54931371e-001	-3.24506863e+000	7.19377058e+003	0.00000000e+000	5.6035e+015	1.0000e-010	0.0000e+000
1.000000e+003	1.55650748e-001	-3.24434925e+000	7.08996712e+003	0.00000000e+000	5.4497e+015	1.0000e-010	0.0000e+000
1.010000e+003	1.56359745e-001	-3.24364026e+000	6.98897182e+003	0.00000000e+000	5.3023e+015	1.0000e-010	0.0000e+000
1.020000e+003	1.57058642e-001	-3.24294136e+000	6.89067030e+003	0.00000000e+000	5.1608e+015	1.0000e-010	0.0000e+000
1.030000e+003	1.57747709e-001	-3.24225229e+000	6.79495432e+003	0.00000000e+000	5.0251e+015	1.0000e-010	0.0000e+000
1.040000e+003	1.58427204e-001	-3.24157280e+000	6.70172138e+003	0.00000000e+000	4.8947e+015	1.0000e-010	0.0000e+000
1.050000e+003	1.59097376e-001	-3.24090262e+000	6.61087430e+003	0.00000000e+000	4.7695e+015	1.0000e-010	0.0000e+000
1.060000e+003	1.59758464e-001	-3.24024154e+000	6.52232090e+003	0.00000000e+000	4.6491e+015	1.0000e-010	0.0000e+000
1.070000e+003	1.60410696e-001	-3.23958930e+000	6.43597372e+003	0.00000000e+000	4.5332e+015	1.0000e-010	0.0000e+000
1.080000e+003	1.61054293e-001	-3.23894571e+000	6.35174965e+003	0.00000000e+000	4.4218e+015	1.0000e-010	0.0000e+000
1.090000e+003	1.61689468e-001	-3.23831053e+000	6.26956972e+003	0.00000000e+000	4.3145e+015	1.0000e-010	0.0000e+000
1.100000e+003	1.62316425e-001	-3.23768357e+000	6.18935883e+003	0.00000000e+000	4.2111e+015	1.0000e-010	0.0000e+000
1.110000e+003	1.62935361e-001	-3.23706464e+000	6.11104551e+003	0.00000000e+000	4.1115e+015	1.0000e-010	0.0000e+000
1.120000e+003	1.63546466e-001	-3.23645353e+000	6.03456169e+003	0.00000000e+000	4.0154e+015	1.0000e-010	0.0000e+000
1.130000e+003	1.64149922e-001	-3.23585008e+000	5.95984254e+003	0.00000000e+000	3.9228e+015	1.0000e-010	0.0000e+000
1.140000e+003	1.64745906e-001	-3.23525409e+000	5.88682624e+003	0.00000000e+000	3.8334e+015	1.0000e-010	0.0000e+000
1.150000e+003	1.65334589e-001	-3.23466541e+000	5.81545382e+003	0.00000000e+000	3.7471e+015	1.0000e-010	0.0000e+000
1.160000e+003	1.65916134e-001	-3.23408387e+000	5.74566902e+003	0.00000000e+000	3.6637e+015	1.0000e-010	0.0000e+000
1.170000e+003	1.66490701e-001	-3.23350930e+000	5.67741809e+003	0.00000000e+000	3.5832e+015	1.0000e-010	0.0000e+000
1.180000e+003	1.67058443e-001	-3.23294156e+000	5.61064970e+003	0.00000000e+000	3.5054e+015	1.0000e-010	0.0000e+000
1.190000e+003	1.67619508e-001	-3.23238049e+000	5.54531477e+003	0.00000000e+000	3.4301e+015	1.0000e-010	0.0000e+000
1.200000e+003	1.68174039e-001	-3.23182596e+000	5.48136637e+003	0.00000000e+000	3.3573e+015	1.0000e-010	0.0000e+000
1.210000e+003	1.68722176e-001	-3.23127782e+000	5.41875958e+003	0.00000000e+000	3.2869e+015	1.0000e-010	0.0000e+000
1.220000e+003	1.69264052e-001	-3.23073595e+000	5.35745142e+003	0.00000000e+000	3.2187e+015	1.0000e-010	0.0000e+000
1.230000e+003	1.69799797e-001	-3.23020020e+000	5.29740070e+003	0.00000000e+000	3.1527e+015	1.0000e-010	0.0000e+000
1.240000e+003	1.70329537e-001	-3.22967046e+000	5.23856798e+003	0.00000000e+000	3.0887e+015	1.0000e-010	0.0000e+000
1.250000e+003	1.70853394e-001	-3.22914661e+000	5.18091543e+003	0.00000000e+000	3.0268e+015	1.0000e-010	0.0000e+000
1.260000e+003	1.71371485e-001	-3.22862851e+000	5.12440678e+003	0.00000000e+000	2.9667e+015	1.0000e-010	0.0000e+000
1.270000e+003	1.71883926e-001	-3.22811607e+000	5.06900722e+003	0.00000000e+000	2.9085e+015	1.0000e-010	0.0000e+000
1.280000e+003	1.72390827e-001	-3.22760917e+000	5.01468334e+003	0.00000000e+000	2.8520e+015	1.0000e-010	0.0000e+000
1.290000e+003	1.72892295e-001	-3.22710770e+000	4.96140306e+003	0.00000000e+000	2.7972e+015	1.0000e-010	0.0000e+000
1.300000e+003	1.73388435e-001	-3.22661156e+000	4.90913557e+003	0.00000000e+000	2.7441e+015	1.0000e-010	0.0000e+000
1.310000e+003	1.73879349e-001	-3.22612065e+000	4.85785124e+003	0.00000000e+000	2.6924e+015	1.0000e-010	0.0000e+000
1.320000e+003	1.74365134e-001	-3.22563487e+000	4.80752160e+003	0.00000000e+000	2.6423e+015	1.0000e-010	0.0000e+000
1.330000e+003	1.74845886e-001	-3.22515411e+000	4.75811925e+003	0.00000000e+000	2.5936e+015	1.0000e-010	0.0000e+000
1.340000e+003	1.75321698e-001	-3.22467830e+000	4.70961785e+003	0.00000000e+000	2.5463e+015	1.0000e-010	0.0000e+000
1.350000e+003	1.75792660e-001	-3.22420734e+000	4.66199203e+003	0.00000000e+000	2.5004e+015	1.0000e-010	0.0000e+000
1.360000e+003	1.76258859e-001	-3.22374114e+000	4.61521737e+003	0.00000000e+000	2.4557e+015	1.0000e-010	0.0000e+000
1.370000e+003	1.76720381e-001	-3.22327962e+000	4.56927034e+003	0.00000000e+000	2.4122e+015	1.0000e-010	0.0000e+000
1.380000e+003	1.77177308e-001	-3.22282269e+000	4.52412828e+003	0.00000000e+000	2.3700e+015	1.0000e-010	0.0000e+000
1.390000e+003	1.77629721e-001	-3.22237028e+000	4.47976934e+003	0.00000000e+000	2.3289e+015	1.0000e-010	0.0000e+000
1.400000e+003	1.78077698e-001	-3.22192230e+000	4.43617245e+003	0.00000000e+000	2.2888e+015	1.0000e-010	0.0000e+000
1.410000e+003	1.78521315e-001	-3.22147869e+000	4.39331729e+003	0.00000000e+000	2.2499e+015	1.0000e-010	0.0000e+000
1.420000e+003	1.78960647e-001	-3.22103935e+000	4.35118427e+003	0.00000000e+000	2.2120e+015	1.0000e-010	0.0000e+000
1.430000e+003	1.79395765e-001	-3.22060423e+000	4.30975446e+003	0.00000000e+000	2.1751e+015	1.0000e-010	0.0000e+000
1.440000e+003	1.79826741e-001	-3.22017326e+000	4.26900960e+003	0.00000000e+000	2.1391e+015	1.0000e-010	0.0000e+000
1.450000e+003	1.80253642e-001	-3.21974636e+000	4.22893204e+003	0.00000000e+000	2.1041e+015	1.0000e-010	0.0000e+000
1.460000e+003	1.80676535e-001	-3.21932347e+000	4.18950475e+003	0.00000000e+000	2.0699e+015	1.0000e-010	0.0000e+000
1.470000e+003	1.81095485e-001	-3.21890451e+000	4.15071125e+003	0.00000000e+000	2.0367e+015	1.0000e-010	0.0000e+000
1.480000e+003	1.81510556e-001	-3.21848944e+000	4.11253564e+003	0.00000000e+000	2.0042e+015	1.0000e-010	0.0000e+000
1.490000e+003	1.81921810e-001	-3.21807819e+000	4.07496252e+003	0.00000000e+000	1.9726e+015	1.0000e-010	0.0000e+000
1.500000e+003	1.82329306e-001	-3.21767069e+000	4.03797702e+003	0.00000000e+000	1.9417e+015	1.0000e-010	0.0000e+000
1.510000e+003	1.82733104e-001	-3.21726690e+000	4.00156472e+003	0.00000000e+000	1.9117e+015	1.0000e-010	0.0000e+000
1.520000e+003	1.83133260e-001	-3.21686674e+000	3.96571170e+003	0.00000000e+000	1.8823e+015	1.0000e-010	0.0000e+000
1.530000e+003	1.83529832e-001	-3.21647017e+000	3.93040446e+003	0.00000000e+000	1.8536e+015	1.0000e-010	0.0000e+000
1.540000e+003	1.83922872e-001	-3.21607713e+000	3.89562997e+003	0.00000000e+000	1.8257e+015	1.0000e-010	0.0000e+000
1.550000e+003	1.84312435e-001	-3.21568757e+000	3.86137556e+003	0.00000000e+000	1.7984e+015	1.0000e-010	0.0000e+000
1.560000e+003	1.84698573e-001	-3.21530143e+000	3.82762899e+003	0.00000000e+000	1.7717e+015	1.0000e-010	0.0000e+000
1.570000e+003	1.85081335e-001	-3.21491866e+000	3.79437838e+003	0.00000000e+000	1.7457e+015	1.0000e-010	0.0000e+000
1.580000e+003	1.85460773e-001	-3.21453923e+000	3.76161224e+003	0.00000000e+000	1.7202e+015	1.0000e-010	0.0000e+000
1.590000e+003	1.85836934e-001	-3.21416307e+000	3.72931942e+003	0.00000000e+000	1.6954e+015	1.0000e-010	0.0000e+000
1.600000e+003	1.86209866e-001	-3.21379013e+000	3.69748910e+003	0.00000000e+000	1.6711e+015	1.0000e-010	0.0000e+000
1.610000e+003	1.86579615e-001	-3.21342038e+000	3.66611079e+003	0.00000000e+000	1.6474e+015	1.0000e-010	0.0000e+000
1.620000e+003	1.86946226e-001	-3.21305377e+000	3.63517432e+003	0.00000000e+000	1.6242e+015	1.0000e-010	0.0000e+000
1.630000e+003	1.87309744e-001	-3.21269026e+000	3.60466982e+003	0.00000000e+000	1.6015e+015	1.0000e-010	0.0000e+000
1.640000e+003	1.87670211e-001	-3.21232979e+000	3.57458771e+003	0.00000000e+000	1.5793e+015	1.0000e-010	0.0000e+000
1.650000e+003	1.88027670e-001	-3.21197233e+000	3.54491869e+003	0.00000000e+000	1.5576e+015	1.0000e-010	0.0000e+000
1.660000e+003	1.88382161e-001	-3.21161784e+000	3.51565372e+003	0.00000000e+000	1.5364e+015	1.0000e-010	0.0000e+000
1.670000e+003	1.88733727e-001	-3.21126627e+000	3.48678403e+003	0.00000000e+000	1.5157e+015	1.0000e-010	0.0000e+000
1.680000e+003	1.89082405e-001	-3.21091759e+000	3.45830112e+003	0.00000000e+000	1.4954e+015	1.0000e-010	0.0000e+000
1.690000e+003	1.89428235e-001	-3.21057176e+000	3.43019669e+003	0.00000000e+000	1.4755e+015	1.0000e-010	0.0000e+000
1.700000e+003	1.89771255e-001	-3.21022874e+000	3.40246270e+003	0.00000000e+000	1.4560e+015	1.0000e-010	0.0000e+000
1.710000e+003	1.90111501e-001	-3.20988850e+000	3.37509133e+003	0.00000000e+000	1.4370e+015	1.0000e-010	0.0000e+000
1.720000e+003	1.90449010e-001	-3.20955099e+000	3.34807499e+003	0.00000000e+000	1.4184e+015	1.0000e-010	0.0000e+000
1.730000e+003	1.90783818e-001	-3.20921618e+000	3.32140628e+003	0.00000000e+000	1.4001e+015	1.0000e-010	0.0000e+000
1.740000e+003	1.91115959e-001	-3.20888404e+000	3.29507802e+003	0.00000000e+000	1.3822e+015	1.0000e-010	0.0000e+000
1.750000e+003	1.91445466e-001	-3.20855453e+000	3.26908320e+003	0.00000000e+000	1.3647e+015	1.0000e-010	0.0000e+000
1.760000e+003	1.91772375e-001	-3.20822763e+000	3.24341502e+003	0.00000000e+000	1.3476e+015	1.0000e-010	0.0000e+000
1.770000e+003	1.92096716e-001	-3.20790328e+000	3.21806687e+003	0.00000000e+000	1.3308e+015	1.0000e-010	0.0000e+000
1.780000e+003	1.92418523e-001	-3.20758148e+000	3.19303230e+003	0.00000000e+000	1.3143e+015	1.0000e-010	0.0000e+000
1.790000e+003	1.92737826e-001	-3.20726217e+000	3.16830504e+003	0.00000000e+000	1.2982e+015	1.0000e-010	0.0000e+000
1.800000e+003	1.93054657e-001	-3.20694534e+000	3.14387897e+003	0.00000000e+000	1.2824e+015	1.0000e-010	0.0000e+000
1.810000e+003	1.93369044e-001	-3.20663096e+000	3.11974815e+003	0.00000000e+000	1.2669e+015	1.0000e-010	0.0000e+000
1.820000e+003	1.93681019e-001	-3.20631898e+000	3.09590678e+003	0.00000000e+000	1.2517e+015	1.0000e-010	0.0000e+000
1.830000e+003	1.93990610e-001	-3.20600939e+000	3.07234923e+003	0.00000000e+000	1.2368e+015	1.0000e-010	0.0000e+000
1.840000e+003	1.94297845e-001	-3.20570216e+000	3.04906998e+003	0.00000000e+000	1.2222e+015	1.0000e-010	0.0000e+000
1.850000e+003	1.94602752e-001	-3.20539725e+000	3.02606368e+003	0.00000000e+000	1.2078e+015	1.0000e-010	0.0000e+000
1.860000e+003	1.94905358e-001	-3.20509464e+000	3.00332511e+003	0.00000000e+000	1.1938e+015	1.0000e-010	0.0000e+000
1.870000e+003	1.95205691e-001	-3.20479431e+000	2.98084918e+003	0.00000000e+000	1.1800e+015	1.0000e-010	0.0000e+000
1.880000e+003	1.95503776e-001	-3.20449622e+000	2.95863091e+003	0.00000000e+000	1.1665e+015	1.0000e-010	0.0000e+000
1.890000e+003	1.95799639e-001	-3.20420036e+000	2.93666547e+003	0.00000000e+000	1.1532e+015	1.0000e-010	0.0000e+000
1.900000e+003	1.96093305e-001	-3.20390669e+000	2.91494814e+003	0.00000000e+000	1.1402e+015	1.0000e-010	0.0000e+000
1.910000e+003	1.96384800e-001	-3.20361520e+000	2.89347430e+003	0.00000000e+000	1.1274e+015	1.0000e-010	0.0000e+000
1.920000e+003	1.96674148e-001	-3.20332585e+000	2.87223947e+003	0.00000000e+000	1.1148e+015	1.0000e-010	0.0000e+000
1.930000e+003	1.96961372e-001	-3.20303863e+000	2.85123926e+003	0.00000000e+000	1.1025e+015	1.0000e-010	0.0000e+000
1.940000e+003	1.97246495e-001	-3.20275350e+000	2.83046939e+003	0.00000000e+000	1.0904e+015	1.0000e-010	0.0000e+000
1.950000e+003	1.97529542e-001	-3.20247046e+000	2.80992569e+003	0.00000000e+000	1.0785e+015	1.0000e-010	0.0000e+000
1.960000e+003	1.97810535e-001	-3.20218947e+000	2.78960407e+003	0.00000000e+000	1.0669e+015	1.0000e-010	0.0000e+000
1.970000e+003	1.98089495e-001	-3.20191050e+000	2.76950056e+003	0.00000000e+000	1.0554e+015	1.0000e-010	0.0000e+000
1.980000e+003	1.98366445e-001	-3.20163355e+000	2.74961126e+003	0.00000000e+000	1.0442e+015	1.0000e-010	0.0000e+000
1.990000e+003	1.98641407e-001	-3.20135859e+000	2.72993239e+003	0.00000000e+000	1.0331e+015	1.0000e-010	0.0000e+000
2.000000e+003	1.98914400e-001	-3.20108560e+000	2.71046022e+003	0.00000000e+000	1.0223e+015	1.0000e-010	0.0000e+000
2.010000e+003	1.99185446e-001	-3.20081455e+000	2.69119115e+003	0.00000000e+000	1.0116e+015	1.0000e-010	0.0000e+000
2.020000e+003	1.99454565e-001	-3.20054544e+000	2.67212163e+003	0.00000000e+000	1.0012e+015	1.0000e-010	0.0000e+000
2.030000e+003	1.99721777e-001	-3.20027822e+000	2.65324820e+003	0.00000000e+000	9.9086e+014	1.0000e-010	0.0000e+000
2.040000e+003	1.99987102e-001	-3.20001290e+000	2.63456748e+003	0.00000000e+000	9.8074e+014	1.0000e-010	0.0000e+000
2.050000e+003	2.00250559e-001	-3.19974944e+000	2.61607617e+003	0.00000000e+000	9.7080e+014	1.0000e-010	0.0000e+000
2.060000e+003	2.00512166e-001	-3.19948783e+000	2.59777104e+003	0.00000000e+000	9.6102e+014	1.0000e-010	0.0000e+000
2.070000e+003	2.00771943e-001	-3.19922806e+000	2.57964892e+003	0.00000000e+000	9.5141e+014	1.0000e-010	0.0000e+000
2.080000e+003	2.01029908e-001	-3.19897009e+000	2.56170674e+003	0.00000000e+000	9.4197e+014	1.0000e-010	0.0000e+000
2.090000e+003	2.01286079e-001	-3.19871392e+000	2.54394148e+003	0.00000000e+000	9.3268e+014	1.0000e-010	0.0000e+000
2.100000e+003	2.01540473e-001	-3.19845953e+000	2.52635017e+003	0.00000000e+000	9.2355e+014	1.0000e-010	0.0000e+000
2.110000e+003	2.01793108e-001	-3.19820689e+000	2.50892994e+003	0.00000000e+000	9.1457e+014	1.0000e-010	0.0000e+000
2.120000e+003	2.02044001e-001	-3.19795600e+000	2.49167795e+003	0.00000000e+000	9.0573e+014	1.0000e-010	0.0000e+000
2.130000e+003	2.02293169e-001	-3.19770683e+000	2.47459144e+003	0.00000000e+000	8.9704e+014	1.0000e-010	0.0000e+000
2.140000e+003	2.02540628e-001	-3.19745937e+000	2.45766771e+003	0.00000000e+000	8.8850e+014	1.0000e-010	0.0000e+000
2.150000e+003	2.02786395e-001	-3.19721361e+000	2.44090410e+003	0.00000000e+000	8.8009e+014	1.0000e-010	0.0000e+000
2.160000e+003	2.03030485e-001	-3.19696951e+000	2.42429802e+003	0.00000000e+000	8.7182e+014	1.0000e-010	0.0000e+000
2.170000e+003	2.03272915e-001	-3.19672708e+000	2.40784695e+003	0.00000000e+000	8.6368e+014	1.0000e-010	0.0000e+000
2.180000e+003	2.03513700e-001	-3.19648630e+000	2.39154838e+003	0.00000000e+000	8.5568e+014	1.0000e-010	0.0000e+000
2.190000e+003	2.03752855e-001	-3.19624715e+000	2.37539990e+003	0.00000000e+000	8.4780e+014	1.0000e-010	0.0000e+000
2.200000e+003	2.03990395e-001	-3.19600961e+000	2.35939912e+003	0.00000000e+000	8.4004e+014	1.0000e-010	0.0000e+000
2.210000e+003	2.04226334e-001	-3.19577367e+000	2.34354371e+003	0.00000000e+000	8.3241e+014	1.0000e-010	0.0000e+000
2.220000e+003	2.04460689e-001	-3.19553931e+000	2.32783138e+003	0.00000000e+000	8.2490e+014	1.0000e-010	0.0000e+000
2.230000e+003	2.04693472e-001	-3.19530653e+000	2.31225989e+003	0.00000000e+000	8.1751e+014	1.0000e-010	0.0000e+000
2.240000e+003	2.04924698e-001	-3.19507530e+000	2.29682706e+003	0.00000000e+000	8.1023e+014	1.0000e-010	0.0000e+000
2.250000e+003	2.05154381e-001	-3.19484562e+000	2.28153074e+003	0.00000000e+000	8.0306e+014	1.0000e-010	0.0000e+000
2.260000e+003	2.05382534e-001	-3.19461747e+000	2.26636882e+003	0.00000000e+000	7.9600e+014	1.0000e-010	0.0000e+000
2.270000e+003	2.05609171e-001	-3.19439083e+000	2.25133923e+003	0.00000000e+000	7.8906e+014	1.0000e-010	0.0000e+000
2.280000e+003	2.05834305e-001	-3.19416570e+000	2.23643997e+003	0.00000000e+000	7.8221e+014	1.0000e-010	0.0000e+000
2.290000e+003	2.06057949e-001	-3.19394205e+000	2.22166904e+003	0.00000000e+000	7.7548e+014	1.0000e-010	0.0000e+000
2.300000e+003	2.06280115e-001	-3.19371988e+000	2.20702450e+003	0.00000000e+000	7.6884e+014	1.0000e-010	0.0000e+000
2.310000e+003	2.06500818e-001	-3.19349918e+000	2.19250446e+003	0.00000000e+000	7.6230e+014	1.0000e-010	0.0000e+000
2.320000e+003	2.06720068e-001	-3.19327993e+000	2.17810704e+003	0.00000000e+000	7.5587e+014	1.0000e-010	0.0000e+000
2.330000e+003	2.06937879e-001	-3.19306212e+000	2.16383041e+003	0.00000000e+000	7.4953e+014	1.0000e-010	0.0000e+000
2.340000e+003	2.07154262e-001	-3.19284574e+000	2.14967278e+003	0.00000000e+000	7.4328e+014	1.0000e-010	0.0000e+000
2.350000e+003	2.07369229e-001	-3.19263077e+000	2.13563239e+003	0.00000000e+000	7.3712e+014	1.0000e-010	0.0000e+000
2.360000e+003	2.07582793e-001	-3.19241721e+000	2.12170751e+003	0.00000000e+000	7.3106e+014	1.0000e-010	0.0000e+000
2.370000e+003	2.07794963e-001	-3.19220504e+000	2.10789644e+003	0.00000000e+000	7.2508e+014	1.0000e-010	0.0000e+000
2.380000e+003	2.08005753e-001	-3.19199425e+000	2.09419753e+003	0.00000000e+000	7.1920e+014	1.0000e-010	0.0000e+000
2.390000e+003	2.08215173e-001	-3.19178483e+000	2.08060914e+003	0.00000000e+000	7.1339e+014	1.0000e-010	0.0000e+000
2.400000e+003	2.08423234e-001	-3.19157677e+000	2.06712967e+003	0.00000000e+000	7.0767e+014	1.0000e-010	0.0000e+000
2.410000e+003	2.08629947e-001	-3.19137005e+000	2.05375755e+003	0.00000000e+000	7.0204e+014	1.0000e-010	0.0000e+000
2.420000e+003	2.08835322e-001	-3.19116468e+000	2.04049125e+003	0.00000000e+000	6.9648e+014	1.0000e-010	0.0000e+000
2.430000e+003	2.09039372e-001	-3.19096063e+000	2.02732924e+003	0.00000000e+000	6.9101e+014	1.0000e-010	0.0000e+000
2.440000e+003	2.09242104e-001	-3.19075790e+000	2.01427005e+003	0.00000000e+000	6.8561e+014	1.0000e-010	0.0000e+000
2.450000e+003	2.09443531e-001	-3.19055647e+000	2.00131222e+003	0.00000000e+000	6.8029e+014	1.0000e-010	0.0000e+000
2.460000e+003	2.09643663e-001	-3.19035634e+000	1.98845430e+003	0.00000000e+000	6.7504e+014	1.0000e-010	0.0000e+000
2.470000e+003	2.09842508e-001	-3.19015749e+000	1.97569491e+003	0.00000000e+000	6.6987e+014	1.0000e-010	0.0000e+000
2.480000e+003	2.10040078e-001	-3.18995992e+000	1.96303266e+003	0.00000000e+000	6.6477e+014	1.0000e-010	0.0000e+000
2.490000e+003	2.10236381e-001	-3.18976362e+000	1.95046619e+003	0.00000000e+000	6.5974e+014	1.0000e-010	0.0000e+000
2.500000e+003	2.10431427e-001	-3.18956857e+000	1.93799418e+003	0.00000000e+000	6.5478e+014	1.0000e-010	0.0000e+000
2.510000e+003	2.10625227e-001	-3.18937477e+000	1.92561531e+003	0.00000000e+000	6.4989e+014	1.0000e-010	0.0000e+000
2.520000e+003	2.10817788e-001	-3.18918221e+000	1.91332831e+003	0.00000000e+000	6.4507e+014	1.0000e-010	0.0000e+000
2.530000e+003	2.11009121e-001	-3.18899088e+000	1.90113191e+003	0.00000000e+000	6.4031e+014	1.0000e-010	0.0000e+000
2.540000e+003	2.11199234e-001	-3.18880077e+000	1.88902487e+003	0.00000000e+000	6.3562e+014	1.0000e-010	0.0000e+000
2.550000e+003	2.11388137e-001	-3.18861186e+000	1.87700597e+003	0.00000000e+000	6.3099e+014	1.0000e-010	0.0000e+000
2.560000e+003	2.11575838e-001	-3.18842416e+000	1.86507403e+003	0.00000000e+000	6.2643e+014	1.0000e-010	0.0000e+000
2.570000e+003	2.11762345e-001	-3.18823766e+000	1.85322785e+003	0.00000000e+000	6.2193e+014	1.0000e-010	0.0000e+000
2.580000e+003	2.11947668e-001	-3.18805233e+000	1.84146629e+003	0.00000000e+000	6.1748e+014	1.0000e-010	0.0000e+000
2.590000e+003	2.12131814e-001	-3.18786819e+000	1.82978822e+003	0.00000000e+000	6.1310e+014	1.0000e-010	0.0000e+000
2.600000e+003	2.12314793e-001	-3.18768521e+000	1.81819251e+003	0.00000000e+000	6.0878e+014	1.0000e-010	0.0000e+000
2.610000e+003	2.12496612e-001	-3.18750339e+000	1.80667806e+003	0.00000000e+000	6.0451e+014	1.0000e-010	0.0000e+000
2.620000e+003	2.12677280e-001	-3.18732272e+000	1.79524381e+003	0.00000000e+000	6.0030e+014	1.0000e-010	0.0000e+000
2.630000e+003	2.12856805e-001	-3.18714320e+000	1.78388868e+003	0.00000000e+000	5.9615e+014	1.0000e-010	0.0000e+000
2.640000e+003	2.13035193e-001	-3.18696481e+000	1.77261164e+003	0.00000000e+000	5.9205e+014	1.0000e-010	0.0000e+000
2.650000e+003	2.13212455e-001	-3.18678755e+000	1.76141166e+003	0.00000000e+000	5.8800e+014	1.0000e-010	0.0000e+000
2.660000e+003	2.13388596e-001	-3.18661140e+000	1.75028772e+003	0.00000000e+000	5.8401e+014	1.0000e-010	0.0000e+000
2.670000e+003	2.13563625e-001	-3.18643638e+000	1.73923885e+003	0.00000000e+000	5.8007e+014	1.0000e-010	0.0000e+000
2.680000e+003	2.13737548e-001	-3.18626245e+000	1.72826406e+003	0.00000000e+000	5.7618e+014	1.0000e-010	0.0000e+000
2.690000e+003	2.13910375e-001	-3.18608963e+000	1.71736240e+003	0.00000000e+000	5.7234e+014	1.0000e-010	0.0000e+000
2.700000e+003	2.14082111e-001	-3.18591789e+000	1.70653292e+003	0.00000000e+000	5.6855e+014	1.0000e-010	0.0000e+000
2.710000e+003	2.14252764e-001	-3.18574724e+000	1.69577468e+003	0.00000000e+000	5.6481e+014	1.0000e-010	0.0000e+000
2.720000e+003	2.14422342e-001	-3.18557766e+000	1.68508679e+003	0.00000000e+000	5.6112e+014	1.0000e-010	0.0000e+000
2.730000e+003	2.14590851e-001	-3.18540915e+000	1.67446834e+003	0.00000000e+000	5.5747e+014	1.0000e-010	0.0000e+000
2.740000e+003	2.14758297e-001	-3.18524170e+000	1.66391844e+003	0.00000000e+000	5.5387e+014	1.0000e-010	0.0000e+000
2.750000e+003	2.14924689e-001	-3.18507531e+000	1.65343622e+003	0.00000000e+000	5.5032e+014	1.0000e-010	0.0000e+000
2.760000e+003	2.15090033e-001	-3.18490997e+000	1.64302083e+003	0.00000000e+000	5.4681e+014	1.0000e-010	0.0000e+000
2.770000e+003	2.15254335e-001	-3.18474567e+000	1.63267143e+003	0.00000000e+000	5.4335e+014	1.0000e-010	0.0000e+000
2.780000e+003	2.15417602e-001	-3.18458240e+000	1.62238719e+003	0.00000000e+000	5.3992e+014	1.0000e-010	0.0000e+000
2.790000e+003	2.15579841e-001	-3.18442016e+000	1.61216728e+003	0.00000000e+000	5.3655e+014	1.0000e-010	0.0000e+000
2.800000e+003	2.15741058e-001	-3.18425894e+000	1.60201090e+003	0.00000000e+000	5.3321e+014	1.0000e-010	0.0000e+000
2.810000e+003	2.15901259e-001	-3.18409874e+000	1.59191727e+003	0.00000000e+000	5.2992e+014	1.0000e-010	0.0000e+000
2.820000e+003	2.16060450e-001	-3.18393955e+000	1.58188561e+003	0.00000000e+000	5.2666e+014	1.0000e-010	0.0000e+000
2.830000e+003	2.16218639e-001	-3.18378136e+000	1.57191514e+003	0.00000000e+000	5.2345e+014	1.0000e-010	0.0000e+000
2.840000e+003	2.16375830e-001	-3.18362417e+000	1.56200511e+003	0.00000000e+000	5.2028e+014	1.0000e-010	0.0000e+000
2.850000e+003	2.16532031e-001	-3.18346797e+000	1.55215477e+003	0.00000000e+000	5.1714e+014	1.0000e-010	0.0000e+000
2.860000e+003	2.16687246e-001	-3.18331275e+000	1.54236341e+003	0.00000000e+000	5.1405e+014	1.0000e-010	0.0000e+000
2.870000e+003	2.16841483e-001	-3.18315852e+000	1.53263028e+003	0.00000000e+000	5.1099e+014	1.0000e-010	0.0000e+000
2.880000e+003	2.16994746e-001	-3.18300525e+000	1.52295469e+003	0.00000000e+000	5.0797e+014	1.0000e-010	0.0000e+000
2.890000e+003	2.17147041e-001	-3.18285296e+000	1.51333592e+003	0.00000000e+000	5.0499e+014	1.0000e-010	0.0000e+000
2.900000e+003	2.17298375e-001	-3.18270163e+000	1.50377330e+003	0.00000000e+000	5.0204e+014	1.0000e-010	0.0000e+000
2.910000e+003	2.17448752e-001	-3.18255125e+000	1.49426615e+003	0.00000000e+000	4.9913e+014	1.0000e-010	0.0000e+000
2.920000e+003	2.17598179e-001	-3.18240182e+000	1.48481378e+003	0.00000000e+000	4.9625e+014	1.0000e-010	0.0000e+000
2.930000e+003	2.17746660e-001	-3.18225334e+000	1.47541556e+003	0.00000000e+000	4.9341e+014	1.0000e-010	0.0000e+000
2.940000e+003	2.17894202e-001	-3.18210580e+000	1.46607081e+003	0.00000000e+000	4.9060e+014	1.0000e-010	0.0000e+000
2.950000e+003	2.18040809e-001	-3.18195919e+000	1.45677891e+003	0.00000000e+000	4.8783e+014	1.0000e-010	0.0000e+000
2.960000e+003	2.18186487e-001	-3.18181351e+000	1.44753922e+003	0.00000000e+000	4.8509e+014	1.0000e-010	0.0000e+000
2.970000e+003	2.18331241e-001	-3.18166876e+000	1.43835113e+003	0.00000000e+000	4.8238e+014	1.0000e-010	0.0000e+000
2.980000e+003	2.18475076e-001	-3.18152492e+000	1.42921401e+003	0.00000000e+000	4.7970e+014	1.0000e-010	0.0000e+000
2.990000e+003	2.18617997e-001	-3.18138200e+000	1.42012727e+003	0.00000000e+000	4.7706e+014	1.0000e-010	0.0000e+000
3.000000e+003	2.18760010e-001	-3.18123999e+000	1.41109031e+003	0.00000000e+000	4.7444e+014	1.0000e-010	0.0000e+000
3.010000e+003	2.18901119e-001	-3.18109888e+000	1.40210254e+003	0.00000000e+000	4.7186e+014	1.0000e-010	0.0000e+000
3.020000e+003	2.19041329e-001	-3.18095867e+000	1.39316338e+003	0.00000000e+000	4.6931e+014	1.0000e-010	0.0000e+000
3.030000e+003	2.19180645e-001	-3.18081935e+000	1.38427227e+003	0.00000000e+000	4.6678e+014	1.0000e-010	0.0000e+000
3.040000e+003	2.19319073e-001	-3.18068093e+000	1.37542864e+003	0.00000000e+000	4.6429e+014	1.0000e-010	0.0000e+000
3.050000e+003	2.19456616e-001	-3.18054338e+000	1.36663193e+003	0.00000000e+000	4.6183e+014	1.0000e-010	0.0000e+000
3.060000e+003	2.19593279e-001	-3.18040672e+000	1.35788161e+003	0.00000000e+000	4.5939e+014	1.0000e-010	0.0000e+000
3.070000e+003	2.19729067e-001	-3.18027093e+000	1.34917712e+003	0.00000000e+000	4.5699e+014	1.0000e-010	0.0000e+000
3.080000e+003	2.19863985e-001	-3.18013602e+000	1.34051795e+003	0.00000000e+000	4.5461e+014	1.0000e-010	0.0000e+000
3.090000e+003	2.19998036e-001	-3.18000196e+000	1.33190356e+003	0.00000000e+000	4.5226e+014	1.0000e-010	0.0000e+000
3.100000e+003	2.20131227e-001	-3.17986877e+000	1.32333344e+003	0.00000000e+000	4.4993e+014	1.0000e-010	0.0000e+000
3.110000e+003	2.20263560e-001	-3.17973644e+000	1.31480707e+003	0.00000000e+000	4.4764e+014	1.0000e-010	0.0000e+000
3.120000e+003	2.20395041e-001	-3.17960496e+000	1.30632396e+003	0.00000000e+000	4.4536e+014	1.0000e-010	0.0000e+000
3.130000e+003	2.20525673e-001	-3.17947433e+000	1.29788361e+003	0.00000000e+000	4.4312e+014	1.0000e-010	0.0000e+000
3.140000e+003	2.20655462e-001	-3.17934454e+000	1.28948552e+003	0.00000000e+000	4.4090e+014	1.0000e-010	0.0000e+000
3.150000e+003	2.20784410e-001	-3.17921559e+000	1.28112922e+003	0.00000000e+000	4.3871e+014	1.0000e-010	0.0000e+000
3.160000e+003	2.20912523e-001	-3.17908748e+000	1.27281423e+003	0.00000000e+000	4.3654e+014	1.0000e-010	0.0000e+000
3.170000e+003	2.21039804e-001	-3.17896020e+000	1.26454007e+003	0.00000000e+000	4.3439e+014	1.0000e-010	0.0000e+000
3.180000e+003	2.21166258e-001	-3.17883374e+000	1.25630629e+003	0.00000000e+000	4.3227e+014	1.0000e-010	0.0000e+000
3.190000e+003	2.21291889e-001	-3.17870811e+000	1.24811243e+003	0.00000000e+000	4.3018e+014	1.0000e-010	0.0000e+000
3.200000e+003	2.21416700e-001	-3.17858330e+000	1.23995803e+003	0.00000000e+000	4.2811e+014	1.0000e-010	0.0000e+000
3.210000e+003	2.21540696e-001	-3.17845930e+000	1.23184265e+003	0.00000000e+000	4.2606e+014	1.0000e-010	0.0000e+000
3.220000e+003	2.21663880e-001	-3.17833612e+000	1.22376584e+003	0.00000000e+000	4.2403e+014	1.0000e-010	0.0000e+000
3.230000e+003	2.21786257e-001	-3.17821374e+000	1.21572718e+003	0.00000000e+000	4.2203e+014	1.0000e-010	0.0000e+000
3.240000e+003	2.21907830e-001	-3.17809217e+000	1.20772623e+003	0.00000000e+000	4.2005e+014	1.0000e-010	0.0000e+000
3.250000e+003	2.22028602e-001	-3.17797140e+000	1.19976258e+003	0.00000000e+000	4.1809e+014	1.0000e-010	0.0000e+000
3.260000e+003	2.22148579e-001	-3.17785142e+000	1.19183579e+003	0.00000000e+000	4.1616e+014	1.0000e-010	0.0000e+000
3.270000e+003	2.22267762e-001	-3.17773224e+000	1.18394547e+003	0.00000000e+000	4.1424e+014	1.0000e-010	0.0000e+000
3.280000e+003	2.22386157e-001	-3.17761384e+000	1.17609120e+003	0.00000000e+000	4.1235e+014	1.0000e-010	0.0000e+000
3.290000e+003	2.22503766e-001	-3.17749623e+000	1.16827258e+003	0.00000000e+000	4.1048e+014	1.0000e-010	0.0000e+000
3.300000e+003	2.22620593e-001	-3.17737941e+000	1.16048921e+003	0.00000000e+000	4.0863e+014	1.0000e-010	0.0000e+000
3.310000e+003	2.22736642e-001	-3.17726336e+000	1.15274070e+003	0.00000000e+000	4.0680e+014	1.0000e-010	0.0000e+000
3.320000e+003	2.22851916e-001	-3.17714808e+000	1.14502667e+003	0.00000000e+000	4.0499e+014	1.0000e-010	0.0000e+000
3.330000e+003	2.22966419e-001	-3.17703358e+000	1.13734673e+003	0.00000000e+000	4.0320e+014	1.0000e-010	0.0000e+000
3.340000e+003	2.23080153e-001	-3.17691985e+000	1.12970050e+003	0.00000000e+000	4.0143e+014	1.0000e-010	0.0000e+000
3.350000e+003	2.23193123e-001	-3.17680688e+000	1.12208761e+003	0.00000000e+000	3.9968e+014	1.0000e-010	0.0000e+000
3.360000e+003	2.23305332e-001	-3.17669467e+000	1.11450770e+003	0.00000000e+000	3.9795e+014	1.0000e-010	0.0000e+000
3.370000e+003	2.23416783e-001	-3.17658322e+000	1.10696039e+003	0.00000000e+000	3.9623e+014	1.0000e-010	0.0000e+000
3.380000e+003	2.23527479e-001	-3.17647252e+000	1.09944533e+003	0.00000000e+000	3.9454e+014	1.0000e-010	0.0000e+000
3.390000e+003	2.23637424e-001	-3.17636258e+000	1.09196216e+003	0.00000000e+000	3.9287e+014	1.0000e-010	0.0000e+000
3.400000e+003	2.23746620e-001	-3.17625338e+000	1.08451053e+003	0.00000000e+000	3.9121e+014	1.0000e-010	0.0000e+000
3.410000e+003	2.23855071e-001	-3.17614493e+000	1.07709010e+003	0.00000000e+000	3.8957e+014	1.0000e-010	0.0000e+000
3.420000e+003	2.23962780e-001	-3.17603722e+000	1.06970052e+003	0.00000000e+000	3.8795e+014	1.0000e-010	0.0000e+000
3.430000e+003	2.24069750e-001	-3.17593025e+000	1.06234146e+003	0.00000000e+000	3.8635e+014	1.0000e-010	0.0000e+000
3.440000e+003	2.24175984e-001	-3.17582402e+000	1.05501257e+003	0.00000000e+000	3.8477e+014	1.0000e-010	0.0000e+000
3.450000e+003	2.24281485e-001	-3.17571851e+000	1.04771353e+003	0.00000000e+000	3.8320e+014	1.0000e-010	0.0000e+000
3.460000e+003	2.24386257e-001	-3.17561374e+000	1.04044401e+003	0.00000000e+000	3.8165e+014	1.0000e-010	0.0000e+000
3.470000e+003	2.24490301e-001	-3.17550970e+000	1.03320369e+003	0.00000000e+000	3.8012e+014	1.0000e-010	0.0000e+000
3.480000e+003	2.24593621e-001	-3.17540638e+000	1.02599225e+003	0.00000000e+000	3.7860e+014	1.0000e-010	0.0000e+000
3.490000e+003	2.24696221e-001	-3.17530378e+000	1.01880937e+003	0.00000000e+000	3.7710e+014	1.0000e-010	0.0000e+000
3.500000e+003	2.24798102e-001	-3.17520190e+000	1.01165474e+003	0.00000000e+000	3.7562e+014	1.0000e-010	0.0000e+000
3.510000e+003	2.24899267e-001	-3.17510073e+000	1.00452806e+003	0.00000000e+000	3.7415e+014	1.0000e-010	0.0000e+000
3.520000e+003	2.24999720e-001	-3.17500028e+000	9.97429014e+002	0.00000000e+000	3.7270e+014	1.0000e-010	0.0000e+000
3.530000e+003	2.25099463e-001	-3.17490054e+000	9.90357306e+002	0.00000000e+000	3.7127e+014	1.0000e-010	0.0000e+000
3.540000e+003	2.25198499e-001	-3.17480150e+000	9.83312637e+002	0.00000000e+000	3.6985e+014	1.0000e-010	0.0000e+000
3.550000e+003	2.25296830e-001	-3.17470317e+000	9.76294712e+002	0.00000000e+000	3.6844e+014	1.0000e-010	0.0000e+000
3.560000e+003	2.25394459e-001	-3.17460554e+000	9.69303240e+002	0.00000000e+000	3.6705e+014	1.0000e-010	0.0000e+000
3.570000e+003	2.25491390e-001	-3.17450861e+000	9.62337934e+002	0.00000000e+000	3.6568e+014	1.0000e-010	0.0000e+000
3.580000e+003	2.25587623e-001	-3.17441238e+000	9.55398507e+002	0.00000000e+000	3.6432e+014	1.0000e-010	0.0000e+000
3.590000e+003	2.25683163e-001	-3.17431684e+000	9.48484679e+002	0.00000000e+000	3.6298e+014	1.0000e-010	0.0000e+000
3.600000e+003	2.25778012e-001	-3.17422199e+000	9.41596171e+002	0.00000000e+000	3.6165e+014	1.0000e-010	0.0000e+000
3.610000e+003	2.25872171e-001	-3.17412783e+000	9.34732706e+002	0.00000000e+000	3.6033e+014	1.0000e-010	0.0000e+000
3.620000e+003	2.25965645e-001	-3.17403436e+000	9.27894013e+002	0.00000000e+000	3.5903e+014	1.0000e-010	0.0000e+000
3.630000e+003	2.26058434e-001	-3.17394157e+000	9.21079822e+002	0.00000000e+000	3.5775e+014	1.0000e-010	0.0000e+000
3.640000e+003	2.26150542e-001	-3.17384946e+000	9.14289866e+002	0.00000000e+000	3.5647e+014	1.0000e-010	0.0000e+000
3.650000e+003	2.26241971e-001	-3.17375803e+000	9.07523881e+002	0.00000000e+000	3.5522e+014	1.0000e-010	0.0000e+000
3.660000e+003	2.26332723e-001	-3.17366728e+000	9.00781607e+002	0.00000000e+000	3.5397e+014	1.0000e-010	0.0000e+000
3.670000e+003	2.26422802e-001	-3.17357720e+000	8.94062784e+002	0.00000000e+000	3.5274e+014	1.0000e-010	0.0000e+000
3.680000e+003	2.26512208e-001	-3.17348779e+000	8.87367157e+002	0.00000000e+000	3.5152e+014	1.0000e-010	0.0000e+000
3.690000e+003	2.26600944e-001	-3.17339906e+000	8.80694473e+002	0.00000000e+000	3.5032e+014	1.0000e-010	0.0000e+000
3.700000e+003	2.26689014e-001	-3.17331099e+000	8.74044483e+002	0.00000000e+000	3.4913e+014	1.0000e-010	0.0000e+000
3.710000e+003	2.26776418e-001	-3.17322358e+000	8.67416938e+002	0.00000000e+000	3.4795e+014	1.0000e-010	0.0000e+000
3.720000e+003	2.26863160e-001	-3.17313684e+000	8.60811593e+002	0.00000000e+000	3.4678e+014	1.0000e-010	0.0000e+000
3.730000e+003	2.26949241e-001	-3.17305076e+000	8.54228205e+002	0.00000000e+000	3.4563e+014	1.0000e-010	0.0000e+000
3.740000e+003	2.27034664e-001	-3.17296534e+000	8.47666536e+002	0.00000000e+000	3.4449e+014	1.0000e-010	0.0000e+000
3.750000e+003	2.27119431e-001	-3.17288057e+000	8.41126346e+002	0.00000000e+000	3.4336e+014	1.0000e-010	0.0000e+000
3.760000e+003	2.27203543e-001	-3.17279646e+000	8.34607401e+002	0.00000000e+000	3.4225e+014	1.0000e-010	0.0000e+000
3.770000e+003	2.27287004e-001	-3.17271300e+000	8.28109468e+002	0.00000000e+000	3.4114e+014	1.0000e-010	0.0000e+000
3.780000e+003	2.27369815e-001	-3.17263018e+000	8.21632317e+002	0.00000000e+000	3.4005e+014	1.0000e-010	0.0000e+000
3.790000e+003	2.27451978e-001	-3.17254802e+000	8.15175718e+002	0.00000000e+000	3.3897e+014	1.0000e-010	0.0000e+000
3.800000e+003	2.27533496e-001	-3.17246650e+000	8.08739447e+002	0.00000000e+000	3.3791e+014	1.0000e-010	0.0000e+000
3.810000e+003	2.27614370e-001	-3.17238563e+000	8.02323279e+002	0.00000000e+000	3.3685e+014	1.0000e-010	0.0000e+000
3.820000e+003	2.27694602e-001	-3.17230540e+000	7.95926992e+002	0.00000000e+000	3.3581e+014	1.0000e-010	0.0000e+000
3.830000e+003	2.27774195e-001	-3.17222581e+000	7.89550369e+002	0.00000000e+000	3.3477e+014	1.0000e-010	0.0000e+000
3.840000e+003	2.27853150e-001	-3.17214685e+000	7.83193190e+002	0.00000000e+000	3.3375e+014	1.0000e-010	0.0000e+000
3.850000e+003	2.27931469e-001	-3.17206853e+000	7.76855242e+002	0.00000000e+000	3.3274e+014	1.0000e-010	0.0000e+000
3.860000e+003	2.28009155e-001	-3.17199085e+000	7.70536311e+002	0.00000000e+000	3.3174e+014	1.0000e-010	0.0000e+000
3.870000e+003	2.28086208e-001	-3.17191379e+000	7.64236186e+002	0.00000000e+000	3.3076e+014	1.0000e-010	0.0000e+000
3.880000e+003	2.28162632e-001	-3.17183737e+000	7.57954657e+002	0.00000000e+000	3.2978e+014	1.0000e-010	0.0000e+000
3.890000e+003	2.28238427e-001	-3.17176157e+000	7.51691519e+002	0.00000000e+000	3.2882e+014	1.0000e-010	0.0000e+000
3.900000e+003	2.28313597e-001	-3.17168640e+000	7.45446565e+002	0.00000000e+000	3.2786e+014	1.0000e-010	0.0000e+000
3.910000e+003	2.28388141e-001	-3.17161186e+000	7.39219593e+002	0.00000000e+000	3.2692e+014	1.0000e-010	0.0000e+000
3.920000e+003	2.28462063e-001	-3.17153794e+000	7.33010401e+002	0.00000000e+000	3.2598e+014	1.0000e-010	0.0000e+000
3.930000e+003	2.28535364e-001	-3.17146464e+000	7.26818789e+002	0.00000000e+000	3.2506e+014	1.0000e-010	0.0000e+000
3.940000e+003	2.28608046e-001	-3.17139195e+000	7.20644561e+002	0.00000000e+000	3.2415e+014	1.0000e-010	0.0000e+000
3.950000e+003	2.28680111e-001	-3.17131989e+000	7.14487519e+002	0.00000000e+000	3.2325e+014	1.0000e-010	0.0000e+000
3.960000e+003	2.28751559e-001	-3.17124844e+000	7.08347471e+002	0.00000000e+000	3.2235e+014	1.0000e-010	0.0000e+000
3.970000e+003	2.28822394e-001	-3.17117761e+000	7.02224224e+002	0.00000000e+000	3.2147e+014	1.0000e-010	0.0000e+000
3.980000e+003	2.28892616e-001	-3.17110738e+000	6.96117587e+002	0.00000000e+000	3.2060e+014	1.0000e-010	0.0000e+000
3.990000e+003	2.28962228e-001	-3.17103777e+000	6.90027371e+002	0.00000000e+000	3.1974e+014	1.0000e-010	0.0000e+000
4.000000e+003	2.29031231e-001	-3.17096877e+000	6.83953389e+002	0.00000000e+000	3.1889e+014	1.0000e-010	0.0000e+000
4.010000e+003	2.29099626e-001	-3.17090037e+000	6.77895455e+002	0.00000000e+000	3.1804e+014	1.0000e-010	0.0000e+000
4.020000e+003	2.29167416e-001	-3.17083258e+000	6.71853386e+002	0.00000000e+000	3.1721e+014	1.0000e-010	0.0000e+000
4.030000e+003	2.29234601e-001	-3.17076540e+000	6.65826999e+002	0.00000000e+000	3.1639e+014	1.0000e-010	0.0000e+000
4.040000e+003	2.29301184e-001	-3.17069882e+000	6.59816113e+002	0.00000000e+000	3.1557e+014	1.0000e-010	0.0000e+000
4.050000e+003	2.29367166e-001	-3.17063283e+000	6.53820549e+002	0.00000000e+000	3.1477e+014	1.0000e-010	0.0000e+000
4.060000e+003	2.29432548e-001	-3.17056745e+000	6.47840129e+002	0.00000000e+000	3.1397e+014	1.0000e-010	0.0000e+000
4.070000e+003	2.29497332e-001	-3.17050267e+000	6.41874677e+002	0.00000000e+000	3.1319e+014	1.0000e-010	0.0000e+000
4.080000e+003	2.29561519e-001	-3.17043848e+000	6.35924018e+002	0.00000000e+000	3.1241e+014	1.0000e-010	0.0000e+000
4.090000e+003	2.29625111e-001	-3.17037489e+000	6.29987980e+002	0.00000000e+000	3.1164e+014	1.0000e-010	0.0000e+000
4.100000e+003	2.29688110e-001	-3.17031189e+000	6.24066389e+002	0.00000000e+000	3.1088e+014	1.0000e-010	0.0000e+000
4.110000e+003	2.29750517e-001	-3.17024948e+000	6.18159075e+002	0.00000000e+000	3.1013e+014	1.0000e-010	0.0000e+000
4.120000e+003	2.29812333e-001	-3.17018767e+000	6.12265870e+002	0.00000000e+000	3.0939e+014	1.0000e-010	0.0000e+000
4.130000e+003	2.29873559e-001	-3.17012644e+000	6.06386605e+002	0.00000000e+000	3.0866e+014	1.0000e-010	0.0000e+000
4.140000e+003	2.29934198e-001	-3.17006580e+000	6.00521115e+002	0.00000000e+000	3.0794e+014	1.0000e-010	0.0000e+000
4.150000e+003	2.29994250e-001	-3.17000575e+000	5.94669234e+002	0.00000000e+000	3.0722e+014	1.0000e-010	0.0000e+000
4.160000e+003	2.30053717e-001	-3.16994628e+000	5.88830799e+002	0.00000000e+000	3.0652e+014	1.0000e-010	0.0000e+000
4.170000e+003	2.30112600e-001	-3.16988740e+000	5.83005646e+002	0.00000000e+000	3.0582e+014	1.0000e-010	0.0000e+000
4.180000e+003	2.30170901e-001	-3.16982910e+000	5.77193616e+002	0.00000000e+000	3.0513e+014	1.0000e-010	0.0000e+000
4.190000e+003	2.30228620e-001	-3.16977138e+000	5.71394547e+002	0.00000000e+000	3.0445e+014	1.0000e-010	0.0000e+000
4.200000e+003	2.30285760e-001	-3.16971424e+000	5.65608282e+002	0.00000000e+000	3.0378e+014	1.0000e-010	0.0000e+000
4.210000e+003	2.30342320e-001	-3.16965768e+000	5.59834663e+002	0.00000000e+000	3.0312e+014	1.0000e-010	0.0000e+000
4.220000e+003	2.30398304e-001	-3.16960170e+000	5.54073533e+002	0.00000000e+000	3.0246e+014	1.0000e-010	0.0000e+000
4.230000e+003	2.30453711e-001	-3.16954629e+000	5.48324737e+002	0.00000000e+000	3.0181e+014	1.0000e-010	0.0000e+000
4.240000e+003	2.30508544e-001	-3.16949146e+000	5.42588122e+002	0.00000000e+000	3.0117e+014	1.0000e-010	0.0000e+000
4.250000e+003	2.30562802e-001	-3.16943720e+000	5.36863534e+002	0.00000000e+000	3.0054e+014	1.0000e-010	0.0000e+000
4.260000e+003	2.30616489e-001	-3.16938351e+000	5.31150822e+002	0.00000000e+000	2.9992e+014	1.0000e-010	0.0000e+000
4.270000e+003	2.30669604e-001	-3.16933040e+000	5.25449835e+002	0.00000000e+000	2.9930e+014	1.0000e-010	0.0000e+000
4.280000e+003	2.30722149e-001	-3.16927785e+000	5.19760424e+002	0.00000000e+000	2.9870e+014	1.0000e-010	0.0000e+000
4.290000e+003	2.30774125e-001	-3.16922588e+000	5.14082440e+002	0.00000000e+000	2.9810e+014	1.0000e-010	0.0000e+000
4.300000e+003	2.30825533e-001	-3.16917447e+000	5.08415736e+002	0.00000000e+000	2.9750e+014	1.0000e-010	0.0000e+000
4.310000e+003	2.30876375e-001	-3.16912363e+000	5.02760165e+002	0.00000000e+000	2.9692e+014	1.0000e-010	0.0000e+000
4.320000e+003	2.30926651e-001	-3.16907335e+000	4.97115583e+002	0.00000000e+000	2.9634e+014	1.0000e-010	0.0000e+000
4.330000e+003	2.30976362e-001	-3.16902364e+000	4.91481844e+002	0.00000000e+000	2.9577e+014	1.0000e-010	0.0000e+000
4.340000e+003	2.31025511e-001	-3.16897449e+000	4.85858805e+002	0.00000000e+000	2.9521e+014	1.0000e-010	0.0000e+000
4.350000e+003	2.31074096e-001	-3.16892590e+000	4.80246325e+002	0.00000000e+000	2.9466e+014	1.0000e-010	0.0000e+000
4.360000e+003	2.31122121e-001	-3.16887788e+000	4.74644260e+002	0.00000000e+000	2.9411e+014	1.0000e-010	0.0000e+000
4.370000e+003	2.31169585e-001	-3.16883041e+000	4.69052472e+002	0.00000000e+000	2.9357e+014	1.0000e-010	0.0000e+000
4.380000e+003	2.31216491e-001	-3.16878351e+000	4.63470821e+002	0.00000000e+000	2.9304e+014	1.0000e-010	0.0000e+000
4.390000e+003	2.31262838e-001	-3.16873716e+000	4.57899167e+002	0.00000000e+000	2.9251e+014	1.0000e-010	0.0000e+000
4.400000e+003	2.31308628e-001	-3.16869137e+000	4.52337373e+002	0.00000000e+000	2.9200e+014	1.0000e-010	0.0000e+000
4.410000e+003	2.31353861e-001	-3.16864614e+000	4.46785302e+002	0.00000000e+000	2.9148e+014	1.0000e-010	0.0000e+000
4.420000e+003	2.31398540e-001	-3.16860146e+000	4.41242818e+002	0.00000000e+000	2.9098e+014	1.0000e-010	0.0000e+000
4.430000e+003	2.31442664e-001	-3.16855734e+000	4.35709786e+002	0.00000000e+000	2.9049e+014	1.0000e-010	0.0000e+000
4.440000e+003	2.31486235e-001	-3.16851376e+000	4.30186071e+002	0.00000000e+000	2.9000e+014	1.0000e-010	0.0000e+000
4.450000e+003	2.31529254e-001	-3.16847075e+000	4.24671541e+002	0.00000000e+000	2.8951e+014	1.0000e-010	0.0000e+000
4.460000e+003	2.31571721e-001	-3.16842828e+000	4.19166061e+002	0.00000000e+000	2.8904e+014	1.0000e-010	0.0000e+000
4.470000e+003	2.31613638e-001	-3.16838636e+000	4.13669501e+002	0.00000000e+000	2.8857e+014	1.0000e-010	0.0000e+000
4.480000e+003	2.31655005e-001	-3.16834500e+000	4.08181730e+002	0.00000000e+000	2.8811e+014	1.0000e-010	0.0000e+000
4.490000e+003	2.31695823e-001	-3.16830418e+000	4.02702616e+002	0.00000000e+000	2.8765e+014	1.0000e-010	0.0000e+000
4.500000e+003	2.31736093e-001	-3.16826391e+000	3.97232031e+002	0.00000000e+000	2.8721e+014	1.0000e-010	0.0000e+000
4.510000e+003	2.31775816e-001	-3.16822418e+000	3.91769845e+002	0.00000000e+000	2.8677e+014	1.0000e-010	0.0000e+000
4.520000e+003	2.31814993e-001	-3.16818501e+000	3.86315930e+002	0.00000000e+000	2.8633e+014	1.0000e-010	0.0000e+000
4.530000e+003	2.31853625e-001	-3.16814638e+000	3.80870160e+002	0.00000000e+000	2.8590e+014	1.0000e-010	0.0000e+000
4.540000e+003	2.31891712e-001	-3.16810829e+000	3.75432406e+002	0.00000000e+000	2.8548e+014	1.0000e-010	0.0000e+000
4.550000e+003	2.31929255e-001	-3.16807074e+000	3.70002544e+002	0.00000000e+000	2.8507e+014	1.0000e-010	0.0000e+000
4.560000e+003	2.31966255e-001	-3.16803374e+000	3.64580447e+002	0.00000000e+000	2.8466e+014	1.0000e-010	0.0000e+000
4.570000e+003	2.32002713e-001	-3.16799729e+000	3.59165992e+002	0.00000000e+000	2.8426e+014	1.0000e-010	0.0000e+000
4.580000e+003	2.32038630e-001	-3.16796137e+000	3.53759054e+002	0.00000000e+000	2.8387e+014	1.0000e-010	0.0000e+000
4.590000e+003	2.32074006e-001	-3.16792599e+000	3.48359510e+002	0.00000000e+000	2.8348e+014	1.0000e-010	0.0000e+000
4.600000e+003	2.32108842e-001	-3.16789116e+000	3.42967236e+002	0.00000000e+000	2.8310e+014	1.0000e-010	0.0000e+000
4.610000e+003	2.32143138e-001	-3.16785686e+000	3.37582112e+002	0.00000000e+000	2.8272e+014	1.0000e-010	0.0000e+000
4.620000e+003	2.32176897e-001	-3.16782310e+000	3.32204015e+002	0.00000000e+000	2.8235e+014	1.0000e-010	0.0000e+000
4.630000e+003	2.32210117e-001	-3.16778988e+000	3.26832825e+002	0.00000000e+000	2.8199e+014	1.0000e-010	0.0000e+000
4.640000e+003	2.32242800e-001	-3.16775720e+000	3.21468421e+002	0.00000000e+000	2.8163e+014	1.0000e-010	0.0000e+000
4.650000e+003	2.32274947e-001	-3.16772505e+000	3.16110683e+002	0.00000000e+000	2.8128e+014	1.0000e-010	0.0000e+000
4.660000e+003	2.32306558e-001	-3.16769344e+000	3.10759493e+002	0.00000000e+000	2.8094e+014	1.0000e-010	0.0000e+000
4.670000e+003	2.32337634e-001	-3.16766237e+000	3.05414731e+002	0.00000000e+000	2.8060e+014	1.0000e-010	0.0000e+000
4.680000e+003	2.32368176e-001	-3.16763182e+000	3.00076280e+002	0.00000000e+000	2.8027e+014	1.0000e-010	0.0000e+000
4.690000e+003	2.32398183e-001	-3.16760182e+000	2.94744022e+002	0.00000000e+000	2.7994e+014	1.0000e-010	0.0000e+000
4.700000e+003	2.32427658e-001	-3.16757234e+000	2.89417840e+002	0.00000000e+000	2.7963e+014	1.0000e-010	0.0000e+000
4.710000e+003	2.32456600e-001	-3.16754340e+000	2.84097617e+002	0.00000000e+000	2.7931e+014	1.0000e-010	0.0000e+000
4.720000e+003	2.32485009e-001	-3.16751499e+000	2.78783237e+002	0.00000000e+000	2.7901e+014	1.0000e-010	0.0000e+000
4.730000e+003	2.32512888e-001	-3.16748711e+000	2.73474586e+002	0.00000000e+000	2.7871e+014	1.0000e-010	0.0000e+000
4.740000e+003	2.32540235e-001	-3.16745976e+000	2.68171547e+002	0.00000000e+000	2.7841e+014	1.0000e-010	0.0000e+000
4.750000e+003	2.32567052e-001	-3.16743295e+000	2.62874007e+002	0.00000000e+000	2.7812e+014	1.0000e-010	0.0000e+000
4.760000e+003	2.32593340e-001	-3.16740666e+000	2.57581850e+002	0.00000000e+000	2.7784e+014	1.0000e-010	0.0000e+000
4.770000e+003	2.32619098e-001	-3.16738090e+000	2.52294964e+002	0.00000000e+000	2.7756e+014	1.0000e-010	0.0000e+000
4.780000e+003	2.32644327e-001	-3.16735567e+000	2.47013235e+002	0.00000000e+000	2.7729e+014	1.0000e-010	0.0000e+000
4.790000e+003	2.32669029e-001	-3.16733097e+000	2.41736550e+002	0.00000000e+000	2.7703e+014	1.0000e-010	0.0000e+000
4.800000e+003	2.32693202e-001	-3.16730680e+000	2.36464797e+002	0.00000000e+000	2.7677e+014	1.0000e-010	0.0000e+000
4.810000e+003	2.32716849e-001	-3.16728315e+000	2.31197863e+002	0.00000000e+000	2.7651e+014	1.0000e-010	0.0000e+000
4.820000e+003	2.32739969e-001	-3.16726003e+000	2.25935638e+002	0.00000000e+000	2.7627e+014	1.0000e-010	0.0000e+000
4.830000e+003	2.32762562e-001	-3.16723744e+000	2.20678010e+002	0.00000000e+000	2.7603e+014	1.0000e-010	0.0000e+000
4.840000e+003	2.32784630e-001	-3.16721537e+000	2.15424868e+002	0.00000000e+000	2.7579e+014	1.0000e-010	0.0000e+000
4.850000e+003	2.32806172e-001	-3.16719383e+000	2.10176101e+002	0.00000000e+000	2.7556e+014	1.0000e-010	0.0000e+000
4.860000e+003	2.32827190e-001	-3.16717281e+000	2.04931600e+002	0.00000000e+000	2.7534e+014	1.0000e-010	0.0000e+000
4.870000e+003	2.32847683e-001	-3.16715232e+000	1.99691255e+002	0.00000000e+000	2.7512e+014	1.0000e-010	0.0000e+000
4.880000e+003	2.32867652e-001	-3.16713235e+000	1.94454956e+002	0.00000000e+000	2.7491e+014	1.0000e-010	0.0000e+000
4.890000e+003	2.32887098e-001	-3.16711290e+000	1.89222594e+002	0.00000000e+000	2.7470e+014	1.0000e-010	0.0000e+000
4.900000e+003	2.32906020e-001	-3.16709398e+000	1.83994061e+002	0.00000000e+000	2.7450e+014	1.0000e-010	0.0000e+000
4.910000e+003	2.32924419e-001	-3.16707558e+000	1.78769248e+002	0.00000000e+000	2.7430e+014	1.0000e-010	0.0000e+000
4.920000e+003	2.32942296e-001	-3.16705770e+000	1.73548046e+002	0.00000000e+000	2.7411e+014	1.0000e-010	0.0000e+000
4.930000e+003	2.32959651e-001	-3.16704035e+000	1.68330348e+002	0.00000000e+000	2.7393e+014	1.0000e-010	0.0000e+000
4.940000e+003	2.32976484e-001	-3.16702352e+000	1.63116047e+002	0.00000000e+000	2.7375e+014	1.0000e-010	0.0000e+000
4.950000e+003	2.32992796e-001	-3.16700720e+000	1.57905034e+002	0.00000000e+000	2.7358e+014	1.0000e-010	0.0000e+000
4.960000e+003	2.33008586e-001	-3.16699141e+000	1.52697204e+002	0.00000000e+000	2.7341e+014	1.0000e-010	0.0000e+000
4.970000e+003	2.33023856e-001	-3.16697614e+000	1.47492449e+002	0.00000000e+000	2.7325e+014	1.0000e-010	0.0000e+000
4.980000e+003	2.33038605e-001	-3.16696139e+000	1.42290662e+002	0.00000000e+000	2.7309e+014	1.0000e-010	0.0000e+000
4.990000e+003	2.33052834e-001	-3.16694717e+000	1.37091737e+002	0.00000000e+000	2.7294e+014	1.0000e-010	0.0000e+000
5.000000e+003	2.33066544e-001	-3.16693346e+000	1.31895569e+002	0.00000000e+000	2.7280e+014	1.0000e-010	0.0000e+000
5.010000e+003	2.33079733e-001	-3.16692027e+000	1.26702051e+002	0.00000000e+000	2.7266e+014	1.0000e-010	0.0000e+000
5.020000e+003	2.33092403e-001	-3.16690760e+000	1.21511078e+002	0.00000000e+000	2.7253e+014	1.0000e-010	0.0000e+000
5.030000e+003	2.33104554e-001	-3.16689545e+000	1.16322544e+002	0.00000000e+000	2.7240e+014	1.0000e-010	0.0000e+000
5.040000e+003	2.33116187e-001	-3.16688381e+000	1.11136345e+002	0.00000000e+000	2.7228e+014	1.0000e-010	0.0000e+000
5.050000e+003	2.33127300e-001	-3.16687270e+000	1.05952374e+002	0.00000000e+000	2.7216e+014	1.0000e-010	0.0000e+000
5.060000e+003	2.33137896e-001	-3.16686210e+000	1.00770527e+002	0.00000000e+000	2.7205e+014	1.0000e-010	0.0000e+000
5.070000e+003	2.33147973e-001	-3.16685203e+000	9.55907003e+001	0.00000000e+000	2.7194e+014	1.0000e-010	0.0000e+000
5.080000e+003	2.33157532e-001	-3.16684247e+000	9.04127883e+001	0.00000000e+000	2.7184e+014	1.0000e-010	0.0000e+000
5.090000e+003	2.33166573e-001	-3.16683343e+000	8.52366868e+001	0.00000000e+000	2.7175e+014	1.0000e-010	0.0000e+000
5.100000e+003	2.33175097e-001	-3.16682490e+000	8.00622916e+001	0.00000000e+000	2.7166e+014	1.0000e-010	0.0000e+000
5.110000e+003	2.33183103e-001	-3.16681690e+000	7.48894987e+001	0.00000000e+000	2.7157e+014	1.0000e-010	0.0000e+000
5.120000e+003	2.33190592e-001	-3.16680941e+000	6.97182040e+001	0.00000000e+000	2.7149e+014	1.0000e-010	0.0000e+000
5.130000e+003	2.33197564e-001	-3.16680244e+000	6.45483038e+001	0.00000000e+000	2.7142e+014	1.0000e-010	0.0000e+000
5.140000e+003	2.33204018e-001	-3.16679598e+000	5.93796942e+001	0.00000000e+000	2.7135e+014	1.0000e-010	0.0000e+000
5.150000e+003	2.33209956e-001	-3.16679004e+000	5.42122717e+001	0.00000000e+000	2.7129e+014	1.0000e-010	0.0000e+000
5.160000e+003	2.33215378e-001	-3.16678462e+000	4.90459327e+001	0.00000000e+000	2.7123e+014	1.0000e-010	0.0000e+000
5.170000e+003	2.33220282e-001	-3.16677972e+000	4.38805737e+001	0.00000000e+000	2.7118e+014	1.0000e-010	0.0000e+000
5.180000e+003	2.33224670e-001	-3.16677533e+000	3.87160914e+001	0.00000000e+000	2.7114e+014	1.0000e-010	0.0000e+000
5.190000e+003	2.33228542e-001	-3.16677146e+000	3.35523825e+001	0.00000000e+000	2.7110e+014	1.0000e-010	0.0000e+000
5.200000e+003	2.33231897e-001	-3.16676810e+000	2.83893438e+001	0.00000000e+000	2.7106e+014	1.0000e-010	0.0000e+000
5.210000e+003	2.33234736e-001	-3.16676526e+000	2.32268719e+001	0.00000000e+000	2.7103e+014	1.0000e-010	0.0000e+000
5.220000e+003	2.33237059e-001	-3.16676294e+000	1.80648639e+001	0.00000000e+000	2.7101e+014	1.0000e-010	0.0000e+000
5.230000e+003	2.33238865e-001	-3.16676113e+000	1.29032166e+001	0.00000000e+000	2.7099e+014	1.0000e-010	0.0000e+000
5.240000e+003	2.33240156e-001	-3.16675984e+000	7.74182693e+000	0.00000000e+000	2.7097e+014	1.0000e-010	0.0000e+000
5.250000e+003	2.33240930e-001	-3.16675907e+000	2.58059180e+000	0.00000000e+000	2.7097e+014	1.0000e-010	0.0000e+000
5.260000e+003	2.33241188e-001	-3.16675881e+000	2.58059180e+000	0.00000000e+000	2.7096e+014	1.0000e-010	0.0000e+000
