Y (ang)	Ec (eV)	Ev (eV)	E (V/cm)	Ef (eV)	n (cm-3)	p (cm-3)	Nd - Na (cm-3)	el eval 1 (eV)	el eval 2 (eV)	el eval 3 (eV)	el eval 4 (eV)	el eval 5 (eV)	el eval 6 (eV)	el eval 7 (eV)	el eval 8 (eV)	el eval 9 (eV)	el eval 10 (eV)	el eval 11 (eV)	el eval 12 (eV)
0.000000e+000	6.00000000e-001	-2.80000000e+000	2.37806283e+006	-0.00000000e+000	1.8691e+008	1.0000e-010	0.0000e+000
1.000000e+001	1.39780628e+000	-2.70219372e+000	-2.66723128e+005	0.00000000e+000	7.3206e-006	1.0000e-010	-1.3848e+020
2.000000e+001	1.37772221e+000	-2.73051309e+000	-3.00415774e+005	0.00000000e+000	1.6087e-005	1.0000e-010	-1.7174e+018	-1.2634e-001	4.2632e-003	5.1681e-002	7.7677e-002	9.5307e-002	1.0858e-001	1.1919e-001	1.2803e-001	1.3558e-001	1.4218e-001	1.4808e-001	1.5379e-001
3.000000e+001	1.35426886e+000	-2.76220173e+000	-3.34170021e+005	0.00000000e+000	3.9854e-005	1.0000e-010	-1.7195e+018
4.000000e+001	1.32744010e+000	-2.79726579e+000	-3.67985929e+005	0.00000000e+000	1.1250e-004	1.0000e-010	-1.7215e+018
5.000000e+001	1.29722974e+000	-2.83571144e+000	-4.01863555e+005	0.00000000e+000	3.6198e-004	1.0000e-010	-1.7236e+018
6.000000e+001	1.26363162e+000	-2.87754485e+000	-4.35802960e+005	0.00000000e+000	1.3277e-003	1.0000e-010	-1.7256e+018
7.000000e+001	1.22663956e+000	-2.92277221e+000	-4.69804202e+005	0.00000000e+000	5.5532e-003	1.0000e-010	-1.7277e+018
8.000000e+001	1.18624737e+000	-2.97139969e+000	-5.03867341e+005	0.00000000e+000	2.6491e-002	1.0000e-010	-1.7297e+018
9.000000e+001	1.14244887e+000	-3.02343348e+000	-5.37992435e+005	0.00000000e+000	1.4418e-001	1.0000e-010	-1.7318e+018
1.000000e+002	1.09523787e+000	-3.07887978e+000	-5.72179544e+005	0.00000000e+000	8.9565e-001	1.0000e-010	-1.7339e+018
1.100000e+002	1.04460815e+000	-3.13774479e+000	-6.06428726e+005	0.00000000e+000	6.3628e+000	1.0000e-010	-1.7359e+018
1.200000e+002	9.90553509e-001	-3.20003473e+000	-6.40740043e+005	0.00000000e+000	5.2209e+001	1.0000e-010	-1.7380e+018
1.300000e+002	9.33067740e-001	-3.26575579e+000	-6.75113552e+005	0.00000000e+000	5.1613e+002	1.0000e-010	-1.7400e+018
1.400000e+002	8.72144620e-001	-3.33491420e+000	-7.09549314e+005	0.00000000e+000	6.8965e+003	1.0000e-010	-1.7421e+018
1.500000e+002	8.07777924e-001	-3.40751619e+000	-7.44047389e+005	0.00000000e+000	1.3957e+005	1.0000e-010	-1.7441e+018
1.600000e+002	7.39961421e-001	-3.48356799e+000	-7.78607835e+005	0.00000000e+000	3.8749e+006	1.0000e-010	-1.7462e+018
1.700000e+002	6.68688873e-001	-3.56307583e+000	-8.13230713e+005	0.00000000e+000	1.1925e+008	1.0000e-010	-1.7482e+018
1.800000e+002	4.81954037e-001	-3.61804596e+000	-2.66723129e+005	0.00000000e+000	2.1301e+010	1.0000e-010	2.7725e+019
1.900000e+002	4.55281724e-001	-3.64471828e+000	-2.66723131e+005	0.00000000e+000	1.2329e+011	1.0000e-010	0.0000e+000
2.000000e+002	4.28609411e-001	-3.67139059e+000	-2.66723164e+005	0.00000000e+000	1.6719e+012	1.0000e-010	0.0000e+000
2.100000e+002	4.01937094e-001	-3.69806291e+000	-2.66723779e+005	0.00000000e+000	3.1451e+013	1.0000e-010	0.0000e+000
2.200000e+002	3.75264716e-001	-3.72473528e+000	-2.66735635e+005	0.00000000e+000	6.0607e+014	1.0000e-010	0.0000e+000
2.300000e+002	3.48591153e-001	-3.75140885e+000	-2.66955525e+005	0.00000000e+000	1.1240e+016	1.0000e-010	0.0000e+000
2.400000e+002	3.21895600e-001	-3.77810440e+000	-2.70823718e+005	0.00000000e+000	1.9774e+017	1.0000e-010	0.0000e+000
2.500000e+002	2.94813229e-001	-3.80518677e+000	-3.34896171e+005	0.00000000e+000	3.2753e+018	1.0000e-010	0.0000e+000
2.600000e+002	-2.98676389e-001	-3.69867639e+000	1.34484052e+006	0.00000000e+000	5.0759e+019	1.0000e-010	1.3848e+020
2.700000e+002	-1.64192337e-001	-3.56419234e+000	6.77320152e+005	0.00000000e+000	3.5045e+019	1.0000e-010	0.0000e+000
2.800000e+002	-9.64603215e-002	-3.49646032e+000	3.99595780e+005	0.00000000e+000	1.4581e+019	1.0000e-010	0.0000e+000
2.900000e+002	-5.65007435e-002	-3.45650074e+000	2.72076403e+005	0.00000000e+000	6.6947e+018	1.0000e-010	0.0000e+000
3.000000e+002	-2.92931032e-002	-3.42929310e+000	1.96985695e+005	0.00000000e+000	3.9422e+018	1.0000e-010	0.0000e+000
3.100000e+002	-9.59453375e-003	-3.40959453e+000	1.48892252e+005	0.00000000e+000	2.5248e+018	1.0000e-010	0.0000e+000
3.200000e+002	5.29469147e-003	-3.39470531e+000	1.17574606e+005	0.00000000e+000	1.6441e+018	1.0000e-010	0.0000e+000
3.300000e+002	1.70521521e-002	-3.38294785e+000	9.65098618e+004	0.00000000e+000	1.1058e+018	1.0000e-010	0.0000e+000
3.400000e+002	2.67031383e-002	-3.37329686e+000	8.16536403e+004	0.00000000e+000	7.7988e+017	1.0000e-010	0.0000e+000
3.500000e+002	3.48685023e-002	-3.36513150e+000	7.06645593e+004	0.00000000e+000	5.7686e+017	1.0000e-010	0.0000e+000
3.600000e+002	4.19349582e-002	-3.35806504e+000	6.22219913e+004	0.00000000e+000	4.4317e+017	1.0000e-010	0.0000e+000
3.700000e+002	4.81571574e-002	-3.35184284e+000	5.55583148e+004	0.00000000e+000	3.4978e+017	1.0000e-010	0.0000e+000
3.800000e+002	5.37129888e-002	-3.34628701e+000	5.01778909e+004	0.00000000e+000	2.8242e+017	1.0000e-010	0.0000e+000
3.900000e+002	5.87307779e-002	-3.34126922e+000	4.57386321e+004	0.00000000e+000	2.3301e+017	1.0000e-010	0.0000e+000
4.000000e+002	6.33046411e-002	-3.33669536e+000	4.20116534e+004	0.00000000e+000	1.9562e+017	1.0000e-010	0.0000e+000
4.100000e+002	6.75058065e-002	-3.33249419e+000	3.88444840e+004	0.00000000e+000	1.6623e+017	1.0000e-010	0.0000e+000
4.200000e+002	7.13902549e-002	-3.32860975e+000	3.61238609e+004	0.00000000e+000	1.4279e+017	1.0000e-010	0.0000e+000
4.300000e+002	7.50026410e-002	-3.32499736e+000	3.37587878e+004	0.00000000e+000	1.2412e+017	1.0000e-010	0.0000e+000
4.400000e+002	7.83785197e-002	-3.32162148e+000	3.16803545e+004	0.00000000e+000	1.0908e+017	1.0000e-010	0.0000e+000
4.500000e+002	8.15465552e-002	-3.31845344e+000	2.98403996e+004	0.00000000e+000	9.6559e+016	1.0000e-010	0.0000e+000
4.600000e+002	8.45305952e-002	-3.31546940e+000	2.82032165e+004	0.00000000e+000	8.5916e+016	1.0000e-010	0.0000e+000
4.700000e+002	8.73509168e-002	-3.31264908e+000	2.67378252e+004	0.00000000e+000	7.6898e+016	1.0000e-010	0.0000e+000
4.800000e+002	9.00246993e-002	-3.30997530e+000	2.54166040e+004	0.00000000e+000	6.9331e+016	1.0000e-010	0.0000e+000
4.900000e+002	9.25663597e-002	-3.30743364e+000	2.42175579e+004	0.00000000e+000	6.2918e+016	1.0000e-010	0.0000e+000
5.000000e+002	9.49881155e-002	-3.30501188e+000	2.31249119e+004	0.00000000e+000	5.7334e+016	1.0000e-010	0.0000e+000
5.100000e+002	9.73006067e-002	-3.30269939e+000	2.21267023e+004	0.00000000e+000	5.2377e+016	1.0000e-010	0.0000e+000
5.200000e+002	9.95132769e-002	-3.30048672e+000	2.12119805e+004	0.00000000e+000	4.7995e+016	1.0000e-010	0.0000e+000
5.300000e+002	1.01634475e-001	-3.29836553e+000	2.03700244e+004	0.00000000e+000	4.4176e+016	1.0000e-010	0.0000e+000
5.400000e+002	1.03671477e-001	-3.29632852e+000	1.95913309e+004	0.00000000e+000	4.0856e+016	1.0000e-010	0.0000e+000
5.500000e+002	1.05630611e-001	-3.29436939e+000	1.88685986e+004	0.00000000e+000	3.7919e+016	1.0000e-010	0.0000e+000
5.600000e+002	1.07517470e-001	-3.29248253e+000	1.81965337e+004	0.00000000e+000	3.5260e+016	1.0000e-010	0.0000e+000
5.700000e+002	1.09337124e-001	-3.29066288e+000	1.75707858e+004	0.00000000e+000	3.2830e+016	1.0000e-010	0.0000e+000
5.800000e+002	1.11094202e-001	-3.28890580e+000	1.69870361e+004	0.00000000e+000	3.0625e+016	1.0000e-010	0.0000e+000
5.900000e+002	1.12792906e-001	-3.28720709e+000	1.64408521e+004	0.00000000e+000	2.8654e+016	1.0000e-010	0.0000e+000
6.000000e+002	1.14436991e-001	-3.28556301e+000	1.59281315e+004	0.00000000e+000	2.6898e+016	1.0000e-010	0.0000e+000
6.100000e+002	1.16029804e-001	-3.28397020e+000	1.54455556e+004	0.00000000e+000	2.5316e+016	1.0000e-010	0.0000e+000
6.200000e+002	1.17574360e-001	-3.28242564e+000	1.49906498e+004	0.00000000e+000	2.3864e+016	1.0000e-010	0.0000e+000
6.300000e+002	1.19073425e-001	-3.28092658e+000	1.45614709e+004	0.00000000e+000	2.2514e+016	1.0000e-010	0.0000e+000
6.400000e+002	1.20529572e-001	-3.27947043e+000	1.41562109e+004	0.00000000e+000	2.1259e+016	1.0000e-010	0.0000e+000
6.500000e+002	1.21945193e-001	-3.27805481e+000	1.37729838e+004	0.00000000e+000	2.0103e+016	1.0000e-010	0.0000e+000
6.600000e+002	1.23322491e-001	-3.27667751e+000	1.34098601e+004	0.00000000e+000	1.9048e+016	1.0000e-010	0.0000e+000
6.700000e+002	1.24663477e-001	-3.27533652e+000	1.30650389e+004	0.00000000e+000	1.8088e+016	1.0000e-010	0.0000e+000
6.800000e+002	1.25969981e-001	-3.27403002e+000	1.27369953e+004	0.00000000e+000	1.7208e+016	1.0000e-010	0.0000e+000
6.900000e+002	1.27243681e-001	-3.27275632e+000	1.24245134e+004	0.00000000e+000	1.6391e+016	1.0000e-010	0.0000e+000
7.000000e+002	1.28486132e-001	-3.27151387e+000	1.21266103e+004	0.00000000e+000	1.5627e+016	1.0000e-010	0.0000e+000
7.100000e+002	1.29698793e-001	-3.27030121e+000	1.18424219e+004	0.00000000e+000	1.4907e+016	1.0000e-010	0.0000e+000
7.200000e+002	1.30883035e-001	-3.26911696e+000	1.15711156e+004	0.00000000e+000	1.4231e+016	1.0000e-010	0.0000e+000
7.300000e+002	1.32040147e-001	-3.26795985e+000	1.13118608e+004	0.00000000e+000	1.3599e+016	1.0000e-010	0.0000e+000
7.400000e+002	1.33171333e-001	-3.26682867e+000	1.10638438e+004	0.00000000e+000	1.3009e+016	1.0000e-010	0.0000e+000
7.500000e+002	1.34277717e-001	-3.26572228e+000	1.08262976e+004	0.00000000e+000	1.2460e+016	1.0000e-010	0.0000e+000
7.600000e+002	1.35360347e-001	-3.26463965e+000	1.05985204e+004	0.00000000e+000	1.1948e+016	1.0000e-010	0.0000e+000
7.700000e+002	1.36420199e-001	-3.26357980e+000	1.03798782e+004	0.00000000e+000	1.1469e+016	1.0000e-010	0.0000e+000
7.800000e+002	1.37458187e-001	-3.26254181e+000	1.01697897e+004	0.00000000e+000	1.1020e+016	1.0000e-010	0.0000e+000
7.900000e+002	1.38475166e-001	-3.26152483e+000	9.96771677e+003	0.00000000e+000	1.0600e+016	1.0000e-010	0.0000e+000
8.000000e+002	1.39471938e-001	-3.26052806e+000	9.77316267e+003	0.00000000e+000	1.0205e+016	1.0000e-010	0.0000e+000
8.100000e+002	1.40449254e-001	-3.25955075e+000	9.58568172e+003	0.00000000e+000	9.8342e+015	1.0000e-010	0.0000e+000
8.200000e+002	1.41407822e-001	-3.25859218e+000	9.40489280e+003	0.00000000e+000	9.4831e+015	1.0000e-010	0.0000e+000
8.300000e+002	1.42348311e-001	-3.25765169e+000	9.23048821e+003	0.00000000e+000	9.1482e+015	1.0000e-010	0.0000e+000
8.400000e+002	1.43271360e-001	-3.25672864e+000	9.06223103e+003	0.00000000e+000	8.8257e+015	1.0000e-010	0.0000e+000
8.500000e+002	1.44177583e-001	-3.25582242e+000	8.89993931e+003	0.00000000e+000	8.5127e+015	1.0000e-010	0.0000e+000
8.600000e+002	1.45067577e-001	-3.25493242e+000	8.74346030e+003	0.00000000e+000	8.2078e+015	1.0000e-010	0.0000e+000
8.700000e+002	1.45941923e-001	-3.25405808e+000	8.59264128e+003	0.00000000e+000	7.9109e+015	1.0000e-010	0.0000e+000
8.800000e+002	1.46801187e-001	-3.25319881e+000	8.44730383e+003	0.00000000e+000	7.6234e+015	1.0000e-010	0.0000e+000
8.900000e+002	1.47645918e-001	-3.25235408e+000	8.30722687e+003	0.00000000e+000	7.3476e+015	1.0000e-010	0.0000e+000
9.000000e+002	1.48476641e-001	-3.25152336e+000	8.17214096e+003	0.00000000e+000	7.0859e+015	1.0000e-010	0.0000e+000
9.100000e+002	1.49293855e-001	-3.25070615e+000	8.04173338e+003	0.00000000e+000	6.8406e+015	1.0000e-010	0.0000e+000
9.200000e+002	1.50098028e-001	-3.24990197e+000	7.91566137e+003	0.00000000e+000	6.6134e+015	1.0000e-010	0.0000e+000
9.300000e+002	1.50889594e-001	-3.24911041e+000	7.79356988e+003	0.00000000e+000	6.4047e+015	1.0000e-010	0.0000e+000
9.400000e+002	1.51668951e-001	-3.24833105e+000	7.67510807e+003	0.00000000e+000	6.2144e+015	1.0000e-010	0.0000e+000
9.500000e+002	1.52436462e-001	-3.24756354e+000	7.55995091e+003	0.00000000e+000	6.0412e+015	1.0000e-010	0.0000e+000
9.600000e+002	1.53192457e-001	-3.24680754e+000	7.44780707e+003	0.00000000e+000	5.8832e+015	1.0000e-010	0.0000e+000
9.700000e+002	1.53937238e-001	-3.24606276e+000	7.33842843e+003	0.00000000e+000	5.7382e+015	1.0000e-010	0.0000e+000
9.800000e+002	1.54671081e-001	-3.24532892e+000	7.23161522e+003	0.00000000e+000	5.6036e+015	1.0000e-010	0.0000e+000
9.900000e+002	1.55394242e-001	-3.24460576e+000	7.12721835e+003	0.00000000e+000	5.4768e+015	1.0000e-010	0.0000e+000
1.000000e+003	1.56106964e-001	-3.24389304e+000	7.02531659e+003	0.00000000e+000	5.3458e+015	1.0000e-010	0.0000e+000	-1.2634e-001	4.2632e-003	5.1681e-002	7.7677e-002	9.5307e-002	1.0858e-001	1.1919e-001	1.2803e-001	1.3558e-001	1.4218e-001	1.4808e-001	1.5379e-001
1.010000e+003	1.56809496e-001	-3.24319050e+000	6.92606312e+003	0.00000000e+000	5.2096e+015	1.0000e-010	0.0000e+000
1.020000e+003	1.57502102e-001	-3.24249790e+000	6.82943347e+003	0.00000000e+000	5.0719e+015	1.0000e-010	0.0000e+000
1.030000e+003	1.58185045e-001	-3.24181495e+000	6.73532310e+003	0.00000000e+000	4.9397e+015	1.0000e-010	0.0000e+000
1.040000e+003	1.58858577e-001	-3.24114142e+000	6.64363296e+003	0.00000000e+000	4.8126e+015	1.0000e-010	0.0000e+000
1.050000e+003	1.59522941e-001	-3.24047706e+000	6.55426912e+003	0.00000000e+000	4.6905e+015	1.0000e-010	0.0000e+000
1.060000e+003	1.60178368e-001	-3.23982163e+000	6.46714245e+003	0.00000000e+000	4.5731e+015	1.0000e-010	0.0000e+000
1.070000e+003	1.60825082e-001	-3.23917492e+000	6.38216831e+003	0.00000000e+000	4.4602e+015	1.0000e-010	0.0000e+000
1.080000e+003	1.61463299e-001	-3.23853670e+000	6.29926627e+003	0.00000000e+000	4.3514e+015	1.0000e-010	0.0000e+000
1.090000e+003	1.62093225e-001	-3.23790677e+000	6.21835986e+003	0.00000000e+000	4.2467e+015	1.0000e-010	0.0000e+000
1.100000e+003	1.62715061e-001	-3.23728494e+000	6.13937634e+003	0.00000000e+000	4.1458e+015	1.0000e-010	0.0000e+000
1.110000e+003	1.63328999e-001	-3.23667100e+000	6.06224643e+003	0.00000000e+000	4.0485e+015	1.0000e-010	0.0000e+000
1.120000e+003	1.63935224e-001	-3.23606478e+000	5.98690416e+003	0.00000000e+000	3.9547e+015	1.0000e-010	0.0000e+000
1.130000e+003	1.64533914e-001	-3.23546609e+000	5.91328664e+003	0.00000000e+000	3.8641e+015	1.0000e-010	0.0000e+000
1.140000e+003	1.65125243e-001	-3.23487476e+000	5.84133392e+003	0.00000000e+000	3.7768e+015	1.0000e-010	0.0000e+000
1.150000e+003	1.65709376e-001	-3.23429062e+000	5.77098876e+003	0.00000000e+000	3.6924e+015	1.0000e-010	0.0000e+000
1.160000e+003	1.66286475e-001	-3.23371352e+000	5.70219653e+003	0.00000000e+000	3.6109e+015	1.0000e-010	0.0000e+000
1.170000e+003	1.66856695e-001	-3.23314331e+000	5.63490504e+003	0.00000000e+000	3.5321e+015	1.0000e-010	0.0000e+000
1.180000e+003	1.67420185e-001	-3.23257981e+000	5.56906442e+003	0.00000000e+000	3.4560e+015	1.0000e-010	0.0000e+000
1.190000e+003	1.67977092e-001	-3.23202291e+000	5.50462698e+003	0.00000000e+000	3.3823e+015	1.0000e-010	0.0000e+000
1.200000e+003	1.68527554e-001	-3.23147245e+000	5.44154710e+003	0.00000000e+000	3.3111e+015	1.0000e-010	0.0000e+000
1.210000e+003	1.69071709e-001	-3.23092829e+000	5.37978109e+003	0.00000000e+000	3.2421e+015	1.0000e-010	0.0000e+000
1.220000e+003	1.69609687e-001	-3.23039031e+000	5.31928715e+003	0.00000000e+000	3.1754e+015	1.0000e-010	0.0000e+000
1.230000e+003	1.70141616e-001	-3.22985838e+000	5.26002521e+003	0.00000000e+000	3.1107e+015	1.0000e-010	0.0000e+000
1.240000e+003	1.70667618e-001	-3.22933238e+000	5.20195687e+003	0.00000000e+000	3.0480e+015	1.0000e-010	0.0000e+000
1.250000e+003	1.71187814e-001	-3.22881219e+000	5.14504531e+003	0.00000000e+000	2.9873e+015	1.0000e-010	0.0000e+000
1.260000e+003	1.71702319e-001	-3.22829768e+000	5.08925521e+003	0.00000000e+000	2.9285e+015	1.0000e-010	0.0000e+000
1.270000e+003	1.72211244e-001	-3.22778876e+000	5.03455265e+003	0.00000000e+000	2.8714e+015	1.0000e-010	0.0000e+000
1.280000e+003	1.72714699e-001	-3.22728530e+000	4.98090509e+003	0.00000000e+000	2.8160e+015	1.0000e-010	0.0000e+000
1.290000e+003	1.73212790e-001	-3.22678721e+000	4.92828127e+003	0.00000000e+000	2.7623e+015	1.0000e-010	0.0000e+000
1.300000e+003	1.73705618e-001	-3.22629438e+000	4.87665114e+003	0.00000000e+000	2.7101e+015	1.0000e-010	0.0000e+000
1.310000e+003	1.74193283e-001	-3.22580672e+000	4.82598582e+003	0.00000000e+000	2.6595e+015	1.0000e-010	0.0000e+000
1.320000e+003	1.74675882e-001	-3.22532412e+000	4.77625753e+003	0.00000000e+000	2.6103e+015	1.0000e-010	0.0000e+000
1.330000e+003	1.75153507e-001	-3.22484649e+000	4.72743955e+003	0.00000000e+000	2.5625e+015	1.0000e-010	0.0000e+000
1.340000e+003	1.75626251e-001	-3.22437375e+000	4.67950618e+003	0.00000000e+000	2.5161e+015	1.0000e-010	0.0000e+000
1.350000e+003	1.76094202e-001	-3.22390580e+000	4.63243265e+003	0.00000000e+000	2.4710e+015	1.0000e-010	0.0000e+000
1.360000e+003	1.76557445e-001	-3.22344255e+000	4.58619512e+003	0.00000000e+000	2.4271e+015	1.0000e-010	0.0000e+000
1.370000e+003	1.77016065e-001	-3.22298394e+000	4.54077062e+003	0.00000000e+000	2.3844e+015	1.0000e-010	0.0000e+000
1.380000e+003	1.77470142e-001	-3.22252986e+000	4.49613701e+003	0.00000000e+000	2.3429e+015	1.0000e-010	0.0000e+000
1.390000e+003	1.77919756e-001	-3.22208024e+000	4.45227295e+003	0.00000000e+000	2.3025e+015	1.0000e-010	0.0000e+000
1.400000e+003	1.78364983e-001	-3.22163502e+000	4.40915786e+003	0.00000000e+000	2.2632e+015	1.0000e-010	0.0000e+000
1.410000e+003	1.78805899e-001	-3.22119410e+000	4.36677188e+003	0.00000000e+000	2.2249e+015	1.0000e-010	0.0000e+000
1.420000e+003	1.79242576e-001	-3.22075742e+000	4.32509584e+003	0.00000000e+000	2.1877e+015	1.0000e-010	0.0000e+000
1.430000e+003	1.79675085e-001	-3.22032491e+000	4.28411125e+003	0.00000000e+000	2.1514e+015	1.0000e-010	0.0000e+000
1.440000e+003	1.80103497e-001	-3.21989650e+000	4.24380026e+003	0.00000000e+000	2.1160e+015	1.0000e-010	0.0000e+000
1.450000e+003	1.80527877e-001	-3.21947212e+000	4.20414559e+003	0.00000000e+000	2.0816e+015	1.0000e-010	0.0000e+000
1.460000e+003	1.80948291e-001	-3.21905171e+000	4.16513059e+003	0.00000000e+000	2.0480e+015	1.0000e-010	0.0000e+000
1.470000e+003	1.81364804e-001	-3.21863520e+000	4.12673914e+003	0.00000000e+000	2.0153e+015	1.0000e-010	0.0000e+000
1.480000e+003	1.81777478e-001	-3.21822252e+000	4.08895566e+003	0.00000000e+000	1.9834e+015	1.0000e-010	0.0000e+000
1.490000e+003	1.82186374e-001	-3.21781363e+000	4.05176510e+003	0.00000000e+000	1.9522e+015	1.0000e-010	0.0000e+000
1.500000e+003	1.82591550e-001	-3.21740845e+000	4.01515288e+003	0.00000000e+000	1.9219e+015	1.0000e-010	0.0000e+000
1.510000e+003	1.82993065e-001	-3.21700693e+000	3.97910490e+003	0.00000000e+000	1.8923e+015	1.0000e-010	0.0000e+000
1.520000e+003	1.83390976e-001	-3.21660902e+000	3.94360751e+003	0.00000000e+000	1.8634e+015	1.0000e-010	0.0000e+000
1.530000e+003	1.83785337e-001	-3.21621466e+000	3.90864752e+003	0.00000000e+000	1.8352e+015	1.0000e-010	0.0000e+000
1.540000e+003	1.84176201e-001	-3.21582380e+000	3.87421212e+003	0.00000000e+000	1.8076e+015	1.0000e-010	0.0000e+000
1.550000e+003	1.84563623e-001	-3.21543638e+000	3.84028893e+003	0.00000000e+000	1.7807e+015	1.0000e-010	0.0000e+000
1.560000e+003	1.84947652e-001	-3.21505235e+000	3.80686594e+003	0.00000000e+000	1.7545e+015	1.0000e-010	0.0000e+000
1.570000e+003	1.85328338e-001	-3.21467166e+000	3.77393152e+003	0.00000000e+000	1.7288e+015	1.0000e-010	0.0000e+000
1.580000e+003	1.85705731e-001	-3.21429427e+000	3.74147438e+003	0.00000000e+000	1.7038e+015	1.0000e-010	0.0000e+000
1.590000e+003	1.86079879e-001	-3.21392012e+000	3.70948361e+003	0.00000000e+000	1.6793e+015	1.0000e-010	0.0000e+000
1.600000e+003	1.86450827e-001	-3.21354917e+000	3.67794859e+003	0.00000000e+000	1.6554e+015	1.0000e-010	0.0000e+000
1.610000e+003	1.86818622e-001	-3.21318138e+000	3.64685905e+003	0.00000000e+000	1.6320e+015	1.0000e-010	0.0000e+000
1.620000e+003	1.87183308e-001	-3.21281669e+000	3.61620499e+003	0.00000000e+000	1.6091e+015	1.0000e-010	0.0000e+000
1.630000e+003	1.87544928e-001	-3.21245507e+000	3.58597675e+003	0.00000000e+000	1.5868e+015	1.0000e-010	0.0000e+000
1.640000e+003	1.87903526e-001	-3.21209647e+000	3.55616491e+003	0.00000000e+000	1.5649e+015	1.0000e-010	0.0000e+000
1.650000e+003	1.88259143e-001	-3.21174086e+000	3.52676035e+003	0.00000000e+000	1.5436e+015	1.0000e-010	0.0000e+000
1.660000e+003	1.88611819e-001	-3.21138818e+000	3.49775420e+003	0.00000000e+000	1.5226e+015	1.0000e-010	0.0000e+000
1.670000e+003	1.88961594e-001	-3.21103841e+000	3.46913787e+003	0.00000000e+000	1.5022e+015	1.0000e-010	0.0000e+000
1.680000e+003	1.89308508e-001	-3.21069149e+000	3.44090297e+003	0.00000000e+000	1.4822e+015	1.0000e-010	0.0000e+000
1.690000e+003	1.89652598e-001	-3.21034740e+000	3.41304140e+003	0.00000000e+000	1.4626e+015	1.0000e-010	0.0000e+000
1.700000e+003	1.89993902e-001	-3.21000610e+000	3.38554524e+003	0.00000000e+000	1.4434e+015	1.0000e-010	0.0000e+000
1.710000e+003	1.90332457e-001	-3.20966754e+000	3.35840682e+003	0.00000000e+000	1.4246e+015	1.0000e-010	0.0000e+000
1.720000e+003	1.90668297e-001	-3.20933170e+000	3.33161868e+003	0.00000000e+000	1.4062e+015	1.0000e-010	0.0000e+000
1.730000e+003	1.91001459e-001	-3.20899854e+000	3.30517354e+003	0.00000000e+000	1.3882e+015	1.0000e-010	0.0000e+000
1.740000e+003	1.91331977e-001	-3.20866802e+000	3.27906436e+003	0.00000000e+000	1.3706e+015	1.0000e-010	0.0000e+000
1.750000e+003	1.91659883e-001	-3.20834012e+000	3.25328425e+003	0.00000000e+000	1.3533e+015	1.0000e-010	0.0000e+000
1.760000e+003	1.91985212e-001	-3.20801479e+000	3.22782653e+003	0.00000000e+000	1.3364e+015	1.0000e-010	0.0000e+000
1.770000e+003	1.92307994e-001	-3.20769201e+000	3.20268470e+003	0.00000000e+000	1.3198e+015	1.0000e-010	0.0000e+000
1.780000e+003	1.92628263e-001	-3.20737174e+000	3.17785241e+003	0.00000000e+000	1.3036e+015	1.0000e-010	0.0000e+000
1.790000e+003	1.92946048e-001	-3.20705395e+000	3.15332351e+003	0.00000000e+000	1.2876e+015	1.0000e-010	0.0000e+000
1.800000e+003	1.93261380e-001	-3.20673862e+000	3.12909198e+003	0.00000000e+000	1.2720e+015	1.0000e-010	0.0000e+000
1.810000e+003	1.93574289e-001	-3.20642571e+000	3.10515198e+003	0.00000000e+000	1.2567e+015	1.0000e-010	0.0000e+000
1.820000e+003	1.93884805e-001	-3.20611520e+000	3.08149782e+003	0.00000000e+000	1.2417e+015	1.0000e-010	0.0000e+000
1.830000e+003	1.94192954e-001	-3.20580705e+000	3.05812392e+003	0.00000000e+000	1.2270e+015	1.0000e-010	0.0000e+000
1.840000e+003	1.94498767e-001	-3.20550123e+000	3.03502490e+003	0.00000000e+000	1.2126e+015	1.0000e-010	0.0000e+000
1.850000e+003	1.94802269e-001	-3.20519773e+000	3.01219548e+003	0.00000000e+000	1.1984e+015	1.0000e-010	0.0000e+000
1.860000e+003	1.95103489e-001	-3.20489651e+000	2.98963051e+003	0.00000000e+000	1.1845e+015	1.0000e-010	0.0000e+000
1.870000e+003	1.95402452e-001	-3.20459755e+000	2.96732499e+003	0.00000000e+000	1.1709e+015	1.0000e-010	0.0000e+000
1.880000e+003	1.95699184e-001	-3.20430082e+000	2.94527404e+003	0.00000000e+000	1.1576e+015	1.0000e-010	0.0000e+000
1.890000e+003	1.95993712e-001	-3.20400629e+000	2.92347288e+003	0.00000000e+000	1.1444e+015	1.0000e-010	0.0000e+000
1.900000e+003	1.96286059e-001	-3.20371394e+000	2.90191687e+003	0.00000000e+000	1.1316e+015	1.0000e-010	0.0000e+000
1.910000e+003	1.96576251e-001	-3.20342375e+000	2.88060147e+003	0.00000000e+000	1.1189e+015	1.0000e-010	0.0000e+000
1.920000e+003	1.96864311e-001	-3.20313569e+000	2.85952227e+003	0.00000000e+000	1.1065e+015	1.0000e-010	0.0000e+000
1.930000e+003	1.97150263e-001	-3.20284974e+000	2.83867494e+003	0.00000000e+000	1.0944e+015	1.0000e-010	0.0000e+000
1.940000e+003	1.97434131e-001	-3.20256587e+000	2.81805528e+003	0.00000000e+000	1.0824e+015	1.0000e-010	0.0000e+000
1.950000e+003	1.97715936e-001	-3.20228406e+000	2.79765916e+003	0.00000000e+000	1.0707e+015	1.0000e-010	0.0000e+000
1.960000e+003	1.97995702e-001	-3.20200430e+000	2.77748258e+003	0.00000000e+000	1.0592e+015	1.0000e-010	0.0000e+000
1.970000e+003	1.98273450e-001	-3.20172655e+000	2.75752160e+003	0.00000000e+000	1.0479e+015	1.0000e-010	0.0000e+000
1.980000e+003	1.98549202e-001	-3.20145080e+000	2.73777242e+003	0.00000000e+000	1.0367e+015	1.0000e-010	0.0000e+000
1.990000e+003	1.98822980e-001	-3.20117702e+000	2.71823127e+003	0.00000000e+000	1.0258e+015	1.0000e-010	0.0000e+000
2.000000e+003	1.99094803e-001	-3.20090520e+000	2.69889452e+003	0.00000000e+000	1.0151e+015	1.0000e-010	0.0000e+000
2.010000e+003	1.99364692e-001	-3.20063531e+000	2.67975859e+003	0.00000000e+000	1.0045e+015	1.0000e-010	0.0000e+000
2.020000e+003	1.99632668e-001	-3.20036733e+000	2.66081999e+003	0.00000000e+000	9.9418e+014	1.0000e-010	0.0000e+000
2.030000e+003	1.99898750e-001	-3.20010125e+000	2.64207532e+003	0.00000000e+000	9.8400e+014	1.0000e-010	0.0000e+000
2.040000e+003	2.00162958e-001	-3.19983704e+000	2.62352125e+003	0.00000000e+000	9.7400e+014	1.0000e-010	0.0000e+000
2.050000e+003	2.00425310e-001	-3.19957469e+000	2.60515451e+003	0.00000000e+000	9.6417e+014	1.0000e-010	0.0000e+000
2.060000e+003	2.00685825e-001	-3.19931417e+000	2.58697193e+003	0.00000000e+000	9.5450e+014	1.0000e-010	0.0000e+000
2.070000e+003	2.00944522e-001	-3.19905548e+000	2.56897039e+003	0.00000000e+000	9.4500e+014	1.0000e-010	0.0000e+000
2.080000e+003	2.01201420e-001	-3.19879858e+000	2.55114685e+003	0.00000000e+000	9.3565e+014	1.0000e-010	0.0000e+000
2.090000e+003	2.01456534e-001	-3.19854347e+000	2.53349834e+003	0.00000000e+000	9.2647e+014	1.0000e-010	0.0000e+000
2.100000e+003	2.01709884e-001	-3.19829012e+000	2.51602193e+003	0.00000000e+000	9.1743e+014	1.0000e-010	0.0000e+000
2.110000e+003	2.01961486e-001	-3.19803851e+000	2.49871479e+003	0.00000000e+000	9.0855e+014	1.0000e-010	0.0000e+000
2.120000e+003	2.02211358e-001	-3.19778864e+000	2.48157412e+003	0.00000000e+000	8.9981e+014	1.0000e-010	0.0000e+000
2.130000e+003	2.02459515e-001	-3.19754048e+000	2.46459720e+003	0.00000000e+000	8.9121e+014	1.0000e-010	0.0000e+000
2.140000e+003	2.02705975e-001	-3.19729403e+000	2.44778137e+003	0.00000000e+000	8.8276e+014	1.0000e-010	0.0000e+000
2.150000e+003	2.02950753e-001	-3.19704925e+000	2.43112400e+003	0.00000000e+000	8.7444e+014	1.0000e-010	0.0000e+000
2.160000e+003	2.03193865e-001	-3.19680613e+000	2.41462254e+003	0.00000000e+000	8.6625e+014	1.0000e-010	0.0000e+000
2.170000e+003	2.03435328e-001	-3.19656467e+000	2.39827449e+003	0.00000000e+000	8.5820e+014	1.0000e-010	0.0000e+000
2.180000e+003	2.03675155e-001	-3.19632484e+000	2.38207740e+003	0.00000000e+000	8.5028e+014	1.0000e-010	0.0000e+000
2.190000e+003	2.03913363e-001	-3.19608664e+000	2.36602887e+003	0.00000000e+000	8.4248e+014	1.0000e-010	0.0000e+000
2.200000e+003	2.04149966e-001	-3.19585003e+000	2.35012655e+003	0.00000000e+000	8.3480e+014	1.0000e-010	0.0000e+000
2.210000e+003	2.04384978e-001	-3.19561502e+000	2.33436814e+003	0.00000000e+000	8.2725e+014	1.0000e-010	0.0000e+000
2.220000e+003	2.04618415e-001	-3.19538158e+000	2.31875138e+003	0.00000000e+000	8.1981e+014	1.0000e-010	0.0000e+000
2.230000e+003	2.04850290e-001	-3.19514971e+000	2.30327407e+003	0.00000000e+000	8.1249e+014	1.0000e-010	0.0000e+000
2.240000e+003	2.05080618e-001	-3.19491938e+000	2.28793404e+003	0.00000000e+000	8.0529e+014	1.0000e-010	0.0000e+000
2.250000e+003	2.05309411e-001	-3.19469059e+000	2.27272917e+003	0.00000000e+000	7.9819e+014	1.0000e-010	0.0000e+000
2.260000e+003	2.05536684e-001	-3.19446332e+000	2.25765738e+003	0.00000000e+000	7.9121e+014	1.0000e-010	0.0000e+000
2.270000e+003	2.05762450e-001	-3.19423755e+000	2.24271665e+003	0.00000000e+000	7.8433e+014	1.0000e-010	0.0000e+000
2.280000e+003	2.05986721e-001	-3.19401328e+000	2.22790497e+003	0.00000000e+000	7.7755e+014	1.0000e-010	0.0000e+000
2.290000e+003	2.06209512e-001	-3.19379049e+000	2.21322038e+003	0.00000000e+000	7.7088e+014	1.0000e-010	0.0000e+000
2.300000e+003	2.06430834e-001	-3.19356917e+000	2.19866098e+003	0.00000000e+000	7.6431e+014	1.0000e-010	0.0000e+000
2.310000e+003	2.06650700e-001	-3.19334930e+000	2.18422487e+003	0.00000000e+000	7.5784e+014	1.0000e-010	0.0000e+000
2.320000e+003	2.06869123e-001	-3.19313088e+000	2.16991023e+003	0.00000000e+000	7.5146e+014	1.0000e-010	0.0000e+000
2.330000e+003	2.07086114e-001	-3.19291389e+000	2.15571523e+003	0.00000000e+000	7.4518e+014	1.0000e-010	0.0000e+000
2.340000e+003	2.07301685e-001	-3.19269831e+000	2.14163810e+003	0.00000000e+000	7.3899e+014	1.0000e-010	0.0000e+000
2.350000e+003	2.07515849e-001	-3.19248415e+000	2.12767711e+003	0.00000000e+000	7.3290e+014	1.0000e-010	0.0000e+000
2.360000e+003	2.07728617e-001	-3.19227138e+000	2.11383056e+003	0.00000000e+000	7.2689e+014	1.0000e-010	0.0000e+000
2.370000e+003	2.07940000e-001	-3.19206000e+000	2.10009676e+003	0.00000000e+000	7.2097e+014	1.0000e-010	0.0000e+000
2.380000e+003	2.08150009e-001	-3.19184999e+000	2.08647407e+003	0.00000000e+000	7.1514e+014	1.0000e-010	0.0000e+000
2.390000e+003	2.08358657e-001	-3.19164134e+000	2.07296089e+003	0.00000000e+000	7.0939e+014	1.0000e-010	0.0000e+000
2.400000e+003	2.08565953e-001	-3.19143405e+000	2.05955563e+003	0.00000000e+000	7.0372e+014	1.0000e-010	0.0000e+000
2.410000e+003	2.08771908e-001	-3.19122809e+000	2.04625675e+003	0.00000000e+000	6.9814e+014	1.0000e-010	0.0000e+000
2.420000e+003	2.08976534e-001	-3.19102347e+000	2.03306271e+003	0.00000000e+000	6.9264e+014	1.0000e-010	0.0000e+000
2.430000e+003	2.09179840e-001	-3.19082016e+000	2.01997203e+003	0.00000000e+000	6.8721e+014	1.0000e-010	0.0000e+000
2.440000e+003	2.09381838e-001	-3.19061816e+000	2.00698323e+003	0.00000000e+000	6.8186e+014	1.0000e-010	0.0000e+000
2.450000e+003	2.09582536e-001	-3.19041746e+000	1.99409488e+003	0.00000000e+000	6.7659e+014	1.0000e-010	0.0000e+000
2.460000e+003	2.09781945e-001	-3.19021805e+000	1.98130556e+003	0.00000000e+000	6.7139e+014	1.0000e-010	0.0000e+000
2.470000e+003	2.09980076e-001	-3.19001992e+000	1.96861389e+003	0.00000000e+000	6.6627e+014	1.0000e-010	0.0000e+000
2.480000e+003	2.10176937e-001	-3.18982306e+000	1.95601849e+003	0.00000000e+000	6.6121e+014	1.0000e-010	0.0000e+000
2.490000e+003	2.10372539e-001	-3.18962746e+000	1.94351804e+003	0.00000000e+000	6.5623e+014	1.0000e-010	0.0000e+000
2.500000e+003	2.10566891e-001	-3.18943311e+000	1.93111121e+003	0.00000000e+000	6.5131e+014	1.0000e-010	0.0000e+000
2.510000e+003	2.10760002e-001	-3.18924000e+000	1.91879671e+003	0.00000000e+000	6.4647e+014	1.0000e-010	0.0000e+000
2.520000e+003	2.10951882e-001	-3.18904812e+000	1.90657327e+003	0.00000000e+000	6.4169e+014	1.0000e-010	0.0000e+000
2.530000e+003	2.11142539e-001	-3.18885746e+000	1.89443965e+003	0.00000000e+000	6.3697e+014	1.0000e-010	0.0000e+000
2.540000e+003	2.11331983e-001	-3.18866802e+000	1.88239462e+003	0.00000000e+000	6.3232e+014	1.0000e-010	0.0000e+000
2.550000e+003	2.11520223e-001	-3.18847978e+000	1.87043698e+003	0.00000000e+000	6.2773e+014	1.0000e-010	0.0000e+000
2.560000e+003	2.11707266e-001	-3.18829273e+000	1.85856554e+003	0.00000000e+000	6.2321e+014	1.0000e-010	0.0000e+000
2.570000e+003	2.11893123e-001	-3.18810688e+000	1.84677914e+003	0.00000000e+000	6.1874e+014	1.0000e-010	0.0000e+000
2.580000e+003	2.12077801e-001	-3.18792220e+000	1.83507664e+003	0.00000000e+000	6.1434e+014	1.0000e-010	0.0000e+000
2.590000e+003	2.12261308e-001	-3.18773869e+000	1.82345691e+003	0.00000000e+000	6.1000e+014	1.0000e-010	0.0000e+000
2.600000e+003	2.12443654e-001	-3.18755635e+000	1.81191885e+003	0.00000000e+000	6.0571e+014	1.0000e-010	0.0000e+000
2.610000e+003	2.12624846e-001	-3.18737515e+000	1.80046138e+003	0.00000000e+000	6.0148e+014	1.0000e-010	0.0000e+000
2.620000e+003	2.12804892e-001	-3.18719511e+000	1.78908343e+003	0.00000000e+000	5.9730e+014	1.0000e-010	0.0000e+000
2.630000e+003	2.12983800e-001	-3.18701620e+000	1.77778395e+003	0.00000000e+000	5.9318e+014	1.0000e-010	0.0000e+000
2.640000e+003	2.13161579e-001	-3.18683842e+000	1.76656190e+003	0.00000000e+000	5.8912e+014	1.0000e-010	0.0000e+000
2.650000e+003	2.13338235e-001	-3.18666177e+000	1.75541628e+003	0.00000000e+000	5.8511e+014	1.0000e-010	0.0000e+000
2.660000e+003	2.13513777e-001	-3.18648622e+000	1.74434608e+003	0.00000000e+000	5.8115e+014	1.0000e-010	0.0000e+000
2.670000e+003	2.13688211e-001	-3.18631179e+000	1.73335033e+003	0.00000000e+000	5.7724e+014	1.0000e-010	0.0000e+000
2.680000e+003	2.13861546e-001	-3.18613845e+000	1.72242806e+003	0.00000000e+000	5.7338e+014	1.0000e-010	0.0000e+000
2.690000e+003	2.14033789e-001	-3.18596621e+000	1.71157831e+003	0.00000000e+000	5.6958e+014	1.0000e-010	0.0000e+000
2.700000e+003	2.14204947e-001	-3.18579505e+000	1.70080016e+003	0.00000000e+000	5.6582e+014	1.0000e-010	0.0000e+000
2.710000e+003	2.14375027e-001	-3.18562497e+000	1.69009269e+003	0.00000000e+000	5.6211e+014	1.0000e-010	0.0000e+000
2.720000e+003	2.14544036e-001	-3.18545596e+000	1.67945499e+003	0.00000000e+000	5.5844e+014	1.0000e-010	0.0000e+000
2.730000e+003	2.14711982e-001	-3.18528802e+000	1.66888617e+003	0.00000000e+000	5.5483e+014	1.0000e-010	0.0000e+000
2.740000e+003	2.14878870e-001	-3.18512113e+000	1.65838536e+003	0.00000000e+000	5.5126e+014	1.0000e-010	0.0000e+000
2.750000e+003	2.15044709e-001	-3.18495529e+000	1.64795170e+003	0.00000000e+000	5.4773e+014	1.0000e-010	0.0000e+000
2.760000e+003	2.15209504e-001	-3.18479050e+000	1.63758433e+003	0.00000000e+000	5.4425e+014	1.0000e-010	0.0000e+000
2.770000e+003	2.15373262e-001	-3.18462674e+000	1.62728243e+003	0.00000000e+000	5.4082e+014	1.0000e-010	0.0000e+000
2.780000e+003	2.15535991e-001	-3.18446401e+000	1.61704518e+003	0.00000000e+000	5.3742e+014	1.0000e-010	0.0000e+000
2.790000e+003	2.15697695e-001	-3.18430230e+000	1.60687175e+003	0.00000000e+000	5.3407e+014	1.0000e-010	0.0000e+000
2.800000e+003	2.15858382e-001	-3.18414162e+000	1.59676137e+003	0.00000000e+000	5.3076e+014	1.0000e-010	0.0000e+000
2.810000e+003	2.16018059e-001	-3.18398194e+000	1.58671324e+003	0.00000000e+000	5.2750e+014	1.0000e-010	0.0000e+000
2.820000e+003	2.16176730e-001	-3.18382327e+000	1.57672659e+003	0.00000000e+000	5.2427e+014	1.0000e-010	0.0000e+000
2.830000e+003	2.16334402e-001	-3.18366560e+000	1.56680067e+003	0.00000000e+000	5.2108e+014	1.0000e-010	0.0000e+000
2.840000e+003	2.16491083e-001	-3.18350892e+000	1.55693472e+003	0.00000000e+000	5.1793e+014	1.0000e-010	0.0000e+000
2.850000e+003	2.16646776e-001	-3.18335322e+000	1.54712801e+003	0.00000000e+000	5.1482e+014	1.0000e-010	0.0000e+000
2.860000e+003	2.16801489e-001	-3.18319851e+000	1.53737982e+003	0.00000000e+000	5.1175e+014	1.0000e-010	0.0000e+000
2.870000e+003	2.16955227e-001	-3.18304477e+000	1.52768942e+003	0.00000000e+000	5.0872e+014	1.0000e-010	0.0000e+000
2.880000e+003	2.17107996e-001	-3.18289200e+000	1.51805612e+003	0.00000000e+000	5.0572e+014	1.0000e-010	0.0000e+000
2.890000e+003	2.17259801e-001	-3.18274020e+000	1.50847922e+003	0.00000000e+000	5.0276e+014	1.0000e-010	0.0000e+000
2.900000e+003	2.17410649e-001	-3.18258935e+000	1.49895804e+003	0.00000000e+000	4.9983e+014	1.0000e-010	0.0000e+000
2.910000e+003	2.17560545e-001	-3.18243945e+000	1.48949191e+003	0.00000000e+000	4.9694e+014	1.0000e-010	0.0000e+000
2.920000e+003	2.17709494e-001	-3.18229051e+000	1.48008016e+003	0.00000000e+000	4.9409e+014	1.0000e-010	0.0000e+000
2.930000e+003	2.17857502e-001	-3.18214250e+000	1.47072214e+003	0.00000000e+000	4.9127e+014	1.0000e-010	0.0000e+000
2.940000e+003	2.18004575e-001	-3.18199543e+000	1.46141721e+003	0.00000000e+000	4.8848e+014	1.0000e-010	0.0000e+000
2.950000e+003	2.18150716e-001	-3.18184928e+000	1.45216473e+003	0.00000000e+000	4.8573e+014	1.0000e-010	0.0000e+000
2.960000e+003	2.18295933e-001	-3.18170407e+000	1.44296407e+003	0.00000000e+000	4.8301e+014	1.0000e-010	0.0000e+000
2.970000e+003	2.18440229e-001	-3.18155977e+000	1.43381463e+003	0.00000000e+000	4.8032e+014	1.0000e-010	0.0000e+000
2.980000e+003	2.18583611e-001	-3.18141639e+000	1.42471580e+003	0.00000000e+000	4.7766e+014	1.0000e-010	0.0000e+000
2.990000e+003	2.18726082e-001	-3.18127392e+000	1.41566697e+003	0.00000000e+000	4.7504e+014	1.0000e-010	0.0000e+000
3.000000e+003	2.18867649e-001	-3.18113235e+000	1.40666755e+003	0.00000000e+000	4.7244e+014	1.0000e-010	0.0000e+000
3.010000e+003	2.19008316e-001	-3.18099168e+000	1.39771697e+003	0.00000000e+000	4.6988e+014	1.0000e-010	0.0000e+000
3.020000e+003	2.19148087e-001	-3.18085191e+000	1.38881466e+003	0.00000000e+000	4.6735e+014	1.0000e-010	0.0000e+000
3.030000e+003	2.19286969e-001	-3.18071303e+000	1.37996004e+003	0.00000000e+000	4.6484e+014	1.0000e-010	0.0000e+000
3.040000e+003	2.19424965e-001	-3.18057504e+000	1.37115255e+003	0.00000000e+000	4.6237e+014	1.0000e-010	0.0000e+000
3.050000e+003	2.19562080e-001	-3.18043792e+000	1.36239166e+003	0.00000000e+000	4.5992e+014	1.0000e-010	0.0000e+000
3.060000e+003	2.19698319e-001	-3.18030168e+000	1.35367682e+003	0.00000000e+000	4.5750e+014	1.0000e-010	0.0000e+000
3.070000e+003	2.19833687e-001	-3.18016631e+000	1.34500749e+003	0.00000000e+000	4.5512e+014	1.0000e-010	0.0000e+000
3.080000e+003	2.19968188e-001	-3.18003181e+000	1.33638315e+003	0.00000000e+000	4.5275e+014	1.0000e-010	0.0000e+000
3.090000e+003	2.20101826e-001	-3.17989817e+000	1.32780327e+003	0.00000000e+000	4.5042e+014	1.0000e-010	0.0000e+000
3.100000e+003	2.20234606e-001	-3.17976539e+000	1.31926735e+003	0.00000000e+000	4.4811e+014	1.0000e-010	0.0000e+000
3.110000e+003	2.20366533e-001	-3.17963347e+000	1.31077488e+003	0.00000000e+000	4.4583e+014	1.0000e-010	0.0000e+000
3.120000e+003	2.20497611e-001	-3.17950239e+000	1.30232536e+003	0.00000000e+000	4.4358e+014	1.0000e-010	0.0000e+000
3.130000e+003	2.20627843e-001	-3.17937216e+000	1.29391830e+003	0.00000000e+000	4.4135e+014	1.0000e-010	0.0000e+000
3.140000e+003	2.20757235e-001	-3.17924277e+000	1.28555321e+003	0.00000000e+000	4.3914e+014	1.0000e-010	0.0000e+000
3.150000e+003	2.20885790e-001	-3.17911421e+000	1.27722962e+003	0.00000000e+000	4.3697e+014	1.0000e-010	0.0000e+000
3.160000e+003	2.21013513e-001	-3.17898649e+000	1.26894704e+003	0.00000000e+000	4.3481e+014	1.0000e-010	0.0000e+000
3.170000e+003	2.21140408e-001	-3.17885959e+000	1.26070502e+003	0.00000000e+000	4.3268e+014	1.0000e-010	0.0000e+000
3.180000e+003	2.21266478e-001	-3.17873352e+000	1.25250310e+003	0.00000000e+000	4.3058e+014	1.0000e-010	0.0000e+000
3.190000e+003	2.21391729e-001	-3.17860827e+000	1.24434082e+003	0.00000000e+000	4.2850e+014	1.0000e-010	0.0000e+000
3.200000e+003	2.21516163e-001	-3.17848384e+000	1.23621773e+003	0.00000000e+000	4.2644e+014	1.0000e-010	0.0000e+000
3.210000e+003	2.21639785e-001	-3.17836022e+000	1.22813340e+003	0.00000000e+000	4.2441e+014	1.0000e-010	0.0000e+000
3.220000e+003	2.21762598e-001	-3.17823740e+000	1.22008738e+003	0.00000000e+000	4.2240e+014	1.0000e-010	0.0000e+000
3.230000e+003	2.21884607e-001	-3.17811539e+000	1.21207924e+003	0.00000000e+000	4.2041e+014	1.0000e-010	0.0000e+000
3.240000e+003	2.22005815e-001	-3.17799419e+000	1.20410856e+003	0.00000000e+000	4.1844e+014	1.0000e-010	0.0000e+000
3.250000e+003	2.22126225e-001	-3.17787377e+000	1.19617492e+003	0.00000000e+000	4.1650e+014	1.0000e-010	0.0000e+000
3.260000e+003	2.22245843e-001	-3.17775416e+000	1.18827790e+003	0.00000000e+000	4.1457e+014	1.0000e-010	0.0000e+000
3.270000e+003	2.22364671e-001	-3.17763533e+000	1.18041710e+003	0.00000000e+000	4.1267e+014	1.0000e-010	0.0000e+000
3.280000e+003	2.22482712e-001	-3.17751729e+000	1.17259211e+003	0.00000000e+000	4.1079e+014	1.0000e-010	0.0000e+000
3.290000e+003	2.22599972e-001	-3.17740003e+000	1.16480253e+003	0.00000000e+000	4.0893e+014	1.0000e-010	0.0000e+000
3.300000e+003	2.22716452e-001	-3.17728355e+000	1.15704797e+003	0.00000000e+000	4.0709e+014	1.0000e-010	0.0000e+000
3.310000e+003	2.22832157e-001	-3.17716784e+000	1.14932804e+003	0.00000000e+000	4.0528e+014	1.0000e-010	0.0000e+000
3.320000e+003	2.22947089e-001	-3.17705291e+000	1.14164236e+003	0.00000000e+000	4.0348e+014	1.0000e-010	0.0000e+000
3.330000e+003	2.23061254e-001	-3.17693875e+000	1.13399054e+003	0.00000000e+000	4.0170e+014	1.0000e-010	0.0000e+000
3.340000e+003	2.23174653e-001	-3.17682535e+000	1.12637221e+003	0.00000000e+000	3.9994e+014	1.0000e-010	0.0000e+000
3.350000e+003	2.23287290e-001	-3.17671271e+000	1.11878700e+003	0.00000000e+000	3.9820e+014	1.0000e-010	0.0000e+000
3.360000e+003	2.23399169e-001	-3.17660083e+000	1.11123455e+003	0.00000000e+000	3.9649e+014	1.0000e-010	0.0000e+000
3.370000e+003	2.23510292e-001	-3.17648971e+000	1.10371449e+003	0.00000000e+000	3.9478e+014	1.0000e-010	0.0000e+000
3.380000e+003	2.23620664e-001	-3.17637934e+000	1.09622647e+003	0.00000000e+000	3.9310e+014	1.0000e-010	0.0000e+000
3.390000e+003	2.23730286e-001	-3.17626971e+000	1.08877013e+003	0.00000000e+000	3.9144e+014	1.0000e-010	0.0000e+000
3.400000e+003	2.23839163e-001	-3.17616084e+000	1.08134513e+003	0.00000000e+000	3.8979e+014	1.0000e-010	0.0000e+000
3.410000e+003	2.23947298e-001	-3.17605270e+000	1.07395112e+003	0.00000000e+000	3.8817e+014	1.0000e-010	0.0000e+000
3.420000e+003	2.24054693e-001	-3.17594531e+000	1.06658777e+003	0.00000000e+000	3.8656e+014	1.0000e-010	0.0000e+000
3.430000e+003	2.24161352e-001	-3.17583865e+000	1.05925473e+003	0.00000000e+000	3.8497e+014	1.0000e-010	0.0000e+000
3.440000e+003	2.24267277e-001	-3.17573272e+000	1.05195168e+003	0.00000000e+000	3.8339e+014	1.0000e-010	0.0000e+000
3.450000e+003	2.24372472e-001	-3.17562753e+000	1.04467828e+003	0.00000000e+000	3.8184e+014	1.0000e-010	0.0000e+000
3.460000e+003	2.24476940e-001	-3.17552306e+000	1.03743422e+003	0.00000000e+000	3.8030e+014	1.0000e-010	0.0000e+000
3.470000e+003	2.24580684e-001	-3.17541932e+000	1.03021917e+003	0.00000000e+000	3.7877e+014	1.0000e-010	0.0000e+000
3.480000e+003	2.24683705e-001	-3.17531629e+000	1.02303281e+003	0.00000000e+000	3.7727e+014	1.0000e-010	0.0000e+000
3.490000e+003	2.24786009e-001	-3.17521399e+000	1.01587484e+003	0.00000000e+000	3.7578e+014	1.0000e-010	0.0000e+000
3.500000e+003	2.24887596e-001	-3.17511240e+000	1.00874494e+003	0.00000000e+000	3.7430e+014	1.0000e-010	0.0000e+000
3.510000e+003	2.24988471e-001	-3.17501153e+000	1.00164280e+003	0.00000000e+000	3.7285e+014	1.0000e-010	0.0000e+000
3.520000e+003	2.25088635e-001	-3.17491137e+000	9.94568131e+002	0.00000000e+000	3.7140e+014	1.0000e-010	0.0000e+000
3.530000e+003	2.25188092e-001	-3.17481191e+000	9.87520626e+002	0.00000000e+000	3.6998e+014	1.0000e-010	0.0000e+000
3.540000e+003	2.25286844e-001	-3.17471316e+000	9.80499990e+002	0.00000000e+000	3.6857e+014	1.0000e-010	0.0000e+000
3.550000e+003	2.25384894e-001	-3.17461511e+000	9.73505931e+002	0.00000000e+000	3.6717e+014	1.0000e-010	0.0000e+000
3.560000e+003	2.25482244e-001	-3.17451776e+000	9.66538160e+002	0.00000000e+000	3.6579e+014	1.0000e-010	0.0000e+000
3.570000e+003	2.25578898e-001	-3.17442110e+000	9.59596391e+002	0.00000000e+000	3.6443e+014	1.0000e-010	0.0000e+000
3.580000e+003	2.25674858e-001	-3.17432514e+000	9.52680341e+002	0.00000000e+000	3.6308e+014	1.0000e-010	0.0000e+000
3.590000e+003	2.25770126e-001	-3.17422987e+000	9.45789731e+002	0.00000000e+000	3.6174e+014	1.0000e-010	0.0000e+000
3.600000e+003	2.25864705e-001	-3.17413530e+000	9.38924284e+002	0.00000000e+000	3.6042e+014	1.0000e-010	0.0000e+000
3.610000e+003	2.25958597e-001	-3.17404140e+000	9.32083727e+002	0.00000000e+000	3.5911e+014	1.0000e-010	0.0000e+000
3.620000e+003	2.26051806e-001	-3.17394819e+000	9.25267788e+002	0.00000000e+000	3.5782e+014	1.0000e-010	0.0000e+000
3.630000e+003	2.26144332e-001	-3.17385567e+000	9.18476201e+002	0.00000000e+000	3.5654e+014	1.0000e-010	0.0000e+000
3.640000e+003	2.26236180e-001	-3.17376382e+000	9.11708701e+002	0.00000000e+000	3.5528e+014	1.0000e-010	0.0000e+000
3.650000e+003	2.26327351e-001	-3.17367265e+000	9.04965025e+002	0.00000000e+000	3.5403e+014	1.0000e-010	0.0000e+000
3.660000e+003	2.26417847e-001	-3.17358215e+000	8.98244914e+002	0.00000000e+000	3.5279e+014	1.0000e-010	0.0000e+000
3.670000e+003	2.26507672e-001	-3.17349233e+000	8.91548112e+002	0.00000000e+000	3.5157e+014	1.0000e-010	0.0000e+000
3.680000e+003	2.26596827e-001	-3.17340317e+000	8.84874366e+002	0.00000000e+000	3.5036e+014	1.0000e-010	0.0000e+000
3.690000e+003	2.26685314e-001	-3.17331469e+000	8.78223423e+002	0.00000000e+000	3.4916e+014	1.0000e-010	0.0000e+000
3.700000e+003	2.26773137e-001	-3.17322686e+000	8.71595037e+002	0.00000000e+000	3.4798e+014	1.0000e-010	0.0000e+000
3.710000e+003	2.26860296e-001	-3.17313970e+000	8.64988960e+002	0.00000000e+000	3.4680e+014	1.0000e-010	0.0000e+000
3.720000e+003	2.26946795e-001	-3.17305321e+000	8.58404950e+002	0.00000000e+000	3.4565e+014	1.0000e-010	0.0000e+000
3.730000e+003	2.27032635e-001	-3.17296736e+000	8.51842765e+002	0.00000000e+000	3.4450e+014	1.0000e-010	0.0000e+000
3.740000e+003	2.27117820e-001	-3.17288218e+000	8.45302168e+002	0.00000000e+000	3.4337e+014	1.0000e-010	0.0000e+000
3.750000e+003	2.27202350e-001	-3.17279765e+000	8.38782922e+002	0.00000000e+000	3.4225e+014	1.0000e-010	0.0000e+000
3.760000e+003	2.27286228e-001	-3.17271377e+000	8.32284794e+002	0.00000000e+000	3.4114e+014	1.0000e-010	0.0000e+000
3.770000e+003	2.27369457e-001	-3.17263054e+000	8.25807553e+002	0.00000000e+000	3.4004e+014	1.0000e-010	0.0000e+000
3.780000e+003	2.27452037e-001	-3.17254796e+000	8.19350969e+002	0.00000000e+000	3.3896e+014	1.0000e-010	0.0000e+000
3.790000e+003	2.27533973e-001	-3.17246603e+000	8.12914816e+002	0.00000000e+000	3.3788e+014	1.0000e-010	0.0000e+000
3.800000e+003	2.27615264e-001	-3.17238474e+000	8.06498870e+002	0.00000000e+000	3.3682e+014	1.0000e-010	0.0000e+000
3.810000e+003	2.27695914e-001	-3.17230409e+000	8.00102909e+002	0.00000000e+000	3.3577e+014	1.0000e-010	0.0000e+000
3.820000e+003	2.27775924e-001	-3.17222408e+000	7.93726712e+002	0.00000000e+000	3.3474e+014	1.0000e-010	0.0000e+000
3.830000e+003	2.27855297e-001	-3.17214470e+000	7.87370061e+002	0.00000000e+000	3.3371e+014	1.0000e-010	0.0000e+000
3.840000e+003	2.27934034e-001	-3.17206597e+000	7.81032742e+002	0.00000000e+000	3.3270e+014	1.0000e-010	0.0000e+000
3.850000e+003	2.28012137e-001	-3.17198786e+000	7.74714540e+002	0.00000000e+000	3.3169e+014	1.0000e-010	0.0000e+000
3.860000e+003	2.28089609e-001	-3.17191039e+000	7.68415243e+002	0.00000000e+000	3.3070e+014	1.0000e-010	0.0000e+000
3.870000e+003	2.28166450e-001	-3.17183355e+000	7.62134642e+002	0.00000000e+000	3.2972e+014	1.0000e-010	0.0000e+000
3.880000e+003	2.28242664e-001	-3.17175734e+000	7.55872530e+002	0.00000000e+000	3.2875e+014	1.0000e-010	0.0000e+000
3.890000e+003	2.28318251e-001	-3.17168175e+000	7.49628700e+002	0.00000000e+000	3.2779e+014	1.0000e-010	0.0000e+000
3.900000e+003	2.28393214e-001	-3.17160679e+000	7.43402950e+002	0.00000000e+000	3.2684e+014	1.0000e-010	0.0000e+000
3.910000e+003	2.28467554e-001	-3.17153245e+000	7.37195076e+002	0.00000000e+000	3.2590e+014	1.0000e-010	0.0000e+000
3.920000e+003	2.28541274e-001	-3.17145873e+000	7.31004880e+002	0.00000000e+000	3.2497e+014	1.0000e-010	0.0000e+000
3.930000e+003	2.28614374e-001	-3.17138563e+000	7.24832163e+002	0.00000000e+000	3.2405e+014	1.0000e-010	0.0000e+000
3.940000e+003	2.28686857e-001	-3.17131314e+000	7.18676728e+002	0.00000000e+000	3.2315e+014	1.0000e-010	0.0000e+000
3.950000e+003	2.28758725e-001	-3.17124128e+000	7.12538381e+002	0.00000000e+000	3.2225e+014	1.0000e-010	0.0000e+000
3.960000e+003	2.28829979e-001	-3.17117002e+000	7.06416930e+002	0.00000000e+000	3.2136e+014	1.0000e-010	0.0000e+000
3.970000e+003	2.28900620e-001	-3.17109938e+000	7.00312183e+002	0.00000000e+000	3.2049e+014	1.0000e-010	0.0000e+000
3.980000e+003	2.28970652e-001	-3.17102935e+000	6.94223952e+002	0.00000000e+000	3.1962e+014	1.0000e-010	0.0000e+000
3.990000e+003	2.29040074e-001	-3.17095993e+000	6.88152047e+002	0.00000000e+000	3.1876e+014	1.0000e-010	0.0000e+000
4.000000e+003	2.29108889e-001	-3.17089111e+000	6.82096284e+002	0.00000000e+000	3.1792e+014	1.0000e-010	0.0000e+000
4.010000e+003	2.29177099e-001	-3.17082290e+000	6.76056477e+002	0.00000000e+000	3.1708e+014	1.0000e-010	0.0000e+000
4.020000e+003	2.29244705e-001	-3.17075530e+000	6.70032445e+002	0.00000000e+000	3.1625e+014	1.0000e-010	0.0000e+000
4.030000e+003	2.29311708e-001	-3.17068829e+000	6.64024005e+002	0.00000000e+000	3.1543e+014	1.0000e-010	0.0000e+000
4.040000e+003	2.29378110e-001	-3.17062189e+000	6.58030979e+002	0.00000000e+000	3.1462e+014	1.0000e-010	0.0000e+000
4.050000e+003	2.29443913e-001	-3.17055609e+000	6.52053188e+002	0.00000000e+000	3.1382e+014	1.0000e-010	0.0000e+000
4.060000e+003	2.29509119e-001	-3.17049088e+000	6.46090455e+002	0.00000000e+000	3.1303e+014	1.0000e-010	0.0000e+000
4.070000e+003	2.29573728e-001	-3.17042627e+000	6.40142606e+002	0.00000000e+000	3.1225e+014	1.0000e-010	0.0000e+000
4.080000e+003	2.29637742e-001	-3.17036226e+000	6.34209467e+002	0.00000000e+000	3.1148e+014	1.0000e-010	0.0000e+000
4.090000e+003	2.29701163e-001	-3.17029884e+000	6.28290865e+002	0.00000000e+000	3.1071e+014	1.0000e-010	0.0000e+000
4.100000e+003	2.29763992e-001	-3.17023601e+000	6.22386629e+002	0.00000000e+000	3.0996e+014	1.0000e-010	0.0000e+000
4.110000e+003	2.29826231e-001	-3.17017377e+000	6.16496591e+002	0.00000000e+000	3.0922e+014	1.0000e-010	0.0000e+000
4.120000e+003	2.29887880e-001	-3.17011212e+000	6.10620583e+002	0.00000000e+000	3.0848e+014	1.0000e-010	0.0000e+000
4.130000e+003	2.29948942e-001	-3.17005106e+000	6.04758437e+002	0.00000000e+000	3.0775e+014	1.0000e-010	0.0000e+000
4.140000e+003	2.30009418e-001	-3.16999058e+000	5.98909989e+002	0.00000000e+000	3.0703e+014	1.0000e-010	0.0000e+000
4.150000e+003	2.30069309e-001	-3.16993069e+000	5.93075073e+002	0.00000000e+000	3.0632e+014	1.0000e-010	0.0000e+000
4.160000e+003	2.30128617e-001	-3.16987138e+000	5.87253529e+002	0.00000000e+000	3.0562e+014	1.0000e-010	0.0000e+000
4.170000e+003	2.30187342e-001	-3.16981266e+000	5.81445194e+002	0.00000000e+000	3.0493e+014	1.0000e-010	0.0000e+000
4.180000e+003	2.30245487e-001	-3.16975451e+000	5.75649907e+002	0.00000000e+000	3.0424e+014	1.0000e-010	0.0000e+000
4.190000e+003	2.30303052e-001	-3.16969695e+000	5.69867511e+002	0.00000000e+000	3.0356e+014	1.0000e-010	0.0000e+000
4.200000e+003	2.30360038e-001	-3.16963996e+000	5.64097847e+002	0.00000000e+000	3.0290e+014	1.0000e-010	0.0000e+000
4.210000e+003	2.30416448e-001	-3.16958355e+000	5.58340759e+002	0.00000000e+000	3.0224e+014	1.0000e-010	0.0000e+000
4.220000e+003	2.30472282e-001	-3.16952772e+000	5.52596092e+002	0.00000000e+000	3.0158e+014	1.0000e-010	0.0000e+000
4.230000e+003	2.30527542e-001	-3.16947246e+000	5.46863691e+002	0.00000000e+000	3.0094e+014	1.0000e-010	0.0000e+000
4.240000e+003	2.30582228e-001	-3.16941777e+000	5.41143403e+002	0.00000000e+000	3.0030e+014	1.0000e-010	0.0000e+000
4.250000e+003	2.30636342e-001	-3.16936366e+000	5.35435077e+002	0.00000000e+000	2.9968e+014	1.0000e-010	0.0000e+000
4.260000e+003	2.30689886e-001	-3.16931011e+000	5.29738561e+002	0.00000000e+000	2.9906e+014	1.0000e-010	0.0000e+000
4.270000e+003	2.30742860e-001	-3.16925714e+000	5.24053706e+002	0.00000000e+000	2.9844e+014	1.0000e-010	0.0000e+000
4.280000e+003	2.30795265e-001	-3.16920473e+000	5.18380363e+002	0.00000000e+000	2.9784e+014	1.0000e-010	0.0000e+000
4.290000e+003	2.30847103e-001	-3.16915290e+000	5.12718385e+002	0.00000000e+000	2.9724e+014	1.0000e-010	0.0000e+000
4.300000e+003	2.30898375e-001	-3.16910162e+000	5.07067625e+002	0.00000000e+000	2.9665e+014	1.0000e-010	0.0000e+000
4.310000e+003	2.30949082e-001	-3.16905092e+000	5.01427938e+002	0.00000000e+000	2.9607e+014	1.0000e-010	0.0000e+000
4.320000e+003	2.30999225e-001	-3.16900078e+000	4.95799179e+002	0.00000000e+000	2.9550e+014	1.0000e-010	0.0000e+000
4.330000e+003	2.31048805e-001	-3.16895120e+000	4.90181205e+002	0.00000000e+000	2.9493e+014	1.0000e-010	0.0000e+000
4.340000e+003	2.31097823e-001	-3.16890218e+000	4.84573873e+002	0.00000000e+000	2.9437e+014	1.0000e-010	0.0000e+000
4.350000e+003	2.31146280e-001	-3.16885372e+000	4.78977042e+002	0.00000000e+000	2.9382e+014	1.0000e-010	0.0000e+000
4.360000e+003	2.31194178e-001	-3.16880582e+000	4.73390570e+002	0.00000000e+000	2.9328e+014	1.0000e-010	0.0000e+000
4.370000e+003	2.31241517e-001	-3.16875848e+000	4.67814319e+002	0.00000000e+000	2.9274e+014	1.0000e-010	0.0000e+000
4.380000e+003	2.31288298e-001	-3.16871170e+000	4.62248150e+002	0.00000000e+000	2.9221e+014	1.0000e-010	0.0000e+000
4.390000e+003	2.31334523e-001	-3.16866548e+000	4.56691924e+002	0.00000000e+000	2.9169e+014	1.0000e-010	0.0000e+000
4.400000e+003	2.31380192e-001	-3.16861981e+000	4.51145505e+002	0.00000000e+000	2.9118e+014	1.0000e-010	0.0000e+000
4.410000e+003	2.31425307e-001	-3.16857469e+000	4.45608757e+002	0.00000000e+000	2.9067e+014	1.0000e-010	0.0000e+000
4.420000e+003	2.31469868e-001	-3.16853013e+000	4.40081544e+002	0.00000000e+000	2.9017e+014	1.0000e-010	0.0000e+000
4.430000e+003	2.31513876e-001	-3.16848612e+000	4.34563732e+002	0.00000000e+000	2.8967e+014	1.0000e-010	0.0000e+000
4.440000e+003	2.31557332e-001	-3.16844267e+000	4.29055188e+002	0.00000000e+000	2.8919e+014	1.0000e-010	0.0000e+000
4.450000e+003	2.31600238e-001	-3.16839976e+000	4.23555778e+002	0.00000000e+000	2.8871e+014	1.0000e-010	0.0000e+000
4.460000e+003	2.31642593e-001	-3.16835741e+000	4.18065372e+002	0.00000000e+000	2.8824e+014	1.0000e-010	0.0000e+000
4.470000e+003	2.31684400e-001	-3.16831560e+000	4.12583837e+002	0.00000000e+000	2.8777e+014	1.0000e-010	0.0000e+000
4.480000e+003	2.31725658e-001	-3.16827434e+000	4.07111043e+002	0.00000000e+000	2.8731e+014	1.0000e-010	0.0000e+000
4.490000e+003	2.31766369e-001	-3.16823363e+000	4.01646860e+002	0.00000000e+000	2.8686e+014	1.0000e-010	0.0000e+000
4.500000e+003	2.31806534e-001	-3.16819347e+000	3.96191161e+002	0.00000000e+000	2.8641e+014	1.0000e-010	0.0000e+000
4.510000e+003	2.31846153e-001	-3.16815385e+000	3.90743816e+002	0.00000000e+000	2.8598e+014	1.0000e-010	0.0000e+000
4.520000e+003	2.31885228e-001	-3.16811477e+000	3.85304698e+002	0.00000000e+000	2.8554e+014	1.0000e-010	0.0000e+000
4.530000e+003	2.31923758e-001	-3.16807624e+000	3.79873681e+002	0.00000000e+000	2.8512e+014	1.0000e-010	0.0000e+000
4.540000e+003	2.31961745e-001	-3.16803825e+000	3.74450639e+002	0.00000000e+000	2.8470e+014	1.0000e-010	0.0000e+000
4.550000e+003	2.31999190e-001	-3.16800081e+000	3.69035446e+002	0.00000000e+000	2.8429e+014	1.0000e-010	0.0000e+000
4.560000e+003	2.32036094e-001	-3.16796391e+000	3.63627977e+002	0.00000000e+000	2.8388e+014	1.0000e-010	0.0000e+000
4.570000e+003	2.32072457e-001	-3.16792754e+000	3.58228109e+002	0.00000000e+000	2.8348e+014	1.0000e-010	0.0000e+000
4.580000e+003	2.32108280e-001	-3.16789172e+000	3.52835719e+002	0.00000000e+000	2.8309e+014	1.0000e-010	0.0000e+000
4.590000e+003	2.32143563e-001	-3.16785644e+000	3.47450683e+002	0.00000000e+000	2.8270e+014	1.0000e-010	0.0000e+000
4.600000e+003	2.32178308e-001	-3.16782169e+000	3.42072880e+002	0.00000000e+000	2.8233e+014	1.0000e-010	0.0000e+000
4.610000e+003	2.32212515e-001	-3.16778748e+000	3.36702188e+002	0.00000000e+000	2.8195e+014	1.0000e-010	0.0000e+000
4.620000e+003	2.32246186e-001	-3.16775381e+000	3.31338486e+002	0.00000000e+000	2.8158e+014	1.0000e-010	0.0000e+000
4.630000e+003	2.32279320e-001	-3.16772068e+000	3.25981654e+002	0.00000000e+000	2.8122e+014	1.0000e-010	0.0000e+000
4.640000e+003	2.32311918e-001	-3.16768808e+000	3.20631573e+002	0.00000000e+000	2.8087e+014	1.0000e-010	0.0000e+000
4.650000e+003	2.32343981e-001	-3.16765602e+000	3.15288124e+002	0.00000000e+000	2.8052e+014	1.0000e-010	0.0000e+000
4.660000e+003	2.32375510e-001	-3.16762449e+000	3.09951187e+002	0.00000000e+000	2.8018e+014	1.0000e-010	0.0000e+000
4.670000e+003	2.32406505e-001	-3.16759350e+000	3.04620645e+002	0.00000000e+000	2.7984e+014	1.0000e-010	0.0000e+000
4.680000e+003	2.32436967e-001	-3.16756303e+000	2.99296380e+002	0.00000000e+000	2.7951e+014	1.0000e-010	0.0000e+000
4.690000e+003	2.32466897e-001	-3.16753310e+000	2.93978276e+002	0.00000000e+000	2.7919e+014	1.0000e-010	0.0000e+000
4.700000e+003	2.32496294e-001	-3.16750371e+000	2.88666216e+002	0.00000000e+000	2.7887e+014	1.0000e-010	0.0000e+000
4.710000e+003	2.32525161e-001	-3.16747484e+000	2.83360084e+002	0.00000000e+000	2.7856e+014	1.0000e-010	0.0000e+000
4.720000e+003	2.32553497e-001	-3.16744650e+000	2.78059765e+002	0.00000000e+000	2.7826e+014	1.0000e-010	0.0000e+000
4.730000e+003	2.32581303e-001	-3.16741870e+000	2.72765144e+002	0.00000000e+000	2.7796e+014	1.0000e-010	0.0000e+000
4.740000e+003	2.32608579e-001	-3.16739142e+000	2.67476106e+002	0.00000000e+000	2.7767e+014	1.0000e-010	0.0000e+000
4.750000e+003	2.32635327e-001	-3.16736467e+000	2.62192538e+002	0.00000000e+000	2.7738e+014	1.0000e-010	0.0000e+000
4.760000e+003	2.32661546e-001	-3.16733845e+000	2.56914326e+002	0.00000000e+000	2.7710e+014	1.0000e-010	0.0000e+000
4.770000e+003	2.32687238e-001	-3.16731276e+000	2.51641356e+002	0.00000000e+000	2.7682e+014	1.0000e-010	0.0000e+000
4.780000e+003	2.32712402e-001	-3.16728760e+000	2.46373517e+002	0.00000000e+000	2.7655e+014	1.0000e-010	0.0000e+000
4.790000e+003	2.32737039e-001	-3.16726296e+000	2.41110695e+002	0.00000000e+000	2.7629e+014	1.0000e-010	0.0000e+000
4.800000e+003	2.32761150e-001	-3.16723885e+000	2.35852780e+002	0.00000000e+000	2.7603e+014	1.0000e-010	0.0000e+000
4.810000e+003	2.32784736e-001	-3.16721526e+000	2.30599659e+002	0.00000000e+000	2.7578e+014	1.0000e-010	0.0000e+000
4.820000e+003	2.32807796e-001	-3.16719220e+000	2.25351222e+002	0.00000000e+000	2.7553e+014	1.0000e-010	0.0000e+000
4.830000e+003	2.32830331e-001	-3.16716967e+000	2.20107359e+002	0.00000000e+000	2.7529e+014	1.0000e-010	0.0000e+000
4.840000e+003	2.32852341e-001	-3.16714766e+000	2.14867958e+002	0.00000000e+000	2.7506e+014	1.0000e-010	0.0000e+000
4.850000e+003	2.32873828e-001	-3.16712617e+000	2.09632909e+002	0.00000000e+000	2.7483e+014	1.0000e-010	0.0000e+000
4.860000e+003	2.32894792e-001	-3.16710521e+000	2.04402105e+002	0.00000000e+000	2.7461e+014	1.0000e-010	0.0000e+000
4.870000e+003	2.32915232e-001	-3.16708477e+000	1.99175434e+002	0.00000000e+000	2.7439e+014	1.0000e-010	0.0000e+000
4.880000e+003	2.32935149e-001	-3.16706485e+000	1.93952789e+002	0.00000000e+000	2.7418e+014	1.0000e-010	0.0000e+000
4.890000e+003	2.32954545e-001	-3.16704546e+000	1.88734060e+002	0.00000000e+000	2.7397e+014	1.0000e-010	0.0000e+000
4.900000e+003	2.32973418e-001	-3.16702658e+000	1.83519140e+002	0.00000000e+000	2.7377e+014	1.0000e-010	0.0000e+000
4.910000e+003	2.32991770e-001	-3.16700823e+000	1.78307921e+002	0.00000000e+000	2.7358e+014	1.0000e-010	0.0000e+000
4.920000e+003	2.33009601e-001	-3.16699040e+000	1.73100295e+002	0.00000000e+000	2.7339e+014	1.0000e-010	0.0000e+000
4.930000e+003	2.33026911e-001	-3.16697309e+000	1.67896154e+002	0.00000000e+000	2.7321e+014	1.0000e-010	0.0000e+000
4.940000e+003	2.33043700e-001	-3.16695630e+000	1.62695393e+002	0.00000000e+000	2.7303e+014	1.0000e-010	0.0000e+000
4.950000e+003	2.33059970e-001	-3.16694003e+000	1.57497903e+002	0.00000000e+000	2.7286e+014	1.0000e-010	0.0000e+000
4.960000e+003	2.33075720e-001	-3.16692428e+000	1.52303579e+002	0.00000000e+000	2.7269e+014	1.0000e-010	0.0000e+000
4.970000e+003	2.33090950e-001	-3.16690905e+000	1.47112314e+002	0.00000000e+000	2.7253e+014	1.0000e-010	0.0000e+000
4.980000e+003	2.33105661e-001	-3.16689434e+000	1.41924002e+002	0.00000000e+000	2.7238e+014	1.0000e-010	0.0000e+000
4.990000e+003	2.33119854e-001	-3.16688015e+000	1.36738538e+002	0.00000000e+000	2.7223e+014	1.0000e-010	0.0000e+000
5.000000e+003	2.33133527e-001	-3.16686647e+000	1.31555816e+002	0.00000000e+000	2.7208e+014	1.0000e-010	0.0000e+000
5.010000e+003	2.33146683e-001	-3.16685332e+000	1.26375731e+002	0.00000000e+000	2.7195e+014	1.0000e-010	0.0000e+000
5.020000e+003	2.33159321e-001	-3.16684068e+000	1.21198177e+002	0.00000000e+000	2.7181e+014	1.0000e-010	0.0000e+000
5.030000e+003	2.33171440e-001	-3.16682856e+000	1.16023050e+002	0.00000000e+000	2.7169e+014	1.0000e-010	0.0000e+000
5.040000e+003	2.33183043e-001	-3.16681696e+000	1.10850245e+002	0.00000000e+000	2.7156e+014	1.0000e-010	0.0000e+000
5.050000e+003	2.33194128e-001	-3.16680587e+000	1.05679657e+002	0.00000000e+000	2.7145e+014	1.0000e-010	0.0000e+000
5.060000e+003	2.33204696e-001	-3.16679530e+000	1.00511183e+002	0.00000000e+000	2.7134e+014	1.0000e-010	0.0000e+000
5.070000e+003	2.33214747e-001	-3.16678525e+000	9.53447182e+001	0.00000000e+000	2.7123e+014	1.0000e-010	0.0000e+000
5.080000e+003	2.33224281e-001	-3.16677572e+000	9.01801582e+001	0.00000000e+000	2.7113e+014	1.0000e-010	0.0000e+000
5.090000e+003	2.33233299e-001	-3.16676670e+000	8.50173995e+001	0.00000000e+000	2.7104e+014	1.0000e-010	0.0000e+000
5.100000e+003	2.33241801e-001	-3.16675820e+000	7.98563383e+001	0.00000000e+000	2.7095e+014	1.0000e-010	0.0000e+000
5.110000e+003	2.33249787e-001	-3.16675021e+000	7.46968712e+001	0.00000000e+000	2.7086e+014	1.0000e-010	0.0000e+000
5.120000e+003	2.33257256e-001	-3.16674274e+000	6.95388946e+001	0.00000000e+000	2.7078e+014	1.0000e-010	0.0000e+000
5.130000e+003	2.33264210e-001	-3.16673579e+000	6.43823052e+001	0.00000000e+000	2.7071e+014	1.0000e-010	0.0000e+000
5.140000e+003	2.33270649e-001	-3.16672935e+000	5.92269999e+001	0.00000000e+000	2.7064e+014	1.0000e-010	0.0000e+000
5.150000e+003	2.33276571e-001	-3.16672343e+000	5.40728755e+001	0.00000000e+000	2.7058e+014	1.0000e-010	0.0000e+000
5.160000e+003	2.33281979e-001	-3.16671802e+000	4.89198291e+001	0.00000000e+000	2.7053e+014	1.0000e-010	0.0000e+000
5.170000e+003	2.33286870e-001	-3.16671313e+000	4.37677577e+001	0.00000000e+000	2.7047e+014	1.0000e-010	0.0000e+000
5.180000e+003	2.33291247e-001	-3.16670875e+000	3.86165585e+001	0.00000000e+000	2.7043e+014	1.0000e-010	0.0000e+000
5.190000e+003	2.33295109e-001	-3.16670489e+000	3.34661287e+001	0.00000000e+000	2.7039e+014	1.0000e-010	0.0000e+000
5.200000e+003	2.33298456e-001	-3.16670154e+000	2.83163656e+001	0.00000000e+000	2.7035e+014	1.0000e-010	0.0000e+000
5.210000e+003	2.33301287e-001	-3.16669871e+000	2.31671665e+001	0.00000000e+000	2.7032e+014	1.0000e-010	0.0000e+000
5.220000e+003	2.33303604e-001	-3.16669640e+000	1.80184288e+001	0.00000000e+000	2.7030e+014	1.0000e-010	0.0000e+000
5.230000e+003	2.33305406e-001	-3.16669459e+000	1.28700500e+001	0.00000000e+000	2.7028e+014	1.0000e-010	0.0000e+000
5.240000e+003	2.33306693e-001	-3.16669331e+000	7.72192749e+000	0.00000000e+000	2.7027e+014	1.0000e-010	0.0000e+000
5.250000e+003	2.33307465e-001	-3.16669254e+000	2.57395874e+000	0.00000000e+000	2.7026e+014	1.0000e-010	0.0000e+000
5.260000e+003	2.33307722e-001	-3.16669228e+000	2.57395874e+000	0.00000000e+000	2.7026e+014	1.0000e-010	0.0000e+000
