Y (ang)	Ec (eV)	Ev (eV)	E (V/cm)	Ef (eV)	n (cm-3)	p (cm-3)	Nd - Na (cm-3)	el eval 1 (eV)	el eval 2 (eV)	el eval 3 (eV)	el eval 4 (eV)	el eval 5 (eV)	el eval 6 (eV)	el eval 7 (eV)	el eval 8 (eV)	el eval 9 (eV)	el eval 10 (eV)	el eval 11 (eV)	el eval 12 (eV)
0.000000e+000	6.00000000e-001	-2.80000000e+000	2.16390679e+006	-0.00000000e+000	1.8691e+008	1.0000e-010	0.0000e+000
1.000000e+001	1.37639068e+000	-2.72360932e+000	-4.86667170e+005	0.00000000e+000	1.5820e-005	1.0000e-010	-1.3848e+020
2.000000e+001	1.32772396e+000	-2.77227604e+000	-4.86667170e+005	0.00000000e+000	1.1128e-004	1.0000e-010	0.0000e+000	-9.0928e-002	-2.4902e-002	3.3810e-002	6.6759e-002	8.7615e-002	1.0269e-001	1.1444e-001	1.2405e-001	1.3216e-001	1.3919e-001	1.4538e-001	1.5105e-001
3.000000e+001	1.27905724e+000	-2.82094276e+000	-4.86667170e+005	0.00000000e+000	7.3108e-004	1.0000e-010	0.0000e+000
4.000000e+001	1.23039053e+000	-2.86960947e+000	-4.86667170e+005	0.00000000e+000	4.8032e-003	1.0000e-010	0.0000e+000
5.000000e+001	1.18172381e+000	-2.91827619e+000	-4.86667170e+005	0.00000000e+000	3.1557e-002	1.0000e-010	0.0000e+000
6.000000e+001	1.13305709e+000	-2.96694291e+000	-4.86667170e+005	0.00000000e+000	2.0733e-001	1.0000e-010	0.0000e+000
7.000000e+001	1.08439038e+000	-3.01560962e+000	-4.86667170e+005	0.00000000e+000	1.3621e+000	1.0000e-010	0.0000e+000
8.000000e+001	1.03572366e+000	-3.06427634e+000	-4.86667170e+005	0.00000000e+000	8.9493e+000	1.0000e-010	0.0000e+000
9.000000e+001	9.87056943e-001	-3.11294306e+000	-4.86667170e+005	0.00000000e+000	5.8802e+001	1.0000e-010	0.0000e+000
1.000000e+002	9.38390226e-001	-3.16160977e+000	-4.86667170e+005	0.00000000e+000	3.8656e+002	1.0000e-010	0.0000e+000
1.100000e+002	8.89723509e-001	-3.21027649e+000	-4.86667170e+005	0.00000000e+000	2.5508e+003	1.0000e-010	0.0000e+000
1.200000e+002	8.41056792e-001	-3.25894321e+000	-4.86667170e+005	0.00000000e+000	1.7251e+004	1.0000e-010	0.0000e+000
1.300000e+002	7.92390075e-001	-3.30760992e+000	-4.86667170e+005	0.00000000e+000	1.3356e+005	1.0000e-010	0.0000e+000
1.400000e+002	7.43723358e-001	-3.35627664e+000	-4.86667170e+005	0.00000000e+000	1.6455e+006	1.0000e-010	0.0000e+000
1.500000e+002	6.95056641e-001	-3.40494336e+000	-4.86667170e+005	0.00000000e+000	3.7669e+007	1.0000e-010	0.0000e+000
1.600000e+002	6.46389924e-001	-3.45361008e+000	-4.86667170e+005	0.00000000e+000	1.1088e+009	1.0000e-010	0.0000e+000
1.700000e+002	5.97723207e-001	-3.50227679e+000	-4.86667170e+005	0.00000000e+000	3.2499e+010	1.0000e-010	0.0000e+000
1.800000e+002	5.49056490e-001	-3.55094351e+000	-4.86667188e+005	0.00000000e+000	8.8390e+011	1.0000e-010	0.0000e+000
1.900000e+002	5.00389771e-001	-3.59961023e+000	-4.86667616e+005	0.00000000e+000	2.1899e+013	1.0000e-010	0.0000e+000
2.000000e+002	4.51723010e-001	-3.64827699e+000	-4.86677206e+005	0.00000000e+000	4.9025e+014	1.0000e-010	0.0000e+000
2.100000e+002	4.03055289e-001	-3.69694471e+000	-4.86869923e+005	0.00000000e+000	9.8513e+015	1.0000e-010	0.0000e+000
2.200000e+002	3.54368297e-001	-3.74563170e+000	-4.90321903e+005	0.00000000e+000	1.7646e+017	1.0000e-010	0.0000e+000
2.300000e+002	3.05336107e-001	-3.79466389e+000	-5.45004285e+005	0.00000000e+000	2.7952e+018	1.0000e-010	0.0000e+000
2.400000e+002	-3.09164322e-001	-3.70916432e+000	1.36824556e+006	0.00000000e+000	3.8789e+019	1.0000e-010	1.3848e+020
2.500000e+002	1.07660235e-001	-3.64233977e+000	-1.18046888e+005	0.00000000e+000	1.0560e+019	1.0000e-010	-6.7389e+019
2.600000e+002	-1.84144454e-001	-3.58414445e+000	7.71851918e+005	0.00000000e+000	2.0749e+019	1.0000e-010	6.7389e+019
2.700000e+002	-1.06959262e-001	-3.50695926e+000	4.62981115e+005	0.00000000e+000	1.6214e+019	1.0000e-010	0.0000e+000
2.800000e+002	-6.06611509e-002	-3.46066115e+000	2.90979012e+005	0.00000000e+000	9.0281e+018	1.0000e-010	0.0000e+000
2.900000e+002	-3.15632497e-002	-3.43156325e+000	2.01865222e+005	0.00000000e+000	4.6768e+018	1.0000e-010	0.0000e+000
3.000000e+002	-1.13767275e-002	-3.41137673e+000	1.51704439e+005	0.00000000e+000	2.6321e+018	1.0000e-010	0.0000e+000
3.100000e+002	3.79371640e-003	-3.39620628e+000	1.20078990e+005	0.00000000e+000	1.6593e+018	1.0000e-010	0.0000e+000
3.200000e+002	1.58016154e-002	-3.38419838e+000	9.85551807e+004	0.00000000e+000	1.1293e+018	1.0000e-010	0.0000e+000
3.300000e+002	2.56571335e-002	-3.37434287e+000	8.31797481e+004	0.00000000e+000	8.0668e+017	1.0000e-010	0.0000e+000
3.400000e+002	3.39751083e-002	-3.36602489e+000	7.17982016e+004	0.00000000e+000	5.9715e+017	1.0000e-010	0.0000e+000
3.500000e+002	4.11549284e-002	-3.35884507e+000	6.31079888e+004	0.00000000e+000	4.5596e+017	1.0000e-010	0.0000e+000
3.600000e+002	4.74657273e-002	-3.35253427e+000	5.62690259e+004	0.00000000e+000	3.5884e+017	1.0000e-010	0.0000e+000
3.700000e+002	5.30926299e-002	-3.34690737e+000	5.07462379e+004	0.00000000e+000	2.8979e+017	1.0000e-010	0.0000e+000
3.800000e+002	5.81672537e-002	-3.34183275e+000	4.62031403e+004	0.00000000e+000	2.3840e+017	1.0000e-010	0.0000e+000
3.900000e+002	6.27875677e-002	-3.33721243e+000	4.24083910e+004	0.00000000e+000	1.9914e+017	1.0000e-010	0.0000e+000
4.000000e+002	6.70284068e-002	-3.33297159e+000	3.91880193e+004	0.00000000e+000	1.6900e+017	1.0000e-010	0.0000e+000
4.100000e+002	7.09472088e-002	-3.32905279e+000	3.64160263e+004	0.00000000e+000	1.4548e+017	1.0000e-010	0.0000e+000
4.200000e+002	7.45888114e-002	-3.32541119e+000	3.40069124e+004	0.00000000e+000	1.2644e+017	1.0000e-010	0.0000e+000
4.300000e+002	7.79895026e-002	-3.32201050e+000	3.18983613e+004	0.00000000e+000	1.1067e+017	1.0000e-010	0.0000e+000
4.400000e+002	8.11793388e-002	-3.31882066e+000	3.00377149e+004	0.00000000e+000	9.7662e+016	1.0000e-010	0.0000e+000
4.500000e+002	8.41831103e-002	-3.31581689e+000	2.83804290e+004	0.00000000e+000	8.6991e+016	1.0000e-010	0.0000e+000
4.600000e+002	8.70211532e-002	-3.31297885e+000	2.68932119e+004	0.00000000e+000	7.8067e+016	1.0000e-010	0.0000e+000
4.700000e+002	8.97104744e-002	-3.31028953e+000	2.55528455e+004	0.00000000e+000	7.0361e+016	1.0000e-010	0.0000e+000
4.800000e+002	9.22657589e-002	-3.30773424e+000	2.43408742e+004	0.00000000e+000	6.3623e+016	1.0000e-010	0.0000e+000
4.900000e+002	9.46998463e-002	-3.30530015e+000	2.32397522e+004	0.00000000e+000	5.7806e+016	1.0000e-010	0.0000e+000
5.000000e+002	9.70238215e-002	-3.30297618e+000	2.22331641e+004	0.00000000e+000	5.2845e+016	1.0000e-010	0.0000e+000
5.100000e+002	9.92471380e-002	-3.30075286e+000	2.13081420e+004	0.00000000e+000	4.8564e+016	1.0000e-010	0.0000e+000
5.200000e+002	1.01377952e-001	-3.29862205e+000	2.04556254e+004	0.00000000e+000	4.4758e+016	1.0000e-010	0.0000e+000
5.300000e+002	1.03423515e-001	-3.29657649e+000	1.96688167e+004	0.00000000e+000	4.1309e+016	1.0000e-010	0.0000e+000
5.400000e+002	1.05390396e-001	-3.29460960e+000	1.89411621e+004	0.00000000e+000	3.8204e+016	1.0000e-010	0.0000e+000
5.500000e+002	1.07284513e-001	-3.29271549e+000	1.82657210e+004	0.00000000e+000	3.5464e+016	1.0000e-010	0.0000e+000
5.600000e+002	1.09111085e-001	-3.29088892e+000	1.76359713e+004	0.00000000e+000	3.3065e+016	1.0000e-010	0.0000e+000
5.700000e+002	1.10874682e-001	-3.28912532e+000	1.70468296e+004	0.00000000e+000	3.0933e+016	1.0000e-010	0.0000e+000
5.800000e+002	1.12579365e-001	-3.28742064e+000	1.64948266e+004	0.00000000e+000	2.8984e+016	1.0000e-010	0.0000e+000
5.900000e+002	1.14228847e-001	-3.28577115e+000	1.59773877e+004	0.00000000e+000	2.7169e+016	1.0000e-010	0.0000e+000
6.000000e+002	1.15826586e-001	-3.28417341e+000	1.54919288e+004	0.00000000e+000	2.5490e+016	1.0000e-010	0.0000e+000
6.100000e+002	1.17375779e-001	-3.28262422e+000	1.50354626e+004	0.00000000e+000	2.3968e+016	1.0000e-010	0.0000e+000
6.200000e+002	1.18879325e-001	-3.28112067e+000	1.46048569e+004	0.00000000e+000	2.2610e+016	1.0000e-010	0.0000e+000
6.300000e+002	1.20339811e-001	-3.27966019e+000	1.41973806e+004	0.00000000e+000	2.1396e+016	1.0000e-010	0.0000e+000
6.400000e+002	1.21759549e-001	-3.27824045e+000	1.38110574e+004	0.00000000e+000	2.0285e+016	1.0000e-010	0.0000e+000
6.500000e+002	1.23140655e-001	-3.27685935e+000	1.34446015e+004	0.00000000e+000	1.9242e+016	1.0000e-010	0.0000e+000
6.600000e+002	1.24485115e-001	-3.27551489e+000	1.30970413e+004	0.00000000e+000	1.8250e+016	1.0000e-010	0.0000e+000
6.700000e+002	1.25794819e-001	-3.27420518e+000	1.27673171e+004	0.00000000e+000	1.7313e+016	1.0000e-010	0.0000e+000
6.800000e+002	1.27071551e-001	-3.27292845e+000	1.24540917e+004	0.00000000e+000	1.6447e+016	1.0000e-010	0.0000e+000
6.900000e+002	1.28316960e-001	-3.27168304e+000	1.21558320e+004	0.00000000e+000	1.5661e+016	1.0000e-010	0.0000e+000
7.000000e+002	1.29532543e-001	-3.27046746e+000	1.18710567e+004	0.00000000e+000	1.4953e+016	1.0000e-010	0.0000e+000
7.100000e+002	1.30719649e-001	-3.26928035e+000	1.15985741e+004	0.00000000e+000	1.4307e+016	1.0000e-010	0.0000e+000
7.200000e+002	1.31879506e-001	-3.26812049e+000	1.13375825e+004	0.00000000e+000	1.3704e+016	1.0000e-010	0.0000e+000
7.300000e+002	1.33013265e-001	-3.26698674e+000	1.10876042e+004	0.00000000e+000	1.3125e+016	1.0000e-010	0.0000e+000
7.400000e+002	1.34122025e-001	-3.26587798e+000	1.08483092e+004	0.00000000e+000	1.2564e+016	1.0000e-010	0.0000e+000
7.500000e+002	1.35206856e-001	-3.26479314e+000	1.06193267e+004	0.00000000e+000	1.2022e+016	1.0000e-010	0.0000e+000
7.600000e+002	1.36268789e-001	-3.26373121e+000	1.04001253e+004	0.00000000e+000	1.1509e+016	1.0000e-010	0.0000e+000
7.700000e+002	1.37308801e-001	-3.26269120e+000	1.01899984e+004	0.00000000e+000	1.1032e+016	1.0000e-010	0.0000e+000
7.800000e+002	1.38327801e-001	-3.26167220e+000	9.98813573e+003	0.00000000e+000	1.0598e+016	1.0000e-010	0.0000e+000
7.900000e+002	1.39326614e-001	-3.26067339e+000	9.79374037e+003	0.00000000e+000	1.0206e+016	1.0000e-010	0.0000e+000
8.000000e+002	1.40305989e-001	-3.25969401e+000	9.60614025e+003	0.00000000e+000	9.8487e+015	1.0000e-010	0.0000e+000
8.100000e+002	1.41266603e-001	-3.25873340e+000	9.42485596e+003	0.00000000e+000	9.5169e+015	1.0000e-010	0.0000e+000
8.200000e+002	1.42209088e-001	-3.25779091e+000	9.24961194e+003	0.00000000e+000	9.1996e+015	1.0000e-010	0.0000e+000
8.300000e+002	1.43134049e-001	-3.25686595e+000	9.08029765e+003	0.00000000e+000	8.8880e+015	1.0000e-010	0.0000e+000
8.400000e+002	1.44042079e-001	-3.25595792e+000	8.91689860e+003	0.00000000e+000	8.5772e+015	1.0000e-010	0.0000e+000
8.500000e+002	1.44933769e-001	-3.25506623e+000	8.75942034e+003	0.00000000e+000	8.2661e+015	1.0000e-010	0.0000e+000
8.600000e+002	1.45809711e-001	-3.25419029e+000	8.60782476e+003	0.00000000e+000	7.9570e+015	1.0000e-010	0.0000e+000
8.700000e+002	1.46670493e-001	-3.25332951e+000	8.46198953e+003	0.00000000e+000	7.6544e+015	1.0000e-010	0.0000e+000
8.800000e+002	1.47516692e-001	-3.25248331e+000	8.32169389e+003	0.00000000e+000	7.3634e+015	1.0000e-010	0.0000e+000
8.900000e+002	1.48348862e-001	-3.25165114e+000	8.18662687e+003	0.00000000e+000	7.0888e+015	1.0000e-010	0.0000e+000
9.000000e+002	1.49167525e-001	-3.25083248e+000	8.05641081e+003	0.00000000e+000	6.8340e+015	1.0000e-010	0.0000e+000
9.100000e+002	1.49973166e-001	-3.25002683e+000	7.93063216e+003	0.00000000e+000	6.6010e+015	1.0000e-010	0.0000e+000
9.200000e+002	1.50766229e-001	-3.24923377e+000	7.80887245e+003	0.00000000e+000	6.3900e+015	1.0000e-010	0.0000e+000
9.300000e+002	1.51547116e-001	-3.24845288e+000	7.69073474e+003	0.00000000e+000	6.1999e+015	1.0000e-010	0.0000e+000
9.400000e+002	1.52316190e-001	-3.24768381e+000	7.57586078e+003	0.00000000e+000	6.0286e+015	1.0000e-010	0.0000e+000
9.500000e+002	1.53073776e-001	-3.24692622e+000	7.46394773e+003	0.00000000e+000	5.8732e+015	1.0000e-010	0.0000e+000
9.600000e+002	1.53820170e-001	-3.24617983e+000	7.35474841e+003	0.00000000e+000	5.7307e+015	1.0000e-010	0.0000e+000
9.700000e+002	1.54555645e-001	-3.24544435e+000	7.24807251e+003	0.00000000e+000	5.5983e+015	1.0000e-010	0.0000e+000
9.800000e+002	1.55280452e-001	-3.24471955e+000	7.14378458e+003	0.00000000e+000	5.4730e+015	1.0000e-010	0.0000e+000
9.900000e+002	1.55994831e-001	-3.24400517e+000	7.04180115e+003	0.00000000e+000	5.3521e+015	1.0000e-010	0.0000e+000
1.000000e+003	1.56699011e-001	-3.24330099e+000	6.94222971e+003	0.00000000e+000	5.2254e+015	1.0000e-010	0.0000e+000	-9.0928e-002	-2.4902e-002	3.3810e-002	6.6759e-002	8.7615e-002	1.0269e-001	1.1444e-001	1.2405e-001	1.3216e-001	1.3919e-001	1.4538e-001	1.5105e-001
1.010000e+003	1.57393234e-001	-3.24260677e+000	6.84519227e+003	0.00000000e+000	5.0938e+015	1.0000e-010	0.0000e+000
1.020000e+003	1.58077753e-001	-3.24192225e+000	6.75069051e+003	0.00000000e+000	4.9607e+015	1.0000e-010	0.0000e+000
1.030000e+003	1.58752822e-001	-3.24124718e+000	6.65862452e+003	0.00000000e+000	4.8329e+015	1.0000e-010	0.0000e+000
1.040000e+003	1.59418685e-001	-3.24058132e+000	6.56889956e+003	0.00000000e+000	4.7100e+015	1.0000e-010	0.0000e+000
1.050000e+003	1.60075575e-001	-3.23992443e+000	6.48142577e+003	0.00000000e+000	4.5918e+015	1.0000e-010	0.0000e+000
1.060000e+003	1.60723717e-001	-3.23927628e+000	6.39611779e+003	0.00000000e+000	4.4781e+015	1.0000e-010	0.0000e+000
1.070000e+003	1.61363329e-001	-3.23863667e+000	6.31289454e+003	0.00000000e+000	4.3687e+015	1.0000e-010	0.0000e+000
1.080000e+003	1.61994619e-001	-3.23800538e+000	6.23167895e+003	0.00000000e+000	4.2633e+015	1.0000e-010	0.0000e+000
1.090000e+003	1.62617786e-001	-3.23738221e+000	6.15239766e+003	0.00000000e+000	4.1618e+015	1.0000e-010	0.0000e+000
1.100000e+003	1.63233026e-001	-3.23676697e+000	6.07498088e+003	0.00000000e+000	4.0639e+015	1.0000e-010	0.0000e+000
1.110000e+003	1.63840524e-001	-3.23615948e+000	5.99936212e+003	0.00000000e+000	3.9696e+015	1.0000e-010	0.0000e+000
1.120000e+003	1.64440460e-001	-3.23555954e+000	5.92547800e+003	0.00000000e+000	3.8785e+015	1.0000e-010	0.0000e+000
1.130000e+003	1.65033008e-001	-3.23496699e+000	5.85326810e+003	0.00000000e+000	3.7906e+015	1.0000e-010	0.0000e+000
1.140000e+003	1.65618335e-001	-3.23438166e+000	5.78267477e+003	0.00000000e+000	3.7058e+015	1.0000e-010	0.0000e+000
1.150000e+003	1.66196603e-001	-3.23380340e+000	5.71364297e+003	0.00000000e+000	3.6238e+015	1.0000e-010	0.0000e+000
1.160000e+003	1.66767967e-001	-3.23323203e+000	5.64612013e+003	0.00000000e+000	3.5446e+015	1.0000e-010	0.0000e+000
1.170000e+003	1.67332579e-001	-3.23266742e+000	5.58005602e+003	0.00000000e+000	3.4680e+015	1.0000e-010	0.0000e+000
1.180000e+003	1.67890584e-001	-3.23210942e+000	5.51540259e+003	0.00000000e+000	3.3940e+015	1.0000e-010	0.0000e+000
1.190000e+003	1.68442125e-001	-3.23155788e+000	5.45211391e+003	0.00000000e+000	3.3223e+015	1.0000e-010	0.0000e+000
1.200000e+003	1.68987336e-001	-3.23101266e+000	5.39014599e+003	0.00000000e+000	3.2530e+015	1.0000e-010	0.0000e+000
1.210000e+003	1.69526351e-001	-3.23047365e+000	5.32945673e+003	0.00000000e+000	3.1859e+015	1.0000e-010	0.0000e+000
1.220000e+003	1.70059296e-001	-3.22994070e+000	5.27000578e+003	0.00000000e+000	3.1209e+015	1.0000e-010	0.0000e+000
1.230000e+003	1.70586297e-001	-3.22941370e+000	5.21175449e+003	0.00000000e+000	3.0579e+015	1.0000e-010	0.0000e+000
1.240000e+003	1.71107472e-001	-3.22889253e+000	5.15466579e+003	0.00000000e+000	2.9969e+015	1.0000e-010	0.0000e+000
1.250000e+003	1.71622939e-001	-3.22837706e+000	5.09870411e+003	0.00000000e+000	2.9377e+015	1.0000e-010	0.0000e+000
1.260000e+003	1.72132809e-001	-3.22786719e+000	5.04383533e+003	0.00000000e+000	2.8803e+015	1.0000e-010	0.0000e+000
1.270000e+003	1.72637193e-001	-3.22736281e+000	4.99002670e+003	0.00000000e+000	2.8247e+015	1.0000e-010	0.0000e+000
1.280000e+003	1.73136196e-001	-3.22686380e+000	4.93724673e+003	0.00000000e+000	2.7707e+015	1.0000e-010	0.0000e+000
1.290000e+003	1.73629920e-001	-3.22637008e+000	4.88546520e+003	0.00000000e+000	2.7183e+015	1.0000e-010	0.0000e+000
1.300000e+003	1.74118467e-001	-3.22588153e+000	4.83465303e+003	0.00000000e+000	2.6674e+015	1.0000e-010	0.0000e+000
1.310000e+003	1.74601932e-001	-3.22539807e+000	4.78478229e+003	0.00000000e+000	2.6180e+015	1.0000e-010	0.0000e+000
1.320000e+003	1.75080410e-001	-3.22491959e+000	4.73582609e+003	0.00000000e+000	2.5700e+015	1.0000e-010	0.0000e+000
1.330000e+003	1.75553993e-001	-3.22444601e+000	4.68775855e+003	0.00000000e+000	2.5233e+015	1.0000e-010	0.0000e+000
1.340000e+003	1.76022769e-001	-3.22397723e+000	4.64055477e+003	0.00000000e+000	2.4780e+015	1.0000e-010	0.0000e+000
1.350000e+003	1.76486824e-001	-3.22351318e+000	4.59419075e+003	0.00000000e+000	2.4339e+015	1.0000e-010	0.0000e+000
1.360000e+003	1.76946243e-001	-3.22305376e+000	4.54864340e+003	0.00000000e+000	2.3910e+015	1.0000e-010	0.0000e+000
1.370000e+003	1.77401108e-001	-3.22259889e+000	4.50389045e+003	0.00000000e+000	2.3493e+015	1.0000e-010	0.0000e+000
1.380000e+003	1.77851497e-001	-3.22214850e+000	4.45991042e+003	0.00000000e+000	2.3088e+015	1.0000e-010	0.0000e+000
1.390000e+003	1.78297488e-001	-3.22170251e+000	4.41668261e+003	0.00000000e+000	2.2693e+015	1.0000e-010	0.0000e+000
1.400000e+003	1.78739156e-001	-3.22126084e+000	4.37418706e+003	0.00000000e+000	2.2308e+015	1.0000e-010	0.0000e+000
1.410000e+003	1.79176575e-001	-3.22082343e+000	4.33240449e+003	0.00000000e+000	2.1934e+015	1.0000e-010	0.0000e+000
1.420000e+003	1.79609815e-001	-3.22039018e+000	4.29131629e+003	0.00000000e+000	2.1570e+015	1.0000e-010	0.0000e+000
1.430000e+003	1.80038947e-001	-3.21996105e+000	4.25090451e+003	0.00000000e+000	2.1215e+015	1.0000e-010	0.0000e+000
1.440000e+003	1.80464037e-001	-3.21953596e+000	4.21115180e+003	0.00000000e+000	2.0869e+015	1.0000e-010	0.0000e+000
1.450000e+003	1.80885152e-001	-3.21911485e+000	4.17204140e+003	0.00000000e+000	2.0531e+015	1.0000e-010	0.0000e+000
1.460000e+003	1.81302357e-001	-3.21869764e+000	4.13355710e+003	0.00000000e+000	2.0203e+015	1.0000e-010	0.0000e+000
1.470000e+003	1.81715712e-001	-3.21828429e+000	4.09568324e+003	0.00000000e+000	1.9882e+015	1.0000e-010	0.0000e+000
1.480000e+003	1.82125281e-001	-3.21787472e+000	4.05840468e+003	0.00000000e+000	1.9570e+015	1.0000e-010	0.0000e+000
1.490000e+003	1.82531121e-001	-3.21746888e+000	4.02170678e+003	0.00000000e+000	1.9265e+015	1.0000e-010	0.0000e+000
1.500000e+003	1.82933292e-001	-3.21706671e+000	3.98557536e+003	0.00000000e+000	1.8968e+015	1.0000e-010	0.0000e+000
1.510000e+003	1.83331849e-001	-3.21666815e+000	3.94999669e+003	0.00000000e+000	1.8677e+015	1.0000e-010	0.0000e+000
1.520000e+003	1.83726849e-001	-3.21627315e+000	3.91495752e+003	0.00000000e+000	1.8394e+015	1.0000e-010	0.0000e+000
1.530000e+003	1.84118345e-001	-3.21588166e+000	3.88044497e+003	0.00000000e+000	1.8118e+015	1.0000e-010	0.0000e+000
1.540000e+003	1.84506389e-001	-3.21549361e+000	3.84644659e+003	0.00000000e+000	1.7848e+015	1.0000e-010	0.0000e+000
1.550000e+003	1.84891034e-001	-3.21510897e+000	3.81295032e+003	0.00000000e+000	1.7584e+015	1.0000e-010	0.0000e+000
1.560000e+003	1.85272329e-001	-3.21472767e+000	3.77994446e+003	0.00000000e+000	1.7327e+015	1.0000e-010	0.0000e+000
1.570000e+003	1.85650323e-001	-3.21434968e+000	3.74741769e+003	0.00000000e+000	1.7075e+015	1.0000e-010	0.0000e+000
1.580000e+003	1.86025065e-001	-3.21397493e+000	3.71535902e+003	0.00000000e+000	1.6830e+015	1.0000e-010	0.0000e+000
1.590000e+003	1.86396601e-001	-3.21360340e+000	3.68375779e+003	0.00000000e+000	1.6590e+015	1.0000e-010	0.0000e+000
1.600000e+003	1.86764977e-001	-3.21323502e+000	3.65260366e+003	0.00000000e+000	1.6355e+015	1.0000e-010	0.0000e+000
1.610000e+003	1.87130237e-001	-3.21286976e+000	3.62188661e+003	0.00000000e+000	1.6125e+015	1.0000e-010	0.0000e+000
1.620000e+003	1.87492426e-001	-3.21250757e+000	3.59159691e+003	0.00000000e+000	1.5901e+015	1.0000e-010	0.0000e+000
1.630000e+003	1.87851586e-001	-3.21214841e+000	3.56172511e+003	0.00000000e+000	1.5682e+015	1.0000e-010	0.0000e+000
1.640000e+003	1.88207758e-001	-3.21179224e+000	3.53226205e+003	0.00000000e+000	1.5467e+015	1.0000e-010	0.0000e+000
1.650000e+003	1.88560984e-001	-3.21143902e+000	3.50319881e+003	0.00000000e+000	1.5257e+015	1.0000e-010	0.0000e+000
1.660000e+003	1.88911304e-001	-3.21108870e+000	3.47452675e+003	0.00000000e+000	1.5052e+015	1.0000e-010	0.0000e+000
1.670000e+003	1.89258757e-001	-3.21074124e+000	3.44623747e+003	0.00000000e+000	1.4851e+015	1.0000e-010	0.0000e+000
1.680000e+003	1.89603381e-001	-3.21039662e+000	3.41832280e+003	0.00000000e+000	1.4654e+015	1.0000e-010	0.0000e+000
1.690000e+003	1.89945213e-001	-3.21005479e+000	3.39077481e+003	0.00000000e+000	1.4462e+015	1.0000e-010	0.0000e+000
1.700000e+003	1.90284290e-001	-3.20971571e+000	3.36358578e+003	0.00000000e+000	1.4273e+015	1.0000e-010	0.0000e+000
1.710000e+003	1.90620649e-001	-3.20937935e+000	3.33674822e+003	0.00000000e+000	1.4089e+015	1.0000e-010	0.0000e+000
1.720000e+003	1.90954324e-001	-3.20904568e+000	3.31025482e+003	0.00000000e+000	1.3908e+015	1.0000e-010	0.0000e+000
1.730000e+003	1.91285349e-001	-3.20871465e+000	3.28409850e+003	0.00000000e+000	1.3731e+015	1.0000e-010	0.0000e+000
1.740000e+003	1.91613759e-001	-3.20838624e+000	3.25827236e+003	0.00000000e+000	1.3558e+015	1.0000e-010	0.0000e+000
1.750000e+003	1.91939586e-001	-3.20806041e+000	3.23276967e+003	0.00000000e+000	1.3388e+015	1.0000e-010	0.0000e+000
1.760000e+003	1.92262863e-001	-3.20773714e+000	3.20758391e+003	0.00000000e+000	1.3222e+015	1.0000e-010	0.0000e+000
1.770000e+003	1.92583622e-001	-3.20741638e+000	3.18270870e+003	0.00000000e+000	1.3059e+015	1.0000e-010	0.0000e+000
1.780000e+003	1.92901893e-001	-3.20709811e+000	3.15813787e+003	0.00000000e+000	1.2899e+015	1.0000e-010	0.0000e+000
1.790000e+003	1.93217706e-001	-3.20678229e+000	3.13386537e+003	0.00000000e+000	1.2742e+015	1.0000e-010	0.0000e+000
1.800000e+003	1.93531093e-001	-3.20646891e+000	3.10988534e+003	0.00000000e+000	1.2589e+015	1.0000e-010	0.0000e+000
1.810000e+003	1.93842081e-001	-3.20615792e+000	3.08619205e+003	0.00000000e+000	1.2438e+015	1.0000e-010	0.0000e+000
1.820000e+003	1.94150701e-001	-3.20584930e+000	3.06277992e+003	0.00000000e+000	1.2291e+015	1.0000e-010	0.0000e+000
1.830000e+003	1.94456979e-001	-3.20554302e+000	3.03964353e+003	0.00000000e+000	1.2146e+015	1.0000e-010	0.0000e+000
1.840000e+003	1.94760943e-001	-3.20523906e+000	3.01677758e+003	0.00000000e+000	1.2004e+015	1.0000e-010	0.0000e+000
1.850000e+003	1.95062621e-001	-3.20493738e+000	2.99417692e+003	0.00000000e+000	1.1865e+015	1.0000e-010	0.0000e+000
1.860000e+003	1.95362038e-001	-3.20463796e+000	2.97183650e+003	0.00000000e+000	1.1728e+015	1.0000e-010	0.0000e+000
1.870000e+003	1.95659222e-001	-3.20434078e+000	2.94975143e+003	0.00000000e+000	1.1594e+015	1.0000e-010	0.0000e+000
1.880000e+003	1.95954197e-001	-3.20404580e+000	2.92791692e+003	0.00000000e+000	1.1463e+015	1.0000e-010	0.0000e+000
1.890000e+003	1.96246989e-001	-3.20375301e+000	2.90632831e+003	0.00000000e+000	1.1333e+015	1.0000e-010	0.0000e+000
1.900000e+003	1.96537622e-001	-3.20346238e+000	2.88498104e+003	0.00000000e+000	1.1207e+015	1.0000e-010	0.0000e+000
1.910000e+003	1.96826120e-001	-3.20317388e+000	2.86387067e+003	0.00000000e+000	1.1082e+015	1.0000e-010	0.0000e+000
1.920000e+003	1.97112507e-001	-3.20288749e+000	2.84299288e+003	0.00000000e+000	1.0960e+015	1.0000e-010	0.0000e+000
1.930000e+003	1.97396806e-001	-3.20260319e+000	2.82234342e+003	0.00000000e+000	1.0840e+015	1.0000e-010	0.0000e+000
1.940000e+003	1.97679040e-001	-3.20232096e+000	2.80191817e+003	0.00000000e+000	1.0723e+015	1.0000e-010	0.0000e+000
1.950000e+003	1.97959232e-001	-3.20204077e+000	2.78171311e+003	0.00000000e+000	1.0607e+015	1.0000e-010	0.0000e+000
1.960000e+003	1.98237404e-001	-3.20176260e+000	2.76172428e+003	0.00000000e+000	1.0494e+015	1.0000e-010	0.0000e+000
1.970000e+003	1.98513576e-001	-3.20148642e+000	2.74194786e+003	0.00000000e+000	1.0382e+015	1.0000e-010	0.0000e+000
1.980000e+003	1.98787771e-001	-3.20121223e+000	2.72238008e+003	0.00000000e+000	1.0273e+015	1.0000e-010	0.0000e+000
1.990000e+003	1.99060009e-001	-3.20093999e+000	2.70301729e+003	0.00000000e+000	1.0165e+015	1.0000e-010	0.0000e+000
2.000000e+003	1.99330311e-001	-3.20066969e+000	2.68385589e+003	0.00000000e+000	1.0059e+015	1.0000e-010	0.0000e+000
2.010000e+003	1.99598696e-001	-3.20040130e+000	2.66489239e+003	0.00000000e+000	9.9554e+014	1.0000e-010	0.0000e+000
2.020000e+003	1.99865185e-001	-3.20013481e+000	2.64612337e+003	0.00000000e+000	9.8533e+014	1.0000e-010	0.0000e+000
2.030000e+003	2.00129798e-001	-3.19987020e+000	2.62754548e+003	0.00000000e+000	9.7529e+014	1.0000e-010	0.0000e+000
2.040000e+003	2.00392552e-001	-3.19960745e+000	2.60915545e+003	0.00000000e+000	9.6543e+014	1.0000e-010	0.0000e+000
2.050000e+003	2.00653468e-001	-3.19934653e+000	2.59095010e+003	0.00000000e+000	9.5574e+014	1.0000e-010	0.0000e+000
2.060000e+003	2.00912563e-001	-3.19908744e+000	2.57292629e+003	0.00000000e+000	9.4621e+014	1.0000e-010	0.0000e+000
2.070000e+003	2.01169855e-001	-3.19883014e+000	2.55508098e+003	0.00000000e+000	9.3684e+014	1.0000e-010	0.0000e+000
2.080000e+003	2.01425364e-001	-3.19857464e+000	2.53741117e+003	0.00000000e+000	9.2762e+014	1.0000e-010	0.0000e+000
2.090000e+003	2.01679105e-001	-3.19832090e+000	2.51991395e+003	0.00000000e+000	9.1856e+014	1.0000e-010	0.0000e+000
2.100000e+003	2.01931096e-001	-3.19806890e+000	2.50258645e+003	0.00000000e+000	9.0965e+014	1.0000e-010	0.0000e+000
2.110000e+003	2.02181355e-001	-3.19781865e+000	2.48542588e+003	0.00000000e+000	9.0089e+014	1.0000e-010	0.0000e+000
2.120000e+003	2.02429897e-001	-3.19757010e+000	2.46842950e+003	0.00000000e+000	8.9227e+014	1.0000e-010	0.0000e+000
2.130000e+003	2.02676740e-001	-3.19732326e+000	2.45159463e+003	0.00000000e+000	8.8379e+014	1.0000e-010	0.0000e+000
2.140000e+003	2.02921900e-001	-3.19707810e+000	2.43491866e+003	0.00000000e+000	8.7545e+014	1.0000e-010	0.0000e+000
2.150000e+003	2.03165392e-001	-3.19683461e+000	2.41839902e+003	0.00000000e+000	8.6724e+014	1.0000e-010	0.0000e+000
2.160000e+003	2.03407231e-001	-3.19659277e+000	2.40203319e+003	0.00000000e+000	8.5917e+014	1.0000e-010	0.0000e+000
2.170000e+003	2.03647435e-001	-3.19635257e+000	2.38581873e+003	0.00000000e+000	8.5122e+014	1.0000e-010	0.0000e+000
2.180000e+003	2.03886017e-001	-3.19611398e+000	2.36975321e+003	0.00000000e+000	8.4340e+014	1.0000e-010	0.0000e+000
2.190000e+003	2.04122992e-001	-3.19587701e+000	2.35383429e+003	0.00000000e+000	8.3571e+014	1.0000e-010	0.0000e+000
2.200000e+003	2.04358375e-001	-3.19564162e+000	2.33805965e+003	0.00000000e+000	8.2813e+014	1.0000e-010	0.0000e+000
2.210000e+003	2.04592181e-001	-3.19540782e+000	2.32242704e+003	0.00000000e+000	8.2068e+014	1.0000e-010	0.0000e+000
2.220000e+003	2.04824424e-001	-3.19517558e+000	2.30693423e+003	0.00000000e+000	8.1334e+014	1.0000e-010	0.0000e+000
2.230000e+003	2.05055118e-001	-3.19494488e+000	2.29157906e+003	0.00000000e+000	8.0611e+014	1.0000e-010	0.0000e+000
2.240000e+003	2.05284275e-001	-3.19471572e+000	2.27635940e+003	0.00000000e+000	7.9900e+014	1.0000e-010	0.0000e+000
2.250000e+003	2.05511911e-001	-3.19448809e+000	2.26127317e+003	0.00000000e+000	7.9199e+014	1.0000e-010	0.0000e+000
2.260000e+003	2.05738039e-001	-3.19426196e+000	2.24631832e+003	0.00000000e+000	7.8510e+014	1.0000e-010	0.0000e+000
2.270000e+003	2.05962671e-001	-3.19403733e+000	2.23149285e+003	0.00000000e+000	7.7831e+014	1.0000e-010	0.0000e+000
2.280000e+003	2.06185820e-001	-3.19381418e+000	2.21679480e+003	0.00000000e+000	7.7162e+014	1.0000e-010	0.0000e+000
2.290000e+003	2.06407499e-001	-3.19359250e+000	2.20222225e+003	0.00000000e+000	7.6503e+014	1.0000e-010	0.0000e+000
2.300000e+003	2.06627721e-001	-3.19337228e+000	2.18777331e+003	0.00000000e+000	7.5854e+014	1.0000e-010	0.0000e+000
2.310000e+003	2.06846499e-001	-3.19315350e+000	2.17344613e+003	0.00000000e+000	7.5215e+014	1.0000e-010	0.0000e+000
2.320000e+003	2.07063843e-001	-3.19293616e+000	2.15923890e+003	0.00000000e+000	7.4585e+014	1.0000e-010	0.0000e+000
2.330000e+003	2.07279767e-001	-3.19272023e+000	2.14514983e+003	0.00000000e+000	7.3965e+014	1.0000e-010	0.0000e+000
2.340000e+003	2.07494282e-001	-3.19250572e+000	2.13117719e+003	0.00000000e+000	7.3353e+014	1.0000e-010	0.0000e+000
2.350000e+003	2.07707400e-001	-3.19229260e+000	2.11731927e+003	0.00000000e+000	7.2751e+014	1.0000e-010	0.0000e+000
2.360000e+003	2.07919132e-001	-3.19208087e+000	2.10357438e+003	0.00000000e+000	7.2158e+014	1.0000e-010	0.0000e+000
2.370000e+003	2.08129489e-001	-3.19187051e+000	2.08994087e+003	0.00000000e+000	7.1573e+014	1.0000e-010	0.0000e+000
2.380000e+003	2.08338483e-001	-3.19166152e+000	2.07641714e+003	0.00000000e+000	7.0997e+014	1.0000e-010	0.0000e+000
2.390000e+003	2.08546125e-001	-3.19145387e+000	2.06300160e+003	0.00000000e+000	7.0429e+014	1.0000e-010	0.0000e+000
2.400000e+003	2.08752425e-001	-3.19124757e+000	2.04969269e+003	0.00000000e+000	6.9869e+014	1.0000e-010	0.0000e+000
2.410000e+003	2.08957395e-001	-3.19104261e+000	2.03648888e+003	0.00000000e+000	6.9317e+014	1.0000e-010	0.0000e+000
2.420000e+003	2.09161044e-001	-3.19083896e+000	2.02338867e+003	0.00000000e+000	6.8774e+014	1.0000e-010	0.0000e+000
2.430000e+003	2.09363382e-001	-3.19063662e+000	2.01039060e+003	0.00000000e+000	6.8237e+014	1.0000e-010	0.0000e+000
2.440000e+003	2.09564421e-001	-3.19043558e+000	1.99749322e+003	0.00000000e+000	6.7709e+014	1.0000e-010	0.0000e+000
2.450000e+003	2.09764171e-001	-3.19023583e+000	1.98469510e+003	0.00000000e+000	6.7188e+014	1.0000e-010	0.0000e+000
2.460000e+003	2.09962640e-001	-3.19003736e+000	1.97199487e+003	0.00000000e+000	6.6674e+014	1.0000e-010	0.0000e+000
2.470000e+003	2.10159840e-001	-3.18984016e+000	1.95939114e+003	0.00000000e+000	6.6167e+014	1.0000e-010	0.0000e+000
2.480000e+003	2.10355779e-001	-3.18964422e+000	1.94688258e+003	0.00000000e+000	6.5668e+014	1.0000e-010	0.0000e+000
2.490000e+003	2.10550467e-001	-3.18944953e+000	1.93446786e+003	0.00000000e+000	6.5175e+014	1.0000e-010	0.0000e+000
2.500000e+003	2.10743914e-001	-3.18925609e+000	1.92214570e+003	0.00000000e+000	6.4689e+014	1.0000e-010	0.0000e+000
2.510000e+003	2.10936128e-001	-3.18906387e+000	1.90991481e+003	0.00000000e+000	6.4210e+014	1.0000e-010	0.0000e+000
2.520000e+003	2.11127120e-001	-3.18887288e+000	1.89777395e+003	0.00000000e+000	6.3737e+014	1.0000e-010	0.0000e+000
2.530000e+003	2.11316897e-001	-3.18868310e+000	1.88572189e+003	0.00000000e+000	6.3271e+014	1.0000e-010	0.0000e+000
2.540000e+003	2.11505470e-001	-3.18849453e+000	1.87375742e+003	0.00000000e+000	6.2811e+014	1.0000e-010	0.0000e+000
2.550000e+003	2.11692845e-001	-3.18830715e+000	1.86187935e+003	0.00000000e+000	6.2358e+014	1.0000e-010	0.0000e+000
2.560000e+003	2.11879033e-001	-3.18812097e+000	1.85008653e+003	0.00000000e+000	6.1910e+014	1.0000e-010	0.0000e+000
2.570000e+003	2.12064042e-001	-3.18793596e+000	1.83837780e+003	0.00000000e+000	6.1469e+014	1.0000e-010	0.0000e+000
2.580000e+003	2.12247880e-001	-3.18775212e+000	1.82675203e+003	0.00000000e+000	6.1033e+014	1.0000e-010	0.0000e+000
2.590000e+003	2.12430555e-001	-3.18756945e+000	1.81520813e+003	0.00000000e+000	6.0603e+014	1.0000e-010	0.0000e+000
2.600000e+003	2.12612076e-001	-3.18738792e+000	1.80374500e+003	0.00000000e+000	6.0179e+014	1.0000e-010	0.0000e+000
2.610000e+003	2.12792450e-001	-3.18720755e+000	1.79236157e+003	0.00000000e+000	5.9761e+014	1.0000e-010	0.0000e+000
2.620000e+003	2.12971686e-001	-3.18702831e+000	1.78105679e+003	0.00000000e+000	5.9348e+014	1.0000e-010	0.0000e+000
2.630000e+003	2.13149792e-001	-3.18685021e+000	1.76982963e+003	0.00000000e+000	5.8941e+014	1.0000e-010	0.0000e+000
2.640000e+003	2.13326775e-001	-3.18667323e+000	1.75867906e+003	0.00000000e+000	5.8539e+014	1.0000e-010	0.0000e+000
2.650000e+003	2.13502643e-001	-3.18649736e+000	1.74760410e+003	0.00000000e+000	5.8142e+014	1.0000e-010	0.0000e+000
2.660000e+003	2.13677403e-001	-3.18632260e+000	1.73660375e+003	0.00000000e+000	5.7750e+014	1.0000e-010	0.0000e+000
2.670000e+003	2.13851064e-001	-3.18614894e+000	1.72567704e+003	0.00000000e+000	5.7363e+014	1.0000e-010	0.0000e+000
2.680000e+003	2.14023631e-001	-3.18597637e+000	1.71482303e+003	0.00000000e+000	5.6982e+014	1.0000e-010	0.0000e+000
2.690000e+003	2.14195114e-001	-3.18580489e+000	1.70404078e+003	0.00000000e+000	5.6605e+014	1.0000e-010	0.0000e+000
2.700000e+003	2.14365518e-001	-3.18563448e+000	1.69332937e+003	0.00000000e+000	5.6233e+014	1.0000e-010	0.0000e+000
2.710000e+003	2.14534851e-001	-3.18546515e+000	1.68268789e+003	0.00000000e+000	5.5866e+014	1.0000e-010	0.0000e+000
2.720000e+003	2.14703119e-001	-3.18529688e+000	1.67211545e+003	0.00000000e+000	5.5504e+014	1.0000e-010	0.0000e+000
2.730000e+003	2.14870331e-001	-3.18512967e+000	1.66161117e+003	0.00000000e+000	5.5146e+014	1.0000e-010	0.0000e+000
2.740000e+003	2.15036492e-001	-3.18496351e+000	1.65117419e+003	0.00000000e+000	5.4792e+014	1.0000e-010	0.0000e+000
2.750000e+003	2.15201610e-001	-3.18479839e+000	1.64080366e+003	0.00000000e+000	5.4444e+014	1.0000e-010	0.0000e+000
2.760000e+003	2.15365690e-001	-3.18463431e+000	1.63049874e+003	0.00000000e+000	5.4099e+014	1.0000e-010	0.0000e+000
2.770000e+003	2.15528740e-001	-3.18447126e+000	1.62025861e+003	0.00000000e+000	5.3759e+014	1.0000e-010	0.0000e+000
2.780000e+003	2.15690766e-001	-3.18430923e+000	1.61008246e+003	0.00000000e+000	5.3423e+014	1.0000e-010	0.0000e+000
2.790000e+003	2.15851774e-001	-3.18414823e+000	1.59996949e+003	0.00000000e+000	5.3091e+014	1.0000e-010	0.0000e+000
2.800000e+003	2.16011771e-001	-3.18398823e+000	1.58991892e+003	0.00000000e+000	5.2764e+014	1.0000e-010	0.0000e+000
2.810000e+003	2.16170763e-001	-3.18382924e+000	1.57992997e+003	0.00000000e+000	5.2440e+014	1.0000e-010	0.0000e+000
2.820000e+003	2.16328756e-001	-3.18367124e+000	1.57000187e+003	0.00000000e+000	5.2121e+014	1.0000e-010	0.0000e+000
2.830000e+003	2.16485756e-001	-3.18351424e+000	1.56013389e+003	0.00000000e+000	5.1805e+014	1.0000e-010	0.0000e+000
2.840000e+003	2.16641769e-001	-3.18335823e+000	1.55032529e+003	0.00000000e+000	5.1494e+014	1.0000e-010	0.0000e+000
2.850000e+003	2.16796802e-001	-3.18320320e+000	1.54057532e+003	0.00000000e+000	5.1186e+014	1.0000e-010	0.0000e+000
2.860000e+003	2.16950859e-001	-3.18304914e+000	1.53088329e+003	0.00000000e+000	5.0882e+014	1.0000e-010	0.0000e+000
2.870000e+003	2.17103948e-001	-3.18289605e+000	1.52124848e+003	0.00000000e+000	5.0581e+014	1.0000e-010	0.0000e+000
2.880000e+003	2.17256073e-001	-3.18274393e+000	1.51167020e+003	0.00000000e+000	5.0284e+014	1.0000e-010	0.0000e+000
2.890000e+003	2.17407240e-001	-3.18259276e+000	1.50214777e+003	0.00000000e+000	4.9991e+014	1.0000e-010	0.0000e+000
2.900000e+003	2.17557454e-001	-3.18244255e+000	1.49268050e+003	0.00000000e+000	4.9702e+014	1.0000e-010	0.0000e+000
2.910000e+003	2.17706722e-001	-3.18229328e+000	1.48326774e+003	0.00000000e+000	4.9416e+014	1.0000e-010	0.0000e+000
2.920000e+003	2.17855049e-001	-3.18214495e+000	1.47390883e+003	0.00000000e+000	4.9133e+014	1.0000e-010	0.0000e+000
2.930000e+003	2.18002440e-001	-3.18199756e+000	1.46460313e+003	0.00000000e+000	4.8854e+014	1.0000e-010	0.0000e+000
2.940000e+003	2.18148900e-001	-3.18185110e+000	1.45535000e+003	0.00000000e+000	4.8578e+014	1.0000e-010	0.0000e+000
2.950000e+003	2.18294435e-001	-3.18170556e+000	1.44614882e+003	0.00000000e+000	4.8305e+014	1.0000e-010	0.0000e+000
2.960000e+003	2.18439050e-001	-3.18156095e+000	1.43699896e+003	0.00000000e+000	4.8035e+014	1.0000e-010	0.0000e+000
2.970000e+003	2.18582750e-001	-3.18141725e+000	1.42789982e+003	0.00000000e+000	4.7769e+014	1.0000e-010	0.0000e+000
2.980000e+003	2.18725540e-001	-3.18127446e+000	1.41885080e+003	0.00000000e+000	4.7506e+014	1.0000e-010	0.0000e+000
2.990000e+003	2.18867425e-001	-3.18113257e+000	1.40985131e+003	0.00000000e+000	4.7246e+014	1.0000e-010	0.0000e+000
3.000000e+003	2.19008410e-001	-3.18099159e+000	1.40090076e+003	0.00000000e+000	4.6989e+014	1.0000e-010	0.0000e+000
3.010000e+003	2.19148500e-001	-3.18085150e+000	1.39199859e+003	0.00000000e+000	4.6735e+014	1.0000e-010	0.0000e+000
3.020000e+003	2.19287700e-001	-3.18071230e+000	1.38314422e+003	0.00000000e+000	4.6484e+014	1.0000e-010	0.0000e+000
3.030000e+003	2.19426015e-001	-3.18057399e+000	1.37433709e+003	0.00000000e+000	4.6236e+014	1.0000e-010	0.0000e+000
3.040000e+003	2.19563448e-001	-3.18043655e+000	1.36557666e+003	0.00000000e+000	4.5991e+014	1.0000e-010	0.0000e+000
3.050000e+003	2.19700006e-001	-3.18029999e+000	1.35686239e+003	0.00000000e+000	4.5749e+014	1.0000e-010	0.0000e+000
3.060000e+003	2.19835692e-001	-3.18016431e+000	1.34819373e+003	0.00000000e+000	4.5509e+014	1.0000e-010	0.0000e+000
3.070000e+003	2.19970512e-001	-3.18002949e+000	1.33957017e+003	0.00000000e+000	4.5273e+014	1.0000e-010	0.0000e+000
3.080000e+003	2.20104469e-001	-3.17989553e+000	1.33099117e+003	0.00000000e+000	4.5039e+014	1.0000e-010	0.0000e+000
3.090000e+003	2.20237568e-001	-3.17976243e+000	1.32245623e+003	0.00000000e+000	4.4807e+014	1.0000e-010	0.0000e+000
3.100000e+003	2.20369813e-001	-3.17963019e+000	1.31396483e+003	0.00000000e+000	4.4579e+014	1.0000e-010	0.0000e+000
3.110000e+003	2.20501210e-001	-3.17949879e+000	1.30551649e+003	0.00000000e+000	4.4353e+014	1.0000e-010	0.0000e+000
3.120000e+003	2.20631762e-001	-3.17936824e+000	1.29711070e+003	0.00000000e+000	4.4129e+014	1.0000e-010	0.0000e+000
3.130000e+003	2.20761473e-001	-3.17923853e+000	1.28874698e+003	0.00000000e+000	4.3908e+014	1.0000e-010	0.0000e+000
3.140000e+003	2.20890347e-001	-3.17910965e+000	1.28042486e+003	0.00000000e+000	4.3690e+014	1.0000e-010	0.0000e+000
3.150000e+003	2.21018390e-001	-3.17898161e+000	1.27214384e+003	0.00000000e+000	4.3474e+014	1.0000e-010	0.0000e+000
3.160000e+003	2.21145604e-001	-3.17885440e+000	1.26390348e+003	0.00000000e+000	4.3261e+014	1.0000e-010	0.0000e+000
3.170000e+003	2.21271995e-001	-3.17872801e+000	1.25570331e+003	0.00000000e+000	4.3050e+014	1.0000e-010	0.0000e+000
3.180000e+003	2.21397565e-001	-3.17860244e+000	1.24754287e+003	0.00000000e+000	4.2841e+014	1.0000e-010	0.0000e+000
3.190000e+003	2.21522319e-001	-3.17847768e+000	1.23942172e+003	0.00000000e+000	4.2635e+014	1.0000e-010	0.0000e+000
3.200000e+003	2.21646261e-001	-3.17835374e+000	1.23133941e+003	0.00000000e+000	4.2431e+014	1.0000e-010	0.0000e+000
3.210000e+003	2.21769395e-001	-3.17823060e+000	1.22329550e+003	0.00000000e+000	4.2229e+014	1.0000e-010	0.0000e+000
3.220000e+003	2.21891725e-001	-3.17810828e+000	1.21528957e+003	0.00000000e+000	4.2030e+014	1.0000e-010	0.0000e+000
3.230000e+003	2.22013254e-001	-3.17798675e+000	1.20732118e+003	0.00000000e+000	4.1833e+014	1.0000e-010	0.0000e+000
3.240000e+003	2.22133986e-001	-3.17786601e+000	1.19938992e+003	0.00000000e+000	4.1638e+014	1.0000e-010	0.0000e+000
3.250000e+003	2.22253925e-001	-3.17774608e+000	1.19149537e+003	0.00000000e+000	4.1445e+014	1.0000e-010	0.0000e+000
3.260000e+003	2.22373074e-001	-3.17762693e+000	1.18363713e+003	0.00000000e+000	4.1255e+014	1.0000e-010	0.0000e+000
3.270000e+003	2.22491438e-001	-3.17750856e+000	1.17581478e+003	0.00000000e+000	4.1066e+014	1.0000e-010	0.0000e+000
3.280000e+003	2.22609020e-001	-3.17739098e+000	1.16802793e+003	0.00000000e+000	4.0880e+014	1.0000e-010	0.0000e+000
3.290000e+003	2.22725822e-001	-3.17727418e+000	1.16027618e+003	0.00000000e+000	4.0696e+014	1.0000e-010	0.0000e+000
3.300000e+003	2.22841850e-001	-3.17715815e+000	1.15255914e+003	0.00000000e+000	4.0513e+014	1.0000e-010	0.0000e+000
3.310000e+003	2.22957106e-001	-3.17704289e+000	1.14487643e+003	0.00000000e+000	4.0333e+014	1.0000e-010	0.0000e+000
3.320000e+003	2.23071594e-001	-3.17692841e+000	1.13722767e+003	0.00000000e+000	4.0155e+014	1.0000e-010	0.0000e+000
3.330000e+003	2.23185316e-001	-3.17681468e+000	1.12961248e+003	0.00000000e+000	3.9979e+014	1.0000e-010	0.0000e+000
3.340000e+003	2.23298278e-001	-3.17670172e+000	1.12203050e+003	0.00000000e+000	3.9804e+014	1.0000e-010	0.0000e+000
3.350000e+003	2.23410481e-001	-3.17658952e+000	1.11448135e+003	0.00000000e+000	3.9632e+014	1.0000e-010	0.0000e+000
3.360000e+003	2.23521929e-001	-3.17647807e+000	1.10696468e+003	0.00000000e+000	3.9462e+014	1.0000e-010	0.0000e+000
3.370000e+003	2.23632625e-001	-3.17636737e+000	1.09948012e+003	0.00000000e+000	3.9293e+014	1.0000e-010	0.0000e+000
3.380000e+003	2.23742573e-001	-3.17625743e+000	1.09202733e+003	0.00000000e+000	3.9126e+014	1.0000e-010	0.0000e+000
3.390000e+003	2.23851776e-001	-3.17614822e+000	1.08460595e+003	0.00000000e+000	3.8961e+014	1.0000e-010	0.0000e+000
3.400000e+003	2.23960237e-001	-3.17603976e+000	1.07721564e+003	0.00000000e+000	3.8798e+014	1.0000e-010	0.0000e+000
3.410000e+003	2.24067958e-001	-3.17593204e+000	1.06985606e+003	0.00000000e+000	3.8637e+014	1.0000e-010	0.0000e+000
3.420000e+003	2.24174944e-001	-3.17582506e+000	1.06252688e+003	0.00000000e+000	3.8477e+014	1.0000e-010	0.0000e+000
3.430000e+003	2.24281196e-001	-3.17571880e+000	1.05522776e+003	0.00000000e+000	3.8319e+014	1.0000e-010	0.0000e+000
3.440000e+003	2.24386719e-001	-3.17561328e+000	1.04795837e+003	0.00000000e+000	3.8163e+014	1.0000e-010	0.0000e+000
3.450000e+003	2.24491515e-001	-3.17550848e+000	1.04071839e+003	0.00000000e+000	3.8009e+014	1.0000e-010	0.0000e+000
3.460000e+003	2.24595587e-001	-3.17540441e+000	1.03350750e+003	0.00000000e+000	3.7856e+014	1.0000e-010	0.0000e+000
3.470000e+003	2.24698938e-001	-3.17530106e+000	1.02632537e+003	0.00000000e+000	3.7705e+014	1.0000e-010	0.0000e+000
3.480000e+003	2.24801570e-001	-3.17519843e+000	1.01917171e+003	0.00000000e+000	3.7556e+014	1.0000e-010	0.0000e+000
3.490000e+003	2.24903487e-001	-3.17509651e+000	1.01204619e+003	0.00000000e+000	3.7408e+014	1.0000e-010	0.0000e+000
3.500000e+003	2.25004692e-001	-3.17499531e+000	1.00494851e+003	0.00000000e+000	3.7262e+014	1.0000e-010	0.0000e+000
3.510000e+003	2.25105187e-001	-3.17489481e+000	9.97878365e+002	0.00000000e+000	3.7117e+014	1.0000e-010	0.0000e+000
3.520000e+003	2.25204975e-001	-3.17479503e+000	9.90835461e+002	0.00000000e+000	3.6974e+014	1.0000e-010	0.0000e+000
3.530000e+003	2.25304058e-001	-3.17469594e+000	9.83819498e+002	0.00000000e+000	3.6833e+014	1.0000e-010	0.0000e+000
3.540000e+003	2.25402440e-001	-3.17459756e+000	9.76830185e+002	0.00000000e+000	3.6693e+014	1.0000e-010	0.0000e+000
3.550000e+003	2.25500123e-001	-3.17449988e+000	9.69867231e+002	0.00000000e+000	3.6555e+014	1.0000e-010	0.0000e+000
3.560000e+003	2.25597110e-001	-3.17440289e+000	9.62930350e+002	0.00000000e+000	3.6418e+014	1.0000e-010	0.0000e+000
3.570000e+003	2.25693403e-001	-3.17430660e+000	9.56019260e+002	0.00000000e+000	3.6282e+014	1.0000e-010	0.0000e+000
3.580000e+003	2.25789005e-001	-3.17421100e+000	9.49133680e+002	0.00000000e+000	3.6149e+014	1.0000e-010	0.0000e+000
3.590000e+003	2.25883918e-001	-3.17411608e+000	9.42273334e+002	0.00000000e+000	3.6016e+014	1.0000e-010	0.0000e+000
3.600000e+003	2.25978146e-001	-3.17402185e+000	9.35437947e+002	0.00000000e+000	3.5885e+014	1.0000e-010	0.0000e+000
3.610000e+003	2.26071689e-001	-3.17392831e+000	9.28627249e+002	0.00000000e+000	3.5755e+014	1.0000e-010	0.0000e+000
3.620000e+003	2.26164552e-001	-3.17383545e+000	9.21840972e+002	0.00000000e+000	3.5627e+014	1.0000e-010	0.0000e+000
3.630000e+003	2.26256736e-001	-3.17374326e+000	9.15078850e+002	0.00000000e+000	3.5500e+014	1.0000e-010	0.0000e+000
3.640000e+003	2.26348244e-001	-3.17365176e+000	9.08340622e+002	0.00000000e+000	3.5375e+014	1.0000e-010	0.0000e+000
3.650000e+003	2.26439078e-001	-3.17356092e+000	9.01626028e+002	0.00000000e+000	3.5251e+014	1.0000e-010	0.0000e+000
3.660000e+003	2.26529241e-001	-3.17347076e+000	8.94934811e+002	0.00000000e+000	3.5128e+014	1.0000e-010	0.0000e+000
3.670000e+003	2.26618734e-001	-3.17338127e+000	8.88266718e+002	0.00000000e+000	3.5007e+014	1.0000e-010	0.0000e+000
3.680000e+003	2.26707561e-001	-3.17329244e+000	8.81621496e+002	0.00000000e+000	3.4887e+014	1.0000e-010	0.0000e+000
3.690000e+003	2.26795723e-001	-3.17320428e+000	8.74998898e+002	0.00000000e+000	3.4768e+014	1.0000e-010	0.0000e+000
3.700000e+003	2.26883223e-001	-3.17311678e+000	8.68398678e+002	0.00000000e+000	3.4650e+014	1.0000e-010	0.0000e+000
3.710000e+003	2.26970063e-001	-3.17302994e+000	8.61820591e+002	0.00000000e+000	3.4534e+014	1.0000e-010	0.0000e+000
3.720000e+003	2.27056245e-001	-3.17294376e+000	8.55264396e+002	0.00000000e+000	3.4419e+014	1.0000e-010	0.0000e+000
3.730000e+003	2.27141771e-001	-3.17285823e+000	8.48729856e+002	0.00000000e+000	3.4306e+014	1.0000e-010	0.0000e+000
3.740000e+003	2.27226644e-001	-3.17277336e+000	8.42216734e+002	0.00000000e+000	3.4193e+014	1.0000e-010	0.0000e+000
3.750000e+003	2.27310866e-001	-3.17268913e+000	8.35724796e+002	0.00000000e+000	3.4082e+014	1.0000e-010	0.0000e+000
3.760000e+003	2.27394438e-001	-3.17260556e+000	8.29253811e+002	0.00000000e+000	3.3972e+014	1.0000e-010	0.0000e+000
3.770000e+003	2.27477364e-001	-3.17252264e+000	8.22803549e+002	0.00000000e+000	3.3863e+014	1.0000e-010	0.0000e+000
3.780000e+003	2.27559644e-001	-3.17244036e+000	8.16373784e+002	0.00000000e+000	3.3756e+014	1.0000e-010	0.0000e+000
3.790000e+003	2.27641282e-001	-3.17235872e+000	8.09964292e+002	0.00000000e+000	3.3649e+014	1.0000e-010	0.0000e+000
3.800000e+003	2.27722278e-001	-3.17227772e+000	8.03574850e+002	0.00000000e+000	3.3544e+014	1.0000e-010	0.0000e+000
3.810000e+003	2.27802635e-001	-3.17219736e+000	7.97205238e+002	0.00000000e+000	3.3440e+014	1.0000e-010	0.0000e+000
3.820000e+003	2.27882356e-001	-3.17211764e+000	7.90855237e+002	0.00000000e+000	3.3337e+014	1.0000e-010	0.0000e+000
3.830000e+003	2.27961442e-001	-3.17203856e+000	7.84524633e+002	0.00000000e+000	3.3235e+014	1.0000e-010	0.0000e+000
3.840000e+003	2.28039894e-001	-3.17196011e+000	7.78213211e+002	0.00000000e+000	3.3134e+014	1.0000e-010	0.0000e+000
3.850000e+003	2.28117715e-001	-3.17188228e+000	7.71920759e+002	0.00000000e+000	3.3035e+014	1.0000e-010	0.0000e+000
3.860000e+003	2.28194907e-001	-3.17180509e+000	7.65647068e+002	0.00000000e+000	3.2936e+014	1.0000e-010	0.0000e+000
3.870000e+003	2.28271472e-001	-3.17172853e+000	7.59391930e+002	0.00000000e+000	3.2839e+014	1.0000e-010	0.0000e+000
3.880000e+003	2.28347411e-001	-3.17165259e+000	7.53155139e+002	0.00000000e+000	3.2742e+014	1.0000e-010	0.0000e+000
3.890000e+003	2.28422727e-001	-3.17157727e+000	7.46936492e+002	0.00000000e+000	3.2647e+014	1.0000e-010	0.0000e+000
3.900000e+003	2.28497420e-001	-3.17150258e+000	7.40735786e+002	0.00000000e+000	3.2553e+014	1.0000e-010	0.0000e+000
3.910000e+003	2.28571494e-001	-3.17142851e+000	7.34552822e+002	0.00000000e+000	3.2460e+014	1.0000e-010	0.0000e+000
3.920000e+003	2.28644949e-001	-3.17135505e+000	7.28387401e+002	0.00000000e+000	3.2368e+014	1.0000e-010	0.0000e+000
3.930000e+003	2.28717788e-001	-3.17128221e+000	7.22239327e+002	0.00000000e+000	3.2277e+014	1.0000e-010	0.0000e+000
3.940000e+003	2.28790012e-001	-3.17120999e+000	7.16108404e+002	0.00000000e+000	3.2187e+014	1.0000e-010	0.0000e+000
3.950000e+003	2.28861623e-001	-3.17113838e+000	7.09994442e+002	0.00000000e+000	3.2098e+014	1.0000e-010	0.0000e+000
3.960000e+003	2.28932622e-001	-3.17106738e+000	7.03897247e+002	0.00000000e+000	3.2010e+014	1.0000e-010	0.0000e+000
3.970000e+003	2.29003012e-001	-3.17099699e+000	6.97816631e+002	0.00000000e+000	3.1923e+014	1.0000e-010	0.0000e+000
3.980000e+003	2.29072794e-001	-3.17092721e+000	6.91752407e+002	0.00000000e+000	3.1837e+014	1.0000e-010	0.0000e+000
3.990000e+003	2.29141969e-001	-3.17085803e+000	6.85704387e+002	0.00000000e+000	3.1751e+014	1.0000e-010	0.0000e+000
4.000000e+003	2.29210539e-001	-3.17078946e+000	6.79672389e+002	0.00000000e+000	3.1667e+014	1.0000e-010	0.0000e+000
4.010000e+003	2.29278507e-001	-3.17072149e+000	6.73656228e+002	0.00000000e+000	3.1584e+014	1.0000e-010	0.0000e+000
4.020000e+003	2.29345872e-001	-3.17065413e+000	6.67655723e+002	0.00000000e+000	3.1502e+014	1.0000e-010	0.0000e+000
4.030000e+003	2.29412638e-001	-3.17058736e+000	6.61670696e+002	0.00000000e+000	3.1421e+014	1.0000e-010	0.0000e+000
4.040000e+003	2.29478805e-001	-3.17052120e+000	6.55700967e+002	0.00000000e+000	3.1340e+014	1.0000e-010	0.0000e+000
4.050000e+003	2.29544375e-001	-3.17045563e+000	6.49746361e+002	0.00000000e+000	3.1261e+014	1.0000e-010	0.0000e+000
4.060000e+003	2.29609350e-001	-3.17039065e+000	6.43806702e+002	0.00000000e+000	3.1183e+014	1.0000e-010	0.0000e+000
4.070000e+003	2.29673730e-001	-3.17032627e+000	6.37881816e+002	0.00000000e+000	3.1105e+014	1.0000e-010	0.0000e+000
4.080000e+003	2.29737518e-001	-3.17026248e+000	6.31971531e+002	0.00000000e+000	3.1028e+014	1.0000e-010	0.0000e+000
4.090000e+003	2.29800716e-001	-3.17019928e+000	6.26075677e+002	0.00000000e+000	3.0953e+014	1.0000e-010	0.0000e+000
4.100000e+003	2.29863323e-001	-3.17013668e+000	6.20194085e+002	0.00000000e+000	3.0878e+014	1.0000e-010	0.0000e+000
4.110000e+003	2.29925343e-001	-3.17007466e+000	6.14326585e+002	0.00000000e+000	3.0804e+014	1.0000e-010	0.0000e+000
4.120000e+003	2.29986775e-001	-3.17001322e+000	6.08473012e+002	0.00000000e+000	3.0731e+014	1.0000e-010	0.0000e+000
4.130000e+003	2.30047623e-001	-3.16995238e+000	6.02633200e+002	0.00000000e+000	3.0658e+014	1.0000e-010	0.0000e+000
4.140000e+003	2.30107886e-001	-3.16989211e+000	5.96806985e+002	0.00000000e+000	3.0587e+014	1.0000e-010	0.0000e+000
4.150000e+003	2.30167567e-001	-3.16983243e+000	5.90994205e+002	0.00000000e+000	3.0517e+014	1.0000e-010	0.0000e+000
4.160000e+003	2.30226666e-001	-3.16977333e+000	5.85194698e+002	0.00000000e+000	3.0447e+014	1.0000e-010	0.0000e+000
4.170000e+003	2.30285185e-001	-3.16971481e+000	5.79408304e+002	0.00000000e+000	3.0378e+014	1.0000e-010	0.0000e+000
4.180000e+003	2.30343126e-001	-3.16965687e+000	5.73634865e+002	0.00000000e+000	3.0310e+014	1.0000e-010	0.0000e+000
4.190000e+003	2.30400490e-001	-3.16959951e+000	5.67874222e+002	0.00000000e+000	3.0243e+014	1.0000e-010	0.0000e+000
4.200000e+003	2.30457277e-001	-3.16954272e+000	5.62126219e+002	0.00000000e+000	3.0176e+014	1.0000e-010	0.0000e+000
4.210000e+003	2.30513490e-001	-3.16948651e+000	5.56390701e+002	0.00000000e+000	3.0111e+014	1.0000e-010	0.0000e+000
4.220000e+003	2.30569129e-001	-3.16943087e+000	5.50667514e+002	0.00000000e+000	3.0046e+014	1.0000e-010	0.0000e+000
4.230000e+003	2.30624196e-001	-3.16937580e+000	5.44956505e+002	0.00000000e+000	2.9982e+014	1.0000e-010	0.0000e+000
4.240000e+003	2.30678691e-001	-3.16932131e+000	5.39257522e+002	0.00000000e+000	2.9919e+014	1.0000e-010	0.0000e+000
4.250000e+003	2.30732617e-001	-3.16926738e+000	5.33570414e+002	0.00000000e+000	2.9857e+014	1.0000e-010	0.0000e+000
4.260000e+003	2.30785974e-001	-3.16921403e+000	5.27895032e+002	0.00000000e+000	2.9795e+014	1.0000e-010	0.0000e+000
4.270000e+003	2.30838764e-001	-3.16916124e+000	5.22231227e+002	0.00000000e+000	2.9734e+014	1.0000e-010	0.0000e+000
4.280000e+003	2.30890987e-001	-3.16910901e+000	5.16578852e+002	0.00000000e+000	2.9674e+014	1.0000e-010	0.0000e+000
4.290000e+003	2.30942645e-001	-3.16905736e+000	5.10937761e+002	0.00000000e+000	2.9615e+014	1.0000e-010	0.0000e+000
4.300000e+003	2.30993738e-001	-3.16900626e+000	5.05307807e+002	0.00000000e+000	2.9557e+014	1.0000e-010	0.0000e+000
4.310000e+003	2.31044269e-001	-3.16895573e+000	4.99688847e+002	0.00000000e+000	2.9499e+014	1.0000e-010	0.0000e+000
4.320000e+003	2.31094238e-001	-3.16890576e+000	4.94080738e+002	0.00000000e+000	2.9442e+014	1.0000e-010	0.0000e+000
4.330000e+003	2.31143646e-001	-3.16885635e+000	4.88483336e+002	0.00000000e+000	2.9386e+014	1.0000e-010	0.0000e+000
4.340000e+003	2.31192494e-001	-3.16880751e+000	4.82896501e+002	0.00000000e+000	2.9330e+014	1.0000e-010	0.0000e+000
4.350000e+003	2.31240784e-001	-3.16875922e+000	4.77320092e+002	0.00000000e+000	2.9276e+014	1.0000e-010	0.0000e+000
4.360000e+003	2.31288516e-001	-3.16871148e+000	4.71753969e+002	0.00000000e+000	2.9222e+014	1.0000e-010	0.0000e+000
4.370000e+003	2.31335691e-001	-3.16866431e+000	4.66197995e+002	0.00000000e+000	2.9168e+014	1.0000e-010	0.0000e+000
4.380000e+003	2.31382311e-001	-3.16861769e+000	4.60652030e+002	0.00000000e+000	2.9116e+014	1.0000e-010	0.0000e+000
4.390000e+003	2.31428376e-001	-3.16857162e+000	4.55115940e+002	0.00000000e+000	2.9064e+014	1.0000e-010	0.0000e+000
4.400000e+003	2.31473888e-001	-3.16852611e+000	4.49589586e+002	0.00000000e+000	2.9013e+014	1.0000e-010	0.0000e+000
4.410000e+003	2.31518847e-001	-3.16848115e+000	4.44072835e+002	0.00000000e+000	2.8962e+014	1.0000e-010	0.0000e+000
4.420000e+003	2.31563254e-001	-3.16843675e+000	4.38565553e+002	0.00000000e+000	2.8913e+014	1.0000e-010	0.0000e+000
4.430000e+003	2.31607111e-001	-3.16839289e+000	4.33067605e+002	0.00000000e+000	2.8864e+014	1.0000e-010	0.0000e+000
4.440000e+003	2.31650418e-001	-3.16834958e+000	4.27578860e+002	0.00000000e+000	2.8815e+014	1.0000e-010	0.0000e+000
4.450000e+003	2.31693176e-001	-3.16830682e+000	4.22099185e+002	0.00000000e+000	2.8768e+014	1.0000e-010	0.0000e+000
4.460000e+003	2.31735385e-001	-3.16826461e+000	4.16628450e+002	0.00000000e+000	2.8721e+014	1.0000e-010	0.0000e+000
4.470000e+003	2.31777048e-001	-3.16822295e+000	4.11166524e+002	0.00000000e+000	2.8675e+014	1.0000e-010	0.0000e+000
4.480000e+003	2.31818165e-001	-3.16818184e+000	4.05713279e+002	0.00000000e+000	2.8629e+014	1.0000e-010	0.0000e+000
4.490000e+003	2.31858736e-001	-3.16814126e+000	4.00268585e+002	0.00000000e+000	2.8584e+014	1.0000e-010	0.0000e+000
4.500000e+003	2.31898763e-001	-3.16810124e+000	3.94832314e+002	0.00000000e+000	2.8540e+014	1.0000e-010	0.0000e+000
4.510000e+003	2.31938246e-001	-3.16806175e+000	3.89404340e+002	0.00000000e+000	2.8496e+014	1.0000e-010	0.0000e+000
4.520000e+003	2.31977187e-001	-3.16802281e+000	3.83984536e+002	0.00000000e+000	2.8453e+014	1.0000e-010	0.0000e+000
4.530000e+003	2.32015585e-001	-3.16798441e+000	3.78572776e+002	0.00000000e+000	2.8411e+014	1.0000e-010	0.0000e+000
4.540000e+003	2.32053443e-001	-3.16794656e+000	3.73168935e+002	0.00000000e+000	2.8370e+014	1.0000e-010	0.0000e+000
4.550000e+003	2.32090759e-001	-3.16790924e+000	3.67772889e+002	0.00000000e+000	2.8329e+014	1.0000e-010	0.0000e+000
4.560000e+003	2.32127537e-001	-3.16787246e+000	3.62384513e+002	0.00000000e+000	2.8288e+014	1.0000e-010	0.0000e+000
4.570000e+003	2.32163775e-001	-3.16783622e+000	3.57003686e+002	0.00000000e+000	2.8249e+014	1.0000e-010	0.0000e+000
4.580000e+003	2.32199476e-001	-3.16780052e+000	3.51630284e+002	0.00000000e+000	2.8210e+014	1.0000e-010	0.0000e+000
4.590000e+003	2.32234639e-001	-3.16776536e+000	3.46264186e+002	0.00000000e+000	2.8172e+014	1.0000e-010	0.0000e+000
4.600000e+003	2.32269265e-001	-3.16773074e+000	3.40905271e+002	0.00000000e+000	2.8134e+014	1.0000e-010	0.0000e+000
4.610000e+003	2.32303355e-001	-3.16769664e+000	3.35553418e+002	0.00000000e+000	2.8097e+014	1.0000e-010	0.0000e+000
4.620000e+003	2.32336911e-001	-3.16766309e+000	3.30208506e+002	0.00000000e+000	2.8060e+014	1.0000e-010	0.0000e+000
4.630000e+003	2.32369932e-001	-3.16763007e+000	3.24870418e+002	0.00000000e+000	2.8024e+014	1.0000e-010	0.0000e+000
4.640000e+003	2.32402419e-001	-3.16759758e+000	3.19539033e+002	0.00000000e+000	2.7989e+014	1.0000e-010	0.0000e+000
4.650000e+003	2.32434373e-001	-3.16756563e+000	3.14214234e+002	0.00000000e+000	2.7955e+014	1.0000e-010	0.0000e+000
4.660000e+003	2.32465794e-001	-3.16753421e+000	3.08895903e+002	0.00000000e+000	2.7921e+014	1.0000e-010	0.0000e+000
4.670000e+003	2.32496684e-001	-3.16750332e+000	3.03583923e+002	0.00000000e+000	2.7887e+014	1.0000e-010	0.0000e+000
4.680000e+003	2.32527042e-001	-3.16747296e+000	2.98278178e+002	0.00000000e+000	2.7855e+014	1.0000e-010	0.0000e+000
4.690000e+003	2.32556870e-001	-3.16744313e+000	2.92978550e+002	0.00000000e+000	2.7823e+014	1.0000e-010	0.0000e+000
4.700000e+003	2.32586168e-001	-3.16741383e+000	2.87684925e+002	0.00000000e+000	2.7791e+014	1.0000e-010	0.0000e+000
4.710000e+003	2.32614936e-001	-3.16738506e+000	2.82397188e+002	0.00000000e+000	2.7760e+014	1.0000e-010	0.0000e+000
4.720000e+003	2.32643176e-001	-3.16735682e+000	2.77115223e+002	0.00000000e+000	2.7730e+014	1.0000e-010	0.0000e+000
4.730000e+003	2.32670887e-001	-3.16732911e+000	2.71838918e+002	0.00000000e+000	2.7700e+014	1.0000e-010	0.0000e+000
4.740000e+003	2.32698071e-001	-3.16730193e+000	2.66568157e+002	0.00000000e+000	2.7671e+014	1.0000e-010	0.0000e+000
4.750000e+003	2.32724728e-001	-3.16727527e+000	2.61302829e+002	0.00000000e+000	2.7643e+014	1.0000e-010	0.0000e+000
4.760000e+003	2.32750858e-001	-3.16724914e+000	2.56042820e+002	0.00000000e+000	2.7615e+014	1.0000e-010	0.0000e+000
4.770000e+003	2.32776463e-001	-3.16722354e+000	2.50788018e+002	0.00000000e+000	2.7587e+014	1.0000e-010	0.0000e+000
4.780000e+003	2.32801542e-001	-3.16719846e+000	2.45538312e+002	0.00000000e+000	2.7561e+014	1.0000e-010	0.0000e+000
4.790000e+003	2.32826095e-001	-3.16717390e+000	2.40293589e+002	0.00000000e+000	2.7534e+014	1.0000e-010	0.0000e+000
4.800000e+003	2.32850125e-001	-3.16714988e+000	2.35053738e+002	0.00000000e+000	2.7509e+014	1.0000e-010	0.0000e+000
4.810000e+003	2.32873630e-001	-3.16712637e+000	2.29818650e+002	0.00000000e+000	2.7484e+014	1.0000e-010	0.0000e+000
4.820000e+003	2.32896612e-001	-3.16710339e+000	2.24588213e+002	0.00000000e+000	2.7459e+014	1.0000e-010	0.0000e+000
4.830000e+003	2.32919071e-001	-3.16708093e+000	2.19362319e+002	0.00000000e+000	2.7435e+014	1.0000e-010	0.0000e+000
4.840000e+003	2.32941007e-001	-3.16705899e+000	2.14140857e+002	0.00000000e+000	2.7412e+014	1.0000e-010	0.0000e+000
4.850000e+003	2.32962421e-001	-3.16703758e+000	2.08923718e+002	0.00000000e+000	2.7390e+014	1.0000e-010	0.0000e+000
4.860000e+003	2.32983313e-001	-3.16701669e+000	2.03710794e+002	0.00000000e+000	2.7367e+014	1.0000e-010	0.0000e+000
4.870000e+003	2.33003685e-001	-3.16699632e+000	1.98501976e+002	0.00000000e+000	2.7346e+014	1.0000e-010	0.0000e+000
4.880000e+003	2.33023535e-001	-3.16697647e+000	1.93297156e+002	0.00000000e+000	2.7325e+014	1.0000e-010	0.0000e+000
4.890000e+003	2.33042864e-001	-3.16695714e+000	1.88096226e+002	0.00000000e+000	2.7304e+014	1.0000e-010	0.0000e+000
4.900000e+003	2.33061674e-001	-3.16693833e+000	1.82899079e+002	0.00000000e+000	2.7285e+014	1.0000e-010	0.0000e+000
4.910000e+003	2.33079964e-001	-3.16692004e+000	1.77705607e+002	0.00000000e+000	2.7265e+014	1.0000e-010	0.0000e+000
4.920000e+003	2.33097735e-001	-3.16690227e+000	1.72515705e+002	0.00000000e+000	2.7247e+014	1.0000e-010	0.0000e+000
4.930000e+003	2.33114986e-001	-3.16688501e+000	1.67329264e+002	0.00000000e+000	2.7228e+014	1.0000e-010	0.0000e+000
4.940000e+003	2.33131719e-001	-3.16686828e+000	1.62146179e+002	0.00000000e+000	2.7211e+014	1.0000e-010	0.0000e+000
4.950000e+003	2.33147934e-001	-3.16685207e+000	1.56966345e+002	0.00000000e+000	2.7194e+014	1.0000e-010	0.0000e+000
4.960000e+003	2.33163630e-001	-3.16683637e+000	1.51789654e+002	0.00000000e+000	2.7177e+014	1.0000e-010	0.0000e+000
4.970000e+003	2.33178809e-001	-3.16682119e+000	1.46616002e+002	0.00000000e+000	2.7161e+014	1.0000e-010	0.0000e+000
4.980000e+003	2.33193471e-001	-3.16680653e+000	1.41445283e+002	0.00000000e+000	2.7146e+014	1.0000e-010	0.0000e+000
4.990000e+003	2.33207615e-001	-3.16679238e+000	1.36277393e+002	0.00000000e+000	2.7131e+014	1.0000e-010	0.0000e+000
5.000000e+003	2.33221243e-001	-3.16677876e+000	1.31112226e+002	0.00000000e+000	2.7117e+014	1.0000e-010	0.0000e+000
5.010000e+003	2.33234354e-001	-3.16676565e+000	1.25949678e+002	0.00000000e+000	2.7103e+014	1.0000e-010	0.0000e+000
5.020000e+003	2.33246949e-001	-3.16675305e+000	1.20789644e+002	0.00000000e+000	2.7090e+014	1.0000e-010	0.0000e+000
5.030000e+003	2.33259028e-001	-3.16674097e+000	1.15632021e+002	0.00000000e+000	2.7077e+014	1.0000e-010	0.0000e+000
5.040000e+003	2.33270591e-001	-3.16672941e+000	1.10476704e+002	0.00000000e+000	2.7065e+014	1.0000e-010	0.0000e+000
5.050000e+003	2.33281639e-001	-3.16671836e+000	1.05323590e+002	0.00000000e+000	2.7053e+014	1.0000e-010	0.0000e+000
5.060000e+003	2.33292172e-001	-3.16670783e+000	1.00172575e+002	0.00000000e+000	2.7042e+014	1.0000e-010	0.0000e+000
5.070000e+003	2.33302189e-001	-3.16669781e+000	9.50235556e+001	0.00000000e+000	2.7032e+014	1.0000e-010	0.0000e+000
5.080000e+003	2.33311691e-001	-3.16668831e+000	8.98764284e+001	0.00000000e+000	2.7022e+014	1.0000e-010	0.0000e+000
5.090000e+003	2.33320679e-001	-3.16667932e+000	8.47310903e+001	0.00000000e+000	2.7013e+014	1.0000e-010	0.0000e+000
5.100000e+003	2.33329152e-001	-3.16667085e+000	7.95874383e+001	0.00000000e+000	2.7004e+014	1.0000e-010	0.0000e+000
5.110000e+003	2.33337111e-001	-3.16666289e+000	7.44453696e+001	0.00000000e+000	2.6995e+014	1.0000e-010	0.0000e+000
5.120000e+003	2.33344555e-001	-3.16665544e+000	6.93047814e+001	0.00000000e+000	2.6988e+014	1.0000e-010	0.0000e+000
5.130000e+003	2.33351486e-001	-3.16664851e+000	6.41655711e+001	0.00000000e+000	2.6980e+014	1.0000e-010	0.0000e+000
5.140000e+003	2.33357902e-001	-3.16664210e+000	5.90276363e+001	0.00000000e+000	2.6974e+014	1.0000e-010	0.0000e+000
5.150000e+003	2.33363805e-001	-3.16663620e+000	5.38908744e+001	0.00000000e+000	2.6968e+014	1.0000e-010	0.0000e+000
5.160000e+003	2.33369194e-001	-3.16663081e+000	4.87551833e+001	0.00000000e+000	2.6962e+014	1.0000e-010	0.0000e+000
5.170000e+003	2.33374070e-001	-3.16662593e+000	4.36204606e+001	0.00000000e+000	2.6957e+014	1.0000e-010	0.0000e+000
5.180000e+003	2.33378432e-001	-3.16662157e+000	3.84866042e+001	0.00000000e+000	2.6952e+014	1.0000e-010	0.0000e+000
5.190000e+003	2.33382280e-001	-3.16661772e+000	3.33535121e+001	0.00000000e+000	2.6948e+014	1.0000e-010	0.0000e+000
5.200000e+003	2.33385616e-001	-3.16661438e+000	2.82210822e+001	0.00000000e+000	2.6945e+014	1.0000e-010	0.0000e+000
5.210000e+003	2.33388438e-001	-3.16661156e+000	2.30892125e+001	0.00000000e+000	2.6942e+014	1.0000e-010	0.0000e+000
5.220000e+003	2.33390747e-001	-3.16660925e+000	1.79578012e+001	0.00000000e+000	2.6939e+014	1.0000e-010	0.0000e+000
5.230000e+003	2.33392542e-001	-3.16660746e+000	1.28267463e+001	0.00000000e+000	2.6938e+014	1.0000e-010	0.0000e+000
5.240000e+003	2.33393825e-001	-3.16660617e+000	7.69594594e+000	0.00000000e+000	2.6936e+014	1.0000e-010	0.0000e+000
5.250000e+003	2.33394595e-001	-3.16660541e+000	2.56529834e+000	0.00000000e+000	2.6935e+014	1.0000e-010	0.0000e+000
5.260000e+003	2.33394851e-001	-3.16660515e+000	2.56529834e+000	0.00000000e+000	2.6935e+014	1.0000e-010	0.0000e+000
