Y (ang)	Ec (eV)	Ev (eV)	E (V/cm)	Ef (eV)	n (cm-3)	p (cm-3)	Nd - Na (cm-3)	el eval 1 (eV)	el eval 2 (eV)	el eval 3 (eV)	el eval 4 (eV)	el eval 5 (eV)	el eval 6 (eV)	el eval 7 (eV)	el eval 8 (eV)	el eval 9 (eV)	el eval 10 (eV)	el eval 11 (eV)	el eval 12 (eV)	el eval 13 (eV)
0.000000e+000	6.00000000e-001	-2.80000000e+000	2.08212714e+006	-0.00000000e+000	1.8691e+008	1.0000e-010	0.0000e+000
1.000000e+001	1.36821271e+000	-2.73178729e+000	-5.70657081e+005	0.00000000e+000	2.2635e-005	1.0000e-010	-1.3848e+020
2.000000e+001	1.31114701e+000	-2.78885299e+000	-5.70657081e+005	0.00000000e+000	2.1129e-004	1.0000e-010	0.0000e+000	-1.0148e-001	-3.5872e-003	4.6463e-002	6.8322e-002	8.3878e-002	9.8531e-002	1.1075e-001	1.2085e-001	1.2936e-001	1.3670e-001	1.4313e-001	1.4888e-001	1.5432e-001
3.000000e+001	1.25408130e+000	-2.84591870e+000	-5.70657081e+005	0.00000000e+000	1.9211e-003	1.0000e-010	0.0000e+000
4.000000e+001	1.19701559e+000	-2.90298441e+000	-5.70657081e+005	0.00000000e+000	1.7470e-002	1.0000e-010	0.0000e+000
5.000000e+001	1.13994988e+000	-2.96005012e+000	-5.70657081e+005	0.00000000e+000	1.5902e-001	1.0000e-010	0.0000e+000
6.000000e+001	1.08288417e+000	-3.01711583e+000	-5.70657081e+005	0.00000000e+000	1.4574e+000	1.0000e-010	0.0000e+000
7.000000e+001	1.02581847e+000	-3.07418153e+000	-5.70657081e+005	0.00000000e+000	1.3933e+001	1.0000e-010	0.0000e+000
8.000000e+001	9.68752757e-001	-3.13124724e+000	-5.70657081e+005	0.00000000e+000	1.6423e+002	1.0000e-010	0.0000e+000
9.000000e+001	9.11687049e-001	-3.18831295e+000	-5.70657081e+005	0.00000000e+000	3.4204e+003	1.0000e-010	0.0000e+000
1.000000e+002	8.54621341e-001	-3.24537866e+000	-5.70657081e+005	0.00000000e+000	1.2292e+005	1.0000e-010	0.0000e+000
1.100000e+002	7.97555633e-001	-3.30244437e+000	-5.70657081e+005	0.00000000e+000	5.1597e+006	1.0000e-010	0.0000e+000
1.200000e+002	7.40489925e-001	-3.35951008e+000	-5.70657081e+005	0.00000000e+000	2.1041e+008	1.0000e-010	0.0000e+000
1.300000e+002	6.83424217e-001	-3.41657578e+000	-5.70657081e+005	0.00000000e+000	7.9507e+009	1.0000e-010	0.0000e+000
1.400000e+002	6.26358509e-001	-3.47364149e+000	-5.70657086e+005	0.00000000e+000	2.7437e+011	1.0000e-010	0.0000e+000
1.500000e+002	5.69292800e-001	-3.53070720e+000	-5.70657254e+005	0.00000000e+000	8.5743e+012	1.0000e-010	0.0000e+000
1.600000e+002	5.12227075e-001	-3.58777293e+000	-5.70661964e+005	0.00000000e+000	2.4078e+014	1.0000e-010	0.0000e+000
1.700000e+002	4.55160878e-001	-3.64483912e+000	-5.70779846e+005	0.00000000e+000	6.0259e+015	1.0000e-010	0.0000e+000
1.800000e+002	3.98082894e-001	-3.70191711e+000	-5.73385555e+005	0.00000000e+000	1.3320e+017	1.0000e-010	0.0000e+000
1.900000e+002	3.40744338e-001	-3.75925566e+000	-6.23741102e+005	0.00000000e+000	2.5741e+018	1.0000e-010	0.0000e+000
2.000000e+002	-2.81629772e-001	-3.68162977e+000	1.21175102e+006	0.00000000e+000	4.2981e+019	1.0000e-010	1.3848e+020
2.100000e+002	-1.38054670e-001	-3.56605467e+000	5.79169187e+005	0.00000000e+000	2.7987e+019	1.0000e-010	-5.2547e+018
2.200000e+002	-5.77377511e-002	-3.51373775e+000	2.96500578e+005	0.00000000e+000	9.5620e+018	1.0000e-010	-5.2784e+018
2.300000e+002	-5.68769333e-003	-3.48968769e+000	1.40169256e+005	0.00000000e+000	2.8954e+018	1.0000e-010	-5.3022e+018
2.400000e+002	3.07292323e-002	-3.48127077e+000	1.20145237e+004	0.00000000e+000	1.3815e+018	1.0000e-010	-5.3259e+018
2.500000e+002	5.43306847e-002	-3.48566932e+000	-1.23024311e+005	0.00000000e+000	1.7031e+018	1.0000e-010	-5.3496e+018
2.600000e+002	-6.99717465e-002	-3.46997175e+000	3.06101411e+005	0.00000000e+000	4.0146e+018	1.0000e-010	2.6511e+019
2.700000e+002	-3.93616054e-002	-3.43936161e+000	2.26075849e+005	0.00000000e+000	4.2003e+018	1.0000e-010	0.0000e+000
2.800000e+002	-1.67540205e-002	-3.41675402e+000	1.66902829e+005	0.00000000e+000	3.1058e+018	1.0000e-010	0.0000e+000
2.900000e+002	-6.37375573e-005	-3.40006374e+000	1.28566766e+005	0.00000000e+000	2.0120e+018	1.0000e-010	0.0000e+000
3.000000e+002	1.27929390e-002	-3.38720706e+000	1.03771777e+005	0.00000000e+000	1.3013e+018	1.0000e-010	0.0000e+000
3.100000e+002	2.31701168e-002	-3.37682988e+000	8.68272410e+004	0.00000000e+000	8.8926e+017	1.0000e-010	0.0000e+000
3.200000e+002	3.18528409e-002	-3.36814716e+000	7.45543697e+004	0.00000000e+000	6.4408e+017	1.0000e-010	0.0000e+000
3.300000e+002	3.93082778e-002	-3.36069172e+000	6.52523345e+004	0.00000000e+000	4.8816e+017	1.0000e-010	0.0000e+000
3.400000e+002	4.58335113e-002	-3.35416649e+000	5.79698739e+004	0.00000000e+000	3.8218e+017	1.0000e-010	0.0000e+000
3.500000e+002	5.16304987e-002	-3.34836950e+000	5.21345362e+004	0.00000000e+000	3.0624e+017	1.0000e-010	0.0000e+000
3.600000e+002	5.68439523e-002	-3.34315605e+000	4.73625174e+004	0.00000000e+000	2.5044e+017	1.0000e-010	0.0000e+000
3.700000e+002	6.15802040e-002	-3.33841980e+000	4.33836795e+004	0.00000000e+000	2.0881e+017	1.0000e-010	0.0000e+000
3.800000e+002	6.59185720e-002	-3.33408143e+000	4.00146132e+004	0.00000000e+000	1.7681e+017	1.0000e-010	0.0000e+000
3.900000e+002	6.99200333e-002	-3.33007997e+000	3.71302202e+004	0.00000000e+000	1.5138e+017	1.0000e-010	0.0000e+000
4.000000e+002	7.36330553e-002	-3.32636694e+000	3.46355712e+004	0.00000000e+000	1.3093e+017	1.0000e-010	0.0000e+000
4.100000e+002	7.70966124e-002	-3.32290339e+000	3.24540480e+004	0.00000000e+000	1.1449e+017	1.0000e-010	0.0000e+000
4.200000e+002	8.03420172e-002	-3.31965798e+000	3.05276151e+004	0.00000000e+000	1.0111e+017	1.0000e-010	0.0000e+000
4.300000e+002	8.33947787e-002	-3.31660522e+000	2.88151687e+004	0.00000000e+000	8.9878e+016	1.0000e-010	0.0000e+000
4.400000e+002	8.62762956e-002	-3.31372370e+000	2.72854386e+004	0.00000000e+000	8.0289e+016	1.0000e-010	0.0000e+000
4.500000e+002	8.90048395e-002	-3.31099516e+000	2.59109856e+004	0.00000000e+000	7.2140e+016	1.0000e-010	0.0000e+000
4.600000e+002	9.15959380e-002	-3.30840406e+000	2.46675524e+004	0.00000000e+000	6.5264e+016	1.0000e-010	0.0000e+000
4.700000e+002	9.40626933e-002	-3.30593731e+000	2.35359995e+004	0.00000000e+000	5.9393e+016	1.0000e-010	0.0000e+000
4.800000e+002	9.64162932e-002	-3.30358371e+000	2.25024773e+004	0.00000000e+000	5.4248e+016	1.0000e-010	0.0000e+000
4.900000e+002	9.86665410e-002	-3.30133346e+000	2.15561456e+004	0.00000000e+000	4.9672e+016	1.0000e-010	0.0000e+000
5.000000e+002	1.00822156e-001	-3.29917784e+000	2.06868870e+004	0.00000000e+000	4.5627e+016	1.0000e-010	0.0000e+000
5.100000e+002	1.02890844e-001	-3.29710916e+000	1.98849036e+004	0.00000000e+000	4.2096e+016	1.0000e-010	0.0000e+000
5.200000e+002	1.04879335e-001	-3.29512067e+000	1.91417140e+004	0.00000000e+000	3.9011e+016	1.0000e-010	0.0000e+000
5.300000e+002	1.06793506e-001	-3.29320649e+000	1.84508978e+004	0.00000000e+000	3.6262e+016	1.0000e-010	0.0000e+000
5.400000e+002	1.08638596e-001	-3.29136140e+000	1.78077124e+004	0.00000000e+000	3.3762e+016	1.0000e-010	0.0000e+000
5.500000e+002	1.10419367e-001	-3.28958063e+000	1.72080597e+004	0.00000000e+000	3.1477e+016	1.0000e-010	0.0000e+000
5.600000e+002	1.12140173e-001	-3.28785983e+000	1.66477685e+004	0.00000000e+000	2.9411e+016	1.0000e-010	0.0000e+000
5.700000e+002	1.13804950e-001	-3.28619505e+000	1.61226405e+004	0.00000000e+000	2.7566e+016	1.0000e-010	0.0000e+000
5.800000e+002	1.15417214e-001	-3.28458279e+000	1.56289467e+004	0.00000000e+000	2.5916e+016	1.0000e-010	0.0000e+000
5.900000e+002	1.16980109e-001	-3.28301989e+000	1.51637882e+004	0.00000000e+000	2.4418e+016	1.0000e-010	0.0000e+000
6.000000e+002	1.18496487e-001	-3.28150351e+000	1.47250129e+004	0.00000000e+000	2.3034e+016	1.0000e-010	0.0000e+000
6.100000e+002	1.19968989e-001	-3.28003101e+000	1.43108209e+004	0.00000000e+000	2.1743e+016	1.0000e-010	0.0000e+000
6.200000e+002	1.21400071e-001	-3.27859993e+000	1.39193979e+004	0.00000000e+000	2.0548e+016	1.0000e-010	0.0000e+000
6.300000e+002	1.22792011e-001	-3.27720799e+000	1.35488131e+004	0.00000000e+000	1.9454e+016	1.0000e-010	0.0000e+000
6.400000e+002	1.24146892e-001	-3.27585311e+000	1.31971667e+004	0.00000000e+000	1.8460e+016	1.0000e-010	0.0000e+000
6.500000e+002	1.25466608e-001	-3.27453339e+000	1.28628091e+004	0.00000000e+000	1.7553e+016	1.0000e-010	0.0000e+000
6.600000e+002	1.26752889e-001	-3.27324711e+000	1.25444504e+004	0.00000000e+000	1.6713e+016	1.0000e-010	0.0000e+000
6.700000e+002	1.28007334e-001	-3.27199267e+000	1.22411019e+004	0.00000000e+000	1.5925e+016	1.0000e-010	0.0000e+000
6.800000e+002	1.29231445e-001	-3.27076856e+000	1.19519163e+004	0.00000000e+000	1.5182e+016	1.0000e-010	0.0000e+000
6.900000e+002	1.30426636e-001	-3.26957336e+000	1.16760385e+004	0.00000000e+000	1.4483e+016	1.0000e-010	0.0000e+000
7.000000e+002	1.31594240e-001	-3.26840576e+000	1.14125488e+004	0.00000000e+000	1.3833e+016	1.0000e-010	0.0000e+000
7.100000e+002	1.32735495e-001	-3.26726451e+000	1.11605055e+004	0.00000000e+000	1.3232e+016	1.0000e-010	0.0000e+000
7.200000e+002	1.33851546e-001	-3.26614845e+000	1.09190354e+004	0.00000000e+000	1.2677e+016	1.0000e-010	0.0000e+000
7.300000e+002	1.34943449e-001	-3.26505655e+000	1.06874091e+004	0.00000000e+000	1.2160e+016	1.0000e-010	0.0000e+000
7.400000e+002	1.36012190e-001	-3.26398781e+000	1.04650570e+004	0.00000000e+000	1.1673e+016	1.0000e-010	0.0000e+000
7.500000e+002	1.37058696e-001	-3.26294130e+000	1.02515275e+004	0.00000000e+000	1.1210e+016	1.0000e-010	0.0000e+000
7.600000e+002	1.38083848e-001	-3.26191615e+000	1.00464130e+004	0.00000000e+000	1.0769e+016	1.0000e-010	0.0000e+000
7.700000e+002	1.39088490e-001	-3.26091151e+000	9.84928790e+003	0.00000000e+000	1.0349e+016	1.0000e-010	0.0000e+000
7.800000e+002	1.40073419e-001	-3.25992658e+000	9.65967579e+003	0.00000000e+000	9.9547e+015	1.0000e-010	0.0000e+000
7.900000e+002	1.41039386e-001	-3.25896061e+000	9.47706242e+003	0.00000000e+000	9.5873e+015	1.0000e-010	0.0000e+000
8.000000e+002	1.41987092e-001	-3.25801291e+000	9.30093780e+003	0.00000000e+000	9.2467e+015	1.0000e-010	0.0000e+000
8.100000e+002	1.42917186e-001	-3.25708281e+000	9.13084708e+003	0.00000000e+000	8.9299e+015	1.0000e-010	0.0000e+000
8.200000e+002	1.43830271e-001	-3.25616973e+000	8.96642955e+003	0.00000000e+000	8.6321e+015	1.0000e-010	0.0000e+000
8.300000e+002	1.44726914e-001	-3.25527309e+000	8.80743313e+003	0.00000000e+000	8.3475e+015	1.0000e-010	0.0000e+000
8.400000e+002	1.45607657e-001	-3.25439234e+000	8.65370212e+003	0.00000000e+000	8.0711e+015	1.0000e-010	0.0000e+000
8.500000e+002	1.46473027e-001	-3.25352697e+000	8.50514503e+003	0.00000000e+000	7.7994e+015	1.0000e-010	0.0000e+000
8.600000e+002	1.47323542e-001	-3.25267646e+000	8.36169317e+003	0.00000000e+000	7.5314e+015	1.0000e-010	0.0000e+000
8.700000e+002	1.48159711e-001	-3.25184029e+000	8.22326168e+003	0.00000000e+000	7.2678e+015	1.0000e-010	0.0000e+000
8.800000e+002	1.48982037e-001	-3.25101796e+000	8.08972101e+003	0.00000000e+000	7.0111e+015	1.0000e-010	0.0000e+000
8.900000e+002	1.49791009e-001	-3.25020899e+000	7.96088301e+003	0.00000000e+000	6.7642e+015	1.0000e-010	0.0000e+000
9.000000e+002	1.50587098e-001	-3.24941290e+000	7.83650141e+003	0.00000000e+000	6.5302e+015	1.0000e-010	0.0000e+000
9.100000e+002	1.51370748e-001	-3.24862925e+000	7.71628356e+003	0.00000000e+000	6.3116e+015	1.0000e-010	0.0000e+000
9.200000e+002	1.52142376e-001	-3.24785762e+000	7.59990895e+003	0.00000000e+000	6.1099e+015	1.0000e-010	0.0000e+000
9.300000e+002	1.52902367e-001	-3.24709763e+000	7.48704985e+003	0.00000000e+000	5.9253e+015	1.0000e-010	0.0000e+000
9.400000e+002	1.53651072e-001	-3.24634893e+000	7.37738842e+003	0.00000000e+000	5.7574e+015	1.0000e-010	0.0000e+000
9.500000e+002	1.54388811e-001	-3.24561119e+000	7.27063694e+003	0.00000000e+000	5.6046e+015	1.0000e-010	0.0000e+000
9.600000e+002	1.55115875e-001	-3.24488413e+000	7.16654351e+003	0.00000000e+000	5.4651e+015	1.0000e-010	0.0000e+000
9.700000e+002	1.55832529e-001	-3.24416747e+000	7.06489902e+003	0.00000000e+000	5.3365e+015	1.0000e-010	0.0000e+000
9.800000e+002	1.56539019e-001	-3.24346098e+000	6.96553996e+003	0.00000000e+000	5.2165e+015	1.0000e-010	0.0000e+000
9.900000e+002	1.57235573e-001	-3.24276443e+000	6.86834882e+003	0.00000000e+000	5.1027e+015	1.0000e-010	0.0000e+000
1.000000e+003	1.57922408e-001	-3.24207759e+000	6.77340596e+003	0.00000000e+000	4.9847e+015	1.0000e-010	0.0000e+000	-1.0148e-001	-3.5872e-003	4.6463e-002	6.8322e-002	8.3878e-002	9.8531e-002	1.1075e-001	1.2085e-001	1.2936e-001	1.3670e-001	1.4313e-001	1.4888e-001	1.5432e-001
1.010000e+003	1.58599748e-001	-3.24140025e+000	6.68079321e+003	0.00000000e+000	4.8622e+015	1.0000e-010	0.0000e+000
1.020000e+003	1.59267828e-001	-3.24073217e+000	6.59054314e+003	0.00000000e+000	4.7382e+015	1.0000e-010	0.0000e+000
1.030000e+003	1.59926882e-001	-3.24007312e+000	6.50256477e+003	0.00000000e+000	4.6189e+015	1.0000e-010	0.0000e+000
1.040000e+003	1.60577138e-001	-3.23942286e+000	6.41677173e+003	0.00000000e+000	4.5042e+015	1.0000e-010	0.0000e+000
1.050000e+003	1.61218816e-001	-3.23878118e+000	6.33308196e+003	0.00000000e+000	4.3938e+015	1.0000e-010	0.0000e+000
1.060000e+003	1.61852124e-001	-3.23814788e+000	6.25141747e+003	0.00000000e+000	4.2874e+015	1.0000e-010	0.0000e+000
1.070000e+003	1.62477266e-001	-3.23752273e+000	6.17170407e+003	0.00000000e+000	4.1850e+015	1.0000e-010	0.0000e+000
1.080000e+003	1.63094436e-001	-3.23690556e+000	6.09387115e+003	0.00000000e+000	4.0863e+015	1.0000e-010	0.0000e+000
1.090000e+003	1.63703823e-001	-3.23629618e+000	6.01785147e+003	0.00000000e+000	3.9911e+015	1.0000e-010	0.0000e+000
1.100000e+003	1.64305608e-001	-3.23569439e+000	5.94358094e+003	0.00000000e+000	3.8992e+015	1.0000e-010	0.0000e+000
1.110000e+003	1.64899966e-001	-3.23510003e+000	5.87099847e+003	0.00000000e+000	3.8106e+015	1.0000e-010	0.0000e+000
1.120000e+003	1.65487066e-001	-3.23451293e+000	5.80004578e+003	0.00000000e+000	3.7251e+015	1.0000e-010	0.0000e+000
1.130000e+003	1.66067071e-001	-3.23393293e+000	5.73066723e+003	0.00000000e+000	3.6424e+015	1.0000e-010	0.0000e+000
1.140000e+003	1.66640137e-001	-3.23335986e+000	5.66280968e+003	0.00000000e+000	3.5626e+015	1.0000e-010	0.0000e+000
1.150000e+003	1.67206418e-001	-3.23279358e+000	5.59642238e+003	0.00000000e+000	3.4854e+015	1.0000e-010	0.0000e+000
1.160000e+003	1.67766061e-001	-3.23223394e+000	5.53145678e+003	0.00000000e+000	3.4107e+015	1.0000e-010	0.0000e+000
1.170000e+003	1.68319206e-001	-3.23168079e+000	5.46786646e+003	0.00000000e+000	3.3385e+015	1.0000e-010	0.0000e+000
1.180000e+003	1.68865993e-001	-3.23113401e+000	5.40560699e+003	0.00000000e+000	3.2687e+015	1.0000e-010	0.0000e+000
1.190000e+003	1.69406554e-001	-3.23059345e+000	5.34463585e+003	0.00000000e+000	3.2010e+015	1.0000e-010	0.0000e+000
1.200000e+003	1.69941017e-001	-3.23005898e+000	5.28491227e+003	0.00000000e+000	3.1355e+015	1.0000e-010	0.0000e+000
1.210000e+003	1.70469509e-001	-3.22953049e+000	5.22639723e+003	0.00000000e+000	3.0721e+015	1.0000e-010	0.0000e+000
1.220000e+003	1.70992148e-001	-3.22900785e+000	5.16905329e+003	0.00000000e+000	3.0106e+015	1.0000e-010	0.0000e+000
1.230000e+003	1.71509054e-001	-3.22849095e+000	5.11284454e+003	0.00000000e+000	2.9510e+015	1.0000e-010	0.0000e+000
1.240000e+003	1.72020338e-001	-3.22797966e+000	5.05773654e+003	0.00000000e+000	2.8932e+015	1.0000e-010	0.0000e+000
1.250000e+003	1.72526112e-001	-3.22747389e+000	5.00369619e+003	0.00000000e+000	2.8371e+015	1.0000e-010	0.0000e+000
1.260000e+003	1.73026481e-001	-3.22697352e+000	4.95069176e+003	0.00000000e+000	2.7828e+015	1.0000e-010	0.0000e+000
1.270000e+003	1.73521550e-001	-3.22647845e+000	4.89869270e+003	0.00000000e+000	2.7300e+015	1.0000e-010	0.0000e+000
1.280000e+003	1.74011420e-001	-3.22598858e+000	4.84766970e+003	0.00000000e+000	2.6787e+015	1.0000e-010	0.0000e+000
1.290000e+003	1.74496187e-001	-3.22550381e+000	4.79759455e+003	0.00000000e+000	2.6290e+015	1.0000e-010	0.0000e+000
1.300000e+003	1.74975946e-001	-3.22502405e+000	4.74844012e+003	0.00000000e+000	2.5806e+015	1.0000e-010	0.0000e+000
1.310000e+003	1.75450790e-001	-3.22454921e+000	4.70018031e+003	0.00000000e+000	2.5337e+015	1.0000e-010	0.0000e+000
1.320000e+003	1.75920808e-001	-3.22407919e+000	4.65278999e+003	0.00000000e+000	2.4880e+015	1.0000e-010	0.0000e+000
1.330000e+003	1.76386087e-001	-3.22361391e+000	4.60624496e+003	0.00000000e+000	2.4436e+015	1.0000e-010	0.0000e+000
1.340000e+003	1.76846712e-001	-3.22315329e+000	4.56052191e+003	0.00000000e+000	2.4005e+015	1.0000e-010	0.0000e+000
1.350000e+003	1.77302764e-001	-3.22269724e+000	4.51559838e+003	0.00000000e+000	2.3585e+015	1.0000e-010	0.0000e+000
1.360000e+003	1.77754324e-001	-3.22224568e+000	4.47145273e+003	0.00000000e+000	2.3177e+015	1.0000e-010	0.0000e+000
1.370000e+003	1.78201469e-001	-3.22179853e+000	4.42806407e+003	0.00000000e+000	2.2779e+015	1.0000e-010	0.0000e+000
1.380000e+003	1.78644275e-001	-3.22135572e+000	4.38541226e+003	0.00000000e+000	2.2392e+015	1.0000e-010	0.0000e+000
1.390000e+003	1.79082817e-001	-3.22091718e+000	4.34347788e+003	0.00000000e+000	2.2016e+015	1.0000e-010	0.0000e+000
1.400000e+003	1.79517164e-001	-3.22048284e+000	4.30224217e+003	0.00000000e+000	2.1649e+015	1.0000e-010	0.0000e+000
1.410000e+003	1.79947389e-001	-3.22005261e+000	4.26168701e+003	0.00000000e+000	2.1292e+015	1.0000e-010	0.0000e+000
1.420000e+003	1.80373557e-001	-3.21962644e+000	4.22179493e+003	0.00000000e+000	2.0944e+015	1.0000e-010	0.0000e+000
1.430000e+003	1.80795737e-001	-3.21920426e+000	4.18254901e+003	0.00000000e+000	2.0604e+015	1.0000e-010	0.0000e+000
1.440000e+003	1.81213992e-001	-3.21878601e+000	4.14393294e+003	0.00000000e+000	2.0274e+015	1.0000e-010	0.0000e+000
1.450000e+003	1.81628385e-001	-3.21837161e+000	4.10593093e+003	0.00000000e+000	1.9951e+015	1.0000e-010	0.0000e+000
1.460000e+003	1.82038978e-001	-3.21796102e+000	4.06852772e+003	0.00000000e+000	1.9637e+015	1.0000e-010	0.0000e+000
1.470000e+003	1.82445831e-001	-3.21755417e+000	4.03170855e+003	0.00000000e+000	1.9330e+015	1.0000e-010	0.0000e+000
1.480000e+003	1.82849002e-001	-3.21715100e+000	3.99545912e+003	0.00000000e+000	1.9031e+015	1.0000e-010	0.0000e+000
1.490000e+003	1.83248548e-001	-3.21675145e+000	3.95976563e+003	0.00000000e+000	1.8739e+015	1.0000e-010	0.0000e+000
1.500000e+003	1.83644524e-001	-3.21635548e+000	3.92461470e+003	0.00000000e+000	1.8454e+015	1.0000e-010	0.0000e+000
1.510000e+003	1.84036986e-001	-3.21596301e+000	3.88999336e+003	0.00000000e+000	1.8176e+015	1.0000e-010	0.0000e+000
1.520000e+003	1.84425985e-001	-3.21557401e+000	3.85588908e+003	0.00000000e+000	1.7905e+015	1.0000e-010	0.0000e+000
1.530000e+003	1.84811574e-001	-3.21518843e+000	3.82228969e+003	0.00000000e+000	1.7640e+015	1.0000e-010	0.0000e+000
1.540000e+003	1.85193803e-001	-3.21480620e+000	3.78918343e+003	0.00000000e+000	1.7381e+015	1.0000e-010	0.0000e+000
1.550000e+003	1.85572721e-001	-3.21442728e+000	3.75655887e+003	0.00000000e+000	1.7128e+015	1.0000e-010	0.0000e+000
1.560000e+003	1.85948377e-001	-3.21405162e+000	3.72440496e+003	0.00000000e+000	1.6881e+015	1.0000e-010	0.0000e+000
1.570000e+003	1.86320818e-001	-3.21367918e+000	3.69271095e+003	0.00000000e+000	1.6639e+015	1.0000e-010	0.0000e+000
1.580000e+003	1.86690089e-001	-3.21330991e+000	3.66146645e+003	0.00000000e+000	1.6403e+015	1.0000e-010	0.0000e+000
1.590000e+003	1.87056235e-001	-3.21294376e+000	3.63066134e+003	0.00000000e+000	1.6173e+015	1.0000e-010	0.0000e+000
1.600000e+003	1.87419302e-001	-3.21258070e+000	3.60028585e+003	0.00000000e+000	1.5947e+015	1.0000e-010	0.0000e+000
1.610000e+003	1.87779330e-001	-3.21222067e+000	3.57033044e+003	0.00000000e+000	1.5727e+015	1.0000e-010	0.0000e+000
1.620000e+003	1.88136363e-001	-3.21186364e+000	3.54078590e+003	0.00000000e+000	1.5511e+015	1.0000e-010	0.0000e+000
1.630000e+003	1.88490442e-001	-3.21150956e+000	3.51164325e+003	0.00000000e+000	1.5300e+015	1.0000e-010	0.0000e+000
1.640000e+003	1.88841606e-001	-3.21115839e+000	3.48289378e+003	0.00000000e+000	1.5094e+015	1.0000e-010	0.0000e+000
1.650000e+003	1.89189895e-001	-3.21081010e+000	3.45452905e+003	0.00000000e+000	1.4892e+015	1.0000e-010	0.0000e+000
1.660000e+003	1.89535348e-001	-3.21046465e+000	3.42654082e+003	0.00000000e+000	1.4694e+015	1.0000e-010	0.0000e+000
1.670000e+003	1.89878002e-001	-3.21012200e+000	3.39892112e+003	0.00000000e+000	1.4500e+015	1.0000e-010	0.0000e+000
1.680000e+003	1.90217895e-001	-3.20978211e+000	3.37166217e+003	0.00000000e+000	1.4311e+015	1.0000e-010	0.0000e+000
1.690000e+003	1.90555061e-001	-3.20944494e+000	3.34475643e+003	0.00000000e+000	1.4126e+015	1.0000e-010	0.0000e+000
1.700000e+003	1.90889536e-001	-3.20911046e+000	3.31819655e+003	0.00000000e+000	1.3944e+015	1.0000e-010	0.0000e+000
1.710000e+003	1.91221356e-001	-3.20877864e+000	3.29197541e+003	0.00000000e+000	1.3766e+015	1.0000e-010	0.0000e+000
1.720000e+003	1.91550554e-001	-3.20844945e+000	3.26608604e+003	0.00000000e+000	1.3592e+015	1.0000e-010	0.0000e+000
1.730000e+003	1.91877162e-001	-3.20812284e+000	3.24052170e+003	0.00000000e+000	1.3421e+015	1.0000e-010	0.0000e+000
1.740000e+003	1.92201214e-001	-3.20779879e+000	3.21527580e+003	0.00000000e+000	1.3254e+015	1.0000e-010	0.0000e+000
1.750000e+003	1.92522742e-001	-3.20747726e+000	3.19034195e+003	0.00000000e+000	1.3090e+015	1.0000e-010	0.0000e+000
1.760000e+003	1.92841776e-001	-3.20715822e+000	3.16571392e+003	0.00000000e+000	1.2930e+015	1.0000e-010	0.0000e+000
1.770000e+003	1.93158348e-001	-3.20684165e+000	3.14138562e+003	0.00000000e+000	1.2772e+015	1.0000e-010	0.0000e+000
1.780000e+003	1.93472486e-001	-3.20652751e+000	3.11735116e+003	0.00000000e+000	1.2618e+015	1.0000e-010	0.0000e+000
1.790000e+003	1.93784221e-001	-3.20621578e+000	3.09360478e+003	0.00000000e+000	1.2467e+015	1.0000e-010	0.0000e+000
1.800000e+003	1.94093582e-001	-3.20590642e+000	3.07014087e+003	0.00000000e+000	1.2319e+015	1.0000e-010	0.0000e+000
1.810000e+003	1.94400596e-001	-3.20559940e+000	3.04695397e+003	0.00000000e+000	1.2173e+015	1.0000e-010	0.0000e+000
1.820000e+003	1.94705291e-001	-3.20529471e+000	3.02403874e+003	0.00000000e+000	1.2031e+015	1.0000e-010	0.0000e+000
1.830000e+003	1.95007695e-001	-3.20499230e+000	3.00139001e+003	0.00000000e+000	1.1891e+015	1.0000e-010	0.0000e+000
1.840000e+003	1.95307834e-001	-3.20469217e+000	2.97900270e+003	0.00000000e+000	1.1753e+015	1.0000e-010	0.0000e+000
1.850000e+003	1.95605734e-001	-3.20439427e+000	2.95687189e+003	0.00000000e+000	1.1619e+015	1.0000e-010	0.0000e+000
1.860000e+003	1.95901422e-001	-3.20409858e+000	2.93499276e+003	0.00000000e+000	1.1487e+015	1.0000e-010	0.0000e+000
1.870000e+003	1.96194921e-001	-3.20380508e+000	2.91336062e+003	0.00000000e+000	1.1357e+015	1.0000e-010	0.0000e+000
1.880000e+003	1.96486257e-001	-3.20351374e+000	2.89197090e+003	0.00000000e+000	1.1230e+015	1.0000e-010	0.0000e+000
1.890000e+003	1.96775454e-001	-3.20322455e+000	2.87081912e+003	0.00000000e+000	1.1105e+015	1.0000e-010	0.0000e+000
1.900000e+003	1.97062536e-001	-3.20293746e+000	2.84990093e+003	0.00000000e+000	1.0982e+015	1.0000e-010	0.0000e+000
1.910000e+003	1.97347526e-001	-3.20265247e+000	2.82921207e+003	0.00000000e+000	1.0862e+015	1.0000e-010	0.0000e+000
1.920000e+003	1.97630447e-001	-3.20236955e+000	2.80874839e+003	0.00000000e+000	1.0744e+015	1.0000e-010	0.0000e+000
1.930000e+003	1.97911322e-001	-3.20208868e+000	2.78850585e+003	0.00000000e+000	1.0627e+015	1.0000e-010	0.0000e+000
1.940000e+003	1.98190173e-001	-3.20180983e+000	2.76848047e+003	0.00000000e+000	1.0513e+015	1.0000e-010	0.0000e+000
1.950000e+003	1.98467021e-001	-3.20153298e+000	2.74866840e+003	0.00000000e+000	1.0401e+015	1.0000e-010	0.0000e+000
1.960000e+003	1.98741887e-001	-3.20125811e+000	2.72906587e+003	0.00000000e+000	1.0291e+015	1.0000e-010	0.0000e+000
1.970000e+003	1.99014794e-001	-3.20098521e+000	2.70966917e+003	0.00000000e+000	1.0183e+015	1.0000e-010	0.0000e+000
1.980000e+003	1.99285761e-001	-3.20071424e+000	2.69047473e+003	0.00000000e+000	1.0077e+015	1.0000e-010	0.0000e+000
1.990000e+003	1.99554808e-001	-3.20044519e+000	2.67147901e+003	0.00000000e+000	9.9728e+014	1.0000e-010	0.0000e+000
2.000000e+003	1.99821956e-001	-3.20017804e+000	2.65267857e+003	0.00000000e+000	9.8703e+014	1.0000e-010	0.0000e+000
2.010000e+003	2.00087224e-001	-3.19991278e+000	2.63407006e+003	0.00000000e+000	9.7695e+014	1.0000e-010	0.0000e+000
2.020000e+003	2.00350631e-001	-3.19964937e+000	2.61565019e+003	0.00000000e+000	9.6705e+014	1.0000e-010	0.0000e+000
2.030000e+003	2.00612196e-001	-3.19938780e+000	2.59741575e+003	0.00000000e+000	9.5731e+014	1.0000e-010	0.0000e+000
2.040000e+003	2.00871938e-001	-3.19912806e+000	2.57936360e+003	0.00000000e+000	9.4774e+014	1.0000e-010	0.0000e+000
2.050000e+003	2.01129874e-001	-3.19887013e+000	2.56149067e+003	0.00000000e+000	9.3834e+014	1.0000e-010	0.0000e+000
2.060000e+003	2.01386023e-001	-3.19861398e+000	2.54379395e+003	0.00000000e+000	9.2908e+014	1.0000e-010	0.0000e+000
2.070000e+003	2.01640403e-001	-3.19835960e+000	2.52627051e+003	0.00000000e+000	9.1999e+014	1.0000e-010	0.0000e+000
2.080000e+003	2.01893030e-001	-3.19810697e+000	2.50891748e+003	0.00000000e+000	9.1104e+014	1.0000e-010	0.0000e+000
2.090000e+003	2.02143921e-001	-3.19785608e+000	2.49173204e+003	0.00000000e+000	9.0224e+014	1.0000e-010	0.0000e+000
2.100000e+003	2.02393095e-001	-3.19760691e+000	2.47471145e+003	0.00000000e+000	8.9359e+014	1.0000e-010	0.0000e+000
2.110000e+003	2.02640566e-001	-3.19735943e+000	2.45785301e+003	0.00000000e+000	8.8507e+014	1.0000e-010	0.0000e+000
2.120000e+003	2.02886351e-001	-3.19711365e+000	2.44115409e+003	0.00000000e+000	8.7670e+014	1.0000e-010	0.0000e+000
2.130000e+003	2.03130466e-001	-3.19686953e+000	2.42461212e+003	0.00000000e+000	8.6846e+014	1.0000e-010	0.0000e+000
2.140000e+003	2.03372928e-001	-3.19662707e+000	2.40822456e+003	0.00000000e+000	8.6035e+014	1.0000e-010	0.0000e+000
2.150000e+003	2.03613750e-001	-3.19638625e+000	2.39198895e+003	0.00000000e+000	8.5237e+014	1.0000e-010	0.0000e+000
2.160000e+003	2.03852949e-001	-3.19614705e+000	2.37590288e+003	0.00000000e+000	8.4452e+014	1.0000e-010	0.0000e+000
2.170000e+003	2.04090539e-001	-3.19590946e+000	2.35996396e+003	0.00000000e+000	8.3680e+014	1.0000e-010	0.0000e+000
2.180000e+003	2.04326536e-001	-3.19567346e+000	2.34416988e+003	0.00000000e+000	8.2919e+014	1.0000e-010	0.0000e+000
2.190000e+003	2.04560953e-001	-3.19543905e+000	2.32851837e+003	0.00000000e+000	8.2171e+014	1.0000e-010	0.0000e+000
2.200000e+003	2.04793805e-001	-3.19520620e+000	2.31300720e+003	0.00000000e+000	8.1434e+014	1.0000e-010	0.0000e+000
2.210000e+003	2.05025105e-001	-3.19497489e+000	2.29763420e+003	0.00000000e+000	8.0709e+014	1.0000e-010	0.0000e+000
2.220000e+003	2.05254869e-001	-3.19474513e+000	2.28239721e+003	0.00000000e+000	7.9995e+014	1.0000e-010	0.0000e+000
2.230000e+003	2.05483108e-001	-3.19451689e+000	2.26729416e+003	0.00000000e+000	7.9292e+014	1.0000e-010	0.0000e+000
2.240000e+003	2.05709838e-001	-3.19429016e+000	2.25232299e+003	0.00000000e+000	7.8599e+014	1.0000e-010	0.0000e+000
2.250000e+003	2.05935070e-001	-3.19406493e+000	2.23748169e+003	0.00000000e+000	7.7917e+014	1.0000e-010	0.0000e+000
2.260000e+003	2.06158818e-001	-3.19384118e+000	2.22276828e+003	0.00000000e+000	7.7246e+014	1.0000e-010	0.0000e+000
2.270000e+003	2.06381095e-001	-3.19361890e+000	2.20818084e+003	0.00000000e+000	7.6585e+014	1.0000e-010	0.0000e+000
2.280000e+003	2.06601913e-001	-3.19339809e+000	2.19371746e+003	0.00000000e+000	7.5933e+014	1.0000e-010	0.0000e+000
2.290000e+003	2.06821285e-001	-3.19317872e+000	2.17937630e+003	0.00000000e+000	7.5292e+014	1.0000e-010	0.0000e+000
2.300000e+003	2.07039223e-001	-3.19296078e+000	2.16515553e+003	0.00000000e+000	7.4660e+014	1.0000e-010	0.0000e+000
2.310000e+003	2.07255738e-001	-3.19274426e+000	2.15105337e+003	0.00000000e+000	7.4037e+014	1.0000e-010	0.0000e+000
2.320000e+003	2.07470843e-001	-3.19252916e+000	2.13706805e+003	0.00000000e+000	7.3423e+014	1.0000e-010	0.0000e+000
2.330000e+003	2.07684550e-001	-3.19231545e+000	2.12319787e+003	0.00000000e+000	7.2819e+014	1.0000e-010	0.0000e+000
2.340000e+003	2.07896870e-001	-3.19210313e+000	2.10944114e+003	0.00000000e+000	7.2223e+014	1.0000e-010	0.0000e+000
2.350000e+003	2.08107814e-001	-3.19189219e+000	2.09579620e+003	0.00000000e+000	7.1636e+014	1.0000e-010	0.0000e+000
2.360000e+003	2.08317394e-001	-3.19168261e+000	2.08226144e+003	0.00000000e+000	7.1058e+014	1.0000e-010	0.0000e+000
2.370000e+003	2.08525620e-001	-3.19147438e+000	2.06883525e+003	0.00000000e+000	7.0488e+014	1.0000e-010	0.0000e+000
2.380000e+003	2.08732503e-001	-3.19126750e+000	2.05551608e+003	0.00000000e+000	6.9926e+014	1.0000e-010	0.0000e+000
2.390000e+003	2.08938055e-001	-3.19106194e+000	2.04230239e+003	0.00000000e+000	6.9372e+014	1.0000e-010	0.0000e+000
2.400000e+003	2.09142285e-001	-3.19085771e+000	2.02919267e+003	0.00000000e+000	6.8826e+014	1.0000e-010	0.0000e+000
2.410000e+003	2.09345205e-001	-3.19065480e+000	2.01618546e+003	0.00000000e+000	6.8288e+014	1.0000e-010	0.0000e+000
2.420000e+003	2.09546823e-001	-3.19045318e+000	2.00327929e+003	0.00000000e+000	6.7758e+014	1.0000e-010	0.0000e+000
2.430000e+003	2.09747151e-001	-3.19025285e+000	1.99047275e+003	0.00000000e+000	6.7235e+014	1.0000e-010	0.0000e+000
2.440000e+003	2.09946198e-001	-3.19005380e+000	1.97776443e+003	0.00000000e+000	6.6719e+014	1.0000e-010	0.0000e+000
2.450000e+003	2.10143975e-001	-3.18985603e+000	1.96515296e+003	0.00000000e+000	6.6211e+014	1.0000e-010	0.0000e+000
2.460000e+003	2.10340490e-001	-3.18965951e+000	1.95263700e+003	0.00000000e+000	6.5709e+014	1.0000e-010	0.0000e+000
2.470000e+003	2.10535754e-001	-3.18946425e+000	1.94021522e+003	0.00000000e+000	6.5215e+014	1.0000e-010	0.0000e+000
2.480000e+003	2.10729775e-001	-3.18927022e+000	1.92788631e+003	0.00000000e+000	6.4727e+014	1.0000e-010	0.0000e+000
2.490000e+003	2.10922564e-001	-3.18907744e+000	1.91564901e+003	0.00000000e+000	6.4246e+014	1.0000e-010	0.0000e+000
2.500000e+003	2.11114129e-001	-3.18888587e+000	1.90350204e+003	0.00000000e+000	6.3772e+014	1.0000e-010	0.0000e+000
2.510000e+003	2.11304479e-001	-3.18869552e+000	1.89144419e+003	0.00000000e+000	6.3304e+014	1.0000e-010	0.0000e+000
2.520000e+003	2.11493623e-001	-3.18850638e+000	1.87947424e+003	0.00000000e+000	6.2843e+014	1.0000e-010	0.0000e+000
2.530000e+003	2.11681571e-001	-3.18831843e+000	1.86759099e+003	0.00000000e+000	6.2387e+014	1.0000e-010	0.0000e+000
2.540000e+003	2.11868330e-001	-3.18813167e+000	1.85579329e+003	0.00000000e+000	6.1938e+014	1.0000e-010	0.0000e+000
2.550000e+003	2.12053909e-001	-3.18794609e+000	1.84407996e+003	0.00000000e+000	6.1495e+014	1.0000e-010	0.0000e+000
2.560000e+003	2.12238317e-001	-3.18776168e+000	1.83244990e+003	0.00000000e+000	6.1058e+014	1.0000e-010	0.0000e+000
2.570000e+003	2.12421562e-001	-3.18757844e+000	1.82090198e+003	0.00000000e+000	6.0627e+014	1.0000e-010	0.0000e+000
2.580000e+003	2.12603652e-001	-3.18739635e+000	1.80943511e+003	0.00000000e+000	6.0201e+014	1.0000e-010	0.0000e+000
2.590000e+003	2.12784596e-001	-3.18721540e+000	1.79804822e+003	0.00000000e+000	5.9782e+014	1.0000e-010	0.0000e+000
2.600000e+003	2.12964401e-001	-3.18703560e+000	1.78674026e+003	0.00000000e+000	5.9367e+014	1.0000e-010	0.0000e+000
2.610000e+003	2.13143075e-001	-3.18685693e+000	1.77551018e+003	0.00000000e+000	5.8958e+014	1.0000e-010	0.0000e+000
2.620000e+003	2.13320626e-001	-3.18667937e+000	1.76435696e+003	0.00000000e+000	5.8555e+014	1.0000e-010	0.0000e+000
2.630000e+003	2.13497062e-001	-3.18650294e+000	1.75327960e+003	0.00000000e+000	5.8156e+014	1.0000e-010	0.0000e+000
2.640000e+003	2.13672390e-001	-3.18632761e+000	1.74227712e+003	0.00000000e+000	5.7763e+014	1.0000e-010	0.0000e+000
2.650000e+003	2.13846617e-001	-3.18615338e+000	1.73134854e+003	0.00000000e+000	5.7375e+014	1.0000e-010	0.0000e+000
2.660000e+003	2.14019752e-001	-3.18598025e+000	1.72049290e+003	0.00000000e+000	5.6992e+014	1.0000e-010	0.0000e+000
2.670000e+003	2.14191801e-001	-3.18580820e+000	1.70970927e+003	0.00000000e+000	5.6614e+014	1.0000e-010	0.0000e+000
2.680000e+003	2.14362772e-001	-3.18563723e+000	1.69899672e+003	0.00000000e+000	5.6241e+014	1.0000e-010	0.0000e+000
2.690000e+003	2.14532672e-001	-3.18546733e+000	1.68835434e+003	0.00000000e+000	5.5873e+014	1.0000e-010	0.0000e+000
2.700000e+003	2.14701507e-001	-3.18529849e+000	1.67778124e+003	0.00000000e+000	5.5509e+014	1.0000e-010	0.0000e+000
2.710000e+003	2.14869286e-001	-3.18513071e+000	1.66727654e+003	0.00000000e+000	5.5150e+014	1.0000e-010	0.0000e+000
2.720000e+003	2.15036013e-001	-3.18496399e+000	1.65683936e+003	0.00000000e+000	5.4795e+014	1.0000e-010	0.0000e+000
2.730000e+003	2.15201697e-001	-3.18479830e+000	1.64646887e+003	0.00000000e+000	5.4445e+014	1.0000e-010	0.0000e+000
2.740000e+003	2.15366344e-001	-3.18463366e+000	1.63616421e+003	0.00000000e+000	5.4100e+014	1.0000e-010	0.0000e+000
2.750000e+003	2.15529960e-001	-3.18447004e+000	1.62592456e+003	0.00000000e+000	5.3758e+014	1.0000e-010	0.0000e+000
2.760000e+003	2.15692553e-001	-3.18430745e+000	1.61574912e+003	0.00000000e+000	5.3421e+014	1.0000e-010	0.0000e+000
2.770000e+003	2.15854128e-001	-3.18414587e+000	1.60563707e+003	0.00000000e+000	5.3089e+014	1.0000e-010	0.0000e+000
2.780000e+003	2.16014691e-001	-3.18398531e+000	1.59558763e+003	0.00000000e+000	5.2760e+014	1.0000e-010	0.0000e+000
2.790000e+003	2.16174250e-001	-3.18382575e+000	1.58560002e+003	0.00000000e+000	5.2435e+014	1.0000e-010	0.0000e+000
2.800000e+003	2.16332810e-001	-3.18366719e+000	1.57567349e+003	0.00000000e+000	5.2115e+014	1.0000e-010	0.0000e+000
2.810000e+003	2.16490378e-001	-3.18350962e+000	1.56580727e+003	0.00000000e+000	5.1798e+014	1.0000e-010	0.0000e+000
2.820000e+003	2.16646958e-001	-3.18335304e+000	1.55600063e+003	0.00000000e+000	5.1485e+014	1.0000e-010	0.0000e+000
2.830000e+003	2.16802558e-001	-3.18319744e+000	1.54625284e+003	0.00000000e+000	5.1176e+014	1.0000e-010	0.0000e+000
2.840000e+003	2.16957184e-001	-3.18304282e+000	1.53656318e+003	0.00000000e+000	5.0871e+014	1.0000e-010	0.0000e+000
2.850000e+003	2.17110840e-001	-3.18288916e+000	1.52693094e+003	0.00000000e+000	5.0570e+014	1.0000e-010	0.0000e+000
2.860000e+003	2.17263533e-001	-3.18273647e+000	1.51735542e+003	0.00000000e+000	5.0272e+014	1.0000e-010	0.0000e+000
2.870000e+003	2.17415269e-001	-3.18258473e+000	1.50783594e+003	0.00000000e+000	4.9978e+014	1.0000e-010	0.0000e+000
2.880000e+003	2.17566052e-001	-3.18243395e+000	1.49837183e+003	0.00000000e+000	4.9687e+014	1.0000e-010	0.0000e+000
2.890000e+003	2.17715889e-001	-3.18228411e+000	1.48896240e+003	0.00000000e+000	4.9400e+014	1.0000e-010	0.0000e+000
2.900000e+003	2.17864786e-001	-3.18213521e+000	1.47960702e+003	0.00000000e+000	4.9116e+014	1.0000e-010	0.0000e+000
2.910000e+003	2.18012746e-001	-3.18198725e+000	1.47030503e+003	0.00000000e+000	4.8836e+014	1.0000e-010	0.0000e+000
2.920000e+003	2.18159777e-001	-3.18184022e+000	1.46105579e+003	0.00000000e+000	4.8559e+014	1.0000e-010	0.0000e+000
2.930000e+003	2.18305882e-001	-3.18169412e+000	1.45185868e+003	0.00000000e+000	4.8285e+014	1.0000e-010	0.0000e+000
2.940000e+003	2.18451068e-001	-3.18154893e+000	1.44271307e+003	0.00000000e+000	4.8015e+014	1.0000e-010	0.0000e+000
2.950000e+003	2.18595340e-001	-3.18140466e+000	1.43361836e+003	0.00000000e+000	4.7747e+014	1.0000e-010	0.0000e+000
2.960000e+003	2.18738701e-001	-3.18126130e+000	1.42457395e+003	0.00000000e+000	4.7483e+014	1.0000e-010	0.0000e+000
2.970000e+003	2.18881159e-001	-3.18111884e+000	1.41557924e+003	0.00000000e+000	4.7222e+014	1.0000e-010	0.0000e+000
2.980000e+003	2.19022717e-001	-3.18097728e+000	1.40663364e+003	0.00000000e+000	4.6965e+014	1.0000e-010	0.0000e+000
2.990000e+003	2.19163380e-001	-3.18083662e+000	1.39773659e+003	0.00000000e+000	4.6710e+014	1.0000e-010	0.0000e+000
3.000000e+003	2.19303154e-001	-3.18069685e+000	1.38888751e+003	0.00000000e+000	4.6458e+014	1.0000e-010	0.0000e+000
3.010000e+003	2.19442043e-001	-3.18055796e+000	1.38008585e+003	0.00000000e+000	4.6209e+014	1.0000e-010	0.0000e+000
3.020000e+003	2.19580051e-001	-3.18041995e+000	1.37133104e+003	0.00000000e+000	4.5963e+014	1.0000e-010	0.0000e+000
3.030000e+003	2.19717184e-001	-3.18028282e+000	1.36262256e+003	0.00000000e+000	4.5720e+014	1.0000e-010	0.0000e+000
3.040000e+003	2.19853446e-001	-3.18014655e+000	1.35395985e+003	0.00000000e+000	4.5479e+014	1.0000e-010	0.0000e+000
3.050000e+003	2.19988842e-001	-3.18001116e+000	1.34534240e+003	0.00000000e+000	4.5242e+014	1.0000e-010	0.0000e+000
3.060000e+003	2.20123377e-001	-3.17987662e+000	1.33676967e+003	0.00000000e+000	4.5007e+014	1.0000e-010	0.0000e+000
3.070000e+003	2.20257054e-001	-3.17974295e+000	1.32824116e+003	0.00000000e+000	4.4775e+014	1.0000e-010	0.0000e+000
3.080000e+003	2.20389878e-001	-3.17961012e+000	1.31975635e+003	0.00000000e+000	4.4545e+014	1.0000e-010	0.0000e+000
3.090000e+003	2.20521853e-001	-3.17947815e+000	1.31131475e+003	0.00000000e+000	4.4319e+014	1.0000e-010	0.0000e+000
3.100000e+003	2.20652985e-001	-3.17934702e+000	1.30291586e+003	0.00000000e+000	4.4094e+014	1.0000e-010	0.0000e+000
3.110000e+003	2.20783276e-001	-3.17921672e+000	1.29455920e+003	0.00000000e+000	4.3873e+014	1.0000e-010	0.0000e+000
3.120000e+003	2.20912732e-001	-3.17908727e+000	1.28624427e+003	0.00000000e+000	4.3654e+014	1.0000e-010	0.0000e+000
3.130000e+003	2.21041357e-001	-3.17895864e+000	1.27797061e+003	0.00000000e+000	4.3437e+014	1.0000e-010	0.0000e+000
3.140000e+003	2.21169154e-001	-3.17883085e+000	1.26973776e+003	0.00000000e+000	4.3223e+014	1.0000e-010	0.0000e+000
3.150000e+003	2.21296128e-001	-3.17870387e+000	1.26154524e+003	0.00000000e+000	4.3011e+014	1.0000e-010	0.0000e+000
3.160000e+003	2.21422282e-001	-3.17857772e+000	1.25339260e+003	0.00000000e+000	4.2802e+014	1.0000e-010	0.0000e+000
3.170000e+003	2.21547621e-001	-3.17845238e+000	1.24527939e+003	0.00000000e+000	4.2595e+014	1.0000e-010	0.0000e+000
3.180000e+003	2.21672149e-001	-3.17832785e+000	1.23720516e+003	0.00000000e+000	4.2390e+014	1.0000e-010	0.0000e+000
3.190000e+003	2.21795870e-001	-3.17820413e+000	1.22916949e+003	0.00000000e+000	4.2188e+014	1.0000e-010	0.0000e+000
3.200000e+003	2.21918787e-001	-3.17808121e+000	1.22117193e+003	0.00000000e+000	4.1987e+014	1.0000e-010	0.0000e+000
3.210000e+003	2.22040904e-001	-3.17795910e+000	1.21321207e+003	0.00000000e+000	4.1790e+014	1.0000e-010	0.0000e+000
3.220000e+003	2.22162225e-001	-3.17783777e+000	1.20528947e+003	0.00000000e+000	4.1594e+014	1.0000e-010	0.0000e+000
3.230000e+003	2.22282754e-001	-3.17771725e+000	1.19740372e+003	0.00000000e+000	4.1400e+014	1.0000e-010	0.0000e+000
3.240000e+003	2.22402495e-001	-3.17759751e+000	1.18955441e+003	0.00000000e+000	4.1209e+014	1.0000e-010	0.0000e+000
3.250000e+003	2.22521450e-001	-3.17747855e+000	1.18174113e+003	0.00000000e+000	4.1020e+014	1.0000e-010	0.0000e+000
3.260000e+003	2.22639624e-001	-3.17736038e+000	1.17396350e+003	0.00000000e+000	4.0833e+014	1.0000e-010	0.0000e+000
3.270000e+003	2.22757020e-001	-3.17724298e+000	1.16622109e+003	0.00000000e+000	4.0648e+014	1.0000e-010	0.0000e+000
3.280000e+003	2.22873643e-001	-3.17712636e+000	1.15851354e+003	0.00000000e+000	4.0465e+014	1.0000e-010	0.0000e+000
3.290000e+003	2.22989494e-001	-3.17701051e+000	1.15084045e+003	0.00000000e+000	4.0284e+014	1.0000e-010	0.0000e+000
3.300000e+003	2.23104578e-001	-3.17689542e+000	1.14320145e+003	0.00000000e+000	4.0105e+014	1.0000e-010	0.0000e+000
3.310000e+003	2.23218898e-001	-3.17678110e+000	1.13559614e+003	0.00000000e+000	3.9928e+014	1.0000e-010	0.0000e+000
3.320000e+003	2.23332458e-001	-3.17666754e+000	1.12802418e+003	0.00000000e+000	3.9753e+014	1.0000e-010	0.0000e+000
3.330000e+003	2.23445260e-001	-3.17655474e+000	1.12048518e+003	0.00000000e+000	3.9580e+014	1.0000e-010	0.0000e+000
3.340000e+003	2.23557309e-001	-3.17644269e+000	1.11297878e+003	0.00000000e+000	3.9409e+014	1.0000e-010	0.0000e+000
3.350000e+003	2.23668607e-001	-3.17633139e+000	1.10550464e+003	0.00000000e+000	3.9239e+014	1.0000e-010	0.0000e+000
3.360000e+003	2.23779157e-001	-3.17622084e+000	1.09806238e+003	0.00000000e+000	3.9072e+014	1.0000e-010	0.0000e+000
3.370000e+003	2.23888963e-001	-3.17611104e+000	1.09065167e+003	0.00000000e+000	3.8906e+014	1.0000e-010	0.0000e+000
3.380000e+003	2.23998028e-001	-3.17600197e+000	1.08327216e+003	0.00000000e+000	3.8743e+014	1.0000e-010	0.0000e+000
3.390000e+003	2.24106356e-001	-3.17589364e+000	1.07592351e+003	0.00000000e+000	3.8581e+014	1.0000e-010	0.0000e+000
3.400000e+003	2.24213948e-001	-3.17578605e+000	1.06860537e+003	0.00000000e+000	3.8420e+014	1.0000e-010	0.0000e+000
3.410000e+003	2.24320809e-001	-3.17567919e+000	1.06131743e+003	0.00000000e+000	3.8262e+014	1.0000e-010	0.0000e+000
3.420000e+003	2.24426940e-001	-3.17557306e+000	1.05405934e+003	0.00000000e+000	3.8105e+014	1.0000e-010	0.0000e+000
3.430000e+003	2.24532346e-001	-3.17546765e+000	1.04683079e+003	0.00000000e+000	3.7950e+014	1.0000e-010	0.0000e+000
3.440000e+003	2.24637029e-001	-3.17536297e+000	1.03963144e+003	0.00000000e+000	3.7797e+014	1.0000e-010	0.0000e+000
3.450000e+003	2.24740992e-001	-3.17525901e+000	1.03246099e+003	0.00000000e+000	3.7645e+014	1.0000e-010	0.0000e+000
3.460000e+003	2.24844239e-001	-3.17515576e+000	1.02531912e+003	0.00000000e+000	3.7495e+014	1.0000e-010	0.0000e+000
3.470000e+003	2.24946770e-001	-3.17505323e+000	1.01820552e+003	0.00000000e+000	3.7347e+014	1.0000e-010	0.0000e+000
3.480000e+003	2.25048591e-001	-3.17495141e+000	1.01111989e+003	0.00000000e+000	3.7200e+014	1.0000e-010	0.0000e+000
3.490000e+003	2.25149703e-001	-3.17485030e+000	1.00406191e+003	0.00000000e+000	3.7055e+014	1.0000e-010	0.0000e+000
3.500000e+003	2.25250109e-001	-3.17474989e+000	9.97031289e+002	0.00000000e+000	3.6911e+014	1.0000e-010	0.0000e+000
3.510000e+003	2.25349812e-001	-3.17465019e+000	9.90027732e+002	0.00000000e+000	3.6769e+014	1.0000e-010	0.0000e+000
3.520000e+003	2.25448815e-001	-3.17455118e+000	9.83050945e+002	0.00000000e+000	3.6628e+014	1.0000e-010	0.0000e+000
3.530000e+003	2.25547120e-001	-3.17445288e+000	9.76100638e+002	0.00000000e+000	3.6489e+014	1.0000e-010	0.0000e+000
3.540000e+003	2.25644730e-001	-3.17435527e+000	9.69176524e+002	0.00000000e+000	3.6352e+014	1.0000e-010	0.0000e+000
3.550000e+003	2.25741648e-001	-3.17425835e+000	9.62278319e+002	0.00000000e+000	3.6216e+014	1.0000e-010	0.0000e+000
3.560000e+003	2.25837876e-001	-3.17416212e+000	9.55405744e+002	0.00000000e+000	3.6081e+014	1.0000e-010	0.0000e+000
3.570000e+003	2.25933416e-001	-3.17406658e+000	9.48558520e+002	0.00000000e+000	3.5948e+014	1.0000e-010	0.0000e+000
3.580000e+003	2.26028272e-001	-3.17397173e+000	9.41736374e+002	0.00000000e+000	3.5816e+014	1.0000e-010	0.0000e+000
3.590000e+003	2.26122446e-001	-3.17387755e+000	9.34939035e+002	0.00000000e+000	3.5686e+014	1.0000e-010	0.0000e+000
3.600000e+003	2.26215940e-001	-3.17378406e+000	9.28166233e+002	0.00000000e+000	3.5557e+014	1.0000e-010	0.0000e+000
3.610000e+003	2.26308756e-001	-3.17369124e+000	9.21417705e+002	0.00000000e+000	3.5430e+014	1.0000e-010	0.0000e+000
3.620000e+003	2.26400898e-001	-3.17359910e+000	9.14693187e+002	0.00000000e+000	3.5304e+014	1.0000e-010	0.0000e+000
3.630000e+003	2.26492367e-001	-3.17350763e+000	9.07992420e+002	0.00000000e+000	3.5179e+014	1.0000e-010	0.0000e+000
3.640000e+003	2.26583167e-001	-3.17341683e+000	9.01315146e+002	0.00000000e+000	3.5056e+014	1.0000e-010	0.0000e+000
3.650000e+003	2.26673298e-001	-3.17332670e+000	8.94661111e+002	0.00000000e+000	3.4934e+014	1.0000e-010	0.0000e+000
3.660000e+003	2.26762764e-001	-3.17323724e+000	8.88030065e+002	0.00000000e+000	3.4813e+014	1.0000e-010	0.0000e+000
3.670000e+003	2.26851567e-001	-3.17314843e+000	8.81421757e+002	0.00000000e+000	3.4694e+014	1.0000e-010	0.0000e+000
3.680000e+003	2.26939709e-001	-3.17306029e+000	8.74835942e+002	0.00000000e+000	3.4576e+014	1.0000e-010	0.0000e+000
3.690000e+003	2.27027193e-001	-3.17297281e+000	8.68272376e+002	0.00000000e+000	3.4459e+014	1.0000e-010	0.0000e+000
3.700000e+003	2.27114020e-001	-3.17288598e+000	8.61730818e+002	0.00000000e+000	3.4343e+014	1.0000e-010	0.0000e+000
3.710000e+003	2.27200193e-001	-3.17279981e+000	8.55211028e+002	0.00000000e+000	3.4229e+014	1.0000e-010	0.0000e+000
3.720000e+003	2.27285714e-001	-3.17271429e+000	8.48712771e+002	0.00000000e+000	3.4116e+014	1.0000e-010	0.0000e+000
3.730000e+003	2.27370586e-001	-3.17262941e+000	8.42235812e+002	0.00000000e+000	3.4004e+014	1.0000e-010	0.0000e+000
3.740000e+003	2.27454809e-001	-3.17254519e+000	8.35779921e+002	0.00000000e+000	3.3894e+014	1.0000e-010	0.0000e+000
3.750000e+003	2.27538387e-001	-3.17246161e+000	8.29344867e+002	0.00000000e+000	3.3784e+014	1.0000e-010	0.0000e+000
3.760000e+003	2.27621322e-001	-3.17237868e+000	8.22930424e+002	0.00000000e+000	3.3676e+014	1.0000e-010	0.0000e+000
3.770000e+003	2.27703615e-001	-3.17229639e+000	8.16536367e+002	0.00000000e+000	3.3569e+014	1.0000e-010	0.0000e+000
3.780000e+003	2.27785268e-001	-3.17221473e+000	8.10162475e+002	0.00000000e+000	3.3463e+014	1.0000e-010	0.0000e+000
3.790000e+003	2.27866285e-001	-3.17213372e+000	8.03808525e+002	0.00000000e+000	3.3358e+014	1.0000e-010	0.0000e+000
3.800000e+003	2.27946666e-001	-3.17205333e+000	7.97474302e+002	0.00000000e+000	3.3255e+014	1.0000e-010	0.0000e+000
3.810000e+003	2.28026413e-001	-3.17197359e+000	7.91159587e+002	0.00000000e+000	3.3152e+014	1.0000e-010	0.0000e+000
3.820000e+003	2.28105529e-001	-3.17189447e+000	7.84864169e+002	0.00000000e+000	3.3051e+014	1.0000e-010	0.0000e+000
3.830000e+003	2.28184015e-001	-3.17181598e+000	7.78587834e+002	0.00000000e+000	3.2951e+014	1.0000e-010	0.0000e+000
3.840000e+003	2.28261874e-001	-3.17173813e+000	7.72330373e+002	0.00000000e+000	3.2852e+014	1.0000e-010	0.0000e+000
3.850000e+003	2.28339107e-001	-3.17166089e+000	7.66091579e+002	0.00000000e+000	3.2754e+014	1.0000e-010	0.0000e+000
3.860000e+003	2.28415716e-001	-3.17158428e+000	7.59871245e+002	0.00000000e+000	3.2657e+014	1.0000e-010	0.0000e+000
3.870000e+003	2.28491704e-001	-3.17150830e+000	7.53669168e+002	0.00000000e+000	3.2561e+014	1.0000e-010	0.0000e+000
3.880000e+003	2.28567070e-001	-3.17143293e+000	7.47485146e+002	0.00000000e+000	3.2466e+014	1.0000e-010	0.0000e+000
3.890000e+003	2.28641819e-001	-3.17135818e+000	7.41318978e+002	0.00000000e+000	3.2373e+014	1.0000e-010	0.0000e+000
3.900000e+003	2.28715951e-001	-3.17128405e+000	7.35170467e+002	0.00000000e+000	3.2280e+014	1.0000e-010	0.0000e+000
3.910000e+003	2.28789468e-001	-3.17121053e+000	7.29039416e+002	0.00000000e+000	3.2188e+014	1.0000e-010	0.0000e+000
3.920000e+003	2.28862372e-001	-3.17113763e+000	7.22925630e+002	0.00000000e+000	3.2098e+014	1.0000e-010	0.0000e+000
3.930000e+003	2.28934664e-001	-3.17106534e+000	7.16828917e+002	0.00000000e+000	3.2008e+014	1.0000e-010	0.0000e+000
3.940000e+003	2.29006347e-001	-3.17099365e+000	7.10749086e+002	0.00000000e+000	3.1919e+014	1.0000e-010	0.0000e+000
3.950000e+003	2.29077422e-001	-3.17092258e+000	7.04685947e+002	0.00000000e+000	3.1832e+014	1.0000e-010	0.0000e+000
3.960000e+003	2.29147891e-001	-3.17085211e+000	6.98639313e+002	0.00000000e+000	3.1745e+014	1.0000e-010	0.0000e+000
3.970000e+003	2.29217755e-001	-3.17078225e+000	6.92608997e+002	0.00000000e+000	3.1659e+014	1.0000e-010	0.0000e+000
3.980000e+003	2.29287016e-001	-3.17071298e+000	6.86594816e+002	0.00000000e+000	3.1575e+014	1.0000e-010	0.0000e+000
3.990000e+003	2.29355675e-001	-3.17064432e+000	6.80596587e+002	0.00000000e+000	3.1491e+014	1.0000e-010	0.0000e+000
4.000000e+003	2.29423735e-001	-3.17057627e+000	6.74614128e+002	0.00000000e+000	3.1408e+014	1.0000e-010	0.0000e+000
4.010000e+003	2.29491196e-001	-3.17050880e+000	6.68647260e+002	0.00000000e+000	3.1326e+014	1.0000e-010	0.0000e+000
4.020000e+003	2.29558061e-001	-3.17044194e+000	6.62695805e+002	0.00000000e+000	3.1245e+014	1.0000e-010	0.0000e+000
4.030000e+003	2.29624330e-001	-3.17037567e+000	6.56759587e+002	0.00000000e+000	3.1165e+014	1.0000e-010	0.0000e+000
4.040000e+003	2.29690006e-001	-3.17030999e+000	6.50838430e+002	0.00000000e+000	3.1086e+014	1.0000e-010	0.0000e+000
4.050000e+003	2.29755090e-001	-3.17024491e+000	6.44932161e+002	0.00000000e+000	3.1008e+014	1.0000e-010	0.0000e+000
4.060000e+003	2.29819583e-001	-3.17018042e+000	6.39040609e+002	0.00000000e+000	3.0931e+014	1.0000e-010	0.0000e+000
4.070000e+003	2.29883488e-001	-3.17011651e+000	6.33163602e+002	0.00000000e+000	3.0854e+014	1.0000e-010	0.0000e+000
4.080000e+003	2.29946804e-001	-3.17005320e+000	6.27300971e+002	0.00000000e+000	3.0779e+014	1.0000e-010	0.0000e+000
4.090000e+003	2.30009534e-001	-3.16999047e+000	6.21452549e+002	0.00000000e+000	3.0704e+014	1.0000e-010	0.0000e+000
4.100000e+003	2.30071679e-001	-3.16992832e+000	6.15618169e+002	0.00000000e+000	3.0631e+014	1.0000e-010	0.0000e+000
4.110000e+003	2.30133241e-001	-3.16986676e+000	6.09797665e+002	0.00000000e+000	3.0558e+014	1.0000e-010	0.0000e+000
4.120000e+003	2.30194221e-001	-3.16980578e+000	6.03990875e+002	0.00000000e+000	3.0486e+014	1.0000e-010	0.0000e+000
4.130000e+003	2.30254620e-001	-3.16974538e+000	5.98197636e+002	0.00000000e+000	3.0415e+014	1.0000e-010	0.0000e+000
4.140000e+003	2.30314440e-001	-3.16968556e+000	5.92417787e+002	0.00000000e+000	3.0344e+014	1.0000e-010	0.0000e+000
4.150000e+003	2.30373681e-001	-3.16962632e+000	5.86651167e+002	0.00000000e+000	3.0275e+014	1.0000e-010	0.0000e+000
4.160000e+003	2.30432347e-001	-3.16956765e+000	5.80897618e+002	0.00000000e+000	3.0206e+014	1.0000e-010	0.0000e+000
4.170000e+003	2.30490436e-001	-3.16950956e+000	5.75156984e+002	0.00000000e+000	3.0138e+014	1.0000e-010	0.0000e+000
4.180000e+003	2.30547952e-001	-3.16945205e+000	5.69429106e+002	0.00000000e+000	3.0071e+014	1.0000e-010	0.0000e+000
4.190000e+003	2.30604895e-001	-3.16939511e+000	5.63713832e+002	0.00000000e+000	3.0005e+014	1.0000e-010	0.0000e+000
4.200000e+003	2.30661266e-001	-3.16933873e+000	5.58011006e+002	0.00000000e+000	2.9940e+014	1.0000e-010	0.0000e+000
4.210000e+003	2.30717067e-001	-3.16928293e+000	5.52320477e+002	0.00000000e+000	2.9875e+014	1.0000e-010	0.0000e+000
4.220000e+003	2.30772299e-001	-3.16922770e+000	5.46642092e+002	0.00000000e+000	2.9812e+014	1.0000e-010	0.0000e+000
4.230000e+003	2.30826964e-001	-3.16917304e+000	5.40975701e+002	0.00000000e+000	2.9749e+014	1.0000e-010	0.0000e+000
4.240000e+003	2.30881061e-001	-3.16911894e+000	5.35321156e+002	0.00000000e+000	2.9687e+014	1.0000e-010	0.0000e+000
4.250000e+003	2.30934593e-001	-3.16906541e+000	5.29678307e+002	0.00000000e+000	2.9625e+014	1.0000e-010	0.0000e+000
4.260000e+003	2.30987561e-001	-3.16901244e+000	5.24047008e+002	0.00000000e+000	2.9564e+014	1.0000e-010	0.0000e+000
4.270000e+003	2.31039966e-001	-3.16896003e+000	5.18427113e+002	0.00000000e+000	2.9505e+014	1.0000e-010	0.0000e+000
4.280000e+003	2.31091809e-001	-3.16890819e+000	5.12818476e+002	0.00000000e+000	2.9445e+014	1.0000e-010	0.0000e+000
4.290000e+003	2.31143090e-001	-3.16885691e+000	5.07220954e+002	0.00000000e+000	2.9387e+014	1.0000e-010	0.0000e+000
4.300000e+003	2.31193813e-001	-3.16880619e+000	5.01634404e+002	0.00000000e+000	2.9330e+014	1.0000e-010	0.0000e+000
4.310000e+003	2.31243976e-001	-3.16875602e+000	4.96058683e+002	0.00000000e+000	2.9273e+014	1.0000e-010	0.0000e+000
4.320000e+003	2.31293582e-001	-3.16870642e+000	4.90493651e+002	0.00000000e+000	2.9217e+014	1.0000e-010	0.0000e+000
4.330000e+003	2.31342631e-001	-3.16865737e+000	4.84939168e+002	0.00000000e+000	2.9161e+014	1.0000e-010	0.0000e+000
4.340000e+003	2.31391125e-001	-3.16860887e+000	4.79395094e+002	0.00000000e+000	2.9107e+014	1.0000e-010	0.0000e+000
4.350000e+003	2.31439065e-001	-3.16856094e+000	4.73861292e+002	0.00000000e+000	2.9053e+014	1.0000e-010	0.0000e+000
4.360000e+003	2.31486451e-001	-3.16851355e+000	4.68337623e+002	0.00000000e+000	2.8999e+014	1.0000e-010	0.0000e+000
4.370000e+003	2.31533285e-001	-3.16846672e+000	4.62823952e+002	0.00000000e+000	2.8947e+014	1.0000e-010	0.0000e+000
4.380000e+003	2.31579567e-001	-3.16842043e+000	4.57320144e+002	0.00000000e+000	2.8895e+014	1.0000e-010	0.0000e+000
4.390000e+003	2.31625299e-001	-3.16837470e+000	4.51826063e+002	0.00000000e+000	2.8844e+014	1.0000e-010	0.0000e+000
4.400000e+003	2.31670482e-001	-3.16832952e+000	4.46341576e+002	0.00000000e+000	2.8794e+014	1.0000e-010	0.0000e+000
4.410000e+003	2.31715116e-001	-3.16828488e+000	4.40866550e+002	0.00000000e+000	2.8744e+014	1.0000e-010	0.0000e+000
4.420000e+003	2.31759202e-001	-3.16824080e+000	4.35400852e+002	0.00000000e+000	2.8695e+014	1.0000e-010	0.0000e+000
4.430000e+003	2.31802742e-001	-3.16819726e+000	4.29944353e+002	0.00000000e+000	2.8647e+014	1.0000e-010	0.0000e+000
4.440000e+003	2.31845737e-001	-3.16815426e+000	4.24496920e+002	0.00000000e+000	2.8599e+014	1.0000e-010	0.0000e+000
4.450000e+003	2.31888187e-001	-3.16811181e+000	4.19058425e+002	0.00000000e+000	2.8552e+014	1.0000e-010	0.0000e+000
4.460000e+003	2.31930092e-001	-3.16806991e+000	4.13628738e+002	0.00000000e+000	2.8506e+014	1.0000e-010	0.0000e+000
4.470000e+003	2.31971455e-001	-3.16802854e+000	4.08207733e+002	0.00000000e+000	2.8460e+014	1.0000e-010	0.0000e+000
4.480000e+003	2.32012276e-001	-3.16798772e+000	4.02795280e+002	0.00000000e+000	2.8416e+014	1.0000e-010	0.0000e+000
4.490000e+003	2.32052556e-001	-3.16794744e+000	3.97391253e+002	0.00000000e+000	2.8371e+014	1.0000e-010	0.0000e+000
4.500000e+003	2.32092295e-001	-3.16790771e+000	3.91995528e+002	0.00000000e+000	2.8328e+014	1.0000e-010	0.0000e+000
4.510000e+003	2.32131494e-001	-3.16786851e+000	3.86607977e+002	0.00000000e+000	2.8285e+014	1.0000e-010	0.0000e+000
4.520000e+003	2.32170155e-001	-3.16782984e+000	3.81228478e+002	0.00000000e+000	2.8243e+014	1.0000e-010	0.0000e+000
4.530000e+003	2.32208278e-001	-3.16779172e+000	3.75856905e+002	0.00000000e+000	2.8201e+014	1.0000e-010	0.0000e+000
4.540000e+003	2.32245864e-001	-3.16775414e+000	3.70493137e+002	0.00000000e+000	2.8160e+014	1.0000e-010	0.0000e+000
4.550000e+003	2.32282913e-001	-3.16771709e+000	3.65137050e+002	0.00000000e+000	2.8120e+014	1.0000e-010	0.0000e+000
4.560000e+003	2.32319427e-001	-3.16768057e+000	3.59788522e+002	0.00000000e+000	2.8080e+014	1.0000e-010	0.0000e+000
4.570000e+003	2.32355406e-001	-3.16764459e+000	3.54447433e+002	0.00000000e+000	2.8041e+014	1.0000e-010	0.0000e+000
4.580000e+003	2.32390850e-001	-3.16760915e+000	3.49113663e+002	0.00000000e+000	2.8002e+014	1.0000e-010	0.0000e+000
4.590000e+003	2.32425762e-001	-3.16757424e+000	3.43787090e+002	0.00000000e+000	2.7965e+014	1.0000e-010	0.0000e+000
4.600000e+003	2.32460140e-001	-3.16753986e+000	3.38467596e+002	0.00000000e+000	2.7927e+014	1.0000e-010	0.0000e+000
4.610000e+003	2.32493987e-001	-3.16750601e+000	3.33155061e+002	0.00000000e+000	2.7891e+014	1.0000e-010	0.0000e+000
4.620000e+003	2.32527303e-001	-3.16747270e+000	3.27849369e+002	0.00000000e+000	2.7855e+014	1.0000e-010	0.0000e+000
4.630000e+003	2.32560088e-001	-3.16743991e+000	3.22550401e+002	0.00000000e+000	2.7820e+014	1.0000e-010	0.0000e+000
4.640000e+003	2.32592343e-001	-3.16740766e+000	3.17258041e+002	0.00000000e+000	2.7785e+014	1.0000e-010	0.0000e+000
4.650000e+003	2.32624068e-001	-3.16737593e+000	3.11972171e+002	0.00000000e+000	2.7751e+014	1.0000e-010	0.0000e+000
4.660000e+003	2.32655266e-001	-3.16734473e+000	3.06692676e+002	0.00000000e+000	2.7717e+014	1.0000e-010	0.0000e+000
4.670000e+003	2.32685935e-001	-3.16731407e+000	3.01419441e+002	0.00000000e+000	2.7685e+014	1.0000e-010	0.0000e+000
4.680000e+003	2.32716077e-001	-3.16728392e+000	2.96152350e+002	0.00000000e+000	2.7652e+014	1.0000e-010	0.0000e+000
4.690000e+003	2.32745692e-001	-3.16725431e+000	2.90891290e+002	0.00000000e+000	2.7621e+014	1.0000e-010	0.0000e+000
4.700000e+003	2.32774781e-001	-3.16722522e+000	2.85636146e+002	0.00000000e+000	2.7590e+014	1.0000e-010	0.0000e+000
4.710000e+003	2.32803345e-001	-3.16719666e+000	2.80386805e+002	0.00000000e+000	2.7559e+014	1.0000e-010	0.0000e+000
4.720000e+003	2.32831383e-001	-3.16716862e+000	2.75143155e+002	0.00000000e+000	2.7529e+014	1.0000e-010	0.0000e+000
4.730000e+003	2.32858898e-001	-3.16714110e+000	2.69905083e+002	0.00000000e+000	2.7500e+014	1.0000e-010	0.0000e+000
4.740000e+003	2.32885888e-001	-3.16711411e+000	2.64672476e+002	0.00000000e+000	2.7471e+014	1.0000e-010	0.0000e+000
4.750000e+003	2.32912356e-001	-3.16708764e+000	2.59445224e+002	0.00000000e+000	2.7443e+014	1.0000e-010	0.0000e+000
4.760000e+003	2.32938300e-001	-3.16706170e+000	2.54223215e+002	0.00000000e+000	2.7416e+014	1.0000e-010	0.0000e+000
4.770000e+003	2.32963722e-001	-3.16703628e+000	2.49006339e+002	0.00000000e+000	2.7389e+014	1.0000e-010	0.0000e+000
4.780000e+003	2.32988623e-001	-3.16701138e+000	2.43794485e+002	0.00000000e+000	2.7362e+014	1.0000e-010	0.0000e+000
4.790000e+003	2.33013002e-001	-3.16698700e+000	2.38587544e+002	0.00000000e+000	2.7337e+014	1.0000e-010	0.0000e+000
4.800000e+003	2.33036861e-001	-3.16696314e+000	2.33385407e+002	0.00000000e+000	2.7311e+014	1.0000e-010	0.0000e+000
4.810000e+003	2.33060200e-001	-3.16693980e+000	2.28187963e+002	0.00000000e+000	2.7287e+014	1.0000e-010	0.0000e+000
4.820000e+003	2.33083019e-001	-3.16691698e+000	2.22995105e+002	0.00000000e+000	2.7263e+014	1.0000e-010	0.0000e+000
4.830000e+003	2.33105318e-001	-3.16689468e+000	2.17806725e+002	0.00000000e+000	2.7239e+014	1.0000e-010	0.0000e+000
4.840000e+003	2.33127099e-001	-3.16687290e+000	2.12622714e+002	0.00000000e+000	2.7216e+014	1.0000e-010	0.0000e+000
4.850000e+003	2.33148361e-001	-3.16685164e+000	2.07442964e+002	0.00000000e+000	2.7194e+014	1.0000e-010	0.0000e+000
4.860000e+003	2.33169105e-001	-3.16683089e+000	2.02267370e+002	0.00000000e+000	2.7172e+014	1.0000e-010	0.0000e+000
4.870000e+003	2.33189332e-001	-3.16681067e+000	1.97095823e+002	0.00000000e+000	2.7151e+014	1.0000e-010	0.0000e+000
4.880000e+003	2.33209042e-001	-3.16679096e+000	1.91928218e+002	0.00000000e+000	2.7130e+014	1.0000e-010	0.0000e+000
4.890000e+003	2.33228234e-001	-3.16677177e+000	1.86764448e+002	0.00000000e+000	2.7110e+014	1.0000e-010	0.0000e+000
4.900000e+003	2.33246911e-001	-3.16675309e+000	1.81604406e+002	0.00000000e+000	2.7090e+014	1.0000e-010	0.0000e+000
4.910000e+003	2.33265071e-001	-3.16673493e+000	1.76447989e+002	0.00000000e+000	2.7071e+014	1.0000e-010	0.0000e+000
4.920000e+003	2.33282716e-001	-3.16671728e+000	1.71295089e+002	0.00000000e+000	2.7053e+014	1.0000e-010	0.0000e+000
4.930000e+003	2.33299846e-001	-3.16670015e+000	1.66145603e+002	0.00000000e+000	2.7035e+014	1.0000e-010	0.0000e+000
4.940000e+003	2.33316460e-001	-3.16668354e+000	1.60999425e+002	0.00000000e+000	2.7018e+014	1.0000e-010	0.0000e+000
4.950000e+003	2.33332560e-001	-3.16666744e+000	1.55856451e+002	0.00000000e+000	2.7001e+014	1.0000e-010	0.0000e+000
4.960000e+003	2.33348146e-001	-3.16665185e+000	1.50716577e+002	0.00000000e+000	2.6984e+014	1.0000e-010	0.0000e+000
4.970000e+003	2.33363217e-001	-3.16663678e+000	1.45579699e+002	0.00000000e+000	2.6969e+014	1.0000e-010	0.0000e+000
4.980000e+003	2.33377775e-001	-3.16662222e+000	1.40445712e+002	0.00000000e+000	2.6954e+014	1.0000e-010	0.0000e+000
4.990000e+003	2.33391820e-001	-3.16660818e+000	1.35314514e+002	0.00000000e+000	2.6939e+014	1.0000e-010	0.0000e+000
5.000000e+003	2.33405351e-001	-3.16659465e+000	1.30186000e+002	0.00000000e+000	2.6925e+014	1.0000e-010	0.0000e+000
5.010000e+003	2.33418370e-001	-3.16658163e+000	1.25060069e+002	0.00000000e+000	2.6911e+014	1.0000e-010	0.0000e+000
5.020000e+003	2.33430876e-001	-3.16656912e+000	1.19936617e+002	0.00000000e+000	2.6898e+014	1.0000e-010	0.0000e+000
5.030000e+003	2.33442870e-001	-3.16655713e+000	1.14815541e+002	0.00000000e+000	2.6886e+014	1.0000e-010	0.0000e+000
5.040000e+003	2.33454351e-001	-3.16654565e+000	1.09696739e+002	0.00000000e+000	2.6874e+014	1.0000e-010	0.0000e+000
5.050000e+003	2.33465321e-001	-3.16653468e+000	1.04580109e+002	0.00000000e+000	2.6862e+014	1.0000e-010	0.0000e+000
5.060000e+003	2.33475779e-001	-3.16652422e+000	9.94655483e+001	0.00000000e+000	2.6852e+014	1.0000e-010	0.0000e+000
5.070000e+003	2.33485725e-001	-3.16651427e+000	9.43529549e+001	0.00000000e+000	2.6841e+014	1.0000e-010	0.0000e+000
5.080000e+003	2.33495161e-001	-3.16650484e+000	8.92422271e+001	0.00000000e+000	2.6831e+014	1.0000e-010	0.0000e+000
5.090000e+003	2.33504085e-001	-3.16649591e+000	8.41332633e+001	0.00000000e+000	2.6822e+014	1.0000e-010	0.0000e+000
5.100000e+003	2.33512498e-001	-3.16648750e+000	7.90259618e+001	0.00000000e+000	2.6813e+014	1.0000e-010	0.0000e+000
5.110000e+003	2.33520401e-001	-3.16647960e+000	7.39202214e+001	0.00000000e+000	2.6805e+014	1.0000e-010	0.0000e+000
5.120000e+003	2.33527793e-001	-3.16647221e+000	6.88159407e+001	0.00000000e+000	2.6798e+014	1.0000e-010	0.0000e+000
5.130000e+003	2.33534675e-001	-3.16646533e+000	6.37130185e+001	0.00000000e+000	2.6790e+014	1.0000e-010	0.0000e+000
5.140000e+003	2.33541046e-001	-3.16645895e+000	5.86113537e+001	0.00000000e+000	2.6784e+014	1.0000e-010	0.0000e+000
5.150000e+003	2.33546907e-001	-3.16645309e+000	5.35108455e+001	0.00000000e+000	2.6778e+014	1.0000e-010	0.0000e+000
5.160000e+003	2.33552258e-001	-3.16644774e+000	4.84113930e+001	0.00000000e+000	2.6772e+014	1.0000e-010	0.0000e+000
5.170000e+003	2.33557099e-001	-3.16644290e+000	4.33128953e+001	0.00000000e+000	2.6767e+014	1.0000e-010	0.0000e+000
5.180000e+003	2.33561431e-001	-3.16643857e+000	3.82152517e+001	0.00000000e+000	2.6763e+014	1.0000e-010	0.0000e+000
5.190000e+003	2.33565252e-001	-3.16643475e+000	3.31183616e+001	0.00000000e+000	2.6759e+014	1.0000e-010	0.0000e+000
5.200000e+003	2.33568564e-001	-3.16643144e+000	2.80221244e+001	0.00000000e+000	2.6755e+014	1.0000e-010	0.0000e+000
5.210000e+003	2.33571366e-001	-3.16642863e+000	2.29264396e+001	0.00000000e+000	2.6752e+014	1.0000e-010	0.0000e+000
5.220000e+003	2.33573659e-001	-3.16642634e+000	1.78312067e+001	0.00000000e+000	2.6750e+014	1.0000e-010	0.0000e+000
5.230000e+003	2.33575442e-001	-3.16642456e+000	1.27363252e+001	0.00000000e+000	2.6748e+014	1.0000e-010	0.0000e+000
5.240000e+003	2.33576715e-001	-3.16642328e+000	7.64169474e+000	0.00000000e+000	2.6747e+014	1.0000e-010	0.0000e+000
5.250000e+003	2.33577480e-001	-3.16642252e+000	2.54721485e+000	0.00000000e+000	2.6746e+014	1.0000e-010	0.0000e+000
5.260000e+003	2.33577734e-001	-3.16642227e+000	2.54721485e+000	0.00000000e+000	2.6746e+014	1.0000e-010	0.0000e+000
