Y (ang)	Ec (eV)	Ev (eV)	E (V/cm)	Ef (eV)	n (cm-3)	p (cm-3)	Nd - Na (cm-3)	el eval 1 (eV)	el eval 2 (eV)	el eval 3 (eV)	el eval 4 (eV)	el eval 5 (eV)	el eval 6 (eV)	el eval 7 (eV)	el eval 8 (eV)	el eval 9 (eV)	el eval 10 (eV)	el eval 11 (eV)	el eval 12 (eV)
0.000000e+000	6.00000000e-001	-2.80000000e+000	2.20874637e+006	-0.00000000e+000	1.8691e+008	1.0000e-010	0.0000e+000
1.000000e+001	1.38087464e+000	-2.71912536e+000	-4.40615710e+005	0.00000000e+000	1.3995e-005	1.0000e-010	-1.3848e+020
2.000000e+001	1.33681307e+000	-2.76318693e+000	-4.40615710e+005	0.00000000e+000	7.8291e-005	1.0000e-010	0.0000e+000	-1.1732e-001	7.4500e-003	5.3270e-002	7.8707e-002	9.6062e-002	1.0917e-001	1.1968e-001	1.2844e-001	1.3594e-001	1.4249e-001	1.4835e-001	1.5396e-001
3.000000e+001	1.29275149e+000	-2.80724851e+000	-4.40615710e+005	0.00000000e+000	4.3044e-004	1.0000e-010	0.0000e+000
4.000000e+001	1.24868992e+000	-2.85131008e+000	-4.40615710e+005	0.00000000e+000	2.3666e-003	1.0000e-010	0.0000e+000
5.000000e+001	1.20462835e+000	-2.89537165e+000	-4.40615710e+005	0.00000000e+000	1.3011e-002	1.0000e-010	0.0000e+000
6.000000e+001	1.16056678e+000	-2.93943322e+000	-4.40615710e+005	0.00000000e+000	7.1535e-002	1.0000e-010	0.0000e+000
7.000000e+001	1.11650521e+000	-2.98349479e+000	-4.40615710e+005	0.00000000e+000	3.9330e-001	1.0000e-010	0.0000e+000
8.000000e+001	1.07244364e+000	-3.02755636e+000	-4.40615710e+005	0.00000000e+000	2.1623e+000	1.0000e-010	0.0000e+000
9.000000e+001	1.02838207e+000	-3.07161793e+000	-4.40615710e+005	0.00000000e+000	1.1888e+001	1.0000e-010	0.0000e+000
1.000000e+002	9.84320498e-001	-3.11567950e+000	-4.40615710e+005	0.00000000e+000	6.5363e+001	1.0000e-010	0.0000e+000
1.100000e+002	9.40258927e-001	-3.15974107e+000	-4.40615710e+005	0.00000000e+000	3.5937e+002	1.0000e-010	0.0000e+000
1.200000e+002	8.96197356e-001	-3.20380264e+000	-4.40615710e+005	0.00000000e+000	1.9760e+003	1.0000e-010	0.0000e+000
1.300000e+002	8.52135785e-001	-3.24786421e+000	-4.40615710e+005	0.00000000e+000	1.0872e+004	1.0000e-010	0.0000e+000
1.400000e+002	8.08074214e-001	-3.29192579e+000	-4.40615710e+005	0.00000000e+000	6.0095e+004	1.0000e-010	0.0000e+000
1.500000e+002	7.64012643e-001	-3.33598736e+000	-4.40615710e+005	0.00000000e+000	3.4281e+005	1.0000e-010	0.0000e+000
1.600000e+002	7.19951072e-001	-3.38004893e+000	-4.40615710e+005	0.00000000e+000	2.3354e+006	1.0000e-010	0.0000e+000
1.700000e+002	6.75889501e-001	-3.42411050e+000	-4.40615710e+005	0.00000000e+000	2.8264e+007	1.0000e-010	0.0000e+000
1.800000e+002	6.31827930e-001	-3.46817207e+000	-4.40615710e+005	0.00000000e+000	6.5143e+008	1.0000e-010	0.0000e+000
1.900000e+002	5.87766359e-001	-3.51223364e+000	-4.40615710e+005	0.00000000e+000	1.8507e+010	1.0000e-010	0.0000e+000
2.000000e+002	5.43704788e-001	-3.55629521e+000	-4.40615720e+005	0.00000000e+000	5.1983e+011	1.0000e-010	0.0000e+000
2.100000e+002	4.99643216e-001	-3.60035678e+000	-4.40615988e+005	0.00000000e+000	1.3694e+013	1.0000e-010	0.0000e+000
2.200000e+002	4.55581617e-001	-3.64441838e+000	-4.40622511e+005	0.00000000e+000	3.3342e+014	1.0000e-010	0.0000e+000
2.300000e+002	4.11519366e-001	-3.68848063e+000	-4.40768090e+005	0.00000000e+000	7.4418e+015	1.0000e-010	0.0000e+000
2.400000e+002	3.67442557e-001	-3.73255744e+000	-4.43724623e+005	0.00000000e+000	1.5113e+017	1.0000e-010	0.0000e+000
2.500000e+002	3.23070095e-001	-3.77692990e+000	-4.97935229e+005	0.00000000e+000	2.7712e+018	1.0000e-010	0.0000e+000
2.600000e+002	-2.86723428e-001	-3.68672343e+000	1.28654163e+006	0.00000000e+000	4.5486e+019	1.0000e-010	1.3848e+020
2.700000e+002	-1.58069265e-001	-3.55806927e+000	6.56338547e+005	0.00000000e+000	3.3086e+019	1.0000e-010	0.0000e+000
2.800000e+002	-9.24354107e-002	-3.49243541e+000	3.86125264e+005	0.00000000e+000	1.4186e+019	1.0000e-010	0.0000e+000
2.900000e+002	-5.38228843e-002	-3.45382288e+000	2.63229870e+005	0.00000000e+000	6.4521e+018	1.0000e-010	0.0000e+000
3.000000e+002	-2.74998973e-002	-3.42749990e+000	1.91852940e+005	0.00000000e+000	3.7474e+018	1.0000e-010	0.0000e+000
3.100000e+002	-8.31460330e-003	-3.40831460e+000	1.45922514e+005	0.00000000e+000	2.4115e+018	1.0000e-010	0.0000e+000
3.200000e+002	6.27764808e-003	-3.39372235e+000	1.15699419e+005	0.00000000e+000	1.5868e+018	1.0000e-010	0.0000e+000
3.300000e+002	1.78475899e-002	-3.38215241e+000	9.52102771e+004	0.00000000e+000	1.0758e+018	1.0000e-010	0.0000e+000
3.400000e+002	2.73686176e-002	-3.37263138e+000	8.06985420e+004	0.00000000e+000	7.6196e+017	1.0000e-010	0.0000e+000
3.500000e+002	3.54384718e-002	-3.36456153e+000	6.99390552e+004	0.00000000e+000	5.6495e+017	1.0000e-010	0.0000e+000
3.600000e+002	4.24323774e-002	-3.35756762e+000	6.16547850e+004	0.00000000e+000	4.3499e+017	1.0000e-010	0.0000e+000
3.700000e+002	4.85978559e-002	-3.35140214e+000	5.51020243e+004	0.00000000e+000	3.4408e+017	1.0000e-010	0.0000e+000
3.800000e+002	5.41080583e-002	-3.34589194e+000	4.98034207e+004	0.00000000e+000	2.7823e+017	1.0000e-010	0.0000e+000
3.900000e+002	5.90884004e-002	-3.34091160e+000	4.54272400e+004	0.00000000e+000	2.2980e+017	1.0000e-010	0.0000e+000
4.000000e+002	6.36311244e-002	-3.33636888e+000	4.17486344e+004	0.00000000e+000	1.9317e+017	1.0000e-010	0.0000e+000
4.100000e+002	6.78059878e-002	-3.33219401e+000	3.86183410e+004	0.00000000e+000	1.6438e+017	1.0000e-010	0.0000e+000
4.200000e+002	7.16678219e-002	-3.32833218e+000	3.59271449e+004	0.00000000e+000	1.4133e+017	1.0000e-010	0.0000e+000
4.300000e+002	7.52605364e-002	-3.32473946e+000	3.35868647e+004	0.00000000e+000	1.2290e+017	1.0000e-010	0.0000e+000
4.400000e+002	7.86192229e-002	-3.32138078e+000	3.15292431e+004	0.00000000e+000	1.0806e+017	1.0000e-010	0.0000e+000
4.500000e+002	8.17721472e-002	-3.31822785e+000	2.97061256e+004	0.00000000e+000	9.5744e+016	1.0000e-010	0.0000e+000
4.600000e+002	8.47427597e-002	-3.31525724e+000	2.80825997e+004	0.00000000e+000	8.5263e+016	1.0000e-010	0.0000e+000
4.700000e+002	8.75510197e-002	-3.31244898e+000	2.66289716e+004	0.00000000e+000	7.6341e+016	1.0000e-010	0.0000e+000
4.800000e+002	9.02139168e-002	-3.30978608e+000	2.53183601e+004	0.00000000e+000	6.8831e+016	1.0000e-010	0.0000e+000
4.900000e+002	9.27457529e-002	-3.30725425e+000	2.41286987e+004	0.00000000e+000	6.2480e+016	1.0000e-010	0.0000e+000
5.000000e+002	9.51586227e-002	-3.30484138e+000	2.30439573e+004	0.00000000e+000	5.6970e+016	1.0000e-010	0.0000e+000
5.100000e+002	9.74630185e-002	-3.30253698e+000	2.20523280e+004	0.00000000e+000	5.2081e+016	1.0000e-010	0.0000e+000
5.200000e+002	9.96682513e-002	-3.30033175e+000	2.11433772e+004	0.00000000e+000	4.7739e+016	1.0000e-010	0.0000e+000
5.300000e+002	1.01782589e-001	-3.29821741e+000	2.03068047e+004	0.00000000e+000	4.3938e+016	1.0000e-010	0.0000e+000
5.400000e+002	1.03813269e-001	-3.29618673e+000	1.95331589e+004	0.00000000e+000	4.0634e+016	1.0000e-010	0.0000e+000
5.500000e+002	1.05766585e-001	-3.29423341e+000	1.88149465e+004	0.00000000e+000	3.7723e+016	1.0000e-010	0.0000e+000
5.600000e+002	1.07648080e-001	-3.29235192e+000	1.81467464e+004	0.00000000e+000	3.5096e+016	1.0000e-010	0.0000e+000
5.700000e+002	1.09462755e-001	-3.29053725e+000	1.75243089e+004	0.00000000e+000	3.2693e+016	1.0000e-010	0.0000e+000
5.800000e+002	1.11215186e-001	-3.28878481e+000	1.69435577e+004	0.00000000e+000	3.0504e+016	1.0000e-010	0.0000e+000
5.900000e+002	1.12909541e-001	-3.28709046e+000	1.64002511e+004	0.00000000e+000	2.8537e+016	1.0000e-010	0.0000e+000
6.000000e+002	1.14549566e-001	-3.28545043e+000	1.58903139e+004	0.00000000e+000	2.6785e+016	1.0000e-010	0.0000e+000
6.100000e+002	1.16138598e-001	-3.28386140e+000	1.54103300e+004	0.00000000e+000	2.5212e+016	1.0000e-010	0.0000e+000
6.200000e+002	1.17679631e-001	-3.28232037e+000	1.49577249e+004	0.00000000e+000	2.3774e+016	1.0000e-010	0.0000e+000
6.300000e+002	1.19175403e-001	-3.28082460e+000	1.45305447e+004	0.00000000e+000	2.2438e+016	1.0000e-010	0.0000e+000
6.400000e+002	1.20628458e-001	-3.27937154e+000	1.41270635e+004	0.00000000e+000	2.1194e+016	1.0000e-010	0.0000e+000
6.500000e+002	1.22041164e-001	-3.27795884e+000	1.37455068e+004	0.00000000e+000	2.0042e+016	1.0000e-010	0.0000e+000
6.600000e+002	1.23415715e-001	-3.27658429e+000	1.33840172e+004	0.00000000e+000	1.8989e+016	1.0000e-010	0.0000e+000
6.700000e+002	1.24754117e-001	-3.27524588e+000	1.30407976e+004	0.00000000e+000	1.8029e+016	1.0000e-010	0.0000e+000
6.800000e+002	1.26058196e-001	-3.27394180e+000	1.27142798e+004	0.00000000e+000	1.7152e+016	1.0000e-010	0.0000e+000
6.900000e+002	1.27329624e-001	-3.27267038e+000	1.24032000e+004	0.00000000e+000	1.6341e+016	1.0000e-010	0.0000e+000
7.000000e+002	1.28569944e-001	-3.27143006e+000	1.21065570e+004	0.00000000e+000	1.5583e+016	1.0000e-010	0.0000e+000
7.100000e+002	1.29780600e-001	-3.27021940e+000	1.18235052e+004	0.00000000e+000	1.4869e+016	1.0000e-010	0.0000e+000
7.200000e+002	1.30962950e-001	-3.26903705e+000	1.15532512e+004	0.00000000e+000	1.4197e+016	1.0000e-010	0.0000e+000
7.300000e+002	1.32118276e-001	-3.26788172e+000	1.12950014e+004	0.00000000e+000	1.3566e+016	1.0000e-010	0.0000e+000
7.400000e+002	1.33247776e-001	-3.26675222e+000	1.10479607e+004	0.00000000e+000	1.2978e+016	1.0000e-010	0.0000e+000
7.500000e+002	1.34352572e-001	-3.26564743e+000	1.08113608e+004	0.00000000e+000	1.2429e+016	1.0000e-010	0.0000e+000
7.600000e+002	1.35433708e-001	-3.26456629e+000	1.05844883e+004	0.00000000e+000	1.1918e+016	1.0000e-010	0.0000e+000
7.700000e+002	1.36492157e-001	-3.26350784e+000	1.03666994e+004	0.00000000e+000	1.1441e+016	1.0000e-010	0.0000e+000
7.800000e+002	1.37528827e-001	-3.26247117e+000	1.01574142e+004	0.00000000e+000	1.0994e+016	1.0000e-010	0.0000e+000
7.900000e+002	1.38544568e-001	-3.26145543e+000	9.95610670e+003	0.00000000e+000	1.0575e+016	1.0000e-010	0.0000e+000
8.000000e+002	1.39540179e-001	-3.26045982e+000	9.76229707e+003	0.00000000e+000	1.0181e+016	1.0000e-010	0.0000e+000
8.100000e+002	1.40516408e-001	-3.25948359e+000	9.57555198e+003	0.00000000e+000	9.8103e+015	1.0000e-010	0.0000e+000
8.200000e+002	1.41473964e-001	-3.25852604e+000	9.39549074e+003	0.00000000e+000	9.4593e+015	1.0000e-010	0.0000e+000
8.300000e+002	1.42413513e-001	-3.25758649e+000	9.22179124e+003	0.00000000e+000	9.1251e+015	1.0000e-010	0.0000e+000
8.400000e+002	1.43335692e-001	-3.25666431e+000	9.05418979e+003	0.00000000e+000	8.8048e+015	1.0000e-010	0.0000e+000
8.500000e+002	1.44241111e-001	-3.25575889e+000	8.89247151e+003	0.00000000e+000	8.4959e+015	1.0000e-010	0.0000e+000
8.600000e+002	1.45130358e-001	-3.25486964e+000	8.73645241e+003	0.00000000e+000	8.1965e+015	1.0000e-010	0.0000e+000
8.700000e+002	1.46004003e-001	-3.25399600e+000	8.58595703e+003	0.00000000e+000	7.9064e+015	1.0000e-010	0.0000e+000
8.800000e+002	1.46862599e-001	-3.25313740e+000	8.44079718e+003	0.00000000e+000	7.6261e+015	1.0000e-010	0.0000e+000
8.900000e+002	1.47706679e-001	-3.25229332e+000	8.30075637e+003	0.00000000e+000	7.3571e+015	1.0000e-010	0.0000e+000
9.000000e+002	1.48536754e-001	-3.25146325e+000	8.16558277e+003	0.00000000e+000	7.1014e+015	1.0000e-010	0.0000e+000
9.100000e+002	1.49353313e-001	-3.25064669e+000	8.03499103e+003	0.00000000e+000	6.8606e+015	1.0000e-010	0.0000e+000
9.200000e+002	1.50156812e-001	-3.24984319e+000	7.90867159e+003	0.00000000e+000	6.6360e+015	1.0000e-010	0.0000e+000
9.300000e+002	1.50947679e-001	-3.24905232e+000	7.78630461e+003	0.00000000e+000	6.4283e+015	1.0000e-010	0.0000e+000
9.400000e+002	1.51726309e-001	-3.24827369e+000	7.66757363e+003	0.00000000e+000	6.2372e+015	1.0000e-010	0.0000e+000
9.500000e+002	1.52493067e-001	-3.24750693e+000	7.55218544e+003	0.00000000e+000	6.0615e+015	1.0000e-010	0.0000e+000
9.600000e+002	1.53248285e-001	-3.24675171e+000	7.43987788e+003	0.00000000e+000	5.8996e+015	1.0000e-010	0.0000e+000
9.700000e+002	1.53992273e-001	-3.24600773e+000	7.33043047e+003	0.00000000e+000	5.7493e+015	1.0000e-010	0.0000e+000
9.800000e+002	1.54725316e-001	-3.24527468e+000	7.22367221e+003	0.00000000e+000	5.6080e+015	1.0000e-010	0.0000e+000
9.900000e+002	1.55447683e-001	-3.24455232e+000	7.11948828e+003	0.00000000e+000	5.4728e+015	1.0000e-010	0.0000e+000
1.000000e+003	1.56159632e-001	-3.24384037e+000	7.01788818e+003	0.00000000e+000	5.3372e+015	1.0000e-010	0.0000e+000	-1.1732e-001	7.4500e-003	5.3270e-002	7.8707e-002	9.6062e-002	1.0917e-001	1.1968e-001	1.2844e-001	1.3594e-001	1.4249e-001	1.4835e-001	1.5396e-001
1.010000e+003	1.56861421e-001	-3.24313858e+000	6.91883387e+003	0.00000000e+000	5.2013e+015	1.0000e-010	0.0000e+000
1.020000e+003	1.57553304e-001	-3.24244670e+000	6.82239541e+003	0.00000000e+000	5.0640e+015	1.0000e-010	0.0000e+000
1.030000e+003	1.58235544e-001	-3.24176446e+000	6.72846869e+003	0.00000000e+000	4.9321e+015	1.0000e-010	0.0000e+000
1.040000e+003	1.58908391e-001	-3.24109161e+000	6.63695506e+003	0.00000000e+000	4.8054e+015	1.0000e-010	0.0000e+000
1.050000e+003	1.59572086e-001	-3.24042791e+000	6.54776094e+003	0.00000000e+000	4.6835e+015	1.0000e-010	0.0000e+000
1.060000e+003	1.60226862e-001	-3.23977314e+000	6.46079755e+003	0.00000000e+000	4.5664e+015	1.0000e-010	0.0000e+000
1.070000e+003	1.60872942e-001	-3.23912706e+000	6.37598058e+003	0.00000000e+000	4.4537e+015	1.0000e-010	0.0000e+000
1.080000e+003	1.61510540e-001	-3.23848946e+000	6.29322989e+003	0.00000000e+000	4.3452e+015	1.0000e-010	0.0000e+000
1.090000e+003	1.62139863e-001	-3.23786014e+000	6.21246931e+003	0.00000000e+000	4.2407e+015	1.0000e-010	0.0000e+000
1.100000e+003	1.62761110e-001	-3.23723889e+000	6.13362635e+003	0.00000000e+000	4.1400e+015	1.0000e-010	0.0000e+000
1.110000e+003	1.63374473e-001	-3.23662553e+000	6.05663199e+003	0.00000000e+000	4.0429e+015	1.0000e-010	0.0000e+000
1.120000e+003	1.63980136e-001	-3.23601986e+000	5.98142050e+003	0.00000000e+000	3.9493e+015	1.0000e-010	0.0000e+000
1.130000e+003	1.64578278e-001	-3.23542172e+000	5.90792921e+003	0.00000000e+000	3.8589e+015	1.0000e-010	0.0000e+000
1.140000e+003	1.65169071e-001	-3.23483093e+000	5.83609836e+003	0.00000000e+000	3.7717e+015	1.0000e-010	0.0000e+000
1.150000e+003	1.65752681e-001	-3.23424732e+000	5.76587094e+003	0.00000000e+000	3.6875e+015	1.0000e-010	0.0000e+000
1.160000e+003	1.66329268e-001	-3.23367073e+000	5.69719248e+003	0.00000000e+000	3.6062e+015	1.0000e-010	0.0000e+000
1.170000e+003	1.66898987e-001	-3.23310101e+000	5.63001099e+003	0.00000000e+000	3.5276e+015	1.0000e-010	0.0000e+000
1.180000e+003	1.67461988e-001	-3.23253801e+000	5.56427675e+003	0.00000000e+000	3.4516e+015	1.0000e-010	0.0000e+000
1.190000e+003	1.68018416e-001	-3.23198158e+000	5.49994223e+003	0.00000000e+000	3.3781e+015	1.0000e-010	0.0000e+000
1.200000e+003	1.68568410e-001	-3.23143159e+000	5.43696195e+003	0.00000000e+000	3.3070e+015	1.0000e-010	0.0000e+000
1.210000e+003	1.69112106e-001	-3.23088789e+000	5.37529239e+003	0.00000000e+000	3.2381e+015	1.0000e-010	0.0000e+000
1.220000e+003	1.69649635e-001	-3.23035036e+000	5.31489186e+003	0.00000000e+000	3.1715e+015	1.0000e-010	0.0000e+000
1.230000e+003	1.70181125e-001	-3.22981888e+000	5.25572042e+003	0.00000000e+000	3.1070e+015	1.0000e-010	0.0000e+000
1.240000e+003	1.70706697e-001	-3.22929330e+000	5.19773979e+003	0.00000000e+000	3.0444e+015	1.0000e-010	0.0000e+000
1.250000e+003	1.71226471e-001	-3.22877353e+000	5.14091327e+003	0.00000000e+000	2.9838e+015	1.0000e-010	0.0000e+000
1.260000e+003	1.71740562e-001	-3.22825944e+000	5.08520563e+003	0.00000000e+000	2.9251e+015	1.0000e-010	0.0000e+000
1.270000e+003	1.72249083e-001	-3.22775092e+000	5.03058308e+003	0.00000000e+000	2.8681e+015	1.0000e-010	0.0000e+000
1.280000e+003	1.72752141e-001	-3.22724786e+000	4.97701316e+003	0.00000000e+000	2.8128e+015	1.0000e-010	0.0000e+000
1.290000e+003	1.73249842e-001	-3.22675016e+000	4.92446471e+003	0.00000000e+000	2.7592e+015	1.0000e-010	0.0000e+000
1.300000e+003	1.73742289e-001	-3.22625771e+000	4.87290776e+003	0.00000000e+000	2.7071e+015	1.0000e-010	0.0000e+000
1.310000e+003	1.74229579e-001	-3.22577042e+000	4.82231352e+003	0.00000000e+000	2.6566e+015	1.0000e-010	0.0000e+000
1.320000e+003	1.74711811e-001	-3.22528819e+000	4.77265430e+003	0.00000000e+000	2.6075e+015	1.0000e-010	0.0000e+000
1.330000e+003	1.75189076e-001	-3.22481092e+000	4.72390345e+003	0.00000000e+000	2.5598e+015	1.0000e-010	0.0000e+000
1.340000e+003	1.75661467e-001	-3.22433853e+000	4.67603532e+003	0.00000000e+000	2.5134e+015	1.0000e-010	0.0000e+000
1.350000e+003	1.76129070e-001	-3.22387093e+000	4.62902524e+003	0.00000000e+000	2.4683e+015	1.0000e-010	0.0000e+000
1.360000e+003	1.76591973e-001	-3.22340803e+000	4.58284942e+003	0.00000000e+000	2.4245e+015	1.0000e-010	0.0000e+000
1.370000e+003	1.77050258e-001	-3.22294974e+000	4.53748496e+003	0.00000000e+000	2.3819e+015	1.0000e-010	0.0000e+000
1.380000e+003	1.77504006e-001	-3.22249599e+000	4.49290978e+003	0.00000000e+000	2.3405e+015	1.0000e-010	0.0000e+000
1.390000e+003	1.77953297e-001	-3.22204670e+000	4.44910260e+003	0.00000000e+000	2.3002e+015	1.0000e-010	0.0000e+000
1.400000e+003	1.78398207e-001	-3.22160179e+000	4.40604288e+003	0.00000000e+000	2.2609e+015	1.0000e-010	0.0000e+000
1.410000e+003	1.78838812e-001	-3.22116119e+000	4.36371082e+003	0.00000000e+000	2.2227e+015	1.0000e-010	0.0000e+000
1.420000e+003	1.79275183e-001	-3.22072482e+000	4.32208732e+003	0.00000000e+000	2.1855e+015	1.0000e-010	0.0000e+000
1.430000e+003	1.79707391e-001	-3.22029261e+000	4.28115392e+003	0.00000000e+000	2.1493e+015	1.0000e-010	0.0000e+000
1.440000e+003	1.80135507e-001	-3.21986449e+000	4.24089280e+003	0.00000000e+000	2.1140e+015	1.0000e-010	0.0000e+000
1.450000e+003	1.80559596e-001	-3.21944040e+000	4.20128676e+003	0.00000000e+000	2.0796e+015	1.0000e-010	0.0000e+000
1.460000e+003	1.80979725e-001	-3.21902028e+000	4.16231917e+003	0.00000000e+000	2.0460e+015	1.0000e-010	0.0000e+000
1.470000e+003	1.81395957e-001	-3.21860404e+000	4.12397395e+003	0.00000000e+000	2.0134e+015	1.0000e-010	0.0000e+000
1.480000e+003	1.81808354e-001	-3.21819165e+000	4.08623557e+003	0.00000000e+000	1.9815e+015	1.0000e-010	0.0000e+000
1.490000e+003	1.82216978e-001	-3.21778302e+000	4.04908901e+003	0.00000000e+000	1.9504e+015	1.0000e-010	0.0000e+000
1.500000e+003	1.82621886e-001	-3.21737811e+000	4.01251973e+003	0.00000000e+000	1.9201e+015	1.0000e-010	0.0000e+000
1.510000e+003	1.83023138e-001	-3.21697686e+000	3.97651366e+003	0.00000000e+000	1.8905e+015	1.0000e-010	0.0000e+000
1.520000e+003	1.83420790e-001	-3.21657921e+000	3.94105719e+003	0.00000000e+000	1.8617e+015	1.0000e-010	0.0000e+000
1.530000e+003	1.83814896e-001	-3.21618510e+000	3.90613714e+003	0.00000000e+000	1.8335e+015	1.0000e-010	0.0000e+000
1.540000e+003	1.84205509e-001	-3.21579449e+000	3.87174076e+003	0.00000000e+000	1.8060e+015	1.0000e-010	0.0000e+000
1.550000e+003	1.84592683e-001	-3.21540732e+000	3.83785568e+003	0.00000000e+000	1.7792e+015	1.0000e-010	0.0000e+000
1.560000e+003	1.84976469e-001	-3.21502353e+000	3.80446993e+003	0.00000000e+000	1.7529e+015	1.0000e-010	0.0000e+000
1.570000e+003	1.85356916e-001	-3.21464308e+000	3.77157189e+003	0.00000000e+000	1.7273e+015	1.0000e-010	0.0000e+000
1.580000e+003	1.85734073e-001	-3.21426593e+000	3.73915032e+003	0.00000000e+000	1.7023e+015	1.0000e-010	0.0000e+000
1.590000e+003	1.86107988e-001	-3.21389201e+000	3.70719431e+003	0.00000000e+000	1.6779e+015	1.0000e-010	0.0000e+000
1.600000e+003	1.86478708e-001	-3.21352129e+000	3.67569329e+003	0.00000000e+000	1.6540e+015	1.0000e-010	0.0000e+000
1.610000e+003	1.86846277e-001	-3.21315372e+000	3.64463698e+003	0.00000000e+000	1.6306e+015	1.0000e-010	0.0000e+000
1.620000e+003	1.87210741e-001	-3.21278926e+000	3.61401544e+003	0.00000000e+000	1.6078e+015	1.0000e-010	0.0000e+000
1.630000e+003	1.87572142e-001	-3.21242786e+000	3.58381900e+003	0.00000000e+000	1.5855e+015	1.0000e-010	0.0000e+000
1.640000e+003	1.87930524e-001	-3.21206948e+000	3.55403827e+003	0.00000000e+000	1.5636e+015	1.0000e-010	0.0000e+000
1.650000e+003	1.88285928e-001	-3.21171407e+000	3.52466416e+003	0.00000000e+000	1.5423e+015	1.0000e-010	0.0000e+000
1.660000e+003	1.88638394e-001	-3.21136161e+000	3.49568782e+003	0.00000000e+000	1.5214e+015	1.0000e-010	0.0000e+000
1.670000e+003	1.88987963e-001	-3.21101204e+000	3.46710066e+003	0.00000000e+000	1.5010e+015	1.0000e-010	0.0000e+000
1.680000e+003	1.89334673e-001	-3.21066533e+000	3.43889433e+003	0.00000000e+000	1.4810e+015	1.0000e-010	0.0000e+000
1.690000e+003	1.89678563e-001	-3.21032144e+000	3.41106072e+003	0.00000000e+000	1.4614e+015	1.0000e-010	0.0000e+000
1.700000e+003	1.90019669e-001	-3.20998033e+000	3.38359196e+003	0.00000000e+000	1.4422e+015	1.0000e-010	0.0000e+000
1.710000e+003	1.90358028e-001	-3.20964197e+000	3.35648037e+003	0.00000000e+000	1.4235e+015	1.0000e-010	0.0000e+000
1.720000e+003	1.90693676e-001	-3.20930632e+000	3.32971851e+003	0.00000000e+000	1.4051e+015	1.0000e-010	0.0000e+000
1.730000e+003	1.91026648e-001	-3.20897335e+000	3.30329913e+003	0.00000000e+000	1.3871e+015	1.0000e-010	0.0000e+000
1.740000e+003	1.91356978e-001	-3.20864302e+000	3.27721518e+003	0.00000000e+000	1.3695e+015	1.0000e-010	0.0000e+000
1.750000e+003	1.91684699e-001	-3.20831530e+000	3.25145980e+003	0.00000000e+000	1.3523e+015	1.0000e-010	0.0000e+000
1.760000e+003	1.92009845e-001	-3.20799015e+000	3.22602633e+003	0.00000000e+000	1.3354e+015	1.0000e-010	0.0000e+000
1.770000e+003	1.92332448e-001	-3.20766755e+000	3.20090827e+003	0.00000000e+000	1.3188e+015	1.0000e-010	0.0000e+000
1.780000e+003	1.92652539e-001	-3.20734746e+000	3.17609929e+003	0.00000000e+000	1.3026e+015	1.0000e-010	0.0000e+000
1.790000e+003	1.92970148e-001	-3.20702985e+000	3.15159325e+003	0.00000000e+000	1.2867e+015	1.0000e-010	0.0000e+000
1.800000e+003	1.93285308e-001	-3.20671469e+000	3.12738414e+003	0.00000000e+000	1.2711e+015	1.0000e-010	0.0000e+000
1.810000e+003	1.93598046e-001	-3.20640195e+000	3.10346613e+003	0.00000000e+000	1.2558e+015	1.0000e-010	0.0000e+000
1.820000e+003	1.93908393e-001	-3.20609161e+000	3.07983353e+003	0.00000000e+000	1.2408e+015	1.0000e-010	0.0000e+000
1.830000e+003	1.94216376e-001	-3.20578362e+000	3.05648081e+003	0.00000000e+000	1.2261e+015	1.0000e-010	0.0000e+000
1.840000e+003	1.94522024e-001	-3.20547798e+000	3.03340256e+003	0.00000000e+000	1.2117e+015	1.0000e-010	0.0000e+000
1.850000e+003	1.94825365e-001	-3.20517464e+000	3.01059352e+003	0.00000000e+000	1.1976e+015	1.0000e-010	0.0000e+000
1.860000e+003	1.95126424e-001	-3.20487358e+000	2.98804856e+003	0.00000000e+000	1.1837e+015	1.0000e-010	0.0000e+000
1.870000e+003	1.95425229e-001	-3.20457477e+000	2.96576269e+003	0.00000000e+000	1.1701e+015	1.0000e-010	0.0000e+000
1.880000e+003	1.95721805e-001	-3.20427819e+000	2.94373102e+003	0.00000000e+000	1.1568e+015	1.0000e-010	0.0000e+000
1.890000e+003	1.96016178e-001	-3.20398382e+000	2.92194879e+003	0.00000000e+000	1.1437e+015	1.0000e-010	0.0000e+000
1.900000e+003	1.96308373e-001	-3.20369163e+000	2.90041138e+003	0.00000000e+000	1.1308e+015	1.0000e-010	0.0000e+000
1.910000e+003	1.96598414e-001	-3.20340159e+000	2.87911425e+003	0.00000000e+000	1.1182e+015	1.0000e-010	0.0000e+000
1.920000e+003	1.96886326e-001	-3.20311367e+000	2.85805299e+003	0.00000000e+000	1.1058e+015	1.0000e-010	0.0000e+000
1.930000e+003	1.97172131e-001	-3.20282787e+000	2.83722329e+003	0.00000000e+000	1.0936e+015	1.0000e-010	0.0000e+000
1.940000e+003	1.97455853e-001	-3.20254415e+000	2.81662095e+003	0.00000000e+000	1.0817e+015	1.0000e-010	0.0000e+000
1.950000e+003	1.97737515e-001	-3.20226248e+000	2.79624185e+003	0.00000000e+000	1.0700e+015	1.0000e-010	0.0000e+000
1.960000e+003	1.98017139e-001	-3.20198286e+000	2.77608199e+003	0.00000000e+000	1.0585e+015	1.0000e-010	0.0000e+000
1.970000e+003	1.98294748e-001	-3.20170525e+000	2.75613745e+003	0.00000000e+000	1.0472e+015	1.0000e-010	0.0000e+000
1.980000e+003	1.98570361e-001	-3.20142964e+000	2.73640442e+003	0.00000000e+000	1.0361e+015	1.0000e-010	0.0000e+000
1.990000e+003	1.98844002e-001	-3.20115600e+000	2.71687916e+003	0.00000000e+000	1.0252e+015	1.0000e-010	0.0000e+000
2.000000e+003	1.99115690e-001	-3.20088431e+000	2.69755803e+003	0.00000000e+000	1.0144e+015	1.0000e-010	0.0000e+000
2.010000e+003	1.99385446e-001	-3.20061455e+000	2.67843745e+003	0.00000000e+000	1.0039e+015	1.0000e-010	0.0000e+000
2.020000e+003	1.99653289e-001	-3.20034671e+000	2.65951396e+003	0.00000000e+000	9.9356e+014	1.0000e-010	0.0000e+000
2.030000e+003	1.99919241e-001	-3.20008076e+000	2.64078414e+003	0.00000000e+000	9.8339e+014	1.0000e-010	0.0000e+000
2.040000e+003	2.00183319e-001	-3.19981668e+000	2.62224467e+003	0.00000000e+000	9.7340e+014	1.0000e-010	0.0000e+000
2.050000e+003	2.00445544e-001	-3.19955446e+000	2.60389230e+003	0.00000000e+000	9.6357e+014	1.0000e-010	0.0000e+000
2.060000e+003	2.00705933e-001	-3.19929407e+000	2.58572386e+003	0.00000000e+000	9.5392e+014	1.0000e-010	0.0000e+000
2.070000e+003	2.00964505e-001	-3.19903549e+000	2.56773623e+003	0.00000000e+000	9.4442e+014	1.0000e-010	0.0000e+000
2.080000e+003	2.01221279e-001	-3.19877872e+000	2.54992638e+003	0.00000000e+000	9.3509e+014	1.0000e-010	0.0000e+000
2.090000e+003	2.01476271e-001	-3.19852373e+000	2.53229133e+003	0.00000000e+000	9.2591e+014	1.0000e-010	0.0000e+000
2.100000e+003	2.01729501e-001	-3.19827050e+000	2.51482818e+003	0.00000000e+000	9.1688e+014	1.0000e-010	0.0000e+000
2.110000e+003	2.01980983e-001	-3.19801902e+000	2.49753409e+003	0.00000000e+000	9.0801e+014	1.0000e-010	0.0000e+000
2.120000e+003	2.02230737e-001	-3.19776926e+000	2.48040626e+003	0.00000000e+000	8.9928e+014	1.0000e-010	0.0000e+000
2.130000e+003	2.02478777e-001	-3.19752122e+000	2.46344199e+003	0.00000000e+000	8.9069e+014	1.0000e-010	0.0000e+000
2.140000e+003	2.02725122e-001	-3.19727488e+000	2.44663860e+003	0.00000000e+000	8.8224e+014	1.0000e-010	0.0000e+000
2.150000e+003	2.02969786e-001	-3.19703021e+000	2.42999349e+003	0.00000000e+000	8.7393e+014	1.0000e-010	0.0000e+000
2.160000e+003	2.03212785e-001	-3.19678722e+000	2.41350411e+003	0.00000000e+000	8.6575e+014	1.0000e-010	0.0000e+000
2.170000e+003	2.03454135e-001	-3.19654586e+000	2.39716795e+003	0.00000000e+000	8.5771e+014	1.0000e-010	0.0000e+000
2.180000e+003	2.03693852e-001	-3.19630615e+000	2.38098257e+003	0.00000000e+000	8.4979e+014	1.0000e-010	0.0000e+000
2.190000e+003	2.03931950e-001	-3.19606805e+000	2.36494557e+003	0.00000000e+000	8.4200e+014	1.0000e-010	0.0000e+000
2.200000e+003	2.04168445e-001	-3.19583156e+000	2.34905462e+003	0.00000000e+000	8.3433e+014	1.0000e-010	0.0000e+000
2.210000e+003	2.04403350e-001	-3.19559665e+000	2.33330740e+003	0.00000000e+000	8.2679e+014	1.0000e-010	0.0000e+000
2.220000e+003	2.04636681e-001	-3.19536332e+000	2.31770167e+003	0.00000000e+000	8.1936e+014	1.0000e-010	0.0000e+000
2.230000e+003	2.04868451e-001	-3.19513155e+000	2.30223522e+003	0.00000000e+000	8.1204e+014	1.0000e-010	0.0000e+000
2.240000e+003	2.05098675e-001	-3.19490133e+000	2.28690590e+003	0.00000000e+000	8.0484e+014	1.0000e-010	0.0000e+000
2.250000e+003	2.05327365e-001	-3.19467263e+000	2.27171159e+003	0.00000000e+000	7.9776e+014	1.0000e-010	0.0000e+000
2.260000e+003	2.05554537e-001	-3.19444546e+000	2.25665021e+003	0.00000000e+000	7.9078e+014	1.0000e-010	0.0000e+000
2.270000e+003	2.05780202e-001	-3.19421980e+000	2.24171973e+003	0.00000000e+000	7.8390e+014	1.0000e-010	0.0000e+000
2.280000e+003	2.06004374e-001	-3.19399563e+000	2.22691816e+003	0.00000000e+000	7.7713e+014	1.0000e-010	0.0000e+000
2.290000e+003	2.06227065e-001	-3.19377293e+000	2.21224354e+003	0.00000000e+000	7.7047e+014	1.0000e-010	0.0000e+000
2.300000e+003	2.06448290e-001	-3.19355171e+000	2.19769397e+003	0.00000000e+000	7.6390e+014	1.0000e-010	0.0000e+000
2.310000e+003	2.06668059e-001	-3.19333194e+000	2.18326755e+003	0.00000000e+000	7.5744e+014	1.0000e-010	0.0000e+000
2.320000e+003	2.06886386e-001	-3.19311361e+000	2.16896246e+003	0.00000000e+000	7.5107e+014	1.0000e-010	0.0000e+000
2.330000e+003	2.07103282e-001	-3.19289672e+000	2.15477689e+003	0.00000000e+000	7.4479e+014	1.0000e-010	0.0000e+000
2.340000e+003	2.07318760e-001	-3.19268124e+000	2.14070906e+003	0.00000000e+000	7.3861e+014	1.0000e-010	0.0000e+000
2.350000e+003	2.07532831e-001	-3.19246717e+000	2.12675724e+003	0.00000000e+000	7.3252e+014	1.0000e-010	0.0000e+000
2.360000e+003	2.07745506e-001	-3.19225449e+000	2.11291972e+003	0.00000000e+000	7.2652e+014	1.0000e-010	0.0000e+000
2.370000e+003	2.07956798e-001	-3.19204320e+000	2.09919484e+003	0.00000000e+000	7.2060e+014	1.0000e-010	0.0000e+000
2.380000e+003	2.08166718e-001	-3.19183328e+000	2.08558096e+003	0.00000000e+000	7.1477e+014	1.0000e-010	0.0000e+000
2.390000e+003	2.08375276e-001	-3.19162472e+000	2.07207646e+003	0.00000000e+000	7.0903e+014	1.0000e-010	0.0000e+000
2.400000e+003	2.08582484e-001	-3.19141752e+000	2.05867978e+003	0.00000000e+000	7.0337e+014	1.0000e-010	0.0000e+000
2.410000e+003	2.08788352e-001	-3.19121165e+000	2.04538935e+003	0.00000000e+000	6.9779e+014	1.0000e-010	0.0000e+000
2.420000e+003	2.08992891e-001	-3.19100711e+000	2.03220365e+003	0.00000000e+000	6.9229e+014	1.0000e-010	0.0000e+000
2.430000e+003	2.09196111e-001	-3.19080389e+000	2.01912121e+003	0.00000000e+000	6.8687e+014	1.0000e-010	0.0000e+000
2.440000e+003	2.09398023e-001	-3.19060198e+000	2.00614054e+003	0.00000000e+000	6.8153e+014	1.0000e-010	0.0000e+000
2.450000e+003	2.09598637e-001	-3.19040136e+000	1.99326021e+003	0.00000000e+000	6.7626e+014	1.0000e-010	0.0000e+000
2.460000e+003	2.09797963e-001	-3.19020204e+000	1.98047882e+003	0.00000000e+000	6.7106e+014	1.0000e-010	0.0000e+000
2.470000e+003	2.09996011e-001	-3.19000399e+000	1.96779496e+003	0.00000000e+000	6.6594e+014	1.0000e-010	0.0000e+000
2.480000e+003	2.10192790e-001	-3.18980721e+000	1.95520729e+003	0.00000000e+000	6.6089e+014	1.0000e-010	0.0000e+000
2.490000e+003	2.10388311e-001	-3.18961169e+000	1.94271446e+003	0.00000000e+000	6.5591e+014	1.0000e-010	0.0000e+000
2.500000e+003	2.10582583e-001	-3.18941742e+000	1.93031516e+003	0.00000000e+000	6.5100e+014	1.0000e-010	0.0000e+000
2.510000e+003	2.10775614e-001	-3.18922439e+000	1.91800809e+003	0.00000000e+000	6.4616e+014	1.0000e-010	0.0000e+000
2.520000e+003	2.10967415e-001	-3.18903259e+000	1.90579200e+003	0.00000000e+000	6.4138e+014	1.0000e-010	0.0000e+000
2.530000e+003	2.11157994e-001	-3.18884201e+000	1.89366563e+003	0.00000000e+000	6.3667e+014	1.0000e-010	0.0000e+000
2.540000e+003	2.11347361e-001	-3.18865264e+000	1.88162776e+003	0.00000000e+000	6.3203e+014	1.0000e-010	0.0000e+000
2.550000e+003	2.11535523e-001	-3.18846448e+000	1.86967719e+003	0.00000000e+000	6.2744e+014	1.0000e-010	0.0000e+000
2.560000e+003	2.11722491e-001	-3.18827751e+000	1.85781274e+003	0.00000000e+000	6.2292e+014	1.0000e-010	0.0000e+000
2.570000e+003	2.11908272e-001	-3.18809173e+000	1.84603325e+003	0.00000000e+000	6.1846e+014	1.0000e-010	0.0000e+000
2.580000e+003	2.12092876e-001	-3.18790712e+000	1.83433757e+003	0.00000000e+000	6.1406e+014	1.0000e-010	0.0000e+000
2.590000e+003	2.12276310e-001	-3.18772369e+000	1.82272458e+003	0.00000000e+000	6.0972e+014	1.0000e-010	0.0000e+000
2.600000e+003	2.12458582e-001	-3.18754142e+000	1.81119319e+003	0.00000000e+000	6.0543e+014	1.0000e-010	0.0000e+000
2.610000e+003	2.12639701e-001	-3.18736030e+000	1.79974230e+003	0.00000000e+000	6.0121e+014	1.0000e-010	0.0000e+000
2.620000e+003	2.12819676e-001	-3.18718032e+000	1.78837085e+003	0.00000000e+000	5.9703e+014	1.0000e-010	0.0000e+000
2.630000e+003	2.12998513e-001	-3.18700149e+000	1.77707780e+003	0.00000000e+000	5.9292e+014	1.0000e-010	0.0000e+000
2.640000e+003	2.13176220e-001	-3.18682378e+000	1.76586211e+003	0.00000000e+000	5.8886e+014	1.0000e-010	0.0000e+000
2.650000e+003	2.13352807e-001	-3.18664719e+000	1.75472276e+003	0.00000000e+000	5.8485e+014	1.0000e-010	0.0000e+000
2.660000e+003	2.13528279e-001	-3.18647172e+000	1.74365878e+003	0.00000000e+000	5.8089e+014	1.0000e-010	0.0000e+000
2.670000e+003	2.13702645e-001	-3.18629736e+000	1.73266916e+003	0.00000000e+000	5.7699e+014	1.0000e-010	0.0000e+000
2.680000e+003	2.13875912e-001	-3.18612409e+000	1.72175295e+003	0.00000000e+000	5.7313e+014	1.0000e-010	0.0000e+000
2.690000e+003	2.14048087e-001	-3.18595191e+000	1.71090921e+003	0.00000000e+000	5.6933e+014	1.0000e-010	0.0000e+000
2.700000e+003	2.14219178e-001	-3.18578082e+000	1.70013699e+003	0.00000000e+000	5.6557e+014	1.0000e-010	0.0000e+000
2.710000e+003	2.14389192e-001	-3.18561081e+000	1.68943538e+003	0.00000000e+000	5.6187e+014	1.0000e-010	0.0000e+000
2.720000e+003	2.14558135e-001	-3.18544186e+000	1.67880348e+003	0.00000000e+000	5.5821e+014	1.0000e-010	0.0000e+000
2.730000e+003	2.14726016e-001	-3.18527398e+000	1.66824040e+003	0.00000000e+000	5.5459e+014	1.0000e-010	0.0000e+000
2.740000e+003	2.14892840e-001	-3.18510716e+000	1.65774526e+003	0.00000000e+000	5.5102e+014	1.0000e-010	0.0000e+000
2.750000e+003	2.15058614e-001	-3.18494139e+000	1.64731721e+003	0.00000000e+000	5.4750e+014	1.0000e-010	0.0000e+000
2.760000e+003	2.15223346e-001	-3.18477665e+000	1.63695539e+003	0.00000000e+000	5.4402e+014	1.0000e-010	0.0000e+000
2.770000e+003	2.15387041e-001	-3.18461296e+000	1.62665898e+003	0.00000000e+000	5.4059e+014	1.0000e-010	0.0000e+000
2.780000e+003	2.15549707e-001	-3.18445029e+000	1.61642716e+003	0.00000000e+000	5.3720e+014	1.0000e-010	0.0000e+000
2.790000e+003	2.15711350e-001	-3.18428865e+000	1.60625910e+003	0.00000000e+000	5.3385e+014	1.0000e-010	0.0000e+000
2.800000e+003	2.15871976e-001	-3.18412802e+000	1.59615403e+003	0.00000000e+000	5.3054e+014	1.0000e-010	0.0000e+000
2.810000e+003	2.16031591e-001	-3.18396841e+000	1.58611116e+003	0.00000000e+000	5.2728e+014	1.0000e-010	0.0000e+000
2.820000e+003	2.16190202e-001	-3.18380980e+000	1.57612972e+003	0.00000000e+000	5.2405e+014	1.0000e-010	0.0000e+000
2.830000e+003	2.16347815e-001	-3.18365218e+000	1.56620894e+003	0.00000000e+000	5.2087e+014	1.0000e-010	0.0000e+000
2.840000e+003	2.16504436e-001	-3.18349556e+000	1.55634809e+003	0.00000000e+000	5.1772e+014	1.0000e-010	0.0000e+000
2.850000e+003	2.16660071e-001	-3.18333993e+000	1.54654643e+003	0.00000000e+000	5.1461e+014	1.0000e-010	0.0000e+000
2.860000e+003	2.16814726e-001	-3.18318527e+000	1.53680322e+003	0.00000000e+000	5.1154e+014	1.0000e-010	0.0000e+000
2.870000e+003	2.16968406e-001	-3.18303159e+000	1.52711776e+003	0.00000000e+000	5.0851e+014	1.0000e-010	0.0000e+000
2.880000e+003	2.17121118e-001	-3.18287888e+000	1.51748935e+003	0.00000000e+000	5.0552e+014	1.0000e-010	0.0000e+000
2.890000e+003	2.17272867e-001	-3.18272713e+000	1.50791729e+003	0.00000000e+000	5.0256e+014	1.0000e-010	0.0000e+000
2.900000e+003	2.17423658e-001	-3.18257634e+000	1.49840090e+003	0.00000000e+000	4.9964e+014	1.0000e-010	0.0000e+000
2.910000e+003	2.17573499e-001	-3.18242650e+000	1.48893951e+003	0.00000000e+000	4.9675e+014	1.0000e-010	0.0000e+000
2.920000e+003	2.17722393e-001	-3.18227761e+000	1.47953246e+003	0.00000000e+000	4.9390e+014	1.0000e-010	0.0000e+000
2.930000e+003	2.17870346e-001	-3.18212965e+000	1.47017908e+003	0.00000000e+000	4.9108e+014	1.0000e-010	0.0000e+000
2.940000e+003	2.18017364e-001	-3.18198264e+000	1.46087875e+003	0.00000000e+000	4.8829e+014	1.0000e-010	0.0000e+000
2.950000e+003	2.18163452e-001	-3.18183655e+000	1.45163083e+003	0.00000000e+000	4.8554e+014	1.0000e-010	0.0000e+000
2.960000e+003	2.18308615e-001	-3.18169139e+000	1.44243469e+003	0.00000000e+000	4.8282e+014	1.0000e-010	0.0000e+000
2.970000e+003	2.18452858e-001	-3.18154714e+000	1.43328972e+003	0.00000000e+000	4.8013e+014	1.0000e-010	0.0000e+000
2.980000e+003	2.18596187e-001	-3.18140381e+000	1.42419531e+003	0.00000000e+000	4.7748e+014	1.0000e-010	0.0000e+000
2.990000e+003	2.18738607e-001	-3.18126139e+000	1.41515086e+003	0.00000000e+000	4.7486e+014	1.0000e-010	0.0000e+000
3.000000e+003	2.18880122e-001	-3.18111988e+000	1.40615579e+003	0.00000000e+000	4.7226e+014	1.0000e-010	0.0000e+000
3.010000e+003	2.19020737e-001	-3.18097926e+000	1.39720951e+003	0.00000000e+000	4.6970e+014	1.0000e-010	0.0000e+000
3.020000e+003	2.19160458e-001	-3.18083954e+000	1.38831145e+003	0.00000000e+000	4.6717e+014	1.0000e-010	0.0000e+000
3.030000e+003	2.19299289e-001	-3.18070071e+000	1.37946105e+003	0.00000000e+000	4.6467e+014	1.0000e-010	0.0000e+000
3.040000e+003	2.19437235e-001	-3.18056276e+000	1.37065774e+003	0.00000000e+000	4.6220e+014	1.0000e-010	0.0000e+000
3.050000e+003	2.19574301e-001	-3.18042570e+000	1.36190099e+003	0.00000000e+000	4.5975e+014	1.0000e-010	0.0000e+000
3.060000e+003	2.19710491e-001	-3.18028951e+000	1.35319025e+003	0.00000000e+000	4.5734e+014	1.0000e-010	0.0000e+000
3.070000e+003	2.19845810e-001	-3.18015419e+000	1.34452499e+003	0.00000000e+000	4.5495e+014	1.0000e-010	0.0000e+000
3.080000e+003	2.19980263e-001	-3.18001974e+000	1.33590467e+003	0.00000000e+000	4.5259e+014	1.0000e-010	0.0000e+000
3.090000e+003	2.20113853e-001	-3.17988615e+000	1.32732879e+003	0.00000000e+000	4.5026e+014	1.0000e-010	0.0000e+000
3.100000e+003	2.20246586e-001	-3.17975341e+000	1.31879682e+003	0.00000000e+000	4.4795e+014	1.0000e-010	0.0000e+000
3.110000e+003	2.20378466e-001	-3.17962153e+000	1.31030827e+003	0.00000000e+000	4.4567e+014	1.0000e-010	0.0000e+000
3.120000e+003	2.20509497e-001	-3.17949050e+000	1.30186264e+003	0.00000000e+000	4.4342e+014	1.0000e-010	0.0000e+000
3.130000e+003	2.20639683e-001	-3.17936032e+000	1.29345942e+003	0.00000000e+000	4.4119e+014	1.0000e-010	0.0000e+000
3.140000e+003	2.20769029e-001	-3.17923097e+000	1.28509815e+003	0.00000000e+000	4.3899e+014	1.0000e-010	0.0000e+000
3.150000e+003	2.20897539e-001	-3.17910246e+000	1.27677834e+003	0.00000000e+000	4.3681e+014	1.0000e-010	0.0000e+000
3.160000e+003	2.21025217e-001	-3.17897478e+000	1.26849951e+003	0.00000000e+000	4.3466e+014	1.0000e-010	0.0000e+000
3.170000e+003	2.21152067e-001	-3.17884793e+000	1.26026121e+003	0.00000000e+000	4.3253e+014	1.0000e-010	0.0000e+000
3.180000e+003	2.21278093e-001	-3.17872191e+000	1.25206297e+003	0.00000000e+000	4.3043e+014	1.0000e-010	0.0000e+000
3.190000e+003	2.21403299e-001	-3.17859670e+000	1.24390434e+003	0.00000000e+000	4.2835e+014	1.0000e-010	0.0000e+000
3.200000e+003	2.21527689e-001	-3.17847231e+000	1.23578488e+003	0.00000000e+000	4.2629e+014	1.0000e-010	0.0000e+000
3.210000e+003	2.21651268e-001	-3.17834873e+000	1.22770413e+003	0.00000000e+000	4.2426e+014	1.0000e-010	0.0000e+000
3.220000e+003	2.21774038e-001	-3.17822596e+000	1.21966167e+003	0.00000000e+000	4.2225e+014	1.0000e-010	0.0000e+000
3.230000e+003	2.21896004e-001	-3.17810400e+000	1.21165706e+003	0.00000000e+000	4.2026e+014	1.0000e-010	0.0000e+000
3.240000e+003	2.22017170e-001	-3.17798283e+000	1.20368988e+003	0.00000000e+000	4.1830e+014	1.0000e-010	0.0000e+000
3.250000e+003	2.22137539e-001	-3.17786246e+000	1.19575971e+003	0.00000000e+000	4.1635e+014	1.0000e-010	0.0000e+000
3.260000e+003	2.22257115e-001	-3.17774288e+000	1.18786614e+003	0.00000000e+000	4.1443e+014	1.0000e-010	0.0000e+000
3.270000e+003	2.22375902e-001	-3.17762410e+000	1.18000875e+003	0.00000000e+000	4.1253e+014	1.0000e-010	0.0000e+000
3.280000e+003	2.22493903e-001	-3.17750610e+000	1.17218715e+003	0.00000000e+000	4.1065e+014	1.0000e-010	0.0000e+000
3.290000e+003	2.22611121e-001	-3.17738888e+000	1.16440093e+003	0.00000000e+000	4.0879e+014	1.0000e-010	0.0000e+000
3.300000e+003	2.22727561e-001	-3.17727244e+000	1.15664970e+003	0.00000000e+000	4.0696e+014	1.0000e-010	0.0000e+000
3.310000e+003	2.22843226e-001	-3.17715677e+000	1.14893307e+003	0.00000000e+000	4.0514e+014	1.0000e-010	0.0000e+000
3.320000e+003	2.22958120e-001	-3.17704188e+000	1.14125067e+003	0.00000000e+000	4.0334e+014	1.0000e-010	0.0000e+000
3.330000e+003	2.23072245e-001	-3.17692776e+000	1.13360210e+003	0.00000000e+000	4.0157e+014	1.0000e-010	0.0000e+000
3.340000e+003	2.23185605e-001	-3.17681440e+000	1.12598700e+003	0.00000000e+000	3.9981e+014	1.0000e-010	0.0000e+000
3.350000e+003	2.23298204e-001	-3.17670180e+000	1.11840499e+003	0.00000000e+000	3.9807e+014	1.0000e-010	0.0000e+000
3.360000e+003	2.23410044e-001	-3.17658996e+000	1.11085571e+003	0.00000000e+000	3.9635e+014	1.0000e-010	0.0000e+000
3.370000e+003	2.23521130e-001	-3.17647887e+000	1.10333881e+003	0.00000000e+000	3.9465e+014	1.0000e-010	0.0000e+000
3.380000e+003	2.23631464e-001	-3.17636854e+000	1.09585391e+003	0.00000000e+000	3.9297e+014	1.0000e-010	0.0000e+000
3.390000e+003	2.23741049e-001	-3.17625895e+000	1.08840068e+003	0.00000000e+000	3.9131e+014	1.0000e-010	0.0000e+000
3.400000e+003	2.23849889e-001	-3.17615011e+000	1.08097876e+003	0.00000000e+000	3.8967e+014	1.0000e-010	0.0000e+000
3.410000e+003	2.23957987e-001	-3.17604201e+000	1.07358781e+003	0.00000000e+000	3.8804e+014	1.0000e-010	0.0000e+000
3.420000e+003	2.24065346e-001	-3.17593465e+000	1.06622749e+003	0.00000000e+000	3.8643e+014	1.0000e-010	0.0000e+000
3.430000e+003	2.24171968e-001	-3.17582803e+000	1.05889746e+003	0.00000000e+000	3.8484e+014	1.0000e-010	0.0000e+000
3.440000e+003	2.24277858e-001	-3.17572214e+000	1.05159740e+003	0.00000000e+000	3.8327e+014	1.0000e-010	0.0000e+000
3.450000e+003	2.24383018e-001	-3.17561698e+000	1.04432697e+003	0.00000000e+000	3.8171e+014	1.0000e-010	0.0000e+000
3.460000e+003	2.24487451e-001	-3.17551255e+000	1.03708585e+003	0.00000000e+000	3.8017e+014	1.0000e-010	0.0000e+000
3.470000e+003	2.24591159e-001	-3.17540884e+000	1.02987372e+003	0.00000000e+000	3.7865e+014	1.0000e-010	0.0000e+000
3.480000e+003	2.24694147e-001	-3.17530585e+000	1.02269027e+003	0.00000000e+000	3.7715e+014	1.0000e-010	0.0000e+000
3.490000e+003	2.24796416e-001	-3.17520358e+000	1.01553518e+003	0.00000000e+000	3.7566e+014	1.0000e-010	0.0000e+000
3.500000e+003	2.24897969e-001	-3.17510203e+000	1.00840814e+003	0.00000000e+000	3.7418e+014	1.0000e-010	0.0000e+000
3.510000e+003	2.24998810e-001	-3.17500119e+000	1.00130884e+003	0.00000000e+000	3.7273e+014	1.0000e-010	0.0000e+000
3.520000e+003	2.25098941e-001	-3.17490106e+000	9.94236989e+002	0.00000000e+000	3.7129e+014	1.0000e-010	0.0000e+000
3.530000e+003	2.25198365e-001	-3.17480164e+000	9.87192284e+002	0.00000000e+000	3.6986e+014	1.0000e-010	0.0000e+000
3.540000e+003	2.25297084e-001	-3.17470292e+000	9.80174428e+002	0.00000000e+000	3.6845e+014	1.0000e-010	0.0000e+000
3.550000e+003	2.25395101e-001	-3.17460490e+000	9.73183130e+002	0.00000000e+000	3.6706e+014	1.0000e-010	0.0000e+000
3.560000e+003	2.25492420e-001	-3.17450758e+000	9.66218101e+002	0.00000000e+000	3.6568e+014	1.0000e-010	0.0000e+000
3.570000e+003	2.25589041e-001	-3.17441096e+000	9.59279055e+002	0.00000000e+000	3.6431e+014	1.0000e-010	0.0000e+000
3.580000e+003	2.25684969e-001	-3.17431503e+000	9.52365710e+002	0.00000000e+000	3.6297e+014	1.0000e-010	0.0000e+000
3.590000e+003	2.25780206e-001	-3.17421979e+000	9.45477786e+002	0.00000000e+000	3.6163e+014	1.0000e-010	0.0000e+000
3.600000e+003	2.25874754e-001	-3.17412525e+000	9.38615007e+002	0.00000000e+000	3.6031e+014	1.0000e-010	0.0000e+000
3.610000e+003	2.25968615e-001	-3.17403138e+000	9.31777100e+002	0.00000000e+000	3.5900e+014	1.0000e-010	0.0000e+000
3.620000e+003	2.26061793e-001	-3.17393821e+000	9.24963794e+002	0.00000000e+000	3.5771e+014	1.0000e-010	0.0000e+000
3.630000e+003	2.26154289e-001	-3.17384571e+000	9.18174823e+002	0.00000000e+000	3.5644e+014	1.0000e-010	0.0000e+000
3.640000e+003	2.26246107e-001	-3.17375389e+000	9.11409920e+002	0.00000000e+000	3.5517e+014	1.0000e-010	0.0000e+000
3.650000e+003	2.26337248e-001	-3.17366275e+000	9.04668825e+002	0.00000000e+000	3.5392e+014	1.0000e-010	0.0000e+000
3.660000e+003	2.26427715e-001	-3.17357229e+000	8.97951279e+002	0.00000000e+000	3.5268e+014	1.0000e-010	0.0000e+000
3.670000e+003	2.26517510e-001	-3.17348249e+000	8.91257025e+002	0.00000000e+000	3.5146e+014	1.0000e-010	0.0000e+000
3.680000e+003	2.26606635e-001	-3.17339336e+000	8.84585810e+002	0.00000000e+000	3.5025e+014	1.0000e-010	0.0000e+000
3.690000e+003	2.26695094e-001	-3.17330491e+000	8.77937383e+002	0.00000000e+000	3.4906e+014	1.0000e-010	0.0000e+000
3.700000e+003	2.26782888e-001	-3.17321711e+000	8.71311497e+002	0.00000000e+000	3.4787e+014	1.0000e-010	0.0000e+000
3.710000e+003	2.26870019e-001	-3.17312998e+000	8.64707904e+002	0.00000000e+000	3.4670e+014	1.0000e-010	0.0000e+000
3.720000e+003	2.26956490e-001	-3.17304351e+000	8.58126362e+002	0.00000000e+000	3.4554e+014	1.0000e-010	0.0000e+000
3.730000e+003	2.27042302e-001	-3.17295770e+000	8.51566631e+002	0.00000000e+000	3.4440e+014	1.0000e-010	0.0000e+000
3.740000e+003	2.27127459e-001	-3.17287254e+000	8.45028472e+002	0.00000000e+000	3.4327e+014	1.0000e-010	0.0000e+000
3.750000e+003	2.27211962e-001	-3.17278804e+000	8.38511650e+002	0.00000000e+000	3.4215e+014	1.0000e-010	0.0000e+000
3.760000e+003	2.27295813e-001	-3.17270419e+000	8.32015931e+002	0.00000000e+000	3.4104e+014	1.0000e-010	0.0000e+000
3.770000e+003	2.27379015e-001	-3.17262099e+000	8.25541083e+002	0.00000000e+000	3.3994e+014	1.0000e-010	0.0000e+000
3.780000e+003	2.27461569e-001	-3.17253843e+000	8.19086880e+002	0.00000000e+000	3.3886e+014	1.0000e-010	0.0000e+000
3.790000e+003	2.27543477e-001	-3.17245652e+000	8.12653093e+002	0.00000000e+000	3.3779e+014	1.0000e-010	0.0000e+000
3.800000e+003	2.27624743e-001	-3.17237526e+000	8.06239499e+002	0.00000000e+000	3.3673e+014	1.0000e-010	0.0000e+000
3.810000e+003	2.27705367e-001	-3.17229463e+000	7.99845875e+002	0.00000000e+000	3.3568e+014	1.0000e-010	0.0000e+000
3.820000e+003	2.27785351e-001	-3.17221465e+000	7.93472003e+002	0.00000000e+000	3.3464e+014	1.0000e-010	0.0000e+000
3.830000e+003	2.27864698e-001	-3.17213530e+000	7.87117664e+002	0.00000000e+000	3.3362e+014	1.0000e-010	0.0000e+000
3.840000e+003	2.27943410e-001	-3.17205659e+000	7.80782642e+002	0.00000000e+000	3.3260e+014	1.0000e-010	0.0000e+000
3.850000e+003	2.28021488e-001	-3.17197851e+000	7.74466725e+002	0.00000000e+000	3.3160e+014	1.0000e-010	0.0000e+000
3.860000e+003	2.28098935e-001	-3.17190106e+000	7.68169701e+002	0.00000000e+000	3.3061e+014	1.0000e-010	0.0000e+000
3.870000e+003	2.28175752e-001	-3.17182425e+000	7.61891359e+002	0.00000000e+000	3.2963e+014	1.0000e-010	0.0000e+000
3.880000e+003	2.28251941e-001	-3.17174806e+000	7.55631494e+002	0.00000000e+000	3.2866e+014	1.0000e-010	0.0000e+000
3.890000e+003	2.28327504e-001	-3.17167250e+000	7.49389899e+002	0.00000000e+000	3.2770e+014	1.0000e-010	0.0000e+000
3.900000e+003	2.28402443e-001	-3.17159756e+000	7.43166371e+002	0.00000000e+000	3.2675e+014	1.0000e-010	0.0000e+000
3.910000e+003	2.28476760e-001	-3.17152324e+000	7.36960707e+002	0.00000000e+000	3.2581e+014	1.0000e-010	0.0000e+000
3.920000e+003	2.28550456e-001	-3.17144954e+000	7.30772709e+002	0.00000000e+000	3.2488e+014	1.0000e-010	0.0000e+000
3.930000e+003	2.28623533e-001	-3.17137647e+000	7.24602179e+002	0.00000000e+000	3.2396e+014	1.0000e-010	0.0000e+000
3.940000e+003	2.28695994e-001	-3.17130401e+000	7.18448919e+002	0.00000000e+000	3.2306e+014	1.0000e-010	0.0000e+000
3.950000e+003	2.28767838e-001	-3.17123216e+000	7.12312736e+002	0.00000000e+000	3.2216e+014	1.0000e-010	0.0000e+000
3.960000e+003	2.28839070e-001	-3.17116093e+000	7.06193437e+002	0.00000000e+000	3.2127e+014	1.0000e-010	0.0000e+000
3.970000e+003	2.28909689e-001	-3.17109031e+000	7.00090831e+002	0.00000000e+000	3.2040e+014	1.0000e-010	0.0000e+000
3.980000e+003	2.28979698e-001	-3.17102030e+000	6.94004730e+002	0.00000000e+000	3.1953e+014	1.0000e-010	0.0000e+000
3.990000e+003	2.29049099e-001	-3.17095090e+000	6.87934944e+002	0.00000000e+000	3.1868e+014	1.0000e-010	0.0000e+000
4.000000e+003	2.29117892e-001	-3.17088211e+000	6.81881289e+002	0.00000000e+000	3.1783e+014	1.0000e-010	0.0000e+000
4.010000e+003	2.29186080e-001	-3.17081392e+000	6.75843581e+002	0.00000000e+000	3.1699e+014	1.0000e-010	0.0000e+000
4.020000e+003	2.29253665e-001	-3.17074634e+000	6.69821636e+002	0.00000000e+000	3.1616e+014	1.0000e-010	0.0000e+000
4.030000e+003	2.29320647e-001	-3.17067935e+000	6.63815274e+002	0.00000000e+000	3.1535e+014	1.0000e-010	0.0000e+000
4.040000e+003	2.29387028e-001	-3.17061297e+000	6.57824314e+002	0.00000000e+000	3.1454e+014	1.0000e-010	0.0000e+000
4.050000e+003	2.29452811e-001	-3.17054719e+000	6.51848580e+002	0.00000000e+000	3.1374e+014	1.0000e-010	0.0000e+000
4.060000e+003	2.29517996e-001	-3.17048200e+000	6.45887895e+002	0.00000000e+000	3.1295e+014	1.0000e-010	0.0000e+000
4.070000e+003	2.29582584e-001	-3.17041742e+000	6.39942083e+002	0.00000000e+000	3.1217e+014	1.0000e-010	0.0000e+000
4.080000e+003	2.29646579e-001	-3.17035342e+000	6.34010971e+002	0.00000000e+000	3.1139e+014	1.0000e-010	0.0000e+000
4.090000e+003	2.29709980e-001	-3.17029002e+000	6.28094387e+002	0.00000000e+000	3.1063e+014	1.0000e-010	0.0000e+000
4.100000e+003	2.29772789e-001	-3.17022721e+000	6.22192161e+002	0.00000000e+000	3.0988e+014	1.0000e-010	0.0000e+000
4.110000e+003	2.29835008e-001	-3.17016499e+000	6.16304123e+002	0.00000000e+000	3.0913e+014	1.0000e-010	0.0000e+000
4.120000e+003	2.29896639e-001	-3.17010336e+000	6.10430105e+002	0.00000000e+000	3.0840e+014	1.0000e-010	0.0000e+000
4.130000e+003	2.29957682e-001	-3.17004232e+000	6.04569940e+002	0.00000000e+000	3.0767e+014	1.0000e-010	0.0000e+000
4.140000e+003	2.30018139e-001	-3.16998186e+000	5.98723464e+002	0.00000000e+000	3.0695e+014	1.0000e-010	0.0000e+000
4.150000e+003	2.30078011e-001	-3.16992199e+000	5.92890513e+002	0.00000000e+000	3.0624e+014	1.0000e-010	0.0000e+000
4.160000e+003	2.30137300e-001	-3.16986270e+000	5.87070923e+002	0.00000000e+000	3.0554e+014	1.0000e-010	0.0000e+000
4.170000e+003	2.30196007e-001	-3.16980399e+000	5.81264534e+002	0.00000000e+000	3.0485e+014	1.0000e-010	0.0000e+000
4.180000e+003	2.30254134e-001	-3.16974587e+000	5.75471186e+002	0.00000000e+000	3.0416e+014	1.0000e-010	0.0000e+000
4.190000e+003	2.30311681e-001	-3.16968832e+000	5.69690720e+002	0.00000000e+000	3.0348e+014	1.0000e-010	0.0000e+000
4.200000e+003	2.30368650e-001	-3.16963135e+000	5.63922978e+002	0.00000000e+000	3.0282e+014	1.0000e-010	0.0000e+000
4.210000e+003	2.30425042e-001	-3.16957496e+000	5.58167803e+002	0.00000000e+000	3.0216e+014	1.0000e-010	0.0000e+000
4.220000e+003	2.30480859e-001	-3.16951914e+000	5.52425041e+002	0.00000000e+000	3.0151e+014	1.0000e-010	0.0000e+000
4.230000e+003	2.30536101e-001	-3.16946390e+000	5.46694538e+002	0.00000000e+000	3.0086e+014	1.0000e-010	0.0000e+000
4.240000e+003	2.30590771e-001	-3.16940923e+000	5.40976140e+002	0.00000000e+000	3.0023e+014	1.0000e-010	0.0000e+000
4.250000e+003	2.30644869e-001	-3.16935513e+000	5.35269696e+002	0.00000000e+000	2.9960e+014	1.0000e-010	0.0000e+000
4.260000e+003	2.30698395e-001	-3.16930160e+000	5.29575055e+002	0.00000000e+000	2.9898e+014	1.0000e-010	0.0000e+000
4.270000e+003	2.30751353e-001	-3.16924865e+000	5.23892067e+002	0.00000000e+000	2.9837e+014	1.0000e-010	0.0000e+000
4.280000e+003	2.30803742e-001	-3.16919626e+000	5.18220585e+002	0.00000000e+000	2.9776e+014	1.0000e-010	0.0000e+000
4.290000e+003	2.30855564e-001	-3.16914444e+000	5.12560459e+002	0.00000000e+000	2.9717e+014	1.0000e-010	0.0000e+000
4.300000e+003	2.30906820e-001	-3.16909318e+000	5.06911545e+002	0.00000000e+000	2.9658e+014	1.0000e-010	0.0000e+000
4.310000e+003	2.30957511e-001	-3.16904249e+000	5.01273697e+002	0.00000000e+000	2.9600e+014	1.0000e-010	0.0000e+000
4.320000e+003	2.31007639e-001	-3.16899236e+000	4.95646770e+002	0.00000000e+000	2.9542e+014	1.0000e-010	0.0000e+000
4.330000e+003	2.31057203e-001	-3.16894280e+000	4.90030620e+002	0.00000000e+000	2.9486e+014	1.0000e-010	0.0000e+000
4.340000e+003	2.31106207e-001	-3.16889379e+000	4.84425107e+002	0.00000000e+000	2.9430e+014	1.0000e-010	0.0000e+000
4.350000e+003	2.31154649e-001	-3.16884535e+000	4.78830087e+002	0.00000000e+000	2.9375e+014	1.0000e-010	0.0000e+000
4.360000e+003	2.31202532e-001	-3.16879747e+000	4.73245420e+002	0.00000000e+000	2.9320e+014	1.0000e-010	0.0000e+000
4.370000e+003	2.31249857e-001	-3.16875014e+000	4.67670968e+002	0.00000000e+000	2.9267e+014	1.0000e-010	0.0000e+000
4.380000e+003	2.31296624e-001	-3.16870338e+000	4.62106591e+002	0.00000000e+000	2.9214e+014	1.0000e-010	0.0000e+000
4.390000e+003	2.31342834e-001	-3.16865717e+000	4.56552151e+002	0.00000000e+000	2.9162e+014	1.0000e-010	0.0000e+000
4.400000e+003	2.31388490e-001	-3.16861151e+000	4.51007512e+002	0.00000000e+000	2.9110e+014	1.0000e-010	0.0000e+000
4.410000e+003	2.31433590e-001	-3.16856641e+000	4.45472538e+002	0.00000000e+000	2.9060e+014	1.0000e-010	0.0000e+000
4.420000e+003	2.31478138e-001	-3.16852186e+000	4.39947093e+002	0.00000000e+000	2.9010e+014	1.0000e-010	0.0000e+000
4.430000e+003	2.31522132e-001	-3.16847787e+000	4.34431043e+002	0.00000000e+000	2.8960e+014	1.0000e-010	0.0000e+000
4.440000e+003	2.31565575e-001	-3.16843442e+000	4.28924255e+002	0.00000000e+000	2.8912e+014	1.0000e-010	0.0000e+000
4.450000e+003	2.31608468e-001	-3.16839153e+000	4.23426596e+002	0.00000000e+000	2.8864e+014	1.0000e-010	0.0000e+000
4.460000e+003	2.31650810e-001	-3.16834919e+000	4.17937934e+002	0.00000000e+000	2.8816e+014	1.0000e-010	0.0000e+000
4.470000e+003	2.31692604e-001	-3.16830740e+000	4.12458138e+002	0.00000000e+000	2.8770e+014	1.0000e-010	0.0000e+000
4.480000e+003	2.31733850e-001	-3.16826615e+000	4.06987078e+002	0.00000000e+000	2.8724e+014	1.0000e-010	0.0000e+000
4.490000e+003	2.31774549e-001	-3.16822545e+000	4.01524624e+002	0.00000000e+000	2.8679e+014	1.0000e-010	0.0000e+000
4.500000e+003	2.31814701e-001	-3.16818530e+000	3.96070648e+002	0.00000000e+000	2.8634e+014	1.0000e-010	0.0000e+000
4.510000e+003	2.31854308e-001	-3.16814569e+000	3.90625021e+002	0.00000000e+000	2.8590e+014	1.0000e-010	0.0000e+000
4.520000e+003	2.31893371e-001	-3.16810663e+000	3.85187617e+002	0.00000000e+000	2.8547e+014	1.0000e-010	0.0000e+000
4.530000e+003	2.31931890e-001	-3.16806811e+000	3.79758308e+002	0.00000000e+000	2.8505e+014	1.0000e-010	0.0000e+000
4.540000e+003	2.31969865e-001	-3.16803013e+000	3.74336968e+002	0.00000000e+000	2.8463e+014	1.0000e-010	0.0000e+000
4.550000e+003	2.32007299e-001	-3.16799270e+000	3.68923473e+002	0.00000000e+000	2.8422e+014	1.0000e-010	0.0000e+000
4.560000e+003	2.32044191e-001	-3.16795581e+000	3.63517698e+002	0.00000000e+000	2.8381e+014	1.0000e-010	0.0000e+000
4.570000e+003	2.32080543e-001	-3.16791946e+000	3.58119519e+002	0.00000000e+000	2.8341e+014	1.0000e-010	0.0000e+000
4.580000e+003	2.32116355e-001	-3.16788364e+000	3.52728813e+002	0.00000000e+000	2.8302e+014	1.0000e-010	0.0000e+000
4.590000e+003	2.32151628e-001	-3.16784837e+000	3.47345457e+002	0.00000000e+000	2.8264e+014	1.0000e-010	0.0000e+000
4.600000e+003	2.32186363e-001	-3.16781364e+000	3.41969329e+002	0.00000000e+000	2.8226e+014	1.0000e-010	0.0000e+000
4.610000e+003	2.32220560e-001	-3.16777944e+000	3.36600308e+002	0.00000000e+000	2.8188e+014	1.0000e-010	0.0000e+000
4.620000e+003	2.32254220e-001	-3.16774578e+000	3.31238273e+002	0.00000000e+000	2.8152e+014	1.0000e-010	0.0000e+000
4.630000e+003	2.32287343e-001	-3.16771266e+000	3.25883103e+002	0.00000000e+000	2.8116e+014	1.0000e-010	0.0000e+000
4.640000e+003	2.32319932e-001	-3.16768007e+000	3.20534681e+002	0.00000000e+000	2.8080e+014	1.0000e-010	0.0000e+000
4.650000e+003	2.32351985e-001	-3.16764801e+000	3.15192885e+002	0.00000000e+000	2.8045e+014	1.0000e-010	0.0000e+000
4.660000e+003	2.32383504e-001	-3.16761650e+000	3.09857598e+002	0.00000000e+000	2.8011e+014	1.0000e-010	0.0000e+000
4.670000e+003	2.32414490e-001	-3.16758551e+000	3.04528703e+002	0.00000000e+000	2.7978e+014	1.0000e-010	0.0000e+000
4.680000e+003	2.32444943e-001	-3.16755506e+000	2.99206080e+002	0.00000000e+000	2.7945e+014	1.0000e-010	0.0000e+000
4.690000e+003	2.32474864e-001	-3.16752514e+000	2.93889615e+002	0.00000000e+000	2.7912e+014	1.0000e-010	0.0000e+000
4.700000e+003	2.32504253e-001	-3.16749575e+000	2.88579190e+002	0.00000000e+000	2.7881e+014	1.0000e-010	0.0000e+000
4.710000e+003	2.32533111e-001	-3.16746689e+000	2.83274690e+002	0.00000000e+000	2.7850e+014	1.0000e-010	0.0000e+000
4.720000e+003	2.32561438e-001	-3.16743856e+000	2.77975999e+002	0.00000000e+000	2.7819e+014	1.0000e-010	0.0000e+000
4.730000e+003	2.32589236e-001	-3.16741076e+000	2.72683002e+002	0.00000000e+000	2.7789e+014	1.0000e-010	0.0000e+000
4.740000e+003	2.32616504e-001	-3.16738350e+000	2.67395585e+002	0.00000000e+000	2.7760e+014	1.0000e-010	0.0000e+000
4.750000e+003	2.32643244e-001	-3.16735676e+000	2.62113634e+002	0.00000000e+000	2.7731e+014	1.0000e-010	0.0000e+000
4.760000e+003	2.32669455e-001	-3.16733055e+000	2.56837037e+002	0.00000000e+000	2.7703e+014	1.0000e-010	0.0000e+000
4.770000e+003	2.32695139e-001	-3.16730486e+000	2.51565678e+002	0.00000000e+000	2.7676e+014	1.0000e-010	0.0000e+000
4.780000e+003	2.32720295e-001	-3.16727970e+000	2.46299447e+002	0.00000000e+000	2.7649e+014	1.0000e-010	0.0000e+000
4.790000e+003	2.32744925e-001	-3.16725507e+000	2.41038231e+002	0.00000000e+000	2.7622e+014	1.0000e-010	0.0000e+000
4.800000e+003	2.32769029e-001	-3.16723097e+000	2.35781918e+002	0.00000000e+000	2.7597e+014	1.0000e-010	0.0000e+000
4.810000e+003	2.32792607e-001	-3.16720739e+000	2.30530396e+002	0.00000000e+000	2.7571e+014	1.0000e-010	0.0000e+000
4.820000e+003	2.32815660e-001	-3.16718434e+000	2.25283556e+002	0.00000000e+000	2.7547e+014	1.0000e-010	0.0000e+000
4.830000e+003	2.32838189e-001	-3.16716181e+000	2.20041286e+002	0.00000000e+000	2.7523e+014	1.0000e-010	0.0000e+000
4.840000e+003	2.32860193e-001	-3.16713981e+000	2.14803475e+002	0.00000000e+000	2.7499e+014	1.0000e-010	0.0000e+000
4.850000e+003	2.32881673e-001	-3.16711833e+000	2.09570016e+002	0.00000000e+000	2.7477e+014	1.0000e-010	0.0000e+000
4.860000e+003	2.32902630e-001	-3.16709737e+000	2.04340797e+002	0.00000000e+000	2.7454e+014	1.0000e-010	0.0000e+000
4.870000e+003	2.32923064e-001	-3.16707694e+000	1.99115709e+002	0.00000000e+000	2.7433e+014	1.0000e-010	0.0000e+000
4.880000e+003	2.32942976e-001	-3.16705702e+000	1.93894645e+002	0.00000000e+000	2.7411e+014	1.0000e-010	0.0000e+000
4.890000e+003	2.32962365e-001	-3.16703763e+000	1.88677495e+002	0.00000000e+000	2.7391e+014	1.0000e-010	0.0000e+000
4.900000e+003	2.32981233e-001	-3.16701877e+000	1.83464151e+002	0.00000000e+000	2.7371e+014	1.0000e-010	0.0000e+000
4.910000e+003	2.32999579e-001	-3.16700042e+000	1.78254506e+002	0.00000000e+000	2.7351e+014	1.0000e-010	0.0000e+000
4.920000e+003	2.33017405e-001	-3.16698260e+000	1.73048451e+002	0.00000000e+000	2.7333e+014	1.0000e-010	0.0000e+000
4.930000e+003	2.33034710e-001	-3.16696529e+000	1.67845881e+002	0.00000000e+000	2.7314e+014	1.0000e-010	0.0000e+000
4.940000e+003	2.33051494e-001	-3.16694851e+000	1.62646687e+002	0.00000000e+000	2.7297e+014	1.0000e-010	0.0000e+000
4.950000e+003	2.33067759e-001	-3.16693224e+000	1.57450763e+002	0.00000000e+000	2.7279e+014	1.0000e-010	0.0000e+000
4.960000e+003	2.33083504e-001	-3.16691650e+000	1.52258002e+002	0.00000000e+000	2.7263e+014	1.0000e-010	0.0000e+000
4.970000e+003	2.33098730e-001	-3.16690127e+000	1.47068299e+002	0.00000000e+000	2.7247e+014	1.0000e-010	0.0000e+000
4.980000e+003	2.33113437e-001	-3.16688656e+000	1.41881548e+002	0.00000000e+000	2.7231e+014	1.0000e-010	0.0000e+000
4.990000e+003	2.33127625e-001	-3.16687238e+000	1.36697642e+002	0.00000000e+000	2.7216e+014	1.0000e-010	0.0000e+000
5.000000e+003	2.33141294e-001	-3.16685871e+000	1.31516477e+002	0.00000000e+000	2.7202e+014	1.0000e-010	0.0000e+000
5.010000e+003	2.33154446e-001	-3.16684555e+000	1.26337947e+002	0.00000000e+000	2.7188e+014	1.0000e-010	0.0000e+000
5.020000e+003	2.33167080e-001	-3.16683292e+000	1.21161947e+002	0.00000000e+000	2.7175e+014	1.0000e-010	0.0000e+000
5.030000e+003	2.33179196e-001	-3.16682080e+000	1.15988372e+002	0.00000000e+000	2.7162e+014	1.0000e-010	0.0000e+000
5.040000e+003	2.33190795e-001	-3.16680921e+000	1.10817118e+002	0.00000000e+000	2.7150e+014	1.0000e-010	0.0000e+000
5.050000e+003	2.33201877e-001	-3.16679812e+000	1.05648080e+002	0.00000000e+000	2.7138e+014	1.0000e-010	0.0000e+000
5.060000e+003	2.33212441e-001	-3.16678756e+000	1.00481155e+002	0.00000000e+000	2.7127e+014	1.0000e-010	0.0000e+000
5.070000e+003	2.33222490e-001	-3.16677751e+000	9.53162366e+001	0.00000000e+000	2.7117e+014	1.0000e-010	0.0000e+000
5.080000e+003	2.33232021e-001	-3.16676798e+000	9.01532227e+001	0.00000000e+000	2.7107e+014	1.0000e-010	0.0000e+000
5.090000e+003	2.33241037e-001	-3.16675896e+000	8.49920089e+001	0.00000000e+000	2.7097e+014	1.0000e-010	0.0000e+000
5.100000e+003	2.33249536e-001	-3.16675046e+000	7.98324916e+001	0.00000000e+000	2.7088e+014	1.0000e-010	0.0000e+000
5.110000e+003	2.33257519e-001	-3.16674248e+000	7.46745674e+001	0.00000000e+000	2.7080e+014	1.0000e-010	0.0000e+000
5.120000e+003	2.33264986e-001	-3.16673501e+000	6.95181328e+001	0.00000000e+000	2.7072e+014	1.0000e-010	0.0000e+000
5.130000e+003	2.33271938e-001	-3.16672806e+000	6.43630847e+001	0.00000000e+000	2.7065e+014	1.0000e-010	0.0000e+000
5.140000e+003	2.33278375e-001	-3.16672163e+000	5.92093198e+001	0.00000000e+000	2.7058e+014	1.0000e-010	0.0000e+000
5.150000e+003	2.33284295e-001	-3.16671570e+000	5.40567352e+001	0.00000000e+000	2.7052e+014	1.0000e-010	0.0000e+000
5.160000e+003	2.33289701e-001	-3.16671030e+000	4.89052279e+001	0.00000000e+000	2.7046e+014	1.0000e-010	0.0000e+000
5.170000e+003	2.33294592e-001	-3.16670541e+000	4.37546951e+001	0.00000000e+000	2.7041e+014	1.0000e-010	0.0000e+000
5.180000e+003	2.33298967e-001	-3.16670103e+000	3.86050338e+001	0.00000000e+000	2.7037e+014	1.0000e-010	0.0000e+000
5.190000e+003	2.33302828e-001	-3.16669717e+000	3.34561416e+001	0.00000000e+000	2.7033e+014	1.0000e-010	0.0000e+000
5.200000e+003	2.33306173e-001	-3.16669383e+000	2.83079156e+001	0.00000000e+000	2.7029e+014	1.0000e-010	0.0000e+000
5.210000e+003	2.33309004e-001	-3.16669100e+000	2.31602533e+001	0.00000000e+000	2.7026e+014	1.0000e-010	0.0000e+000
5.220000e+003	2.33311320e-001	-3.16668868e+000	1.80130522e+001	0.00000000e+000	2.7024e+014	1.0000e-010	0.0000e+000
5.230000e+003	2.33313121e-001	-3.16668688e+000	1.28662097e+001	0.00000000e+000	2.7022e+014	1.0000e-010	0.0000e+000
5.240000e+003	2.33314408e-001	-3.16668559e+000	7.71962338e+000	0.00000000e+000	2.7020e+014	1.0000e-010	0.0000e+000
5.250000e+003	2.33315180e-001	-3.16668482e+000	2.57319072e+000	0.00000000e+000	2.7020e+014	1.0000e-010	0.0000e+000
5.260000e+003	2.33315437e-001	-3.16668456e+000	2.57319072e+000	0.00000000e+000	2.7019e+014	1.0000e-010	0.0000e+000
