Y (ang)	Ec (eV)	Ev (eV)	E (V/cm)	Ef (eV)	n (cm-3)	p (cm-3)	Nd - Na (cm-3)
0.000000e+000	-6.40000000e+000	-9.80000000e+000	3.74646677e+007	-7.00000000e+000	1.8691e+008	1.0000e-010	0.0000e+000
1.000000e+001	-2.09353323e+000	-6.19353323e+000	1.16891232e+007	0.00000000e+000	1.2309e+021	1.0000e-010	-1.3848e+020
2.000000e+001	-9.24620907e-001	-5.02462091e+000	4.61585561e+006	0.00000000e+000	3.6158e+020	1.0000e-010	0.0000e+000
3.000000e+001	-4.63035347e-001	-4.56303535e+000	2.10159117e+006	0.00000000e+000	1.2853e+020	1.0000e-010	0.0000e+000
4.000000e+001	-2.52876229e-001	-4.35287623e+000	1.07722242e+006	0.00000000e+000	5.2364e+019	1.0000e-010	0.0000e+000
5.000000e+001	-1.45153988e-001	-4.24515399e+000	6.22549827e+005	0.00000000e+000	2.3242e+019	1.0000e-010	0.0000e+000
6.000000e+001	-8.28990048e-002	-4.18289900e+000	4.10563307e+005	0.00000000e+000	1.0836e+019	1.0000e-010	0.0000e+000
7.000000e+001	-4.18426741e-002	-4.14184267e+000	3.10217297e+005	0.00000000e+000	5.1295e+018	1.0000e-010	0.0000e+000
8.000000e+001	-1.08209444e-002	-4.11082094e+000	2.64006003e+005	0.00000000e+000	2.3623e+018	1.0000e-010	0.0000e+000
9.000000e+001	1.55796559e-002	-4.08442034e+000	2.43579554e+005	0.00000000e+000	1.0442e+018	1.0000e-010	0.0000e+000
1.000000e+002	3.99376113e-002	-4.06006239e+000	2.34840999e+005	0.00000000e+000	4.4670e+017	1.0000e-010	0.0000e+000
1.100000e+002	6.34217112e-002	-4.03657829e+000	2.31172609e+005	0.00000000e+000	1.8752e+017	1.0000e-010	0.0000e+000
1.200000e+002	8.65389721e-002	-4.01346103e+000	2.29646663e+005	0.00000000e+000	7.8004e+016	1.0000e-010	0.0000e+000
1.300000e+002	1.09503638e-001	-3.99049636e+000	2.29011287e+005	0.00000000e+000	3.2480e+016	1.0000e-010	0.0000e+000
1.400000e+002	1.32404767e-001	-3.96759523e+000	2.28749282e+005	0.00000000e+000	1.3393e+016	1.0000e-010	0.0000e+000
1.500000e+002	1.55279695e-001	-3.94472030e+000	2.28641132e+005	0.00000000e+000	5.5285e+015	1.0000e-010	0.0000e+000
1.600000e+002	1.78143808e-001	-3.92185619e+000	2.28596471e+005	0.00000000e+000	2.2830e+015	1.0000e-010	0.0000e+000
1.700000e+002	2.01003456e-001	-3.89899654e+000	2.28578025e+005	0.00000000e+000	9.4293e+014	1.0000e-010	0.0000e+000
1.800000e+002	2.23861258e-001	-3.87613874e+000	2.28570406e+005	0.00000000e+000	3.8948e+014	1.0000e-010	0.0000e+000
1.900000e+002	-3.13281701e-001	-3.71328170e+000	1.49139088e+006	0.00000000e+000	7.1869e+019	1.0000e-010	1.3848e+020
2.000000e+002	-8.41426129e-002	-3.58414261e+000	9.25003926e+005	0.00000000e+000	1.1042e+019	1.0000e-010	-1.8876e+019
2.100000e+002	8.83577797e-002	-3.51164222e+000	5.59044576e+005	0.00000000e+000	7.2764e+016	1.0000e-010	-1.9178e+019
2.200000e+002	2.24262237e-001	-3.47573776e+000	1.85868641e+005	0.00000000e+000	3.8349e+014	1.0000e-010	-1.9481e+019
2.300000e+002	3.22849101e-001	-3.47715090e+000	-1.95998982e+005	0.00000000e+000	8.4637e+012	1.0000e-010	-1.9783e+019
2.400000e+002	3.83249203e-001	-3.51675080e+000	-5.86665331e+005	0.00000000e+000	8.1825e+011	1.0000e-010	-2.0086e+019
2.500000e+002	4.04582670e-001	-3.59541733e+000	-9.86232070e+005	0.00000000e+000	3.5851e+011	1.0000e-010	-2.0388e+019
2.600000e+002	-1.74040537e-001	-3.57404054e+000	7.01695202e+005	0.00000000e+000	3.0344e+019	1.0000e-010	1.1779e+020
2.700000e+002	-1.03871017e-001	-3.50387102e+000	4.24665369e+005	0.00000000e+000	1.4544e+019	1.0000e-010	0.0000e+000
2.800000e+002	-6.14044798e-002	-3.46140448e+000	2.80354598e+005	0.00000000e+000	7.5763e+018	1.0000e-010	0.0000e+000
2.900000e+002	-3.33690200e-002	-3.43336902e+000	1.99683738e+005	0.00000000e+000	4.2352e+018	1.0000e-010	0.0000e+000
3.000000e+002	-1.34006463e-002	-3.41340065e+000	1.51312741e+005	0.00000000e+000	2.5395e+018	1.0000e-010	0.0000e+000
3.100000e+002	1.73062787e-003	-3.39826937e+000	1.20285672e+005	0.00000000e+000	1.6289e+018	1.0000e-010	0.0000e+000
3.200000e+002	1.37591951e-002	-3.38624080e+000	9.91603872e+004	0.00000000e+000	1.1091e+018	1.0000e-010	0.0000e+000
3.300000e+002	2.36752338e-002	-3.37632477e+000	8.40403288e+004	0.00000000e+000	7.9381e+017	1.0000e-010	0.0000e+000
3.400000e+002	3.20792667e-002	-3.36792073e+000	7.27671990e+004	0.00000000e+000	5.9184e+017	1.0000e-010	0.0000e+000
3.500000e+002	3.93559866e-002	-3.36064401e+000	6.40778726e+004	0.00000000e+000	4.5619e+017	1.0000e-010	0.0000e+000
3.600000e+002	4.57637739e-002	-3.35423623e+000	5.71951115e+004	0.00000000e+000	3.6135e+017	1.0000e-010	0.0000e+000
3.700000e+002	5.14832850e-002	-3.34851671e+000	5.16190834e+004	0.00000000e+000	2.9274e+017	1.0000e-010	0.0000e+000
3.800000e+002	5.66451933e-002	-3.34335481e+000	4.70158061e+004	0.00000000e+000	2.4167e+017	1.0000e-010	0.0000e+000
3.900000e+002	6.13467740e-002	-3.33865323e+000	4.31546055e+004	0.00000000e+000	2.0271e+017	1.0000e-010	0.0000e+000
4.000000e+002	6.56622345e-002	-3.33433777e+000	3.98715276e+004	0.00000000e+000	1.7236e+017	1.0000e-010	0.0000e+000
4.100000e+002	6.96493873e-002	-3.33035061e+000	3.70470992e+004	0.00000000e+000	1.4828e+017	1.0000e-010	0.0000e+000
4.200000e+002	7.33540972e-002	-3.32664590e+000	3.45923427e+004	0.00000000e+000	1.2888e+017	1.0000e-010	0.0000e+000
4.300000e+002	7.68133315e-002	-3.32318667e+000	3.24397100e+004	0.00000000e+000	1.1301e+017	1.0000e-010	0.0000e+000
4.400000e+002	8.00573025e-002	-3.31994270e+000	3.05370452e+004	0.00000000e+000	9.9890e+016	1.0000e-010	0.0000e+000
4.500000e+002	8.31110070e-002	-3.31688899e+000	2.88434655e+004	0.00000000e+000	8.8913e+016	1.0000e-010	0.0000e+000
4.600000e+002	8.59953535e-002	-3.31400465e+000	2.73264901e+004	0.00000000e+000	7.9641e+016	1.0000e-010	0.0000e+000
4.700000e+002	8.87280025e-002	-3.31127200e+000	2.59599982e+004	0.00000000e+000	7.1741e+016	1.0000e-010	0.0000e+000
4.800000e+002	9.13240024e-002	-3.30867600e+000	2.47227535e+004	0.00000000e+000	6.4956e+016	1.0000e-010	0.0000e+000
4.900000e+002	9.37962777e-002	-3.30620372e+000	2.35973177e+004	0.00000000e+000	5.9086e+016	1.0000e-010	0.0000e+000
5.000000e+002	9.61560095e-002	-3.30384399e+000	2.25692421e+004	0.00000000e+000	5.3974e+016	1.0000e-010	0.0000e+000
5.100000e+002	9.84129337e-002	-3.30158707e+000	2.16264551e+004	0.00000000e+000	4.9496e+016	1.0000e-010	0.0000e+000
5.200000e+002	1.00575579e-001	-3.29942442e+000	2.07587946e+004	0.00000000e+000	4.5552e+016	1.0000e-010	0.0000e+000
5.300000e+002	1.02651459e-001	-3.29734854e+000	1.99576462e+004	0.00000000e+000	4.2060e+016	1.0000e-010	0.0000e+000
5.400000e+002	1.04647223e-001	-3.29535278e+000	1.92111396e+004	0.00000000e+000	3.9192e+016	1.0000e-010	0.0000e+000
5.500000e+002	1.06568337e-001	-3.29343166e+000	1.85180963e+004	0.00000000e+000	3.6385e+016	1.0000e-010	0.0000e+000
5.600000e+002	1.08420147e-001	-3.29157985e+000	1.78729603e+004	0.00000000e+000	3.3870e+016	1.0000e-010	0.0000e+000
5.700000e+002	1.10207443e-001	-3.28979256e+000	1.72709193e+004	0.00000000e+000	3.1607e+016	1.0000e-010	0.0000e+000
5.800000e+002	1.11934535e-001	-3.28806547e+000	1.67077848e+004	0.00000000e+000	2.9565e+016	1.0000e-010	0.0000e+000
5.900000e+002	1.13605313e-001	-3.28639469e+000	1.61798937e+004	0.00000000e+000	2.7714e+016	1.0000e-010	0.0000e+000
6.000000e+002	1.15223303e-001	-3.28477670e+000	1.56840289e+004	0.00000000e+000	2.6033e+016	1.0000e-010	0.0000e+000
6.100000e+002	1.16791706e-001	-3.28320829e+000	1.52173532e+004	0.00000000e+000	2.4501e+016	1.0000e-010	0.0000e+000
6.200000e+002	1.18313441e-001	-3.28168656e+000	1.47773547e+004	0.00000000e+000	2.3100e+016	1.0000e-010	0.0000e+000
6.300000e+002	1.19791176e-001	-3.28020882e+000	1.43618017e+004	0.00000000e+000	2.1817e+016	1.0000e-010	0.0000e+000
6.400000e+002	1.21227357e-001	-3.27877264e+000	1.39687049e+004	0.00000000e+000	2.0638e+016	1.0000e-010	0.0000e+000
6.500000e+002	1.22624227e-001	-3.27737577e+000	1.35962847e+004	0.00000000e+000	1.9552e+016	1.0000e-010	0.0000e+000
6.600000e+002	1.23983855e-001	-3.27601614e+000	1.32429451e+004	0.00000000e+000	1.8550e+016	1.0000e-010	0.0000e+000
6.700000e+002	1.25308150e-001	-3.27469185e+000	1.29072498e+004	0.00000000e+000	1.7624e+016	1.0000e-010	0.0000e+000
6.800000e+002	1.26598875e-001	-3.27340113e+000	1.25879034e+004	0.00000000e+000	1.6766e+016	1.0000e-010	0.0000e+000
6.900000e+002	1.27857665e-001	-3.27214233e+000	1.22837342e+004	0.00000000e+000	1.5969e+016	1.0000e-010	0.0000e+000
7.000000e+002	1.29086039e-001	-3.27091396e+000	1.19936798e+004	0.00000000e+000	1.5228e+016	1.0000e-010	0.0000e+000
7.100000e+002	1.30285407e-001	-3.26971459e+000	1.17167747e+004	0.00000000e+000	1.4538e+016	1.0000e-010	0.0000e+000
7.200000e+002	1.31457084e-001	-3.26854292e+000	1.14521395e+004	0.00000000e+000	1.3893e+016	1.0000e-010	0.0000e+000
7.300000e+002	1.32602298e-001	-3.26739770e+000	1.11989714e+004	0.00000000e+000	1.3291e+016	1.0000e-010	0.0000e+000
7.400000e+002	1.33722195e-001	-3.26627780e+000	1.09565364e+004	0.00000000e+000	1.2728e+016	1.0000e-010	0.0000e+000
7.500000e+002	1.34817849e-001	-3.26518215e+000	1.07241615e+004	0.00000000e+000	1.2200e+016	1.0000e-010	0.0000e+000
7.600000e+002	1.35890265e-001	-3.26410973e+000	1.05012289e+004	0.00000000e+000	1.1704e+016	1.0000e-010	0.0000e+000
7.700000e+002	1.36940388e-001	-3.26305961e+000	1.02871706e+004	0.00000000e+000	1.1238e+016	1.0000e-010	0.0000e+000
7.800000e+002	1.37969105e-001	-3.26203089e+000	1.00814629e+004	0.00000000e+000	1.0800e+016	1.0000e-010	0.0000e+000
7.900000e+002	1.38977251e-001	-3.26102275e+000	9.88362281e+003	0.00000000e+000	1.0387e+016	1.0000e-010	0.0000e+000
8.000000e+002	1.39965614e-001	-3.26003439e+000	9.69320368e+003	0.00000000e+000	9.9970e+015	1.0000e-010	0.0000e+000
8.100000e+002	1.40934934e-001	-3.25906507e+000	9.50979212e+003	0.00000000e+000	9.6291e+015	1.0000e-010	0.0000e+000
8.200000e+002	1.41885913e-001	-3.25811409e+000	9.33300486e+003	0.00000000e+000	9.2814e+015	1.0000e-010	0.0000e+000
8.300000e+002	1.42819214e-001	-3.25718079e+000	9.16248609e+003	0.00000000e+000	8.9523e+015	1.0000e-010	0.0000e+000
8.400000e+002	1.43735462e-001	-3.25626454e+000	8.99790502e+003	0.00000000e+000	8.6405e+015	1.0000e-010	0.0000e+000
8.500000e+002	1.44635253e-001	-3.25536475e+000	8.83895373e+003	0.00000000e+000	8.3450e+015	1.0000e-010	0.0000e+000
8.600000e+002	1.45519148e-001	-3.25448085e+000	8.68534522e+003	0.00000000e+000	8.0645e+015	1.0000e-010	0.0000e+000
8.700000e+002	1.46387683e-001	-3.25361232e+000	8.53681168e+003	0.00000000e+000	7.7980e+015	1.0000e-010	0.0000e+000
8.800000e+002	1.47241364e-001	-3.25275864e+000	8.39310289e+003	0.00000000e+000	7.5447e+015	1.0000e-010	0.0000e+000
8.900000e+002	1.48080674e-001	-3.25191933e+000	8.25398483e+003	0.00000000e+000	7.3037e+015	1.0000e-010	0.0000e+000
9.000000e+002	1.48906073e-001	-3.25109393e+000	8.11923836e+003	0.00000000e+000	7.0742e+015	1.0000e-010	0.0000e+000
9.100000e+002	1.49717996e-001	-3.25028200e+000	7.98865804e+003	0.00000000e+000	6.8555e+015	1.0000e-010	0.0000e+000
9.200000e+002	1.50516862e-001	-3.24948314e+000	7.86205115e+003	0.00000000e+000	6.6469e+015	1.0000e-010	0.0000e+000
9.300000e+002	1.51303067e-001	-3.24869693e+000	7.73923665e+003	0.00000000e+000	6.4478e+015	1.0000e-010	0.0000e+000
9.400000e+002	1.52076991e-001	-3.24792301e+000	7.62004431e+003	0.00000000e+000	6.2576e+015	1.0000e-010	0.0000e+000
9.500000e+002	1.52838995e-001	-3.24716100e+000	7.50431398e+003	0.00000000e+000	6.0759e+015	1.0000e-010	0.0000e+000
9.600000e+002	1.53589427e-001	-3.24641057e+000	7.39189478e+003	0.00000000e+000	5.9020e+015	1.0000e-010	0.0000e+000
9.700000e+002	1.54328616e-001	-3.24567138e+000	7.28264447e+003	0.00000000e+000	5.7357e+015	1.0000e-010	0.0000e+000
9.800000e+002	1.55056881e-001	-3.24494312e+000	7.17642886e+003	0.00000000e+000	5.5763e+015	1.0000e-010	0.0000e+000
9.900000e+002	1.55774524e-001	-3.24422548e+000	7.07312121e+003	0.00000000e+000	5.4237e+015	1.0000e-010	0.0000e+000
1.000000e+003	1.56481836e-001	-3.24351816e+000	6.97260175e+003	0.00000000e+000	5.2773e+015	1.0000e-010	0.0000e+000
1.010000e+003	1.57179096e-001	-3.24282090e+000	6.87475718e+003	0.00000000e+000	5.1369e+015	1.0000e-010	0.0000e+000
1.020000e+003	1.57866572e-001	-3.24213343e+000	6.77948029e+003	0.00000000e+000	5.0021e+015	1.0000e-010	0.0000e+000
1.030000e+003	1.58544520e-001	-3.24145548e+000	6.68666947e+003	0.00000000e+000	4.8726e+015	1.0000e-010	0.0000e+000
1.040000e+003	1.59213187e-001	-3.24078681e+000	6.59622845e+003	0.00000000e+000	4.7482e+015	1.0000e-010	0.0000e+000
1.050000e+003	1.59872810e-001	-3.24012719e+000	6.50806587e+003	0.00000000e+000	4.6285e+015	1.0000e-010	0.0000e+000
1.060000e+003	1.60523616e-001	-3.23947638e+000	6.42209502e+003	0.00000000e+000	4.5135e+015	1.0000e-010	0.0000e+000
1.070000e+003	1.61165826e-001	-3.23883417e+000	6.33823354e+003	0.00000000e+000	4.4027e+015	1.0000e-010	0.0000e+000
1.080000e+003	1.61799649e-001	-3.23820035e+000	6.25640311e+003	0.00000000e+000	4.2961e+015	1.0000e-010	0.0000e+000
1.090000e+003	1.62425289e-001	-3.23757471e+000	6.17652929e+003	0.00000000e+000	4.1934e+015	1.0000e-010	0.0000e+000
1.100000e+003	1.63042942e-001	-3.23695706e+000	6.09854118e+003	0.00000000e+000	4.0944e+015	1.0000e-010	0.0000e+000
1.110000e+003	1.63652796e-001	-3.23634720e+000	6.02237130e+003	0.00000000e+000	3.9989e+015	1.0000e-010	0.0000e+000
1.120000e+003	1.64255033e-001	-3.23574497e+000	5.94795533e+003	0.00000000e+000	3.9069e+015	1.0000e-010	0.0000e+000
1.130000e+003	1.64849829e-001	-3.23515017e+000	5.87523196e+003	0.00000000e+000	3.8180e+015	1.0000e-010	0.0000e+000
1.140000e+003	1.65437352e-001	-3.23456265e+000	5.80414269e+003	0.00000000e+000	3.7322e+015	1.0000e-010	0.0000e+000
1.150000e+003	1.66017766e-001	-3.23398223e+000	5.73463169e+003	0.00000000e+000	3.6493e+015	1.0000e-010	0.0000e+000
1.160000e+003	1.66591230e-001	-3.23340877e+000	5.66664565e+003	0.00000000e+000	3.5693e+015	1.0000e-010	0.0000e+000
1.170000e+003	1.67157894e-001	-3.23284211e+000	5.60013362e+003	0.00000000e+000	3.4919e+015	1.0000e-010	0.0000e+000
1.180000e+003	1.67717908e-001	-3.23228209e+000	5.53504690e+003	0.00000000e+000	3.4171e+015	1.0000e-010	0.0000e+000
1.190000e+003	1.68271412e-001	-3.23172859e+000	5.47133891e+003	0.00000000e+000	3.3447e+015	1.0000e-010	0.0000e+000
1.200000e+003	1.68818546e-001	-3.23118145e+000	5.40896507e+003	0.00000000e+000	3.2746e+015	1.0000e-010	0.0000e+000
1.210000e+003	1.69359443e-001	-3.23064056e+000	5.34788272e+003	0.00000000e+000	3.2068e+015	1.0000e-010	0.0000e+000
1.220000e+003	1.69894231e-001	-3.23010577e+000	5.28805096e+003	0.00000000e+000	3.1412e+015	1.0000e-010	0.0000e+000
1.230000e+003	1.70423036e-001	-3.22957696e+000	5.22943064e+003	0.00000000e+000	3.0776e+015	1.0000e-010	0.0000e+000
1.240000e+003	1.70945979e-001	-3.22905402e+000	5.17198419e+003	0.00000000e+000	3.0159e+015	1.0000e-010	0.0000e+000
1.250000e+003	1.71463177e-001	-3.22853682e+000	5.11567561e+003	0.00000000e+000	2.9562e+015	1.0000e-010	0.0000e+000
1.260000e+003	1.71974745e-001	-3.22802525e+000	5.06047033e+003	0.00000000e+000	2.8983e+015	1.0000e-010	0.0000e+000
1.270000e+003	1.72480792e-001	-3.22751921e+000	5.00633517e+003	0.00000000e+000	2.8421e+015	1.0000e-010	0.0000e+000
1.280000e+003	1.72981426e-001	-3.22701857e+000	4.95323827e+003	0.00000000e+000	2.7876e+015	1.0000e-010	0.0000e+000
1.290000e+003	1.73476749e-001	-3.22652325e+000	4.90114902e+003	0.00000000e+000	2.7347e+015	1.0000e-010	0.0000e+000
1.300000e+003	1.73966864e-001	-3.22603314e+000	4.85003801e+003	0.00000000e+000	2.6833e+015	1.0000e-010	0.0000e+000
1.310000e+003	1.74451868e-001	-3.22554813e+000	4.79987694e+003	0.00000000e+000	2.6335e+015	1.0000e-010	0.0000e+000
1.320000e+003	1.74931856e-001	-3.22506814e+000	4.75063861e+003	0.00000000e+000	2.5850e+015	1.0000e-010	0.0000e+000
1.330000e+003	1.75406920e-001	-3.22459308e+000	4.70229683e+003	0.00000000e+000	2.5380e+015	1.0000e-010	0.0000e+000
1.340000e+003	1.75877149e-001	-3.22412285e+000	4.65482641e+003	0.00000000e+000	2.4922e+015	1.0000e-010	0.0000e+000
1.350000e+003	1.76342632e-001	-3.22365737e+000	4.60820307e+003	0.00000000e+000	2.4477e+015	1.0000e-010	0.0000e+000
1.360000e+003	1.76803452e-001	-3.22319655e+000	4.56240345e+003	0.00000000e+000	2.4045e+015	1.0000e-010	0.0000e+000
1.370000e+003	1.77259693e-001	-3.22274031e+000	4.51740502e+003	0.00000000e+000	2.3624e+015	1.0000e-010	0.0000e+000
1.380000e+003	1.77711433e-001	-3.22228857e+000	4.47318606e+003	0.00000000e+000	2.3215e+015	1.0000e-010	0.0000e+000
1.390000e+003	1.78158752e-001	-3.22184125e+000	4.42972565e+003	0.00000000e+000	2.2817e+015	1.0000e-010	0.0000e+000
1.400000e+003	1.78601724e-001	-3.22139828e+000	4.38700358e+003	0.00000000e+000	2.2429e+015	1.0000e-010	0.0000e+000
1.410000e+003	1.79040425e-001	-3.22095958e+000	4.34500038e+003	0.00000000e+000	2.2052e+015	1.0000e-010	0.0000e+000
1.420000e+003	1.79474925e-001	-3.22052508e+000	4.30369723e+003	0.00000000e+000	2.1684e+015	1.0000e-010	0.0000e+000
1.430000e+003	1.79905294e-001	-3.22009471e+000	4.26307599e+003	0.00000000e+000	2.1326e+015	1.0000e-010	0.0000e+000
1.440000e+003	1.80331602e-001	-3.21966840e+000	4.22311911e+003	0.00000000e+000	2.0977e+015	1.0000e-010	0.0000e+000
1.450000e+003	1.80753914e-001	-3.21924609e+000	4.18380965e+003	0.00000000e+000	2.0638e+015	1.0000e-010	0.0000e+000
1.460000e+003	1.81172295e-001	-3.21882771e+000	4.14513125e+003	0.00000000e+000	2.0306e+015	1.0000e-010	0.0000e+000
1.470000e+003	1.81586808e-001	-3.21841319e+000	4.10706807e+003	0.00000000e+000	1.9983e+015	1.0000e-010	0.0000e+000
1.480000e+003	1.81997515e-001	-3.21800249e+000	4.06960482e+003	0.00000000e+000	1.9668e+015	1.0000e-010	0.0000e+000
1.490000e+003	1.82404475e-001	-3.21759552e+000	4.03272670e+003	0.00000000e+000	1.9361e+015	1.0000e-010	0.0000e+000
1.500000e+003	1.82807748e-001	-3.21719225e+000	3.99641938e+003	0.00000000e+000	1.9061e+015	1.0000e-010	0.0000e+000
1.510000e+003	1.83207390e-001	-3.21679261e+000	3.96066902e+003	0.00000000e+000	1.8769e+015	1.0000e-010	0.0000e+000
1.520000e+003	1.83603457e-001	-3.21639654e+000	3.92546220e+003	0.00000000e+000	1.8484e+015	1.0000e-010	0.0000e+000
1.530000e+003	1.83996003e-001	-3.21600400e+000	3.89078594e+003	0.00000000e+000	1.8205e+015	1.0000e-010	0.0000e+000
1.540000e+003	1.84385082e-001	-3.21561492e+000	3.85662765e+003	0.00000000e+000	1.7933e+015	1.0000e-010	0.0000e+000
1.550000e+003	1.84770744e-001	-3.21522926e+000	3.82297516e+003	0.00000000e+000	1.7668e+015	1.0000e-010	0.0000e+000
1.560000e+003	1.85153042e-001	-3.21484696e+000	3.78981666e+003	0.00000000e+000	1.7408e+015	1.0000e-010	0.0000e+000
1.570000e+003	1.85532024e-001	-3.21446798e+000	3.75714070e+003	0.00000000e+000	1.7155e+015	1.0000e-010	0.0000e+000
1.580000e+003	1.85907738e-001	-3.21409226e+000	3.72493620e+003	0.00000000e+000	1.6907e+015	1.0000e-010	0.0000e+000
1.590000e+003	1.86280231e-001	-3.21371977e+000	3.69319240e+003	0.00000000e+000	1.6666e+015	1.0000e-010	0.0000e+000
1.600000e+003	1.86649551e-001	-3.21335045e+000	3.66189886e+003	0.00000000e+000	1.6429e+015	1.0000e-010	0.0000e+000
1.610000e+003	1.87015740e-001	-3.21298426e+000	3.63104547e+003	0.00000000e+000	1.6198e+015	1.0000e-010	0.0000e+000
1.620000e+003	1.87378845e-001	-3.21262116e+000	3.60062239e+003	0.00000000e+000	1.5972e+015	1.0000e-010	0.0000e+000
1.630000e+003	1.87738907e-001	-3.21226109e+000	3.57062011e+003	0.00000000e+000	1.5751e+015	1.0000e-010	0.0000e+000
1.640000e+003	1.88095969e-001	-3.21190403e+000	3.54102937e+003	0.00000000e+000	1.5535e+015	1.0000e-010	0.0000e+000
1.650000e+003	1.88450072e-001	-3.21154993e+000	3.51184118e+003	0.00000000e+000	1.5324e+015	1.0000e-010	0.0000e+000
1.660000e+003	1.88801256e-001	-3.21119874e+000	3.48304681e+003	0.00000000e+000	1.5117e+015	1.0000e-010	0.0000e+000
1.670000e+003	1.89149561e-001	-3.21085044e+000	3.45463778e+003	0.00000000e+000	1.4915e+015	1.0000e-010	0.0000e+000
1.680000e+003	1.89495025e-001	-3.21050498e+000	3.42660587e+003	0.00000000e+000	1.4717e+015	1.0000e-010	0.0000e+000
1.690000e+003	1.89837685e-001	-3.21016231e+000	3.39894305e+003	0.00000000e+000	1.4523e+015	1.0000e-010	0.0000e+000
1.700000e+003	1.90177580e-001	-3.20982242e+000	3.37164156e+003	0.00000000e+000	1.4333e+015	1.0000e-010	0.0000e+000
1.710000e+003	1.90514744e-001	-3.20948526e+000	3.34469383e+003	0.00000000e+000	1.4148e+015	1.0000e-010	0.0000e+000
1.720000e+003	1.90849213e-001	-3.20915079e+000	3.31809250e+003	0.00000000e+000	1.3966e+015	1.0000e-010	0.0000e+000
1.730000e+003	1.91181022e-001	-3.20881898e+000	3.29183041e+003	0.00000000e+000	1.3788e+015	1.0000e-010	0.0000e+000
1.740000e+003	1.91510205e-001	-3.20848979e+000	3.26590060e+003	0.00000000e+000	1.3613e+015	1.0000e-010	0.0000e+000
1.750000e+003	1.91836796e-001	-3.20816320e+000	3.24029631e+003	0.00000000e+000	1.3442e+015	1.0000e-010	0.0000e+000
1.760000e+003	1.92160825e-001	-3.20783917e+000	3.21501094e+003	0.00000000e+000	1.3275e+015	1.0000e-010	0.0000e+000
1.770000e+003	1.92482326e-001	-3.20751767e+000	3.19003808e+003	0.00000000e+000	1.3111e+015	1.0000e-010	0.0000e+000
1.780000e+003	1.92801330e-001	-3.20719867e+000	3.16537148e+003	0.00000000e+000	1.2950e+015	1.0000e-010	0.0000e+000
1.790000e+003	1.93117867e-001	-3.20688213e+000	3.14100507e+003	0.00000000e+000	1.2792e+015	1.0000e-010	0.0000e+000
1.800000e+003	1.93431968e-001	-3.20656803e+000	3.11693291e+003	0.00000000e+000	1.2638e+015	1.0000e-010	0.0000e+000
1.810000e+003	1.93743661e-001	-3.20625634e+000	3.09314924e+003	0.00000000e+000	1.2486e+015	1.0000e-010	0.0000e+000
1.820000e+003	1.94052976e-001	-3.20594702e+000	3.06964845e+003	0.00000000e+000	1.2338e+015	1.0000e-010	0.0000e+000
1.830000e+003	1.94359941e-001	-3.20564006e+000	3.04642505e+003	0.00000000e+000	1.2192e+015	1.0000e-010	0.0000e+000
1.840000e+003	1.94664583e-001	-3.20533542e+000	3.02347371e+003	0.00000000e+000	1.2049e+015	1.0000e-010	0.0000e+000
1.850000e+003	1.94966931e-001	-3.20503307e+000	3.00078924e+003	0.00000000e+000	1.1909e+015	1.0000e-010	0.0000e+000
1.860000e+003	1.95267010e-001	-3.20473299e+000	2.97836655e+003	0.00000000e+000	1.1772e+015	1.0000e-010	0.0000e+000
1.870000e+003	1.95564846e-001	-3.20443515e+000	2.95620071e+003	0.00000000e+000	1.1637e+015	1.0000e-010	0.0000e+000
1.880000e+003	1.95860466e-001	-3.20413953e+000	2.93428689e+003	0.00000000e+000	1.1505e+015	1.0000e-010	0.0000e+000
1.890000e+003	1.96153895e-001	-3.20384611e+000	2.91262039e+003	0.00000000e+000	1.1375e+015	1.0000e-010	0.0000e+000
1.900000e+003	1.96445157e-001	-3.20355484e+000	2.89119664e+003	0.00000000e+000	1.1248e+015	1.0000e-010	0.0000e+000
1.910000e+003	1.96734277e-001	-3.20326572e+000	2.87001114e+003	0.00000000e+000	1.1122e+015	1.0000e-010	0.0000e+000
1.920000e+003	1.97021278e-001	-3.20297872e+000	2.84905954e+003	0.00000000e+000	1.1000e+015	1.0000e-010	0.0000e+000
1.930000e+003	1.97306184e-001	-3.20269382e+000	2.82833757e+003	0.00000000e+000	1.0879e+015	1.0000e-010	0.0000e+000
1.940000e+003	1.97589017e-001	-3.20241098e+000	2.80784107e+003	0.00000000e+000	1.0761e+015	1.0000e-010	0.0000e+000
1.950000e+003	1.97869802e-001	-3.20213020e+000	2.78756599e+003	0.00000000e+000	1.0644e+015	1.0000e-010	0.0000e+000
1.960000e+003	1.98148558e-001	-3.20185144e+000	2.76750835e+003	0.00000000e+000	1.0530e+015	1.0000e-010	0.0000e+000
1.970000e+003	1.98425309e-001	-3.20157469e+000	2.74766429e+003	0.00000000e+000	1.0418e+015	1.0000e-010	0.0000e+000
1.980000e+003	1.98700075e-001	-3.20129992e+000	2.72803002e+003	0.00000000e+000	1.0308e+015	1.0000e-010	0.0000e+000
1.990000e+003	1.98972878e-001	-3.20102712e+000	2.70860186e+003	0.00000000e+000	1.0200e+015	1.0000e-010	0.0000e+000
2.000000e+003	1.99243739e-001	-3.20075626e+000	2.68937618e+003	0.00000000e+000	1.0094e+015	1.0000e-010	0.0000e+000
2.010000e+003	1.99512676e-001	-3.20048732e+000	2.67034948e+003	0.00000000e+000	9.9891e+014	1.0000e-010	0.0000e+000
2.020000e+003	1.99779711e-001	-3.20022029e+000	2.65151830e+003	0.00000000e+000	9.8864e+014	1.0000e-010	0.0000e+000
2.030000e+003	2.00044863e-001	-3.19995514e+000	2.63287927e+003	0.00000000e+000	9.7855e+014	1.0000e-010	0.0000e+000
2.040000e+003	2.00308151e-001	-3.19969185e+000	2.61442911e+003	0.00000000e+000	9.6864e+014	1.0000e-010	0.0000e+000
2.050000e+003	2.00569594e-001	-3.19943041e+000	2.59616459e+003	0.00000000e+000	9.5889e+014	1.0000e-010	0.0000e+000
2.060000e+003	2.00829210e-001	-3.19917079e+000	2.57808258e+003	0.00000000e+000	9.4931e+014	1.0000e-010	0.0000e+000
2.070000e+003	2.01087019e-001	-3.19891298e+000	2.56018000e+003	0.00000000e+000	9.3989e+014	1.0000e-010	0.0000e+000
2.080000e+003	2.01343037e-001	-3.19865696e+000	2.54245383e+003	0.00000000e+000	9.3063e+014	1.0000e-010	0.0000e+000
2.090000e+003	2.01597282e-001	-3.19840272e+000	2.52490113e+003	0.00000000e+000	9.2152e+014	1.0000e-010	0.0000e+000
2.100000e+003	2.01849772e-001	-3.19815023e+000	2.50751904e+003	0.00000000e+000	9.1256e+014	1.0000e-010	0.0000e+000
2.110000e+003	2.02100524e-001	-3.19789948e+000	2.49030473e+003	0.00000000e+000	9.0375e+014	1.0000e-010	0.0000e+000
2.120000e+003	2.02349554e-001	-3.19765045e+000	2.47325545e+003	0.00000000e+000	8.9509e+014	1.0000e-010	0.0000e+000
2.130000e+003	2.02596880e-001	-3.19740312e+000	2.45636850e+003	0.00000000e+000	8.8657e+014	1.0000e-010	0.0000e+000
2.140000e+003	2.02842517e-001	-3.19715748e+000	2.43964124e+003	0.00000000e+000	8.7818e+014	1.0000e-010	0.0000e+000
2.150000e+003	2.03086481e-001	-3.19691352e+000	2.42307110e+003	0.00000000e+000	8.6994e+014	1.0000e-010	0.0000e+000
2.160000e+003	2.03328788e-001	-3.19667121e+000	2.40665554e+003	0.00000000e+000	8.6182e+014	1.0000e-010	0.0000e+000
2.170000e+003	2.03569454e-001	-3.19643055e+000	2.39039209e+003	0.00000000e+000	8.5383e+014	1.0000e-010	0.0000e+000
2.180000e+003	2.03808493e-001	-3.19619151e+000	2.37427832e+003	0.00000000e+000	8.4598e+014	1.0000e-010	0.0000e+000
2.190000e+003	2.04045921e-001	-3.19595408e+000	2.35831187e+003	0.00000000e+000	8.3824e+014	1.0000e-010	0.0000e+000
2.200000e+003	2.04281752e-001	-3.19571825e+000	2.34249041e+003	0.00000000e+000	8.3063e+014	1.0000e-010	0.0000e+000
2.210000e+003	2.04516001e-001	-3.19548400e+000	2.32681166e+003	0.00000000e+000	8.2314e+014	1.0000e-010	0.0000e+000
2.220000e+003	2.04748682e-001	-3.19525132e+000	2.31127340e+003	0.00000000e+000	8.1576e+014	1.0000e-010	0.0000e+000
2.230000e+003	2.04979809e-001	-3.19502019e+000	2.29587343e+003	0.00000000e+000	8.0850e+014	1.0000e-010	0.0000e+000
2.240000e+003	2.05209397e-001	-3.19479060e+000	2.28060963e+003	0.00000000e+000	8.0135e+014	1.0000e-010	0.0000e+000
2.250000e+003	2.05437458e-001	-3.19456254e+000	2.26547988e+003	0.00000000e+000	7.9431e+014	1.0000e-010	0.0000e+000
2.260000e+003	2.05664006e-001	-3.19433599e+000	2.25048214e+003	0.00000000e+000	7.8738e+014	1.0000e-010	0.0000e+000
2.270000e+003	2.05889054e-001	-3.19411095e+000	2.23561440e+003	0.00000000e+000	7.8056e+014	1.0000e-010	0.0000e+000
2.280000e+003	2.06112615e-001	-3.19388738e+000	2.22087467e+003	0.00000000e+000	7.7384e+014	1.0000e-010	0.0000e+000
2.290000e+003	2.06334703e-001	-3.19366530e+000	2.20626103e+003	0.00000000e+000	7.6722e+014	1.0000e-010	0.0000e+000
2.300000e+003	2.06555329e-001	-3.19344467e+000	2.19177157e+003	0.00000000e+000	7.6070e+014	1.0000e-010	0.0000e+000
2.310000e+003	2.06774506e-001	-3.19322549e+000	2.17740443e+003	0.00000000e+000	7.5428e+014	1.0000e-010	0.0000e+000
2.320000e+003	2.06992247e-001	-3.19300775e+000	2.16315780e+003	0.00000000e+000	7.4795e+014	1.0000e-010	0.0000e+000
2.330000e+003	2.07208562e-001	-3.19279144e+000	2.14902988e+003	0.00000000e+000	7.4172e+014	1.0000e-010	0.0000e+000
2.340000e+003	2.07423465e-001	-3.19257653e+000	2.13501891e+003	0.00000000e+000	7.3558e+014	1.0000e-010	0.0000e+000
2.350000e+003	2.07636967e-001	-3.19236303e+000	2.12112318e+003	0.00000000e+000	7.2953e+014	1.0000e-010	0.0000e+000
2.360000e+003	2.07849080e-001	-3.19215092e+000	2.10734099e+003	0.00000000e+000	7.2357e+014	1.0000e-010	0.0000e+000
2.370000e+003	2.08059814e-001	-3.19194019e+000	2.09367069e+003	0.00000000e+000	7.1769e+014	1.0000e-010	0.0000e+000
2.380000e+003	2.08269181e-001	-3.19173082e+000	2.08011066e+003	0.00000000e+000	7.1190e+014	1.0000e-010	0.0000e+000
2.390000e+003	2.08477192e-001	-3.19152281e+000	2.06665930e+003	0.00000000e+000	7.0620e+014	1.0000e-010	0.0000e+000
2.400000e+003	2.08683858e-001	-3.19131614e+000	2.05331504e+003	0.00000000e+000	7.0058e+014	1.0000e-010	0.0000e+000
2.410000e+003	2.08889189e-001	-3.19111081e+000	2.04007635e+003	0.00000000e+000	6.9503e+014	1.0000e-010	0.0000e+000
2.420000e+003	2.09093197e-001	-3.19090680e+000	2.02694172e+003	0.00000000e+000	6.8957e+014	1.0000e-010	0.0000e+000
2.430000e+003	2.09295891e-001	-3.19070411e+000	2.01390967e+003	0.00000000e+000	6.8418e+014	1.0000e-010	0.0000e+000
2.440000e+003	2.09497282e-001	-3.19050272e+000	2.00097874e+003	0.00000000e+000	6.7888e+014	1.0000e-010	0.0000e+000
2.450000e+003	2.09697380e-001	-3.19030262e+000	1.98814752e+003	0.00000000e+000	6.7364e+014	1.0000e-010	0.0000e+000
2.460000e+003	2.09896195e-001	-3.19010381e+000	1.97541460e+003	0.00000000e+000	6.6848e+014	1.0000e-010	0.0000e+000
2.470000e+003	2.10093736e-001	-3.18990626e+000	1.96277860e+003	0.00000000e+000	6.6339e+014	1.0000e-010	0.0000e+000
2.480000e+003	2.10290014e-001	-3.18970999e+000	1.95023818e+003	0.00000000e+000	6.5837e+014	1.0000e-010	0.0000e+000
2.490000e+003	2.10485038e-001	-3.18951496e+000	1.93779200e+003	0.00000000e+000	6.5343e+014	1.0000e-010	0.0000e+000
2.500000e+003	2.10678817e-001	-3.18932118e+000	1.92543877e+003	0.00000000e+000	6.4855e+014	1.0000e-010	0.0000e+000
2.510000e+003	2.10871361e-001	-3.18912864e+000	1.91317720e+003	0.00000000e+000	6.4373e+014	1.0000e-010	0.0000e+000
2.520000e+003	2.11062679e-001	-3.18893732e+000	1.90100604e+003	0.00000000e+000	6.3899e+014	1.0000e-010	0.0000e+000
2.530000e+003	2.11252779e-001	-3.18874722e+000	1.88892405e+003	0.00000000e+000	6.3431e+014	1.0000e-010	0.0000e+000
2.540000e+003	2.11441672e-001	-3.18855833e+000	1.87693002e+003	0.00000000e+000	6.2969e+014	1.0000e-010	0.0000e+000
2.550000e+003	2.11629365e-001	-3.18837064e+000	1.86502275e+003	0.00000000e+000	6.2513e+014	1.0000e-010	0.0000e+000
2.560000e+003	2.11815867e-001	-3.18818413e+000	1.85320108e+003	0.00000000e+000	6.2064e+014	1.0000e-010	0.0000e+000
2.570000e+003	2.12001187e-001	-3.18799881e+000	1.84146385e+003	0.00000000e+000	6.1621e+014	1.0000e-010	0.0000e+000
2.580000e+003	2.12185333e-001	-3.18781467e+000	1.82980992e+003	0.00000000e+000	6.1183e+014	1.0000e-010	0.0000e+000
2.590000e+003	2.12368314e-001	-3.18763169e+000	1.81823819e+003	0.00000000e+000	6.0752e+014	1.0000e-010	0.0000e+000
2.600000e+003	2.12550138e-001	-3.18744986e+000	1.80674756e+003	0.00000000e+000	6.0326e+014	1.0000e-010	0.0000e+000
2.610000e+003	2.12730813e-001	-3.18726919e+000	1.79533696e+003	0.00000000e+000	5.9906e+014	1.0000e-010	0.0000e+000
2.620000e+003	2.12910347e-001	-3.18708965e+000	1.78400533e+003	0.00000000e+000	5.9491e+014	1.0000e-010	0.0000e+000
2.630000e+003	2.13088747e-001	-3.18691125e+000	1.77275162e+003	0.00000000e+000	5.9082e+014	1.0000e-010	0.0000e+000
2.640000e+003	2.13266022e-001	-3.18673398e+000	1.76157482e+003	0.00000000e+000	5.8678e+014	1.0000e-010	0.0000e+000
2.650000e+003	2.13442180e-001	-3.18655782e+000	1.75047392e+003	0.00000000e+000	5.8280e+014	1.0000e-010	0.0000e+000
2.660000e+003	2.13617227e-001	-3.18638277e+000	1.73944794e+003	0.00000000e+000	5.7887e+014	1.0000e-010	0.0000e+000
2.670000e+003	2.13791172e-001	-3.18620883e+000	1.72849589e+003	0.00000000e+000	5.7498e+014	1.0000e-010	0.0000e+000
2.680000e+003	2.13964022e-001	-3.18603598e+000	1.71761682e+003	0.00000000e+000	5.7115e+014	1.0000e-010	0.0000e+000
2.690000e+003	2.14135783e-001	-3.18586422e+000	1.70680980e+003	0.00000000e+000	5.6737e+014	1.0000e-010	0.0000e+000
2.700000e+003	2.14306464e-001	-3.18569354e+000	1.69607389e+003	0.00000000e+000	5.6364e+014	1.0000e-010	0.0000e+000
2.710000e+003	2.14476072e-001	-3.18552393e+000	1.68540819e+003	0.00000000e+000	5.5995e+014	1.0000e-010	0.0000e+000
2.720000e+003	2.14644612e-001	-3.18535539e+000	1.67481179e+003	0.00000000e+000	5.5631e+014	1.0000e-010	0.0000e+000
2.730000e+003	2.14812094e-001	-3.18518791e+000	1.66428382e+003	0.00000000e+000	5.5272e+014	1.0000e-010	0.0000e+000
2.740000e+003	2.14978522e-001	-3.18502148e+000	1.65382341e+003	0.00000000e+000	5.4917e+014	1.0000e-010	0.0000e+000
2.750000e+003	2.15143904e-001	-3.18485610e+000	1.64342971e+003	0.00000000e+000	5.4567e+014	1.0000e-010	0.0000e+000
2.760000e+003	2.15308247e-001	-3.18469175e+000	1.63310187e+003	0.00000000e+000	5.4221e+014	1.0000e-010	0.0000e+000
2.770000e+003	2.15471557e-001	-3.18452844e+000	1.62283906e+003	0.00000000e+000	5.3880e+014	1.0000e-010	0.0000e+000
2.780000e+003	2.15633841e-001	-3.18436616e+000	1.61264048e+003	0.00000000e+000	5.3543e+014	1.0000e-010	0.0000e+000
2.790000e+003	2.15795105e-001	-3.18420489e+000	1.60250532e+003	0.00000000e+000	5.3210e+014	1.0000e-010	0.0000e+000
2.800000e+003	2.15955356e-001	-3.18404464e+000	1.59243279e+003	0.00000000e+000	5.2881e+014	1.0000e-010	0.0000e+000
2.810000e+003	2.16114599e-001	-3.18388540e+000	1.58242211e+003	0.00000000e+000	5.2556e+014	1.0000e-010	0.0000e+000
2.820000e+003	2.16272841e-001	-3.18372716e+000	1.57247252e+003	0.00000000e+000	5.2235e+014	1.0000e-010	0.0000e+000
2.830000e+003	2.16430089e-001	-3.18356991e+000	1.56258327e+003	0.00000000e+000	5.1919e+014	1.0000e-010	0.0000e+000
2.840000e+003	2.16586347e-001	-3.18341365e+000	1.55275361e+003	0.00000000e+000	5.1606e+014	1.0000e-010	0.0000e+000
2.850000e+003	2.16741622e-001	-3.18325838e+000	1.54298282e+003	0.00000000e+000	5.1297e+014	1.0000e-010	0.0000e+000
2.860000e+003	2.16895921e-001	-3.18310408e+000	1.53327016e+003	0.00000000e+000	5.0992e+014	1.0000e-010	0.0000e+000
2.870000e+003	2.17049248e-001	-3.18295075e+000	1.52361495e+003	0.00000000e+000	5.0690e+014	1.0000e-010	0.0000e+000
2.880000e+003	2.17201609e-001	-3.18279839e+000	1.51401647e+003	0.00000000e+000	5.0392e+014	1.0000e-010	0.0000e+000
2.890000e+003	2.17353011e-001	-3.18264699e+000	1.50447404e+003	0.00000000e+000	5.0098e+014	1.0000e-010	0.0000e+000
2.900000e+003	2.17503458e-001	-3.18249654e+000	1.49498698e+003	0.00000000e+000	4.9807e+014	1.0000e-010	0.0000e+000
2.910000e+003	2.17652957e-001	-3.18234704e+000	1.48555462e+003	0.00000000e+000	4.9520e+014	1.0000e-010	0.0000e+000
2.920000e+003	2.17801512e-001	-3.18219849e+000	1.47617631e+003	0.00000000e+000	4.9236e+014	1.0000e-010	0.0000e+000
2.930000e+003	2.17949130e-001	-3.18205087e+000	1.46685140e+003	0.00000000e+000	4.8956e+014	1.0000e-010	0.0000e+000
2.940000e+003	2.18095815e-001	-3.18190418e+000	1.45757925e+003	0.00000000e+000	4.8679e+014	1.0000e-010	0.0000e+000
2.950000e+003	2.18241573e-001	-3.18175843e+000	1.44835923e+003	0.00000000e+000	4.8405e+014	1.0000e-010	0.0000e+000
2.960000e+003	2.18386409e-001	-3.18161359e+000	1.43919072e+003	0.00000000e+000	4.8135e+014	1.0000e-010	0.0000e+000
2.970000e+003	2.18530328e-001	-3.18146967e+000	1.43007311e+003	0.00000000e+000	4.7868e+014	1.0000e-010	0.0000e+000
2.980000e+003	2.18673335e-001	-3.18132666e+000	1.42100580e+003	0.00000000e+000	4.7604e+014	1.0000e-010	0.0000e+000
2.990000e+003	2.18815436e-001	-3.18118456e+000	1.41198819e+003	0.00000000e+000	4.7343e+014	1.0000e-010	0.0000e+000
3.000000e+003	2.18956635e-001	-3.18104337e+000	1.40301970e+003	0.00000000e+000	4.7085e+014	1.0000e-010	0.0000e+000
3.010000e+003	2.19096937e-001	-3.18090306e+000	1.39409975e+003	0.00000000e+000	4.6830e+014	1.0000e-010	0.0000e+000
3.020000e+003	2.19236347e-001	-3.18076365e+000	1.38522778e+003	0.00000000e+000	4.6578e+014	1.0000e-010	0.0000e+000
3.030000e+003	2.19374869e-001	-3.18062513e+000	1.37640321e+003	0.00000000e+000	4.6329e+014	1.0000e-010	0.0000e+000
3.040000e+003	2.19512510e-001	-3.18048749e+000	1.36762551e+003	0.00000000e+000	4.6083e+014	1.0000e-010	0.0000e+000
3.050000e+003	2.19649272e-001	-3.18035073e+000	1.35889411e+003	0.00000000e+000	4.5840e+014	1.0000e-010	0.0000e+000
3.060000e+003	2.19785162e-001	-3.18021484e+000	1.35020850e+003	0.00000000e+000	4.5600e+014	1.0000e-010	0.0000e+000
3.070000e+003	2.19920183e-001	-3.18007982e+000	1.34156813e+003	0.00000000e+000	4.5362e+014	1.0000e-010	0.0000e+000
3.080000e+003	2.20054339e-001	-3.17994566e+000	1.33297248e+003	0.00000000e+000	4.5127e+014	1.0000e-010	0.0000e+000
3.090000e+003	2.20187637e-001	-3.17981236e+000	1.32442103e+003	0.00000000e+000	4.4895e+014	1.0000e-010	0.0000e+000
3.100000e+003	2.20320079e-001	-3.17967992e+000	1.31591329e+003	0.00000000e+000	4.4666e+014	1.0000e-010	0.0000e+000
3.110000e+003	2.20451670e-001	-3.17954833e+000	1.30744874e+003	0.00000000e+000	4.4439e+014	1.0000e-010	0.0000e+000
3.120000e+003	2.20582415e-001	-3.17941759e+000	1.29902689e+003	0.00000000e+000	4.4215e+014	1.0000e-010	0.0000e+000
3.130000e+003	2.20712318e-001	-3.17928768e+000	1.29064725e+003	0.00000000e+000	4.3993e+014	1.0000e-010	0.0000e+000
3.140000e+003	2.20841382e-001	-3.17915862e+000	1.28230935e+003	0.00000000e+000	4.3774e+014	1.0000e-010	0.0000e+000
3.150000e+003	2.20969613e-001	-3.17903039e+000	1.27401270e+003	0.00000000e+000	4.3558e+014	1.0000e-010	0.0000e+000
3.160000e+003	2.21097015e-001	-3.17890299e+000	1.26575684e+003	0.00000000e+000	4.3343e+014	1.0000e-010	0.0000e+000
3.170000e+003	2.21223590e-001	-3.17877641e+000	1.25754130e+003	0.00000000e+000	4.3132e+014	1.0000e-010	0.0000e+000
3.180000e+003	2.21349344e-001	-3.17865066e+000	1.24936562e+003	0.00000000e+000	4.2922e+014	1.0000e-010	0.0000e+000
3.190000e+003	2.21474281e-001	-3.17852572e+000	1.24122936e+003	0.00000000e+000	4.2715e+014	1.0000e-010	0.0000e+000
3.200000e+003	2.21598404e-001	-3.17840160e+000	1.23313208e+003	0.00000000e+000	4.2511e+014	1.0000e-010	0.0000e+000
3.210000e+003	2.21721717e-001	-3.17827828e+000	1.22507332e+003	0.00000000e+000	4.2309e+014	1.0000e-010	0.0000e+000
3.220000e+003	2.21844224e-001	-3.17815578e+000	1.21705266e+003	0.00000000e+000	4.2109e+014	1.0000e-010	0.0000e+000
3.230000e+003	2.21965930e-001	-3.17803407e+000	1.20906968e+003	0.00000000e+000	4.1911e+014	1.0000e-010	0.0000e+000
3.240000e+003	2.22086837e-001	-3.17791316e+000	1.20112394e+003	0.00000000e+000	4.1715e+014	1.0000e-010	0.0000e+000
3.250000e+003	2.22206949e-001	-3.17779305e+000	1.19321503e+003	0.00000000e+000	4.1522e+014	1.0000e-010	0.0000e+000
3.260000e+003	2.22326271e-001	-3.17767373e+000	1.18534255e+003	0.00000000e+000	4.1331e+014	1.0000e-010	0.0000e+000
3.270000e+003	2.22444805e-001	-3.17755520e+000	1.17750607e+003	0.00000000e+000	4.1142e+014	1.0000e-010	0.0000e+000
3.280000e+003	2.22562555e-001	-3.17743744e+000	1.16970521e+003	0.00000000e+000	4.0955e+014	1.0000e-010	0.0000e+000
3.290000e+003	2.22679526e-001	-3.17732047e+000	1.16193957e+003	0.00000000e+000	4.0770e+014	1.0000e-010	0.0000e+000
3.300000e+003	2.22795720e-001	-3.17720428e+000	1.15420875e+003	0.00000000e+000	4.0587e+014	1.0000e-010	0.0000e+000
3.310000e+003	2.22911141e-001	-3.17708886e+000	1.14651237e+003	0.00000000e+000	4.0406e+014	1.0000e-010	0.0000e+000
3.320000e+003	2.23025792e-001	-3.17697421e+000	1.13885005e+003	0.00000000e+000	4.0227e+014	1.0000e-010	0.0000e+000
3.330000e+003	2.23139677e-001	-3.17686032e+000	1.13122140e+003	0.00000000e+000	4.0050e+014	1.0000e-010	0.0000e+000
3.340000e+003	2.23252799e-001	-3.17674720e+000	1.12362607e+003	0.00000000e+000	3.9876e+014	1.0000e-010	0.0000e+000
3.350000e+003	2.23365162e-001	-3.17663484e+000	1.11606368e+003	0.00000000e+000	3.9703e+014	1.0000e-010	0.0000e+000
3.360000e+003	2.23476768e-001	-3.17652323e+000	1.10853386e+003	0.00000000e+000	3.9532e+014	1.0000e-010	0.0000e+000
3.370000e+003	2.23587622e-001	-3.17641238e+000	1.10103626e+003	0.00000000e+000	3.9363e+014	1.0000e-010	0.0000e+000
3.380000e+003	2.23697725e-001	-3.17630227e+000	1.09357053e+003	0.00000000e+000	3.9195e+014	1.0000e-010	0.0000e+000
3.390000e+003	2.23807082e-001	-3.17619292e+000	1.08613631e+003	0.00000000e+000	3.9030e+014	1.0000e-010	0.0000e+000
3.400000e+003	2.23915696e-001	-3.17608430e+000	1.07873326e+003	0.00000000e+000	3.8866e+014	1.0000e-010	0.0000e+000
3.410000e+003	2.24023569e-001	-3.17597643e+000	1.07136103e+003	0.00000000e+000	3.8704e+014	1.0000e-010	0.0000e+000
3.420000e+003	2.24130705e-001	-3.17586929e+000	1.06401930e+003	0.00000000e+000	3.8544e+014	1.0000e-010	0.0000e+000
3.430000e+003	2.24237107e-001	-3.17576289e+000	1.05670772e+003	0.00000000e+000	3.8386e+014	1.0000e-010	0.0000e+000
3.440000e+003	2.24342778e-001	-3.17565722e+000	1.04942596e+003	0.00000000e+000	3.8229e+014	1.0000e-010	0.0000e+000
3.450000e+003	2.24447721e-001	-3.17555228e+000	1.04217371e+003	0.00000000e+000	3.8074e+014	1.0000e-010	0.0000e+000
3.460000e+003	2.24551938e-001	-3.17544806e+000	1.03495063e+003	0.00000000e+000	3.7921e+014	1.0000e-010	0.0000e+000
3.470000e+003	2.24655433e-001	-3.17534457e+000	1.02775641e+003	0.00000000e+000	3.7770e+014	1.0000e-010	0.0000e+000
3.480000e+003	2.24758209e-001	-3.17524179e+000	1.02059073e+003	0.00000000e+000	3.7620e+014	1.0000e-010	0.0000e+000
3.490000e+003	2.24860268e-001	-3.17513973e+000	1.01345329e+003	0.00000000e+000	3.7472e+014	1.0000e-010	0.0000e+000
3.500000e+003	2.24961613e-001	-3.17503839e+000	1.00634377e+003	0.00000000e+000	3.7325e+014	1.0000e-010	0.0000e+000
3.510000e+003	2.25062247e-001	-3.17493775e+000	9.99261877e+002	0.00000000e+000	3.7180e+014	1.0000e-010	0.0000e+000
3.520000e+003	2.25162174e-001	-3.17483783e+000	9.92207303e+002	0.00000000e+000	3.7037e+014	1.0000e-010	0.0000e+000
3.530000e+003	2.25261394e-001	-3.17473861e+000	9.85179752e+002	0.00000000e+000	3.6895e+014	1.0000e-010	0.0000e+000
3.540000e+003	2.25359912e-001	-3.17464009e+000	9.78178931e+002	0.00000000e+000	3.6754e+014	1.0000e-010	0.0000e+000
3.550000e+003	2.25457730e-001	-3.17454227e+000	9.71204550e+002	0.00000000e+000	3.6616e+014	1.0000e-010	0.0000e+000
3.560000e+003	2.25554851e-001	-3.17444515e+000	9.64256321e+002	0.00000000e+000	3.6478e+014	1.0000e-010	0.0000e+000
3.570000e+003	2.25651276e-001	-3.17434872e+000	9.57333959e+002	0.00000000e+000	3.6343e+014	1.0000e-010	0.0000e+000
3.580000e+003	2.25747010e-001	-3.17425299e+000	9.50437185e+002	0.00000000e+000	3.6208e+014	1.0000e-010	0.0000e+000
3.590000e+003	2.25842053e-001	-3.17415795e+000	9.43565720e+002	0.00000000e+000	3.6075e+014	1.0000e-010	0.0000e+000
3.600000e+003	2.25936410e-001	-3.17406359e+000	9.36719289e+002	0.00000000e+000	3.5944e+014	1.0000e-010	0.0000e+000
3.610000e+003	2.26030082e-001	-3.17396992e+000	9.29897621e+002	0.00000000e+000	3.5814e+014	1.0000e-010	0.0000e+000
3.620000e+003	2.26123072e-001	-3.17387693e+000	9.23100446e+002	0.00000000e+000	3.5685e+014	1.0000e-010	0.0000e+000
3.630000e+003	2.26215382e-001	-3.17378462e+000	9.16327499e+002	0.00000000e+000	3.5558e+014	1.0000e-010	0.0000e+000
3.640000e+003	2.26307014e-001	-3.17369299e+000	9.09578516e+002	0.00000000e+000	3.5432e+014	1.0000e-010	0.0000e+000
3.650000e+003	2.26397972e-001	-3.17360203e+000	9.02853237e+002	0.00000000e+000	3.5308e+014	1.0000e-010	0.0000e+000
3.660000e+003	2.26488258e-001	-3.17351174e+000	8.96151404e+002	0.00000000e+000	3.5185e+014	1.0000e-010	0.0000e+000
3.670000e+003	2.26577873e-001	-3.17342213e+000	8.89472763e+002	0.00000000e+000	3.5063e+014	1.0000e-010	0.0000e+000
3.680000e+003	2.26666820e-001	-3.17333318e+000	8.82817061e+002	0.00000000e+000	3.4943e+014	1.0000e-010	0.0000e+000
3.690000e+003	2.26755102e-001	-3.17324490e+000	8.76184048e+002	0.00000000e+000	3.4823e+014	1.0000e-010	0.0000e+000
3.700000e+003	2.26842720e-001	-3.17315728e+000	8.69573479e+002	0.00000000e+000	3.4706e+014	1.0000e-010	0.0000e+000
3.710000e+003	2.26929678e-001	-3.17307032e+000	8.62985108e+002	0.00000000e+000	3.4589e+014	1.0000e-010	0.0000e+000
3.720000e+003	2.27015976e-001	-3.17298402e+000	8.56418693e+002	0.00000000e+000	3.4474e+014	1.0000e-010	0.0000e+000
3.730000e+003	2.27101618e-001	-3.17289838e+000	8.49873996e+002	0.00000000e+000	3.4360e+014	1.0000e-010	0.0000e+000
3.740000e+003	2.27186605e-001	-3.17281339e+000	8.43350778e+002	0.00000000e+000	3.4247e+014	1.0000e-010	0.0000e+000
3.750000e+003	2.27270940e-001	-3.17272906e+000	8.36848806e+002	0.00000000e+000	3.4135e+014	1.0000e-010	0.0000e+000
3.760000e+003	2.27354625e-001	-3.17264537e+000	8.30367848e+002	0.00000000e+000	3.4025e+014	1.0000e-010	0.0000e+000
3.770000e+003	2.27437662e-001	-3.17256234e+000	8.23907673e+002	0.00000000e+000	3.3916e+014	1.0000e-010	0.0000e+000
3.780000e+003	2.27520053e-001	-3.17247995e+000	8.17468054e+002	0.00000000e+000	3.3808e+014	1.0000e-010	0.0000e+000
3.790000e+003	2.27601800e-001	-3.17239820e+000	8.11048765e+002	0.00000000e+000	3.3701e+014	1.0000e-010	0.0000e+000
3.800000e+003	2.27682905e-001	-3.17231710e+000	8.04649584e+002	0.00000000e+000	3.3596e+014	1.0000e-010	0.0000e+000
3.810000e+003	2.27763369e-001	-3.17223663e+000	7.98270290e+002	0.00000000e+000	3.3491e+014	1.0000e-010	0.0000e+000
3.820000e+003	2.27843197e-001	-3.17215680e+000	7.91910663e+002	0.00000000e+000	3.3388e+014	1.0000e-010	0.0000e+000
3.830000e+003	2.27922388e-001	-3.17207761e+000	7.85570488e+002	0.00000000e+000	3.3286e+014	1.0000e-010	0.0000e+000
3.840000e+003	2.28000945e-001	-3.17199906e+000	7.79249550e+002	0.00000000e+000	3.3185e+014	1.0000e-010	0.0000e+000
3.850000e+003	2.28078870e-001	-3.17192113e+000	7.72947636e+002	0.00000000e+000	3.3085e+014	1.0000e-010	0.0000e+000
3.860000e+003	2.28156164e-001	-3.17184384e+000	7.66664536e+002	0.00000000e+000	3.2986e+014	1.0000e-010	0.0000e+000
3.870000e+003	2.28232831e-001	-3.17176717e+000	7.60400041e+002	0.00000000e+000	3.2889e+014	1.0000e-010	0.0000e+000
3.880000e+003	2.28308871e-001	-3.17169113e+000	7.54153946e+002	0.00000000e+000	3.2792e+014	1.0000e-010	0.0000e+000
3.890000e+003	2.28384286e-001	-3.17161571e+000	7.47926045e+002	0.00000000e+000	3.2697e+014	1.0000e-010	0.0000e+000
3.900000e+003	2.28459079e-001	-3.17154092e+000	7.41716136e+002	0.00000000e+000	3.2602e+014	1.0000e-010	0.0000e+000
3.910000e+003	2.28533250e-001	-3.17146675e+000	7.35524018e+002	0.00000000e+000	3.2509e+014	1.0000e-010	0.0000e+000
3.920000e+003	2.28606803e-001	-3.17139320e+000	7.29349493e+002	0.00000000e+000	3.2416e+014	1.0000e-010	0.0000e+000
3.930000e+003	2.28679738e-001	-3.17132026e+000	7.23192363e+002	0.00000000e+000	3.2325e+014	1.0000e-010	0.0000e+000
3.940000e+003	2.28752057e-001	-3.17124794e+000	7.17052433e+002	0.00000000e+000	3.2235e+014	1.0000e-010	0.0000e+000
3.950000e+003	2.28823762e-001	-3.17117624e+000	7.10929509e+002	0.00000000e+000	3.2145e+014	1.0000e-010	0.0000e+000
3.960000e+003	2.28894855e-001	-3.17110514e+000	7.04823401e+002	0.00000000e+000	3.2057e+014	1.0000e-010	0.0000e+000
3.970000e+003	2.28965338e-001	-3.17103466e+000	6.98733917e+002	0.00000000e+000	3.1970e+014	1.0000e-010	0.0000e+000
3.980000e+003	2.29035211e-001	-3.17096479e+000	6.92660870e+002	0.00000000e+000	3.1884e+014	1.0000e-010	0.0000e+000
3.990000e+003	2.29104477e-001	-3.17089552e+000	6.86604073e+002	0.00000000e+000	3.1798e+014	1.0000e-010	0.0000e+000
4.000000e+003	2.29173137e-001	-3.17082686e+000	6.80563341e+002	0.00000000e+000	3.1714e+014	1.0000e-010	0.0000e+000
4.010000e+003	2.29241194e-001	-3.17075881e+000	6.74538491e+002	0.00000000e+000	3.1631e+014	1.0000e-010	0.0000e+000
4.020000e+003	2.29308648e-001	-3.17069135e+000	6.68529340e+002	0.00000000e+000	3.1548e+014	1.0000e-010	0.0000e+000
4.030000e+003	2.29375501e-001	-3.17062450e+000	6.62535709e+002	0.00000000e+000	3.1467e+014	1.0000e-010	0.0000e+000
4.040000e+003	2.29441754e-001	-3.17055825e+000	6.56557418e+002	0.00000000e+000	3.1386e+014	1.0000e-010	0.0000e+000
4.050000e+003	2.29507410e-001	-3.17049259e+000	6.50594292e+002	0.00000000e+000	3.1307e+014	1.0000e-010	0.0000e+000
4.060000e+003	2.29572469e-001	-3.17042753e+000	6.44646153e+002	0.00000000e+000	3.1228e+014	1.0000e-010	0.0000e+000
4.070000e+003	2.29636934e-001	-3.17036307e+000	6.38712828e+002	0.00000000e+000	3.1150e+014	1.0000e-010	0.0000e+000
4.080000e+003	2.29700805e-001	-3.17029919e+000	6.32794144e+002	0.00000000e+000	3.1073e+014	1.0000e-010	0.0000e+000
4.090000e+003	2.29764085e-001	-3.17023592e+000	6.26889930e+002	0.00000000e+000	3.0997e+014	1.0000e-010	0.0000e+000
4.100000e+003	2.29826774e-001	-3.17017323e+000	6.21000016e+002	0.00000000e+000	3.0922e+014	1.0000e-010	0.0000e+000
4.110000e+003	2.29888874e-001	-3.17011113e+000	6.15124233e+002	0.00000000e+000	3.0848e+014	1.0000e-010	0.0000e+000
4.120000e+003	2.29950386e-001	-3.17004961e+000	6.09262415e+002	0.00000000e+000	3.0775e+014	1.0000e-010	0.0000e+000
4.130000e+003	2.30011312e-001	-3.16998869e+000	6.03414395e+002	0.00000000e+000	3.0702e+014	1.0000e-010	0.0000e+000
4.140000e+003	2.30071654e-001	-3.16992835e+000	5.97580009e+002	0.00000000e+000	3.0631e+014	1.0000e-010	0.0000e+000
4.150000e+003	2.30131412e-001	-3.16986859e+000	5.91759093e+002	0.00000000e+000	3.0560e+014	1.0000e-010	0.0000e+000
4.160000e+003	2.30190588e-001	-3.16980941e+000	5.85951487e+002	0.00000000e+000	3.0490e+014	1.0000e-010	0.0000e+000
4.170000e+003	2.30249183e-001	-3.16975082e+000	5.80157030e+002	0.00000000e+000	3.0421e+014	1.0000e-010	0.0000e+000
4.180000e+003	2.30307198e-001	-3.16969280e+000	5.74375561e+002	0.00000000e+000	3.0353e+014	1.0000e-010	0.0000e+000
4.190000e+003	2.30364636e-001	-3.16963536e+000	5.68606923e+002	0.00000000e+000	3.0285e+014	1.0000e-010	0.0000e+000
4.200000e+003	2.30421497e-001	-3.16957850e+000	5.62850959e+002	0.00000000e+000	3.0219e+014	1.0000e-010	0.0000e+000
4.210000e+003	2.30477782e-001	-3.16952222e+000	5.57107514e+002	0.00000000e+000	3.0153e+014	1.0000e-010	0.0000e+000
4.220000e+003	2.30533493e-001	-3.16946651e+000	5.51376432e+002	0.00000000e+000	3.0088e+014	1.0000e-010	0.0000e+000
4.230000e+003	2.30588630e-001	-3.16941137e+000	5.45657561e+002	0.00000000e+000	3.0024e+014	1.0000e-010	0.0000e+000
4.240000e+003	2.30643196e-001	-3.16935680e+000	5.39950747e+002	0.00000000e+000	2.9961e+014	1.0000e-010	0.0000e+000
4.250000e+003	2.30697191e-001	-3.16930281e+000	5.34255841e+002	0.00000000e+000	2.9898e+014	1.0000e-010	0.0000e+000
4.260000e+003	2.30750617e-001	-3.16924938e+000	5.28572691e+002	0.00000000e+000	2.9837e+014	1.0000e-010	0.0000e+000
4.270000e+003	2.30803474e-001	-3.16919653e+000	5.22901150e+002	0.00000000e+000	2.9776e+014	1.0000e-010	0.0000e+000
4.280000e+003	2.30855764e-001	-3.16914424e+000	5.17241068e+002	0.00000000e+000	2.9716e+014	1.0000e-010	0.0000e+000
4.290000e+003	2.30907488e-001	-3.16909251e+000	5.11592300e+002	0.00000000e+000	2.9656e+014	1.0000e-010	0.0000e+000
4.300000e+003	2.30958647e-001	-3.16904135e+000	5.05954699e+002	0.00000000e+000	2.9597e+014	1.0000e-010	0.0000e+000
4.310000e+003	2.31009243e-001	-3.16899076e+000	5.00328121e+002	0.00000000e+000	2.9540e+014	1.0000e-010	0.0000e+000
4.320000e+003	2.31059276e-001	-3.16894072e+000	4.94712422e+002	0.00000000e+000	2.9483e+014	1.0000e-010	0.0000e+000
4.330000e+003	2.31108747e-001	-3.16889125e+000	4.89107459e+002	0.00000000e+000	2.9426e+014	1.0000e-010	0.0000e+000
4.340000e+003	2.31157658e-001	-3.16884234e+000	4.83513090e+002	0.00000000e+000	2.9371e+014	1.0000e-010	0.0000e+000
4.350000e+003	2.31206009e-001	-3.16879399e+000	4.77929175e+002	0.00000000e+000	2.9316e+014	1.0000e-010	0.0000e+000
4.360000e+003	2.31253802e-001	-3.16874620e+000	4.72355573e+002	0.00000000e+000	2.9261e+014	1.0000e-010	0.0000e+000
4.370000e+003	2.31301037e-001	-3.16869896e+000	4.66792146e+002	0.00000000e+000	2.9208e+014	1.0000e-010	0.0000e+000
4.380000e+003	2.31347717e-001	-3.16865228e+000	4.61238755e+002	0.00000000e+000	2.9155e+014	1.0000e-010	0.0000e+000
4.390000e+003	2.31393840e-001	-3.16860616e+000	4.55695264e+002	0.00000000e+000	2.9103e+014	1.0000e-010	0.0000e+000
4.400000e+003	2.31439410e-001	-3.16856059e+000	4.50161535e+002	0.00000000e+000	2.9052e+014	1.0000e-010	0.0000e+000
4.410000e+003	2.31484426e-001	-3.16851557e+000	4.44637434e+002	0.00000000e+000	2.9002e+014	1.0000e-010	0.0000e+000
4.420000e+003	2.31528890e-001	-3.16847111e+000	4.39122826e+002	0.00000000e+000	2.8952e+014	1.0000e-010	0.0000e+000
4.430000e+003	2.31572802e-001	-3.16842720e+000	4.33617577e+002	0.00000000e+000	2.8903e+014	1.0000e-010	0.0000e+000
4.440000e+003	2.31616164e-001	-3.16838384e+000	4.28121554e+002	0.00000000e+000	2.8854e+014	1.0000e-010	0.0000e+000
4.450000e+003	2.31658976e-001	-3.16834102e+000	4.22634626e+002	0.00000000e+000	2.8806e+014	1.0000e-010	0.0000e+000
4.460000e+003	2.31701240e-001	-3.16829876e+000	4.17156660e+002	0.00000000e+000	2.8759e+014	1.0000e-010	0.0000e+000
4.470000e+003	2.31742955e-001	-3.16825704e+000	4.11687526e+002	0.00000000e+000	2.8713e+014	1.0000e-010	0.0000e+000
4.480000e+003	2.31784124e-001	-3.16821588e+000	4.06227096e+002	0.00000000e+000	2.8667e+014	1.0000e-010	0.0000e+000
4.490000e+003	2.31824747e-001	-3.16817525e+000	4.00775238e+002	0.00000000e+000	2.8622e+014	1.0000e-010	0.0000e+000
4.500000e+003	2.31864824e-001	-3.16813518e+000	3.95331826e+002	0.00000000e+000	2.8578e+014	1.0000e-010	0.0000e+000
4.510000e+003	2.31904357e-001	-3.16809564e+000	3.89896732e+002	0.00000000e+000	2.8534e+014	1.0000e-010	0.0000e+000
4.520000e+003	2.31943347e-001	-3.16805665e+000	3.84469829e+002	0.00000000e+000	2.8491e+014	1.0000e-010	0.0000e+000
4.530000e+003	2.31981794e-001	-3.16801821e+000	3.79050990e+002	0.00000000e+000	2.8449e+014	1.0000e-010	0.0000e+000
4.540000e+003	2.32019699e-001	-3.16798030e+000	3.73640091e+002	0.00000000e+000	2.8407e+014	1.0000e-010	0.0000e+000
4.550000e+003	2.32057063e-001	-3.16794294e+000	3.68237007e+002	0.00000000e+000	2.8366e+014	1.0000e-010	0.0000e+000
4.560000e+003	2.32093887e-001	-3.16790611e+000	3.62841614e+002	0.00000000e+000	2.8326e+014	1.0000e-010	0.0000e+000
4.570000e+003	2.32130171e-001	-3.16786983e+000	3.57453787e+002	0.00000000e+000	2.8286e+014	1.0000e-010	0.0000e+000
4.580000e+003	2.32165916e-001	-3.16783408e+000	3.52073406e+002	0.00000000e+000	2.8247e+014	1.0000e-010	0.0000e+000
4.590000e+003	2.32201124e-001	-3.16779888e+000	3.46700347e+002	0.00000000e+000	2.8209e+014	1.0000e-010	0.0000e+000
4.600000e+003	2.32235794e-001	-3.16776421e+000	3.41334488e+002	0.00000000e+000	2.8171e+014	1.0000e-010	0.0000e+000
4.610000e+003	2.32269927e-001	-3.16773007e+000	3.35975710e+002	0.00000000e+000	2.8134e+014	1.0000e-010	0.0000e+000
4.620000e+003	2.32303525e-001	-3.16769648e+000	3.30623892e+002	0.00000000e+000	2.8097e+014	1.0000e-010	0.0000e+000
4.630000e+003	2.32336587e-001	-3.16766341e+000	3.25278914e+002	0.00000000e+000	2.8061e+014	1.0000e-010	0.0000e+000
4.640000e+003	2.32369115e-001	-3.16763088e+000	3.19940657e+002	0.00000000e+000	2.8026e+014	1.0000e-010	0.0000e+000
4.650000e+003	2.32401109e-001	-3.16759889e+000	3.14609002e+002	0.00000000e+000	2.7991e+014	1.0000e-010	0.0000e+000
4.660000e+003	2.32432570e-001	-3.16756743e+000	3.09283832e+002	0.00000000e+000	2.7957e+014	1.0000e-010	0.0000e+000
4.670000e+003	2.32463498e-001	-3.16753650e+000	3.03965029e+002	0.00000000e+000	2.7924e+014	1.0000e-010	0.0000e+000
4.680000e+003	2.32493895e-001	-3.16750611e+000	2.98652475e+002	0.00000000e+000	2.7891e+014	1.0000e-010	0.0000e+000
4.690000e+003	2.32523760e-001	-3.16747624e+000	2.93346056e+002	0.00000000e+000	2.7859e+014	1.0000e-010	0.0000e+000
4.700000e+003	2.32553095e-001	-3.16744691e+000	2.88045655e+002	0.00000000e+000	2.7827e+014	1.0000e-010	0.0000e+000
4.710000e+003	2.32581899e-001	-3.16741810e+000	2.82751156e+002	0.00000000e+000	2.7796e+014	1.0000e-010	0.0000e+000
4.720000e+003	2.32610174e-001	-3.16738983e+000	2.77462444e+002	0.00000000e+000	2.7766e+014	1.0000e-010	0.0000e+000
4.730000e+003	2.32637921e-001	-3.16736208e+000	2.72179406e+002	0.00000000e+000	2.7736e+014	1.0000e-010	0.0000e+000
4.740000e+003	2.32665139e-001	-3.16733486e+000	2.66901927e+002	0.00000000e+000	2.7707e+014	1.0000e-010	0.0000e+000
4.750000e+003	2.32691829e-001	-3.16730817e+000	2.61629894e+002	0.00000000e+000	2.7678e+014	1.0000e-010	0.0000e+000
4.760000e+003	2.32717992e-001	-3.16728201e+000	2.56363193e+002	0.00000000e+000	2.7650e+014	1.0000e-010	0.0000e+000
4.770000e+003	2.32743628e-001	-3.16725637e+000	2.51101713e+002	0.00000000e+000	2.7623e+014	1.0000e-010	0.0000e+000
4.780000e+003	2.32768738e-001	-3.16723126e+000	2.45845341e+002	0.00000000e+000	2.7596e+014	1.0000e-010	0.0000e+000
4.790000e+003	2.32793323e-001	-3.16720668e+000	2.40593965e+002	0.00000000e+000	2.7570e+014	1.0000e-010	0.0000e+000
4.800000e+003	2.32817382e-001	-3.16718262e+000	2.35347474e+002	0.00000000e+000	2.7544e+014	1.0000e-010	0.0000e+000
4.810000e+003	2.32840917e-001	-3.16715908e+000	2.30105757e+002	0.00000000e+000	2.7519e+014	1.0000e-010	0.0000e+000
4.820000e+003	2.32863928e-001	-3.16713607e+000	2.24868703e+002	0.00000000e+000	2.7495e+014	1.0000e-010	0.0000e+000
4.830000e+003	2.32886414e-001	-3.16711359e+000	2.19636203e+002	0.00000000e+000	2.7471e+014	1.0000e-010	0.0000e+000
4.840000e+003	2.32908378e-001	-3.16709162e+000	2.14408147e+002	0.00000000e+000	2.7447e+014	1.0000e-010	0.0000e+000
4.850000e+003	2.32929819e-001	-3.16707018e+000	2.09184425e+002	0.00000000e+000	2.7425e+014	1.0000e-010	0.0000e+000
4.860000e+003	2.32950737e-001	-3.16704926e+000	2.03964927e+002	0.00000000e+000	2.7402e+014	1.0000e-010	0.0000e+000
4.870000e+003	2.32971134e-001	-3.16702887e+000	1.98749547e+002	0.00000000e+000	2.7381e+014	1.0000e-010	0.0000e+000
4.880000e+003	2.32991009e-001	-3.16700899e+000	1.93538174e+002	0.00000000e+000	2.7360e+014	1.0000e-010	0.0000e+000
4.890000e+003	2.33010363e-001	-3.16698964e+000	1.88330701e+002	0.00000000e+000	2.7339e+014	1.0000e-010	0.0000e+000
4.900000e+003	2.33029196e-001	-3.16697080e+000	1.83127021e+002	0.00000000e+000	2.7319e+014	1.0000e-010	0.0000e+000
4.910000e+003	2.33047508e-001	-3.16695249e+000	1.77927025e+002	0.00000000e+000	2.7300e+014	1.0000e-010	0.0000e+000
4.920000e+003	2.33065301e-001	-3.16693470e+000	1.72730607e+002	0.00000000e+000	2.7281e+014	1.0000e-010	0.0000e+000
4.930000e+003	2.33082574e-001	-3.16691743e+000	1.67537660e+002	0.00000000e+000	2.7263e+014	1.0000e-010	0.0000e+000
4.940000e+003	2.33099328e-001	-3.16690067e+000	1.62348077e+002	0.00000000e+000	2.7245e+014	1.0000e-010	0.0000e+000
4.950000e+003	2.33115563e-001	-3.16688444e+000	1.57161752e+002	0.00000000e+000	2.7228e+014	1.0000e-010	0.0000e+000
4.960000e+003	2.33131279e-001	-3.16686872e+000	1.51978579e+002	0.00000000e+000	2.7212e+014	1.0000e-010	0.0000e+000
4.970000e+003	2.33146477e-001	-3.16685352e+000	1.46798453e+002	0.00000000e+000	2.7196e+014	1.0000e-010	0.0000e+000
4.980000e+003	2.33161157e-001	-3.16683884e+000	1.41621267e+002	0.00000000e+000	2.7180e+014	1.0000e-010	0.0000e+000
4.990000e+003	2.33175319e-001	-3.16682468e+000	1.36446916e+002	0.00000000e+000	2.7165e+014	1.0000e-010	0.0000e+000
5.000000e+003	2.33188963e-001	-3.16681104e+000	1.31275295e+002	0.00000000e+000	2.7151e+014	1.0000e-010	0.0000e+000
5.010000e+003	2.33202091e-001	-3.16679791e+000	1.26106300e+002	0.00000000e+000	2.7137e+014	1.0000e-010	0.0000e+000
5.020000e+003	2.33214702e-001	-3.16678530e+000	1.20939826e+002	0.00000000e+000	2.7124e+014	1.0000e-010	0.0000e+000
5.030000e+003	2.33226796e-001	-3.16677320e+000	1.15775769e+002	0.00000000e+000	2.7111e+014	1.0000e-010	0.0000e+000
5.040000e+003	2.33238373e-001	-3.16676163e+000	1.10614023e+002	0.00000000e+000	2.7099e+014	1.0000e-010	0.0000e+000
5.050000e+003	2.33249435e-001	-3.16675057e+000	1.05454486e+002	0.00000000e+000	2.7088e+014	1.0000e-010	0.0000e+000
5.060000e+003	2.33259980e-001	-3.16674002e+000	1.00297052e+002	0.00000000e+000	2.7077e+014	1.0000e-010	0.0000e+000
5.070000e+003	2.33270010e-001	-3.16672999e+000	9.51416196e+001	0.00000000e+000	2.7066e+014	1.0000e-010	0.0000e+000
5.080000e+003	2.33279524e-001	-3.16672048e+000	8.99880838e+001	0.00000000e+000	2.7056e+014	1.0000e-010	0.0000e+000
5.090000e+003	2.33288523e-001	-3.16671148e+000	8.48363417e+001	0.00000000e+000	2.7047e+014	1.0000e-010	0.0000e+000
5.100000e+003	2.33297006e-001	-3.16670299e+000	7.96862899e+001	0.00000000e+000	2.7038e+014	1.0000e-010	0.0000e+000
5.110000e+003	2.33304975e-001	-3.16669503e+000	7.45378252e+001	0.00000000e+000	2.7030e+014	1.0000e-010	0.0000e+000
5.120000e+003	2.33312429e-001	-3.16668757e+000	6.93908448e+001	0.00000000e+000	2.7022e+014	1.0000e-010	0.0000e+000
5.130000e+003	2.33319368e-001	-3.16668063e+000	6.42452458e+001	0.00000000e+000	2.7014e+014	1.0000e-010	0.0000e+000
5.140000e+003	2.33325792e-001	-3.16667421e+000	5.91009253e+001	0.00000000e+000	2.7008e+014	1.0000e-010	0.0000e+000
5.150000e+003	2.33331702e-001	-3.16666830e+000	5.39577808e+001	0.00000000e+000	2.7002e+014	1.0000e-010	0.0000e+000
5.160000e+003	2.33337098e-001	-3.16666290e+000	4.88157096e+001	0.00000000e+000	2.6996e+014	1.0000e-010	0.0000e+000
5.170000e+003	2.33341980e-001	-3.16665802e+000	4.36746092e+001	0.00000000e+000	2.6991e+014	1.0000e-010	0.0000e+000
5.180000e+003	2.33346347e-001	-3.16665365e+000	3.85343774e+001	0.00000000e+000	2.6986e+014	1.0000e-010	0.0000e+000
5.190000e+003	2.33350201e-001	-3.16664980e+000	3.33949117e+001	0.00000000e+000	2.6982e+014	1.0000e-010	0.0000e+000
5.200000e+003	2.33353540e-001	-3.16664646e+000	2.82561098e+001	0.00000000e+000	2.6979e+014	1.0000e-010	0.0000e+000
5.210000e+003	2.33356366e-001	-3.16664363e+000	2.31178696e+001	0.00000000e+000	2.6976e+014	1.0000e-010	0.0000e+000
5.220000e+003	2.33358678e-001	-3.16664132e+000	1.79800888e+001	0.00000000e+000	2.6973e+014	1.0000e-010	0.0000e+000
5.230000e+003	2.33360476e-001	-3.16663952e+000	1.28426654e+001	0.00000000e+000	2.6972e+014	1.0000e-010	0.0000e+000
5.240000e+003	2.33361760e-001	-3.16663824e+000	7.70549715e+000	0.00000000e+000	2.6970e+014	1.0000e-010	0.0000e+000
5.250000e+003	2.33362530e-001	-3.16663747e+000	2.56848204e+000	0.00000000e+000	2.6969e+014	1.0000e-010	0.0000e+000
5.260000e+003	2.33362787e-001	-3.16663721e+000	2.56848204e+000	0.00000000e+000	2.6969e+014	1.0000e-010	0.0000e+000
