Y (ang)	Ec (eV)	Ev (eV)	E (V/cm)	Ef (eV)	n (cm-3)	p (cm-3)	Nd - Na (cm-3)
0.000000e+000	-6.40000000e+000	-9.80000000e+000	3.74644823e+007	-7.00000000e+000	1.8691e+008	1.0000e-010	0.0000e+000
1.000000e+001	-2.09355177e+000	-6.19355177e+000	1.16886130e+007	0.00000000e+000	1.2309e+021	1.0000e-010	-1.3848e+020
2.000000e+001	-9.24690471e-001	-5.02469047e+000	4.61454821e+006	0.00000000e+000	3.6162e+020	1.0000e-010	0.0000e+000
3.000000e+001	-4.63235649e-001	-4.56323565e+000	2.09866093e+006	0.00000000e+000	1.2861e+020	1.0000e-010	0.0000e+000
4.000000e+001	-2.53369557e-001	-4.35336956e+000	1.07134668e+006	0.00000000e+000	5.2515e+019	1.0000e-010	0.0000e+000
5.000000e+001	-1.46234889e-001	-4.24623489e+000	6.11749191e+005	0.00000000e+000	2.3494e+019	1.0000e-010	0.0000e+000
6.000000e+001	-8.50599696e-002	-4.18505997e+000	3.92745039e+005	0.00000000e+000	1.1195e+019	1.0000e-010	0.0000e+000
7.000000e+001	-4.57854657e-002	-4.14578547e+000	2.83577532e+005	0.00000000e+000	5.5805e+018	1.0000e-010	0.0000e+000
8.000000e+001	-1.74277125e-002	-4.11742771e+000	2.28118282e+005	0.00000000e+000	2.8350e+018	1.0000e-010	0.0000e+000
9.000000e+001	5.38411569e-003	-4.09461588e+000	1.99686567e+005	0.00000000e+000	1.4534e+018	1.0000e-010	0.0000e+000
1.000000e+002	2.53527724e-002	-4.07464723e+000	1.85031829e+005	0.00000000e+000	7.4913e+017	1.0000e-010	0.0000e+000
1.100000e+002	4.38559553e-002	-4.05614404e+000	1.77452559e+005	0.00000000e+000	3.8744e+017	1.0000e-010	0.0000e+000
1.200000e+002	6.16012112e-002	-4.03839879e+000	1.73524661e+005	0.00000000e+000	2.0079e+017	1.0000e-010	0.0000e+000
1.300000e+002	7.89536773e-002	-4.02104632e+000	1.71486709e+005	0.00000000e+000	1.0418e+017	1.0000e-010	0.0000e+000
1.400000e+002	9.61023483e-002	-4.00389765e+000	1.70428672e+005	0.00000000e+000	5.4085e+016	1.0000e-010	0.0000e+000
1.500000e+002	1.13145215e-001	-3.98685478e+000	1.69876778e+005	0.00000000e+000	2.8212e+016	1.0000e-010	0.0000e+000
1.600000e+002	1.30132893e-001	-3.96986711e+000	1.69590707e+005	0.00000000e+000	1.4624e+016	1.0000e-010	0.0000e+000
1.700000e+002	1.47091964e-001	-3.95290804e+000	1.69442258e+005	0.00000000e+000	7.5885e+015	1.0000e-010	0.0000e+000
1.800000e+002	1.64036190e-001	-3.93596381e+000	1.69365181e+005	0.00000000e+000	3.9401e+015	1.0000e-010	0.0000e+000
1.900000e+002	1.80972708e-001	-3.91902729e+000	1.69325150e+005	0.00000000e+000	2.0464e+015	1.0000e-010	0.0000e+000
2.000000e+002	1.97905223e-001	-3.90209478e+000	1.69304355e+005	0.00000000e+000	1.0630e+015	1.0000e-010	0.0000e+000
2.100000e+002	2.14835658e-001	-3.88516434e+000	1.69293553e+005	0.00000000e+000	5.5222e+014	1.0000e-010	0.0000e+000
2.200000e+002	-3.28234986e-001	-3.72823499e+000	1.33564961e+006	0.00000000e+000	7.7015e+019	1.0000e-010	1.3848e+020
2.300000e+002	-1.72270025e-001	-3.60027002e+000	6.66756424e+005	0.00000000e+000	2.9899e+019	1.0000e-010	-5.2547e+018
2.400000e+002	-8.31943825e-002	-3.53919438e+000	3.58933208e+005	0.00000000e+000	1.0885e+019	1.0000e-010	-5.2784e+018
2.500000e+002	-2.49010617e-002	-3.50890106e+000	1.92165775e+005	0.00000000e+000	3.4454e+018	1.0000e-010	-5.3022e+018
2.600000e+002	-7.28844842e-002	-3.47288448e+000	3.17056983e+005	0.00000000e+000	9.2466e+018	1.0000e-010	1.5835e+019
2.700000e+002	-4.11787859e-002	-3.44117879e+000	2.20756859e+005	0.00000000e+000	5.0558e+018	1.0000e-010	0.0000e+000
2.800000e+002	-1.91031000e-002	-3.41910310e+000	1.64284857e+005	0.00000000e+000	2.9648e+018	1.0000e-010	0.0000e+000
2.900000e+002	-2.67461427e-003	-3.40267461e+000	1.28805814e+005	0.00000000e+000	1.8627e+018	1.0000e-010	0.0000e+000
3.000000e+002	1.02059671e-002	-3.38979403e+000	1.05078159e+005	0.00000000e+000	1.2457e+018	1.0000e-010	0.0000e+000
3.100000e+002	2.07137830e-002	-3.37928622e+000	8.83452076e+004	0.00000000e+000	8.7848e+017	1.0000e-010	0.0000e+000
3.200000e+002	2.95483038e-002	-3.37045170e+000	7.60192541e+004	0.00000000e+000	6.4711e+017	1.0000e-010	0.0000e+000
3.300000e+002	3.71502292e-002	-3.36284977e+000	6.66114756e+004	0.00000000e+000	4.9391e+017	1.0000e-010	0.0000e+000
3.400000e+002	4.38113768e-002	-3.35618862e+000	5.92196506e+004	0.00000000e+000	3.8807e+017	1.0000e-010	0.0000e+000
3.500000e+002	4.97333418e-002	-3.35026666e+000	5.32712684e+004	0.00000000e+000	3.1229e+017	1.0000e-010	0.0000e+000
3.600000e+002	5.50604687e-002	-3.34493953e+000	4.83881806e+004	0.00000000e+000	2.5636e+017	1.0000e-010	0.0000e+000
3.700000e+002	5.98992867e-002	-3.34010071e+000	4.43118061e+004	0.00000000e+000	2.1401e+017	1.0000e-010	0.0000e+000
3.800000e+002	6.43304673e-002	-3.33566953e+000	4.08599411e+004	0.00000000e+000	1.8122e+017	1.0000e-010	0.0000e+000
3.900000e+002	6.84164614e-002	-3.33158354e+000	3.79008119e+004	0.00000000e+000	1.5535e+017	1.0000e-010	0.0000e+000
4.000000e+002	7.22065426e-002	-3.32779346e+000	3.53369270e+004	0.00000000e+000	1.3460e+017	1.0000e-010	0.0000e+000
4.100000e+002	7.57402353e-002	-3.32425976e+000	3.30947047e+004	0.00000000e+000	1.1772e+017	1.0000e-010	0.0000e+000
4.200000e+002	7.90497058e-002	-3.32095029e+000	3.11176231e+004	0.00000000e+000	1.0380e+017	1.0000e-010	0.0000e+000
4.300000e+002	8.21614681e-002	-3.31783853e+000	2.93615802e+004	0.00000000e+000	9.2193e+016	1.0000e-010	0.0000e+000
4.400000e+002	8.50976261e-002	-3.31490237e+000	2.77916817e+004	0.00000000e+000	8.2420e+016	1.0000e-010	0.0000e+000
4.500000e+002	8.78767943e-002	-3.31212321e+000	2.63799702e+004	0.00000000e+000	7.4115e+016	1.0000e-010	0.0000e+000
4.600000e+002	9.05147913e-002	-3.30948521e+000	2.51037919e+004	0.00000000e+000	6.7000e+016	1.0000e-010	0.0000e+000
4.700000e+002	9.30251705e-002	-3.30697483e+000	2.39446016e+004	0.00000000e+000	6.0858e+016	1.0000e-010	0.0000e+000
4.800000e+002	9.54196306e-002	-3.30458037e+000	2.28870757e+004	0.00000000e+000	5.5520e+016	1.0000e-010	0.0000e+000
4.900000e+002	9.77083382e-002	-3.30229166e+000	2.19184446e+004	0.00000000e+000	5.0853e+016	1.0000e-010	0.0000e+000
5.000000e+002	9.99001827e-002	-3.30009982e+000	2.10279836e+004	0.00000000e+000	4.6749e+016	1.0000e-010	0.0000e+000
5.100000e+002	1.02002981e-001	-3.29799702e+000	2.02066207e+004	0.00000000e+000	4.3122e+016	1.0000e-010	0.0000e+000
5.200000e+002	1.04023643e-001	-3.29597636e+000	1.94418886e+004	0.00000000e+000	4.0149e+016	1.0000e-010	0.0000e+000
5.300000e+002	1.05967832e-001	-3.29403217e+000	1.87325584e+004	0.00000000e+000	3.7240e+016	1.0000e-010	0.0000e+000
5.400000e+002	1.07841088e-001	-3.29215891e+000	1.80728089e+004	0.00000000e+000	3.4637e+016	1.0000e-010	0.0000e+000
5.500000e+002	1.09648369e-001	-3.29035163e+000	1.74576065e+004	0.00000000e+000	3.2298e+016	1.0000e-010	0.0000e+000
5.600000e+002	1.11394129e-001	-3.28860587e+000	1.68825764e+004	0.00000000e+000	3.0189e+016	1.0000e-010	0.0000e+000
5.700000e+002	1.13082387e-001	-3.28691761e+000	1.63438986e+004	0.00000000e+000	2.8281e+016	1.0000e-010	0.0000e+000
5.800000e+002	1.14716777e-001	-3.28528322e+000	1.58382224e+004	0.00000000e+000	2.6548e+016	1.0000e-010	0.0000e+000
5.900000e+002	1.16300599e-001	-3.28369940e+000	1.53625965e+004	0.00000000e+000	2.4970e+016	1.0000e-010	0.0000e+000
6.000000e+002	1.17836859e-001	-3.28216314e+000	1.49144113e+004	0.00000000e+000	2.3530e+016	1.0000e-010	0.0000e+000
6.100000e+002	1.19328300e-001	-3.28067170e+000	1.44913510e+004	0.00000000e+000	2.2211e+016	1.0000e-010	0.0000e+000
6.200000e+002	1.20777435e-001	-3.27922257e+000	1.40913529e+004	0.00000000e+000	2.1000e+016	1.0000e-010	0.0000e+000
6.300000e+002	1.22186570e-001	-3.27781343e+000	1.37125743e+004	0.00000000e+000	1.9886e+016	1.0000e-010	0.0000e+000
6.400000e+002	1.23557828e-001	-3.27644217e+000	1.33533635e+004	0.00000000e+000	1.8859e+016	1.0000e-010	0.0000e+000
6.500000e+002	1.24893164e-001	-3.27510684e+000	1.30122360e+004	0.00000000e+000	1.7909e+016	1.0000e-010	0.0000e+000
6.600000e+002	1.26194388e-001	-3.27380561e+000	1.26878538e+004	0.00000000e+000	1.7030e+016	1.0000e-010	0.0000e+000
6.700000e+002	1.27463173e-001	-3.27253683e+000	1.23790075e+004	0.00000000e+000	1.6214e+016	1.0000e-010	0.0000e+000
6.800000e+002	1.28701074e-001	-3.27129893e+000	1.20846015e+004	0.00000000e+000	1.5456e+016	1.0000e-010	0.0000e+000
6.900000e+002	1.29909534e-001	-3.27009047e+000	1.18036409e+004	0.00000000e+000	1.4750e+016	1.0000e-010	0.0000e+000
7.000000e+002	1.31089898e-001	-3.26891010e+000	1.15352202e+004	0.00000000e+000	1.4092e+016	1.0000e-010	0.0000e+000
7.100000e+002	1.32243420e-001	-3.26775658e+000	1.12785131e+004	0.00000000e+000	1.3477e+016	1.0000e-010	0.0000e+000
7.200000e+002	1.33371271e-001	-3.26662873e+000	1.10327647e+004	0.00000000e+000	1.2902e+016	1.0000e-010	0.0000e+000
7.300000e+002	1.34474548e-001	-3.26552545e+000	1.07972834e+004	0.00000000e+000	1.2363e+016	1.0000e-010	0.0000e+000
7.400000e+002	1.35554276e-001	-3.26444572e+000	1.05714346e+004	0.00000000e+000	1.1857e+016	1.0000e-010	0.0000e+000
7.500000e+002	1.36611420e-001	-3.26338858e+000	1.03546350e+004	0.00000000e+000	1.1382e+016	1.0000e-010	0.0000e+000
7.600000e+002	1.37646883e-001	-3.26235312e+000	1.01463473e+004	0.00000000e+000	1.0935e+016	1.0000e-010	0.0000e+000
7.700000e+002	1.38661518e-001	-3.26133848e+000	9.94607612e+003	0.00000000e+000	1.0514e+016	1.0000e-010	0.0000e+000
7.800000e+002	1.39656125e-001	-3.26034387e+000	9.75336367e+003	0.00000000e+000	1.0117e+016	1.0000e-010	0.0000e+000
7.900000e+002	1.40631462e-001	-3.25936854e+000	9.56778639e+003	0.00000000e+000	9.7428e+015	1.0000e-010	0.0000e+000
8.000000e+002	1.41588240e-001	-3.25841176e+000	9.38895175e+003	0.00000000e+000	9.3888e+015	1.0000e-010	0.0000e+000
8.100000e+002	1.42527136e-001	-3.25747286e+000	9.21649552e+003	0.00000000e+000	9.0540e+015	1.0000e-010	0.0000e+000
8.200000e+002	1.43448785e-001	-3.25655121e+000	9.05007922e+003	0.00000000e+000	8.7369e+015	1.0000e-010	0.0000e+000
8.300000e+002	1.44353793e-001	-3.25564621e+000	8.88938791e+003	0.00000000e+000	8.4363e+015	1.0000e-010	0.0000e+000
8.400000e+002	1.45242732e-001	-3.25475727e+000	8.73412817e+003	0.00000000e+000	8.1512e+015	1.0000e-010	0.0000e+000
8.500000e+002	1.46116145e-001	-3.25388386e+000	8.58402628e+003	0.00000000e+000	7.8804e+015	1.0000e-010	0.0000e+000
8.600000e+002	1.46974547e-001	-3.25302545e+000	8.43882661e+003	0.00000000e+000	7.6230e+015	1.0000e-010	0.0000e+000
8.700000e+002	1.47818430e-001	-3.25218157e+000	8.29829014e+003	0.00000000e+000	7.3782e+015	1.0000e-010	0.0000e+000
8.800000e+002	1.48648259e-001	-3.25135174e+000	8.16219316e+003	0.00000000e+000	7.1451e+015	1.0000e-010	0.0000e+000
8.900000e+002	1.49464478e-001	-3.25053552e+000	8.03032601e+003	0.00000000e+000	6.9230e+015	1.0000e-010	0.0000e+000
9.000000e+002	1.50267511e-001	-3.24973249e+000	7.90249204e+003	0.00000000e+000	6.7113e+015	1.0000e-010	0.0000e+000
9.100000e+002	1.51057760e-001	-3.24894224e+000	7.77850661e+003	0.00000000e+000	6.5093e+015	1.0000e-010	0.0000e+000
9.200000e+002	1.51835611e-001	-3.24816439e+000	7.65819617e+003	0.00000000e+000	6.3163e+015	1.0000e-010	0.0000e+000
9.300000e+002	1.52601430e-001	-3.24739857e+000	7.54139744e+003	0.00000000e+000	6.1320e+015	1.0000e-010	0.0000e+000
9.400000e+002	1.53355570e-001	-3.24664443e+000	7.42795668e+003	0.00000000e+000	5.9557e+015	1.0000e-010	0.0000e+000
9.500000e+002	1.54098366e-001	-3.24590163e+000	7.31772899e+003	0.00000000e+000	5.7870e+015	1.0000e-010	0.0000e+000
9.600000e+002	1.54830139e-001	-3.24516986e+000	7.21057769e+003	0.00000000e+000	5.6255e+015	1.0000e-010	0.0000e+000
9.700000e+002	1.55551196e-001	-3.24444880e+000	7.10637373e+003	0.00000000e+000	5.4707e+015	1.0000e-010	0.0000e+000
9.800000e+002	1.56261834e-001	-3.24373817e+000	7.00499519e+003	0.00000000e+000	5.3224e+015	1.0000e-010	0.0000e+000
9.900000e+002	1.56962333e-001	-3.24303767e+000	6.90632678e+003	0.00000000e+000	5.1801e+015	1.0000e-010	0.0000e+000
1.000000e+003	1.57652966e-001	-3.24234703e+000	6.81025938e+003	0.00000000e+000	5.0436e+015	1.0000e-010	0.0000e+000
1.010000e+003	1.58333992e-001	-3.24166601e+000	6.71668967e+003	0.00000000e+000	4.9124e+015	1.0000e-010	0.0000e+000
1.020000e+003	1.59005661e-001	-3.24099434e+000	6.62551971e+003	0.00000000e+000	4.7864e+015	1.0000e-010	0.0000e+000
1.030000e+003	1.59668213e-001	-3.24033179e+000	6.53665663e+003	0.00000000e+000	4.6653e+015	1.0000e-010	0.0000e+000
1.040000e+003	1.60321879e-001	-3.23967812e+000	6.45001228e+003	0.00000000e+000	4.5488e+015	1.0000e-010	0.0000e+000
1.050000e+003	1.60966880e-001	-3.23903312e+000	6.36550294e+003	0.00000000e+000	4.4368e+015	1.0000e-010	0.0000e+000
1.060000e+003	1.61603430e-001	-3.23839657e+000	6.28304906e+003	0.00000000e+000	4.3288e+015	1.0000e-010	0.0000e+000
1.070000e+003	1.62231735e-001	-3.23776826e+000	6.20257497e+003	0.00000000e+000	4.2249e+015	1.0000e-010	0.0000e+000
1.080000e+003	1.62851993e-001	-3.23714801e+000	6.12400869e+003	0.00000000e+000	4.1247e+015	1.0000e-010	0.0000e+000
1.090000e+003	1.63464393e-001	-3.23653561e+000	6.04728167e+003	0.00000000e+000	4.0282e+015	1.0000e-010	0.0000e+000
1.100000e+003	1.64069122e-001	-3.23593088e+000	5.97232862e+003	0.00000000e+000	3.9350e+015	1.0000e-010	0.0000e+000
1.110000e+003	1.64666354e-001	-3.23533365e+000	5.89908729e+003	0.00000000e+000	3.8452e+015	1.0000e-010	0.0000e+000
1.120000e+003	1.65256263e-001	-3.23474374e+000	5.82749830e+003	0.00000000e+000	3.7584e+015	1.0000e-010	0.0000e+000
1.130000e+003	1.65839013e-001	-3.23416099e+000	5.75750501e+003	0.00000000e+000	3.6747e+015	1.0000e-010	0.0000e+000
1.140000e+003	1.66414763e-001	-3.23358524e+000	5.68905330e+003	0.00000000e+000	3.5937e+015	1.0000e-010	0.0000e+000
1.150000e+003	1.66983669e-001	-3.23301633e+000	5.62209151e+003	0.00000000e+000	3.5155e+015	1.0000e-010	0.0000e+000
1.160000e+003	1.67545878e-001	-3.23245412e+000	5.55657024e+003	0.00000000e+000	3.4399e+015	1.0000e-010	0.0000e+000
1.170000e+003	1.68101535e-001	-3.23189847e+000	5.49244223e+003	0.00000000e+000	3.3667e+015	1.0000e-010	0.0000e+000
1.180000e+003	1.68650779e-001	-3.23134922e+000	5.42966230e+003	0.00000000e+000	3.2960e+015	1.0000e-010	0.0000e+000
1.190000e+003	1.69193745e-001	-3.23080625e+000	5.36818718e+003	0.00000000e+000	3.2275e+015	1.0000e-010	0.0000e+000
1.200000e+003	1.69730564e-001	-3.23026944e+000	5.30797543e+003	0.00000000e+000	3.1611e+015	1.0000e-010	0.0000e+000
1.210000e+003	1.70261362e-001	-3.22973864e+000	5.24898736e+003	0.00000000e+000	3.0969e+015	1.0000e-010	0.0000e+000
1.220000e+003	1.70786260e-001	-3.22921374e+000	5.19118490e+003	0.00000000e+000	3.0346e+015	1.0000e-010	0.0000e+000
1.230000e+003	1.71305379e-001	-3.22869462e+000	5.13453156e+003	0.00000000e+000	2.9743e+015	1.0000e-010	0.0000e+000
1.240000e+003	1.71818832e-001	-3.22818117e+000	5.07899233e+003	0.00000000e+000	2.9158e+015	1.0000e-010	0.0000e+000
1.250000e+003	1.72326731e-001	-3.22767327e+000	5.02453360e+003	0.00000000e+000	2.8591e+015	1.0000e-010	0.0000e+000
1.260000e+003	1.72829185e-001	-3.22717082e+000	4.97112309e+003	0.00000000e+000	2.8041e+015	1.0000e-010	0.0000e+000
1.270000e+003	1.73326297e-001	-3.22667370e+000	4.91872982e+003	0.00000000e+000	2.7507e+015	1.0000e-010	0.0000e+000
1.280000e+003	1.73818170e-001	-3.22618183e+000	4.86732398e+003	0.00000000e+000	2.6988e+015	1.0000e-010	0.0000e+000
1.290000e+003	1.74304902e-001	-3.22569510e+000	4.81687694e+003	0.00000000e+000	2.6485e+015	1.0000e-010	0.0000e+000
1.300000e+003	1.74786590e-001	-3.22521341e+000	4.76736115e+003	0.00000000e+000	2.5996e+015	1.0000e-010	0.0000e+000
1.310000e+003	1.75263326e-001	-3.22473667e+000	4.71875011e+003	0.00000000e+000	2.5521e+015	1.0000e-010	0.0000e+000
1.320000e+003	1.75735201e-001	-3.22426480e+000	4.67101832e+003	0.00000000e+000	2.5059e+015	1.0000e-010	0.0000e+000
1.330000e+003	1.76202303e-001	-3.22379770e+000	4.62414122e+003	0.00000000e+000	2.4611e+015	1.0000e-010	0.0000e+000
1.340000e+003	1.76664717e-001	-3.22333528e+000	4.57809515e+003	0.00000000e+000	2.4174e+015	1.0000e-010	0.0000e+000
1.350000e+003	1.77122527e-001	-3.22287747e+000	4.53285733e+003	0.00000000e+000	2.3750e+015	1.0000e-010	0.0000e+000
1.360000e+003	1.77575812e-001	-3.22242419e+000	4.48840579e+003	0.00000000e+000	2.3337e+015	1.0000e-010	0.0000e+000
1.370000e+003	1.78024653e-001	-3.22197535e+000	4.44471935e+003	0.00000000e+000	2.2935e+015	1.0000e-010	0.0000e+000
1.380000e+003	1.78469125e-001	-3.22153088e+000	4.40177760e+003	0.00000000e+000	2.2544e+015	1.0000e-010	0.0000e+000
1.390000e+003	1.78909303e-001	-3.22109070e+000	4.35956081e+003	0.00000000e+000	2.2164e+015	1.0000e-010	0.0000e+000
1.400000e+003	1.79345259e-001	-3.22065474e+000	4.31804998e+003	0.00000000e+000	2.1793e+015	1.0000e-010	0.0000e+000
1.410000e+003	1.79777064e-001	-3.22022294e+000	4.27722675e+003	0.00000000e+000	2.1432e+015	1.0000e-010	0.0000e+000
1.420000e+003	1.80204786e-001	-3.21979521e+000	4.23707338e+003	0.00000000e+000	2.1081e+015	1.0000e-010	0.0000e+000
1.430000e+003	1.80628494e-001	-3.21937151e+000	4.19757275e+003	0.00000000e+000	2.0738e+015	1.0000e-010	0.0000e+000
1.440000e+003	1.81048251e-001	-3.21895175e+000	4.15870831e+003	0.00000000e+000	2.0404e+015	1.0000e-010	0.0000e+000
1.450000e+003	1.81464122e-001	-3.21853588e+000	4.12046407e+003	0.00000000e+000	2.0078e+015	1.0000e-010	0.0000e+000
1.460000e+003	1.81876168e-001	-3.21812383e+000	4.08282456e+003	0.00000000e+000	1.9761e+015	1.0000e-010	0.0000e+000
1.470000e+003	1.82284451e-001	-3.21771555e+000	4.04577482e+003	0.00000000e+000	1.9451e+015	1.0000e-010	0.0000e+000
1.480000e+003	1.82689028e-001	-3.21731097e+000	4.00930039e+003	0.00000000e+000	1.9149e+015	1.0000e-010	0.0000e+000
1.490000e+003	1.83089958e-001	-3.21691004e+000	3.97338726e+003	0.00000000e+000	1.8854e+015	1.0000e-010	0.0000e+000
1.500000e+003	1.83487297e-001	-3.21651270e+000	3.93802189e+003	0.00000000e+000	1.8567e+015	1.0000e-010	0.0000e+000
1.510000e+003	1.83881099e-001	-3.21611890e+000	3.90319116e+003	0.00000000e+000	1.8286e+015	1.0000e-010	0.0000e+000
1.520000e+003	1.84271418e-001	-3.21572858e+000	3.86888236e+003	0.00000000e+000	1.8012e+015	1.0000e-010	0.0000e+000
1.530000e+003	1.84658307e-001	-3.21534169e+000	3.83508319e+003	0.00000000e+000	1.7745e+015	1.0000e-010	0.0000e+000
1.540000e+003	1.85041815e-001	-3.21495819e+000	3.80178171e+003	0.00000000e+000	1.7483e+015	1.0000e-010	0.0000e+000
1.550000e+003	1.85421993e-001	-3.21457801e+000	3.76896639e+003	0.00000000e+000	1.7228e+015	1.0000e-010	0.0000e+000
1.560000e+003	1.85798890e-001	-3.21420111e+000	3.73662600e+003	0.00000000e+000	1.6979e+015	1.0000e-010	0.0000e+000
1.570000e+003	1.86172552e-001	-3.21382745e+000	3.70474971e+003	0.00000000e+000	1.6735e+015	1.0000e-010	0.0000e+000
1.580000e+003	1.86543027e-001	-3.21345697e+000	3.67332696e+003	0.00000000e+000	1.6497e+015	1.0000e-010	0.0000e+000
1.590000e+003	1.86910360e-001	-3.21308964e+000	3.64234754e+003	0.00000000e+000	1.6264e+015	1.0000e-010	0.0000e+000
1.600000e+003	1.87274595e-001	-3.21272541e+000	3.61180154e+003	0.00000000e+000	1.6037e+015	1.0000e-010	0.0000e+000
1.610000e+003	1.87635775e-001	-3.21236423e+000	3.58167933e+003	0.00000000e+000	1.5814e+015	1.0000e-010	0.0000e+000
1.620000e+003	1.87993943e-001	-3.21200606e+000	3.55197157e+003	0.00000000e+000	1.5597e+015	1.0000e-010	0.0000e+000
1.630000e+003	1.88349140e-001	-3.21165086e+000	3.52266920e+003	0.00000000e+000	1.5384e+015	1.0000e-010	0.0000e+000
1.640000e+003	1.88701407e-001	-3.21129859e+000	3.49376340e+003	0.00000000e+000	1.5176e+015	1.0000e-010	0.0000e+000
1.650000e+003	1.89050783e-001	-3.21094922e+000	3.46524562e+003	0.00000000e+000	1.4972e+015	1.0000e-010	0.0000e+000
1.660000e+003	1.89397308e-001	-3.21060269e+000	3.43710754e+003	0.00000000e+000	1.4773e+015	1.0000e-010	0.0000e+000
1.670000e+003	1.89741018e-001	-3.21025898e+000	3.40934110e+003	0.00000000e+000	1.4577e+015	1.0000e-010	0.0000e+000
1.680000e+003	1.90081953e-001	-3.20991805e+000	3.38193843e+003	0.00000000e+000	1.4386e+015	1.0000e-010	0.0000e+000
1.690000e+003	1.90420146e-001	-3.20957985e+000	3.35489191e+003	0.00000000e+000	1.4199e+015	1.0000e-010	0.0000e+000
1.700000e+003	1.90755636e-001	-3.20924436e+000	3.32819411e+003	0.00000000e+000	1.4016e+015	1.0000e-010	0.0000e+000
1.710000e+003	1.91088455e-001	-3.20891154e+000	3.30183782e+003	0.00000000e+000	1.3837e+015	1.0000e-010	0.0000e+000
1.720000e+003	1.91418639e-001	-3.20858136e+000	3.27581601e+003	0.00000000e+000	1.3661e+015	1.0000e-010	0.0000e+000
1.730000e+003	1.91746220e-001	-3.20825378e+000	3.25012186e+003	0.00000000e+000	1.3489e+015	1.0000e-010	0.0000e+000
1.740000e+003	1.92071233e-001	-3.20792877e+000	3.22474871e+003	0.00000000e+000	1.3321e+015	1.0000e-010	0.0000e+000
1.750000e+003	1.92393707e-001	-3.20760629e+000	3.19969010e+003	0.00000000e+000	1.3156e+015	1.0000e-010	0.0000e+000
1.760000e+003	1.92713676e-001	-3.20728632e+000	3.17493972e+003	0.00000000e+000	1.2994e+015	1.0000e-010	0.0000e+000
1.770000e+003	1.93031170e-001	-3.20696883e+000	3.15049145e+003	0.00000000e+000	1.2835e+015	1.0000e-010	0.0000e+000
1.780000e+003	1.93346220e-001	-3.20665378e+000	3.12633931e+003	0.00000000e+000	1.2680e+015	1.0000e-010	0.0000e+000
1.790000e+003	1.93658854e-001	-3.20634115e+000	3.10247750e+003	0.00000000e+000	1.2527e+015	1.0000e-010	0.0000e+000
1.800000e+003	1.93969101e-001	-3.20603090e+000	3.07890033e+003	0.00000000e+000	1.2378e+015	1.0000e-010	0.0000e+000
1.810000e+003	1.94276991e-001	-3.20572301e+000	3.05560230e+003	0.00000000e+000	1.2232e+015	1.0000e-010	0.0000e+000
1.820000e+003	1.94582552e-001	-3.20541745e+000	3.03257802e+003	0.00000000e+000	1.2088e+015	1.0000e-010	0.0000e+000
1.830000e+003	1.94885809e-001	-3.20511419e+000	3.00982225e+003	0.00000000e+000	1.1947e+015	1.0000e-010	0.0000e+000
1.840000e+003	1.95186792e-001	-3.20481321e+000	2.98732988e+003	0.00000000e+000	1.1809e+015	1.0000e-010	0.0000e+000
1.850000e+003	1.95485525e-001	-3.20451448e+000	2.96509592e+003	0.00000000e+000	1.1673e+015	1.0000e-010	0.0000e+000
1.860000e+003	1.95782034e-001	-3.20421797e+000	2.94311552e+003	0.00000000e+000	1.1540e+015	1.0000e-010	0.0000e+000
1.870000e+003	1.96076346e-001	-3.20392365e+000	2.92138393e+003	0.00000000e+000	1.1409e+015	1.0000e-010	0.0000e+000
1.880000e+003	1.96368484e-001	-3.20363152e+000	2.89989654e+003	0.00000000e+000	1.1281e+015	1.0000e-010	0.0000e+000
1.890000e+003	1.96658474e-001	-3.20334153e+000	2.87864883e+003	0.00000000e+000	1.1155e+015	1.0000e-010	0.0000e+000
1.900000e+003	1.96946339e-001	-3.20305366e+000	2.85763641e+003	0.00000000e+000	1.1032e+015	1.0000e-010	0.0000e+000
1.910000e+003	1.97232102e-001	-3.20276790e+000	2.83685497e+003	0.00000000e+000	1.0910e+015	1.0000e-010	0.0000e+000
1.920000e+003	1.97515788e-001	-3.20248421e+000	2.81630033e+003	0.00000000e+000	1.0791e+015	1.0000e-010	0.0000e+000
1.930000e+003	1.97797418e-001	-3.20220258e+000	2.79596840e+003	0.00000000e+000	1.0674e+015	1.0000e-010	0.0000e+000
1.940000e+003	1.98077015e-001	-3.20192299e+000	2.77585518e+003	0.00000000e+000	1.0559e+015	1.0000e-010	0.0000e+000
1.950000e+003	1.98354600e-001	-3.20164540e+000	2.75595677e+003	0.00000000e+000	1.0447e+015	1.0000e-010	0.0000e+000
1.960000e+003	1.98630196e-001	-3.20136980e+000	2.73626936e+003	0.00000000e+000	1.0336e+015	1.0000e-010	0.0000e+000
1.970000e+003	1.98903823e-001	-3.20109618e+000	2.71678923e+003	0.00000000e+000	1.0227e+015	1.0000e-010	0.0000e+000
1.980000e+003	1.99175502e-001	-3.20082450e+000	2.69751274e+003	0.00000000e+000	1.0120e+015	1.0000e-010	0.0000e+000
1.990000e+003	1.99445253e-001	-3.20055475e+000	2.67843635e+003	0.00000000e+000	1.0015e+015	1.0000e-010	0.0000e+000
2.000000e+003	1.99713097e-001	-3.20028690e+000	2.65955658e+003	0.00000000e+000	9.9119e+014	1.0000e-010	0.0000e+000
2.010000e+003	1.99979052e-001	-3.20002095e+000	2.64087004e+003	0.00000000e+000	9.8105e+014	1.0000e-010	0.0000e+000
2.020000e+003	2.00243139e-001	-3.19975686e+000	2.62237342e+003	0.00000000e+000	9.7108e+014	1.0000e-010	0.0000e+000
2.030000e+003	2.00505377e-001	-3.19949462e+000	2.60406348e+003	0.00000000e+000	9.6127e+014	1.0000e-010	0.0000e+000
2.040000e+003	2.00765783e-001	-3.19923422e+000	2.58593705e+003	0.00000000e+000	9.5164e+014	1.0000e-010	0.0000e+000
2.050000e+003	2.01024377e-001	-3.19897562e+000	2.56799103e+003	0.00000000e+000	9.4217e+014	1.0000e-010	0.0000e+000
2.060000e+003	2.01281176e-001	-3.19871882e+000	2.55022240e+003	0.00000000e+000	9.3286e+014	1.0000e-010	0.0000e+000
2.070000e+003	2.01536198e-001	-3.19846380e+000	2.53262818e+003	0.00000000e+000	9.2370e+014	1.0000e-010	0.0000e+000
2.080000e+003	2.01789461e-001	-3.19821054e+000	2.51520549e+003	0.00000000e+000	9.1469e+014	1.0000e-010	0.0000e+000
2.090000e+003	2.02040981e-001	-3.19795902e+000	2.49795149e+003	0.00000000e+000	9.0584e+014	1.0000e-010	0.0000e+000
2.100000e+003	2.02290777e-001	-3.19770922e+000	2.48086340e+003	0.00000000e+000	8.9713e+014	1.0000e-010	0.0000e+000
2.110000e+003	2.02538863e-001	-3.19746114e+000	2.46393850e+003	0.00000000e+000	8.8856e+014	1.0000e-010	0.0000e+000
2.120000e+003	2.02785257e-001	-3.19721474e+000	2.44717416e+003	0.00000000e+000	8.8013e+014	1.0000e-010	0.0000e+000
2.130000e+003	2.03029974e-001	-3.19697003e+000	2.43056776e+003	0.00000000e+000	8.7184e+014	1.0000e-010	0.0000e+000
2.140000e+003	2.03273031e-001	-3.19672697e+000	2.41411675e+003	0.00000000e+000	8.6368e+014	1.0000e-010	0.0000e+000
2.150000e+003	2.03514443e-001	-3.19648556e+000	2.39781866e+003	0.00000000e+000	8.5565e+014	1.0000e-010	0.0000e+000
2.160000e+003	2.03754224e-001	-3.19624578e+000	2.38167103e+003	0.00000000e+000	8.4775e+014	1.0000e-010	0.0000e+000
2.170000e+003	2.03992392e-001	-3.19600761e+000	2.36567149e+003	0.00000000e+000	8.3998e+014	1.0000e-010	0.0000e+000
2.180000e+003	2.04228959e-001	-3.19577104e+000	2.34981768e+003	0.00000000e+000	8.3233e+014	1.0000e-010	0.0000e+000
2.190000e+003	2.04463940e-001	-3.19553606e+000	2.33410733e+003	0.00000000e+000	8.2480e+014	1.0000e-010	0.0000e+000
2.200000e+003	2.04697351e-001	-3.19530265e+000	2.31853818e+003	0.00000000e+000	8.1738e+014	1.0000e-010	0.0000e+000
2.210000e+003	2.04929205e-001	-3.19507079e+000	2.30310804e+003	0.00000000e+000	8.1008e+014	1.0000e-010	0.0000e+000
2.220000e+003	2.05159516e-001	-3.19484048e+000	2.28781476e+003	0.00000000e+000	8.0290e+014	1.0000e-010	0.0000e+000
2.230000e+003	2.05388297e-001	-3.19461170e+000	2.27265621e+003	0.00000000e+000	7.9583e+014	1.0000e-010	0.0000e+000
2.240000e+003	2.05615563e-001	-3.19438444e+000	2.25763034e+003	0.00000000e+000	7.8886e+014	1.0000e-010	0.0000e+000
2.250000e+003	2.05841326e-001	-3.19415867e+000	2.24273513e+003	0.00000000e+000	7.8200e+014	1.0000e-010	0.0000e+000
2.260000e+003	2.06065599e-001	-3.19393440e+000	2.22796857e+003	0.00000000e+000	7.7525e+014	1.0000e-010	0.0000e+000
2.270000e+003	2.06288396e-001	-3.19371160e+000	2.21332872e+003	0.00000000e+000	7.6859e+014	1.0000e-010	0.0000e+000
2.280000e+003	2.06509729e-001	-3.19349027e+000	2.19881368e+003	0.00000000e+000	7.6204e+014	1.0000e-010	0.0000e+000
2.290000e+003	2.06729611e-001	-3.19327039e+000	2.18442158e+003	0.00000000e+000	7.5559e+014	1.0000e-010	0.0000e+000
2.300000e+003	2.06948053e-001	-3.19305195e+000	2.17015057e+003	0.00000000e+000	7.4923e+014	1.0000e-010	0.0000e+000
2.310000e+003	2.07165068e-001	-3.19283493e+000	2.15599885e+003	0.00000000e+000	7.4297e+014	1.0000e-010	0.0000e+000
2.320000e+003	2.07380668e-001	-3.19261933e+000	2.14196467e+003	0.00000000e+000	7.3680e+014	1.0000e-010	0.0000e+000
2.330000e+003	2.07594864e-001	-3.19240514e+000	2.12804629e+003	0.00000000e+000	7.3072e+014	1.0000e-010	0.0000e+000
2.340000e+003	2.07807669e-001	-3.19219233e+000	2.11424201e+003	0.00000000e+000	7.2473e+014	1.0000e-010	0.0000e+000
2.350000e+003	2.08019093e-001	-3.19198091e+000	2.10055016e+003	0.00000000e+000	7.1882e+014	1.0000e-010	0.0000e+000
2.360000e+003	2.08229148e-001	-3.19177085e+000	2.08696912e+003	0.00000000e+000	7.1301e+014	1.0000e-010	0.0000e+000
2.370000e+003	2.08437845e-001	-3.19156216e+000	2.07349727e+003	0.00000000e+000	7.0727e+014	1.0000e-010	0.0000e+000
2.380000e+003	2.08645195e-001	-3.19135481e+000	2.06013304e+003	0.00000000e+000	7.0162e+014	1.0000e-010	0.0000e+000
2.390000e+003	2.08851208e-001	-3.19114879e+000	2.04687488e+003	0.00000000e+000	6.9606e+014	1.0000e-010	0.0000e+000
2.400000e+003	2.09055895e-001	-3.19094410e+000	2.03372128e+003	0.00000000e+000	6.9057e+014	1.0000e-010	0.0000e+000
2.410000e+003	2.09259268e-001	-3.19074073e+000	2.02067076e+003	0.00000000e+000	6.8515e+014	1.0000e-010	0.0000e+000
2.420000e+003	2.09461335e-001	-3.19053867e+000	2.00772184e+003	0.00000000e+000	6.7982e+014	1.0000e-010	0.0000e+000
2.430000e+003	2.09662107e-001	-3.19033789e+000	1.99487310e+003	0.00000000e+000	6.7456e+014	1.0000e-010	0.0000e+000
2.440000e+003	2.09861594e-001	-3.19013841e+000	1.98212313e+003	0.00000000e+000	6.6938e+014	1.0000e-010	0.0000e+000
2.450000e+003	2.10059806e-001	-3.18994019e+000	1.96947053e+003	0.00000000e+000	6.6426e+014	1.0000e-010	0.0000e+000
2.460000e+003	2.10256753e-001	-3.18974325e+000	1.95691397e+003	0.00000000e+000	6.5922e+014	1.0000e-010	0.0000e+000
2.470000e+003	2.10452445e-001	-3.18954756e+000	1.94445209e+003	0.00000000e+000	6.5425e+014	1.0000e-010	0.0000e+000
2.480000e+003	2.10646890e-001	-3.18935311e+000	1.93208359e+003	0.00000000e+000	6.4935e+014	1.0000e-010	0.0000e+000
2.490000e+003	2.10840098e-001	-3.18915990e+000	1.91980719e+003	0.00000000e+000	6.4451e+014	1.0000e-010	0.0000e+000
2.500000e+003	2.11032079e-001	-3.18896792e+000	1.90762161e+003	0.00000000e+000	6.3974e+014	1.0000e-010	0.0000e+000
2.510000e+003	2.11222841e-001	-3.18877716e+000	1.89552562e+003	0.00000000e+000	6.3504e+014	1.0000e-010	0.0000e+000
2.520000e+003	2.11412394e-001	-3.18858761e+000	1.88351800e+003	0.00000000e+000	6.3040e+014	1.0000e-010	0.0000e+000
2.530000e+003	2.11600746e-001	-3.18839925e+000	1.87159754e+003	0.00000000e+000	6.2583e+014	1.0000e-010	0.0000e+000
2.540000e+003	2.11787905e-001	-3.18821209e+000	1.85976307e+003	0.00000000e+000	6.2131e+014	1.0000e-010	0.0000e+000
2.550000e+003	2.11973882e-001	-3.18802612e+000	1.84801344e+003	0.00000000e+000	6.1686e+014	1.0000e-010	0.0000e+000
2.560000e+003	2.12158683e-001	-3.18784132e+000	1.83634749e+003	0.00000000e+000	6.1246e+014	1.0000e-010	0.0000e+000
2.570000e+003	2.12342318e-001	-3.18765768e+000	1.82476412e+003	0.00000000e+000	6.0813e+014	1.0000e-010	0.0000e+000
2.580000e+003	2.12524794e-001	-3.18747521e+000	1.81326222e+003	0.00000000e+000	6.0385e+014	1.0000e-010	0.0000e+000
2.590000e+003	2.12706120e-001	-3.18729388e+000	1.80184071e+003	0.00000000e+000	5.9963e+014	1.0000e-010	0.0000e+000
2.600000e+003	2.12886305e-001	-3.18711370e+000	1.79049854e+003	0.00000000e+000	5.9547e+014	1.0000e-010	0.0000e+000
2.610000e+003	2.13065354e-001	-3.18693465e+000	1.77923464e+003	0.00000000e+000	5.9136e+014	1.0000e-010	0.0000e+000
2.620000e+003	2.13243278e-001	-3.18675672e+000	1.76804801e+003	0.00000000e+000	5.8730e+014	1.0000e-010	0.0000e+000
2.630000e+003	2.13420083e-001	-3.18657992e+000	1.75693762e+003	0.00000000e+000	5.8330e+014	1.0000e-010	0.0000e+000
2.640000e+003	2.13595776e-001	-3.18640422e+000	1.74590248e+003	0.00000000e+000	5.7935e+014	1.0000e-010	0.0000e+000
2.650000e+003	2.13770367e-001	-3.18622963e+000	1.73494161e+003	0.00000000e+000	5.7545e+014	1.0000e-010	0.0000e+000
2.660000e+003	2.13943861e-001	-3.18605614e+000	1.72405406e+003	0.00000000e+000	5.7160e+014	1.0000e-010	0.0000e+000
2.670000e+003	2.14116266e-001	-3.18588373e+000	1.71323887e+003	0.00000000e+000	5.6780e+014	1.0000e-010	0.0000e+000
2.680000e+003	2.14287590e-001	-3.18571241e+000	1.70249512e+003	0.00000000e+000	5.6405e+014	1.0000e-010	0.0000e+000
2.690000e+003	2.14457840e-001	-3.18554216e+000	1.69182190e+003	0.00000000e+000	5.6035e+014	1.0000e-010	0.0000e+000
2.700000e+003	2.14627022e-001	-3.18537298e+000	1.68121829e+003	0.00000000e+000	5.5669e+014	1.0000e-010	0.0000e+000
2.710000e+003	2.14795144e-001	-3.18520486e+000	1.67068342e+003	0.00000000e+000	5.5308e+014	1.0000e-010	0.0000e+000
2.720000e+003	2.14962212e-001	-3.18503779e+000	1.66021640e+003	0.00000000e+000	5.4952e+014	1.0000e-010	0.0000e+000
2.730000e+003	2.15128234e-001	-3.18487177e+000	1.64981640e+003	0.00000000e+000	5.4600e+014	1.0000e-010	0.0000e+000
2.740000e+003	2.15293215e-001	-3.18470678e+000	1.63948255e+003	0.00000000e+000	5.4253e+014	1.0000e-010	0.0000e+000
2.750000e+003	2.15457164e-001	-3.18454284e+000	1.62921403e+003	0.00000000e+000	5.3910e+014	1.0000e-010	0.0000e+000
2.760000e+003	2.15620085e-001	-3.18437992e+000	1.61901002e+003	0.00000000e+000	5.3571e+014	1.0000e-010	0.0000e+000
2.770000e+003	2.15781986e-001	-3.18421801e+000	1.60886971e+003	0.00000000e+000	5.3237e+014	1.0000e-010	0.0000e+000
2.780000e+003	2.15942873e-001	-3.18405713e+000	1.59879231e+003	0.00000000e+000	5.2906e+014	1.0000e-010	0.0000e+000
2.790000e+003	2.16102752e-001	-3.18389725e+000	1.58877705e+003	0.00000000e+000	5.2580e+014	1.0000e-010	0.0000e+000
2.800000e+003	2.16261630e-001	-3.18373837e+000	1.57882314e+003	0.00000000e+000	5.2258e+014	1.0000e-010	0.0000e+000
2.810000e+003	2.16419512e-001	-3.18358049e+000	1.56892985e+003	0.00000000e+000	5.1940e+014	1.0000e-010	0.0000e+000
2.820000e+003	2.16576405e-001	-3.18342359e+000	1.55909641e+003	0.00000000e+000	5.1626e+014	1.0000e-010	0.0000e+000
2.830000e+003	2.16732315e-001	-3.18326769e+000	1.54932209e+003	0.00000000e+000	5.1315e+014	1.0000e-010	0.0000e+000
2.840000e+003	2.16887247e-001	-3.18311275e+000	1.53960618e+003	0.00000000e+000	5.1009e+014	1.0000e-010	0.0000e+000
2.850000e+003	2.17041208e-001	-3.18295879e+000	1.52994796e+003	0.00000000e+000	5.0706e+014	1.0000e-010	0.0000e+000
2.860000e+003	2.17194202e-001	-3.18280580e+000	1.52034673e+003	0.00000000e+000	5.0407e+014	1.0000e-010	0.0000e+000
2.870000e+003	2.17346237e-001	-3.18265376e+000	1.51080180e+003	0.00000000e+000	5.0111e+014	1.0000e-010	0.0000e+000
2.880000e+003	2.17497317e-001	-3.18250268e+000	1.50131248e+003	0.00000000e+000	4.9819e+014	1.0000e-010	0.0000e+000
2.890000e+003	2.17647448e-001	-3.18235255e+000	1.49187812e+003	0.00000000e+000	4.9531e+014	1.0000e-010	0.0000e+000
2.900000e+003	2.17796636e-001	-3.18220336e+000	1.48249804e+003	0.00000000e+000	4.9246e+014	1.0000e-010	0.0000e+000
2.910000e+003	2.17944886e-001	-3.18205511e+000	1.47317160e+003	0.00000000e+000	4.8964e+014	1.0000e-010	0.0000e+000
2.920000e+003	2.18092203e-001	-3.18190780e+000	1.46389815e+003	0.00000000e+000	4.8686e+014	1.0000e-010	0.0000e+000
2.930000e+003	2.18238593e-001	-3.18176141e+000	1.45467707e+003	0.00000000e+000	4.8411e+014	1.0000e-010	0.0000e+000
2.940000e+003	2.18384061e-001	-3.18161594e+000	1.44550773e+003	0.00000000e+000	4.8139e+014	1.0000e-010	0.0000e+000
2.950000e+003	2.18528612e-001	-3.18147139e+000	1.43638952e+003	0.00000000e+000	4.7871e+014	1.0000e-010	0.0000e+000
2.960000e+003	2.18672251e-001	-3.18132775e+000	1.42732182e+003	0.00000000e+000	4.7606e+014	1.0000e-010	0.0000e+000
2.970000e+003	2.18814983e-001	-3.18118502e+000	1.41830406e+003	0.00000000e+000	4.7343e+014	1.0000e-010	0.0000e+000
2.980000e+003	2.18956813e-001	-3.18104319e+000	1.40933563e+003	0.00000000e+000	4.7084e+014	1.0000e-010	0.0000e+000
2.990000e+003	2.19097747e-001	-3.18090225e+000	1.40041596e+003	0.00000000e+000	4.6828e+014	1.0000e-010	0.0000e+000
3.000000e+003	2.19237788e-001	-3.18076221e+000	1.39154448e+003	0.00000000e+000	4.6575e+014	1.0000e-010	0.0000e+000
3.010000e+003	2.19376943e-001	-3.18062306e+000	1.38272062e+003	0.00000000e+000	4.6325e+014	1.0000e-010	0.0000e+000
3.020000e+003	2.19515215e-001	-3.18048479e+000	1.37394383e+003	0.00000000e+000	4.6078e+014	1.0000e-010	0.0000e+000
3.030000e+003	2.19652609e-001	-3.18034739e+000	1.36521357e+003	0.00000000e+000	4.5834e+014	1.0000e-010	0.0000e+000
3.040000e+003	2.19789131e-001	-3.18021087e+000	1.35652928e+003	0.00000000e+000	4.5593e+014	1.0000e-010	0.0000e+000
3.050000e+003	2.19924783e-001	-3.18007522e+000	1.34789045e+003	0.00000000e+000	4.5354e+014	1.0000e-010	0.0000e+000
3.060000e+003	2.20059572e-001	-3.17994043e+000	1.33929654e+003	0.00000000e+000	4.5118e+014	1.0000e-010	0.0000e+000
3.070000e+003	2.20193502e-001	-3.17980650e+000	1.33074704e+003	0.00000000e+000	4.4885e+014	1.0000e-010	0.0000e+000
3.080000e+003	2.20326577e-001	-3.17967342e+000	1.32224143e+003	0.00000000e+000	4.4655e+014	1.0000e-010	0.0000e+000
3.090000e+003	2.20458801e-001	-3.17954120e+000	1.31377921e+003	0.00000000e+000	4.4427e+014	1.0000e-010	0.0000e+000
3.100000e+003	2.20590179e-001	-3.17940982e+000	1.30535990e+003	0.00000000e+000	4.4202e+014	1.0000e-010	0.0000e+000
3.110000e+003	2.20720715e-001	-3.17927929e+000	1.29698298e+003	0.00000000e+000	4.3979e+014	1.0000e-010	0.0000e+000
3.120000e+003	2.20850413e-001	-3.17914959e+000	1.28864799e+003	0.00000000e+000	4.3759e+014	1.0000e-010	0.0000e+000
3.130000e+003	2.20979278e-001	-3.17902072e+000	1.28035444e+003	0.00000000e+000	4.3541e+014	1.0000e-010	0.0000e+000
3.140000e+003	2.21107313e-001	-3.17889269e+000	1.27210186e+003	0.00000000e+000	4.3326e+014	1.0000e-010	0.0000e+000
3.150000e+003	2.21234524e-001	-3.17876548e+000	1.26388980e+003	0.00000000e+000	4.3113e+014	1.0000e-010	0.0000e+000
3.160000e+003	2.21360913e-001	-3.17863909e+000	1.25571778e+003	0.00000000e+000	4.2903e+014	1.0000e-010	0.0000e+000
3.170000e+003	2.21486484e-001	-3.17851352e+000	1.24758536e+003	0.00000000e+000	4.2695e+014	1.0000e-010	0.0000e+000
3.180000e+003	2.21611243e-001	-3.17838876e+000	1.23949210e+003	0.00000000e+000	4.2490e+014	1.0000e-010	0.0000e+000
3.190000e+003	2.21735192e-001	-3.17826481e+000	1.23143754e+003	0.00000000e+000	4.2287e+014	1.0000e-010	0.0000e+000
3.200000e+003	2.21858336e-001	-3.17814166e+000	1.22342126e+003	0.00000000e+000	4.2086e+014	1.0000e-010	0.0000e+000
3.210000e+003	2.21980678e-001	-3.17801932e+000	1.21544283e+003	0.00000000e+000	4.1887e+014	1.0000e-010	0.0000e+000
3.220000e+003	2.22102222e-001	-3.17789778e+000	1.20750182e+003	0.00000000e+000	4.1690e+014	1.0000e-010	0.0000e+000
3.230000e+003	2.22222972e-001	-3.17777703e+000	1.19959781e+003	0.00000000e+000	4.1496e+014	1.0000e-010	0.0000e+000
3.240000e+003	2.22342932e-001	-3.17765707e+000	1.19173040e+003	0.00000000e+000	4.1304e+014	1.0000e-010	0.0000e+000
3.250000e+003	2.22462105e-001	-3.17753789e+000	1.18389917e+003	0.00000000e+000	4.1114e+014	1.0000e-010	0.0000e+000
3.260000e+003	2.22580495e-001	-3.17741950e+000	1.17610372e+003	0.00000000e+000	4.0926e+014	1.0000e-010	0.0000e+000
3.270000e+003	2.22698106e-001	-3.17730189e+000	1.16834365e+003	0.00000000e+000	4.0740e+014	1.0000e-010	0.0000e+000
3.280000e+003	2.22814940e-001	-3.17718506e+000	1.16061858e+003	0.00000000e+000	4.0557e+014	1.0000e-010	0.0000e+000
3.290000e+003	2.22931002e-001	-3.17706900e+000	1.15292811e+003	0.00000000e+000	4.0375e+014	1.0000e-010	0.0000e+000
3.300000e+003	2.23046295e-001	-3.17695371e+000	1.14527186e+003	0.00000000e+000	4.0195e+014	1.0000e-010	0.0000e+000
3.310000e+003	2.23160822e-001	-3.17683918e+000	1.13764945e+003	0.00000000e+000	4.0018e+014	1.0000e-010	0.0000e+000
3.320000e+003	2.23274587e-001	-3.17672541e+000	1.13006052e+003	0.00000000e+000	3.9842e+014	1.0000e-010	0.0000e+000
3.330000e+003	2.23387593e-001	-3.17661241e+000	1.12250468e+003	0.00000000e+000	3.9668e+014	1.0000e-010	0.0000e+000
3.340000e+003	2.23499843e-001	-3.17650016e+000	1.11498158e+003	0.00000000e+000	3.9496e+014	1.0000e-010	0.0000e+000
3.350000e+003	2.23611341e-001	-3.17638866e+000	1.10749086e+003	0.00000000e+000	3.9326e+014	1.0000e-010	0.0000e+000
3.360000e+003	2.23722091e-001	-3.17627791e+000	1.10003216e+003	0.00000000e+000	3.9158e+014	1.0000e-010	0.0000e+000
3.370000e+003	2.23832094e-001	-3.17616791e+000	1.09260513e+003	0.00000000e+000	3.8992e+014	1.0000e-010	0.0000e+000
3.380000e+003	2.23941354e-001	-3.17605865e+000	1.08520942e+003	0.00000000e+000	3.8828e+014	1.0000e-010	0.0000e+000
3.390000e+003	2.24049875e-001	-3.17595012e+000	1.07784470e+003	0.00000000e+000	3.8665e+014	1.0000e-010	0.0000e+000
3.400000e+003	2.24157660e-001	-3.17584234e+000	1.07051061e+003	0.00000000e+000	3.8504e+014	1.0000e-010	0.0000e+000
3.410000e+003	2.24264711e-001	-3.17573529e+000	1.06320684e+003	0.00000000e+000	3.8345e+014	1.0000e-010	0.0000e+000
3.420000e+003	2.24371031e-001	-3.17562897e+000	1.05593303e+003	0.00000000e+000	3.8188e+014	1.0000e-010	0.0000e+000
3.430000e+003	2.24476625e-001	-3.17552338e+000	1.04868888e+003	0.00000000e+000	3.8032e+014	1.0000e-010	0.0000e+000
3.440000e+003	2.24581494e-001	-3.17541851e+000	1.04147406e+003	0.00000000e+000	3.7878e+014	1.0000e-010	0.0000e+000
3.450000e+003	2.24685641e-001	-3.17531436e+000	1.03428824e+003	0.00000000e+000	3.7726e+014	1.0000e-010	0.0000e+000
3.460000e+003	2.24789070e-001	-3.17521093e+000	1.02713111e+003	0.00000000e+000	3.7575e+014	1.0000e-010	0.0000e+000
3.470000e+003	2.24891783e-001	-3.17510822e+000	1.02000237e+003	0.00000000e+000	3.7426e+014	1.0000e-010	0.0000e+000
3.480000e+003	2.24993783e-001	-3.17500622e+000	1.01290169e+003	0.00000000e+000	3.7279e+014	1.0000e-010	0.0000e+000
3.490000e+003	2.25095073e-001	-3.17490493e+000	1.00582878e+003	0.00000000e+000	3.7133e+014	1.0000e-010	0.0000e+000
3.500000e+003	2.25195656e-001	-3.17480434e+000	9.98783337e+002	0.00000000e+000	3.6989e+014	1.0000e-010	0.0000e+000
3.510000e+003	2.25295535e-001	-3.17470447e+000	9.91765061e+002	0.00000000e+000	3.6846e+014	1.0000e-010	0.0000e+000
3.520000e+003	2.25394711e-001	-3.17460529e+000	9.84773658e+002	0.00000000e+000	3.6705e+014	1.0000e-010	0.0000e+000
3.530000e+003	2.25493188e-001	-3.17450681e+000	9.77808836e+002	0.00000000e+000	3.6565e+014	1.0000e-010	0.0000e+000
3.540000e+003	2.25590969e-001	-3.17440903e+000	9.70870307e+002	0.00000000e+000	3.6427e+014	1.0000e-010	0.0000e+000
3.550000e+003	2.25688056e-001	-3.17431194e+000	9.63957787e+002	0.00000000e+000	3.6291e+014	1.0000e-010	0.0000e+000
3.560000e+003	2.25784452e-001	-3.17421555e+000	9.57070995e+002	0.00000000e+000	3.6156e+014	1.0000e-010	0.0000e+000
3.570000e+003	2.25880159e-001	-3.17411984e+000	9.50209651e+002	0.00000000e+000	3.6022e+014	1.0000e-010	0.0000e+000
3.580000e+003	2.25975180e-001	-3.17402482e+000	9.43373480e+002	0.00000000e+000	3.5890e+014	1.0000e-010	0.0000e+000
3.590000e+003	2.26069518e-001	-3.17393048e+000	9.36562210e+002	0.00000000e+000	3.5759e+014	1.0000e-010	0.0000e+000
3.600000e+003	2.26163174e-001	-3.17383683e+000	9.29775571e+002	0.00000000e+000	3.5630e+014	1.0000e-010	0.0000e+000
3.610000e+003	2.26256151e-001	-3.17374385e+000	9.23013296e+002	0.00000000e+000	3.5502e+014	1.0000e-010	0.0000e+000
3.620000e+003	2.26348453e-001	-3.17365155e+000	9.16275122e+002	0.00000000e+000	3.5376e+014	1.0000e-010	0.0000e+000
3.630000e+003	2.26440080e-001	-3.17355992e+000	9.09560788e+002	0.00000000e+000	3.5250e+014	1.0000e-010	0.0000e+000
3.640000e+003	2.26531036e-001	-3.17346896e+000	9.02870036e+002	0.00000000e+000	3.5127e+014	1.0000e-010	0.0000e+000
3.650000e+003	2.26621323e-001	-3.17337868e+000	8.96202611e+002	0.00000000e+000	3.5004e+014	1.0000e-010	0.0000e+000
3.660000e+003	2.26710943e-001	-3.17328906e+000	8.89558259e+002	0.00000000e+000	3.4883e+014	1.0000e-010	0.0000e+000
3.670000e+003	2.26799899e-001	-3.17320010e+000	8.82936731e+002	0.00000000e+000	3.4763e+014	1.0000e-010	0.0000e+000
3.680000e+003	2.26888193e-001	-3.17311181e+000	8.76337779e+002	0.00000000e+000	3.4645e+014	1.0000e-010	0.0000e+000
3.690000e+003	2.26975827e-001	-3.17302417e+000	8.69761158e+002	0.00000000e+000	3.4527e+014	1.0000e-010	0.0000e+000
3.700000e+003	2.27062803e-001	-3.17293720e+000	8.63206627e+002	0.00000000e+000	3.4411e+014	1.0000e-010	0.0000e+000
3.710000e+003	2.27149124e-001	-3.17285088e+000	8.56673945e+002	0.00000000e+000	3.4297e+014	1.0000e-010	0.0000e+000
3.720000e+003	2.27234791e-001	-3.17276521e+000	8.50162875e+002	0.00000000e+000	3.4183e+014	1.0000e-010	0.0000e+000
3.730000e+003	2.27319807e-001	-3.17268019e+000	8.43673181e+002	0.00000000e+000	3.4071e+014	1.0000e-010	0.0000e+000
3.740000e+003	2.27404175e-001	-3.17259583e+000	8.37204633e+002	0.00000000e+000	3.3960e+014	1.0000e-010	0.0000e+000
3.750000e+003	2.27487895e-001	-3.17251210e+000	8.30756998e+002	0.00000000e+000	3.3850e+014	1.0000e-010	0.0000e+000
3.760000e+003	2.27570971e-001	-3.17242903e+000	8.24330050e+002	0.00000000e+000	3.3742e+014	1.0000e-010	0.0000e+000
3.770000e+003	2.27653404e-001	-3.17234660e+000	8.17923562e+002	0.00000000e+000	3.3634e+014	1.0000e-010	0.0000e+000
3.780000e+003	2.27735196e-001	-3.17226480e+000	8.11537312e+002	0.00000000e+000	3.3528e+014	1.0000e-010	0.0000e+000
3.790000e+003	2.27816350e-001	-3.17218365e+000	8.05171078e+002	0.00000000e+000	3.3423e+014	1.0000e-010	0.0000e+000
3.800000e+003	2.27896867e-001	-3.17210313e+000	7.98824641e+002	0.00000000e+000	3.3319e+014	1.0000e-010	0.0000e+000
3.810000e+003	2.27976749e-001	-3.17202325e+000	7.92497784e+002	0.00000000e+000	3.3216e+014	1.0000e-010	0.0000e+000
3.820000e+003	2.28055999e-001	-3.17194400e+000	7.86190292e+002	0.00000000e+000	3.3114e+014	1.0000e-010	0.0000e+000
3.830000e+003	2.28134618e-001	-3.17186538e+000	7.79901953e+002	0.00000000e+000	3.3014e+014	1.0000e-010	0.0000e+000
3.840000e+003	2.28212608e-001	-3.17178739e+000	7.73632557e+002	0.00000000e+000	3.2914e+014	1.0000e-010	0.0000e+000
3.850000e+003	2.28289972e-001	-3.17171003e+000	7.67381893e+002	0.00000000e+000	3.2816e+014	1.0000e-010	0.0000e+000
3.860000e+003	2.28366710e-001	-3.17163329e+000	7.61149757e+002	0.00000000e+000	3.2719e+014	1.0000e-010	0.0000e+000
3.870000e+003	2.28442825e-001	-3.17155718e+000	7.54935942e+002	0.00000000e+000	3.2623e+014	1.0000e-010	0.0000e+000
3.880000e+003	2.28518318e-001	-3.17148168e+000	7.48740247e+002	0.00000000e+000	3.2528e+014	1.0000e-010	0.0000e+000
3.890000e+003	2.28593192e-001	-3.17140681e+000	7.42562470e+002	0.00000000e+000	3.2433e+014	1.0000e-010	0.0000e+000
3.900000e+003	2.28667449e-001	-3.17133255e+000	7.36402412e+002	0.00000000e+000	3.2340e+014	1.0000e-010	0.0000e+000
3.910000e+003	2.28741089e-001	-3.17125891e+000	7.30259877e+002	0.00000000e+000	3.2248e+014	1.0000e-010	0.0000e+000
3.920000e+003	2.28814115e-001	-3.17118589e+000	7.24134668e+002	0.00000000e+000	3.2157e+014	1.0000e-010	0.0000e+000
3.930000e+003	2.28886528e-001	-3.17111347e+000	7.18026593e+002	0.00000000e+000	3.2067e+014	1.0000e-010	0.0000e+000
3.940000e+003	2.28958331e-001	-3.17104167e+000	7.11935458e+002	0.00000000e+000	3.1979e+014	1.0000e-010	0.0000e+000
3.950000e+003	2.29029525e-001	-3.17097048e+000	7.05861076e+002	0.00000000e+000	3.1891e+014	1.0000e-010	0.0000e+000
3.960000e+003	2.29100111e-001	-3.17089989e+000	6.99803255e+002	0.00000000e+000	3.1804e+014	1.0000e-010	0.0000e+000
3.970000e+003	2.29170091e-001	-3.17082991e+000	6.93761812e+002	0.00000000e+000	3.1718e+014	1.0000e-010	0.0000e+000
3.980000e+003	2.29239467e-001	-3.17076053e+000	6.87736559e+002	0.00000000e+000	3.1633e+014	1.0000e-010	0.0000e+000
3.990000e+003	2.29308241e-001	-3.17069176e+000	6.81727313e+002	0.00000000e+000	3.1549e+014	1.0000e-010	0.0000e+000
4.000000e+003	2.29376414e-001	-3.17062359e+000	6.75733894e+002	0.00000000e+000	3.1466e+014	1.0000e-010	0.0000e+000
4.010000e+003	2.29443987e-001	-3.17055601e+000	6.69756120e+002	0.00000000e+000	3.1383e+014	1.0000e-010	0.0000e+000
4.020000e+003	2.29510963e-001	-3.17048904e+000	6.63793812e+002	0.00000000e+000	3.1302e+014	1.0000e-010	0.0000e+000
4.030000e+003	2.29577342e-001	-3.17042266e+000	6.57846795e+002	0.00000000e+000	3.1222e+014	1.0000e-010	0.0000e+000
4.040000e+003	2.29643127e-001	-3.17035687e+000	6.51914891e+002	0.00000000e+000	3.1143e+014	1.0000e-010	0.0000e+000
4.050000e+003	2.29708318e-001	-3.17029168e+000	6.45997927e+002	0.00000000e+000	3.1064e+014	1.0000e-010	0.0000e+000
4.060000e+003	2.29772918e-001	-3.17022708e+000	6.40095730e+002	0.00000000e+000	3.0987e+014	1.0000e-010	0.0000e+000
4.070000e+003	2.29836927e-001	-3.17016307e+000	6.34208128e+002	0.00000000e+000	3.0910e+014	1.0000e-010	0.0000e+000
4.080000e+003	2.29900348e-001	-3.17009965e+000	6.28334953e+002	0.00000000e+000	3.0834e+014	1.0000e-010	0.0000e+000
4.090000e+003	2.29963182e-001	-3.17003682e+000	6.22476035e+002	0.00000000e+000	3.0759e+014	1.0000e-010	0.0000e+000
4.100000e+003	2.30025429e-001	-3.16997457e+000	6.16631208e+002	0.00000000e+000	3.0685e+014	1.0000e-010	0.0000e+000
4.110000e+003	2.30087093e-001	-3.16991291e+000	6.10800305e+002	0.00000000e+000	3.0612e+014	1.0000e-010	0.0000e+000
4.120000e+003	2.30148173e-001	-3.16985183e+000	6.04983163e+002	0.00000000e+000	3.0540e+014	1.0000e-010	0.0000e+000
4.130000e+003	2.30208671e-001	-3.16979133e+000	5.99179618e+002	0.00000000e+000	3.0469e+014	1.0000e-010	0.0000e+000
4.140000e+003	2.30268589e-001	-3.16973141e+000	5.93389508e+002	0.00000000e+000	3.0398e+014	1.0000e-010	0.0000e+000
4.150000e+003	2.30327928e-001	-3.16967207e+000	5.87612673e+002	0.00000000e+000	3.0328e+014	1.0000e-010	0.0000e+000
4.160000e+003	2.30386689e-001	-3.16961331e+000	5.81848954e+002	0.00000000e+000	3.0260e+014	1.0000e-010	0.0000e+000
4.170000e+003	2.30444874e-001	-3.16955513e+000	5.76098193e+002	0.00000000e+000	3.0192e+014	1.0000e-010	0.0000e+000
4.180000e+003	2.30502484e-001	-3.16949752e+000	5.70360233e+002	0.00000000e+000	3.0124e+014	1.0000e-010	0.0000e+000
4.190000e+003	2.30559520e-001	-3.16944048e+000	5.64634918e+002	0.00000000e+000	3.0058e+014	1.0000e-010	0.0000e+000
4.200000e+003	2.30615983e-001	-3.16938402e+000	5.58922094e+002	0.00000000e+000	2.9992e+014	1.0000e-010	0.0000e+000
4.210000e+003	2.30671875e-001	-3.16932812e+000	5.53221608e+002	0.00000000e+000	2.9928e+014	1.0000e-010	0.0000e+000
4.220000e+003	2.30727198e-001	-3.16927280e+000	5.47533308e+002	0.00000000e+000	2.9864e+014	1.0000e-010	0.0000e+000
4.230000e+003	2.30781951e-001	-3.16921805e+000	5.41857043e+002	0.00000000e+000	2.9800e+014	1.0000e-010	0.0000e+000
4.240000e+003	2.30836137e-001	-3.16916386e+000	5.36192663e+002	0.00000000e+000	2.9738e+014	1.0000e-010	0.0000e+000
4.250000e+003	2.30889756e-001	-3.16911024e+000	5.30540019e+002	0.00000000e+000	2.9676e+014	1.0000e-010	0.0000e+000
4.260000e+003	2.30942810e-001	-3.16905719e+000	5.24898963e+002	0.00000000e+000	2.9616e+014	1.0000e-010	0.0000e+000
4.270000e+003	2.30995300e-001	-3.16900470e+000	5.19269350e+002	0.00000000e+000	2.9556e+014	1.0000e-010	0.0000e+000
4.280000e+003	2.31047227e-001	-3.16895277e+000	5.13651033e+002	0.00000000e+000	2.9496e+014	1.0000e-010	0.0000e+000
4.290000e+003	2.31098592e-001	-3.16890141e+000	5.08043867e+002	0.00000000e+000	2.9438e+014	1.0000e-010	0.0000e+000
4.300000e+003	2.31149396e-001	-3.16885060e+000	5.02447711e+002	0.00000000e+000	2.9380e+014	1.0000e-010	0.0000e+000
4.310000e+003	2.31199641e-001	-3.16880036e+000	4.96862420e+002	0.00000000e+000	2.9323e+014	1.0000e-010	0.0000e+000
4.320000e+003	2.31249327e-001	-3.16875067e+000	4.91287853e+002	0.00000000e+000	2.9267e+014	1.0000e-010	0.0000e+000
4.330000e+003	2.31298456e-001	-3.16870154e+000	4.85723870e+002	0.00000000e+000	2.9211e+014	1.0000e-010	0.0000e+000
4.340000e+003	2.31347028e-001	-3.16865297e+000	4.80170332e+002	0.00000000e+000	2.9156e+014	1.0000e-010	0.0000e+000
4.350000e+003	2.31395045e-001	-3.16860495e+000	4.74627099e+002	0.00000000e+000	2.9102e+014	1.0000e-010	0.0000e+000
4.360000e+003	2.31442508e-001	-3.16855749e+000	4.69094033e+002	0.00000000e+000	2.9049e+014	1.0000e-010	0.0000e+000
4.370000e+003	2.31489418e-001	-3.16851058e+000	4.63570999e+002	0.00000000e+000	2.8996e+014	1.0000e-010	0.0000e+000
4.380000e+003	2.31535775e-001	-3.16846423e+000	4.58057859e+002	0.00000000e+000	2.8944e+014	1.0000e-010	0.0000e+000
4.390000e+003	2.31581580e-001	-3.16841842e+000	4.52554479e+002	0.00000000e+000	2.8893e+014	1.0000e-010	0.0000e+000
4.400000e+003	2.31626836e-001	-3.16837316e+000	4.47060725e+002	0.00000000e+000	2.8842e+014	1.0000e-010	0.0000e+000
4.410000e+003	2.31671542e-001	-3.16832846e+000	4.41576462e+002	0.00000000e+000	2.8792e+014	1.0000e-010	0.0000e+000
4.420000e+003	2.31715700e-001	-3.16828430e+000	4.36101560e+002	0.00000000e+000	2.8743e+014	1.0000e-010	0.0000e+000
4.430000e+003	2.31759310e-001	-3.16824069e+000	4.30635885e+002	0.00000000e+000	2.8695e+014	1.0000e-010	0.0000e+000
4.440000e+003	2.31802373e-001	-3.16819763e+000	4.25179308e+002	0.00000000e+000	2.8647e+014	1.0000e-010	0.0000e+000
4.450000e+003	2.31844891e-001	-3.16815511e+000	4.19731697e+002	0.00000000e+000	2.8600e+014	1.0000e-010	0.0000e+000
4.460000e+003	2.31886864e-001	-3.16811314e+000	4.14292924e+002	0.00000000e+000	2.8554e+014	1.0000e-010	0.0000e+000
4.470000e+003	2.31928294e-001	-3.16807171e+000	4.08862859e+002	0.00000000e+000	2.8508e+014	1.0000e-010	0.0000e+000
4.480000e+003	2.31969180e-001	-3.16803082e+000	4.03441376e+002	0.00000000e+000	2.8463e+014	1.0000e-010	0.0000e+000
4.490000e+003	2.32009524e-001	-3.16799048e+000	3.98028347e+002	0.00000000e+000	2.8418e+014	1.0000e-010	0.0000e+000
4.500000e+003	2.32049327e-001	-3.16795067e+000	3.92623646e+002	0.00000000e+000	2.8375e+014	1.0000e-010	0.0000e+000
4.510000e+003	2.32088589e-001	-3.16791141e+000	3.87227147e+002	0.00000000e+000	2.8332e+014	1.0000e-010	0.0000e+000
4.520000e+003	2.32127312e-001	-3.16787269e+000	3.81838725e+002	0.00000000e+000	2.8289e+014	1.0000e-010	0.0000e+000
4.530000e+003	2.32165496e-001	-3.16783450e+000	3.76458256e+002	0.00000000e+000	2.8248e+014	1.0000e-010	0.0000e+000
4.540000e+003	2.32203142e-001	-3.16779686e+000	3.71085616e+002	0.00000000e+000	2.8206e+014	1.0000e-010	0.0000e+000
4.550000e+003	2.32240250e-001	-3.16775975e+000	3.65720683e+002	0.00000000e+000	2.8166e+014	1.0000e-010	0.0000e+000
4.560000e+003	2.32276822e-001	-3.16772318e+000	3.60363334e+002	0.00000000e+000	2.8126e+014	1.0000e-010	0.0000e+000
4.570000e+003	2.32312859e-001	-3.16768714e+000	3.55013447e+002	0.00000000e+000	2.8087e+014	1.0000e-010	0.0000e+000
4.580000e+003	2.32348360e-001	-3.16765164e+000	3.49670903e+002	0.00000000e+000	2.8048e+014	1.0000e-010	0.0000e+000
4.590000e+003	2.32383327e-001	-3.16761667e+000	3.44335579e+002	0.00000000e+000	2.8011e+014	1.0000e-010	0.0000e+000
4.600000e+003	2.32417761e-001	-3.16758224e+000	3.39007358e+002	0.00000000e+000	2.7973e+014	1.0000e-010	0.0000e+000
4.610000e+003	2.32451662e-001	-3.16754834e+000	3.33686119e+002	0.00000000e+000	2.7937e+014	1.0000e-010	0.0000e+000
4.620000e+003	2.32485030e-001	-3.16751497e+000	3.28371744e+002	0.00000000e+000	2.7901e+014	1.0000e-010	0.0000e+000
4.630000e+003	2.32517867e-001	-3.16748213e+000	3.23064115e+002	0.00000000e+000	2.7865e+014	1.0000e-010	0.0000e+000
4.640000e+003	2.32550174e-001	-3.16744983e+000	3.17763114e+002	0.00000000e+000	2.7830e+014	1.0000e-010	0.0000e+000
4.650000e+003	2.32581950e-001	-3.16741805e+000	3.12468626e+002	0.00000000e+000	2.7796e+014	1.0000e-010	0.0000e+000
4.660000e+003	2.32613197e-001	-3.16738680e+000	3.07180532e+002	0.00000000e+000	2.7763e+014	1.0000e-010	0.0000e+000
4.670000e+003	2.32643915e-001	-3.16735609e+000	3.01898719e+002	0.00000000e+000	2.7730e+014	1.0000e-010	0.0000e+000
4.680000e+003	2.32674105e-001	-3.16732590e+000	2.96623070e+002	0.00000000e+000	2.7697e+014	1.0000e-010	0.0000e+000
4.690000e+003	2.32703767e-001	-3.16729623e+000	2.91353471e+002	0.00000000e+000	2.7665e+014	1.0000e-010	0.0000e+000
4.700000e+003	2.32732902e-001	-3.16726710e+000	2.86089807e+002	0.00000000e+000	2.7634e+014	1.0000e-010	0.0000e+000
4.710000e+003	2.32761511e-001	-3.16723849e+000	2.80831965e+002	0.00000000e+000	2.7604e+014	1.0000e-010	0.0000e+000
4.720000e+003	2.32789595e-001	-3.16721041e+000	2.75579832e+002	0.00000000e+000	2.7574e+014	1.0000e-010	0.0000e+000
4.730000e+003	2.32817153e-001	-3.16718285e+000	2.70333294e+002	0.00000000e+000	2.7544e+014	1.0000e-010	0.0000e+000
4.740000e+003	2.32844186e-001	-3.16715581e+000	2.65092240e+002	0.00000000e+000	2.7516e+014	1.0000e-010	0.0000e+000
4.750000e+003	2.32870695e-001	-3.16712930e+000	2.59856558e+002	0.00000000e+000	2.7487e+014	1.0000e-010	0.0000e+000
4.760000e+003	2.32896681e-001	-3.16710332e+000	2.54626135e+002	0.00000000e+000	2.7460e+014	1.0000e-010	0.0000e+000
4.770000e+003	2.32922143e-001	-3.16707786e+000	2.49400862e+002	0.00000000e+000	2.7433e+014	1.0000e-010	0.0000e+000
4.780000e+003	2.32947084e-001	-3.16705292e+000	2.44180627e+002	0.00000000e+000	2.7406e+014	1.0000e-010	0.0000e+000
4.790000e+003	2.32971502e-001	-3.16702850e+000	2.38965320e+002	0.00000000e+000	2.7380e+014	1.0000e-010	0.0000e+000
4.800000e+003	2.32995398e-001	-3.16700460e+000	2.33754832e+002	0.00000000e+000	2.7355e+014	1.0000e-010	0.0000e+000
4.810000e+003	2.33018774e-001	-3.16698123e+000	2.28549054e+002	0.00000000e+000	2.7330e+014	1.0000e-010	0.0000e+000
4.820000e+003	2.33041629e-001	-3.16695837e+000	2.23347875e+002	0.00000000e+000	2.7306e+014	1.0000e-010	0.0000e+000
4.830000e+003	2.33063963e-001	-3.16693604e+000	2.18151188e+002	0.00000000e+000	2.7283e+014	1.0000e-010	0.0000e+000
4.840000e+003	2.33085778e-001	-3.16691422e+000	2.12958885e+002	0.00000000e+000	2.7260e+014	1.0000e-010	0.0000e+000
4.850000e+003	2.33107074e-001	-3.16689293e+000	2.07770857e+002	0.00000000e+000	2.7237e+014	1.0000e-010	0.0000e+000
4.860000e+003	2.33127851e-001	-3.16687215e+000	2.02586996e+002	0.00000000e+000	2.7215e+014	1.0000e-010	0.0000e+000
4.870000e+003	2.33148110e-001	-3.16685189e+000	1.97407197e+002	0.00000000e+000	2.7194e+014	1.0000e-010	0.0000e+000
4.880000e+003	2.33167851e-001	-3.16683215e+000	1.92231351e+002	0.00000000e+000	2.7173e+014	1.0000e-010	0.0000e+000
4.890000e+003	2.33187074e-001	-3.16681293e+000	1.87059353e+002	0.00000000e+000	2.7153e+014	1.0000e-010	0.0000e+000
4.900000e+003	2.33205780e-001	-3.16679422e+000	1.81891096e+002	0.00000000e+000	2.7133e+014	1.0000e-010	0.0000e+000
4.910000e+003	2.33223969e-001	-3.16677603e+000	1.76726473e+002	0.00000000e+000	2.7114e+014	1.0000e-010	0.0000e+000
4.920000e+003	2.33241642e-001	-3.16675836e+000	1.71565380e+002	0.00000000e+000	2.7096e+014	1.0000e-010	0.0000e+000
4.930000e+003	2.33258798e-001	-3.16674120e+000	1.66407711e+002	0.00000000e+000	2.7078e+014	1.0000e-010	0.0000e+000
4.940000e+003	2.33275439e-001	-3.16672456e+000	1.61253361e+002	0.00000000e+000	2.7060e+014	1.0000e-010	0.0000e+000
4.950000e+003	2.33291564e-001	-3.16670844e+000	1.56102225e+002	0.00000000e+000	2.7044e+014	1.0000e-010	0.0000e+000
4.960000e+003	2.33307175e-001	-3.16669283e+000	1.50954198e+002	0.00000000e+000	2.7027e+014	1.0000e-010	0.0000e+000
4.970000e+003	2.33322270e-001	-3.16667773e+000	1.45809177e+002	0.00000000e+000	2.7011e+014	1.0000e-010	0.0000e+000
4.980000e+003	2.33336851e-001	-3.16666315e+000	1.40667057e+002	0.00000000e+000	2.6996e+014	1.0000e-010	0.0000e+000
4.990000e+003	2.33350918e-001	-3.16664908e+000	1.35527733e+002	0.00000000e+000	2.6982e+014	1.0000e-010	0.0000e+000
5.000000e+003	2.33364470e-001	-3.16663553e+000	1.30391104e+002	0.00000000e+000	2.6967e+014	1.0000e-010	0.0000e+000
5.010000e+003	2.33377509e-001	-3.16662249e+000	1.25257064e+002	0.00000000e+000	2.6954e+014	1.0000e-010	0.0000e+000
5.020000e+003	2.33390035e-001	-3.16660996e+000	1.20125512e+002	0.00000000e+000	2.6941e+014	1.0000e-010	0.0000e+000
5.030000e+003	2.33402048e-001	-3.16659795e+000	1.14996343e+002	0.00000000e+000	2.6928e+014	1.0000e-010	0.0000e+000
5.040000e+003	2.33413547e-001	-3.16658645e+000	1.09869455e+002	0.00000000e+000	2.6916e+014	1.0000e-010	0.0000e+000
5.050000e+003	2.33424534e-001	-3.16657547e+000	1.04744746e+002	0.00000000e+000	2.6905e+014	1.0000e-010	0.0000e+000
5.060000e+003	2.33435009e-001	-3.16656499e+000	9.96221131e+001	0.00000000e+000	2.6894e+014	1.0000e-010	0.0000e+000
5.070000e+003	2.33444971e-001	-3.16655503e+000	9.45014536e+001	0.00000000e+000	2.6884e+014	1.0000e-010	0.0000e+000
5.080000e+003	2.33454421e-001	-3.16654558e+000	8.93826655e+001	0.00000000e+000	2.6874e+014	1.0000e-010	0.0000e+000
5.090000e+003	2.33463359e-001	-3.16653664e+000	8.42656470e+001	0.00000000e+000	2.6864e+014	1.0000e-010	0.0000e+000
5.100000e+003	2.33471786e-001	-3.16652821e+000	7.91502961e+001	0.00000000e+000	2.6856e+014	1.0000e-010	0.0000e+000
5.110000e+003	2.33479701e-001	-3.16652030e+000	7.40365111e+001	0.00000000e+000	2.6847e+014	1.0000e-010	0.0000e+000
5.120000e+003	2.33487105e-001	-3.16651290e+000	6.89241905e+001	0.00000000e+000	2.6840e+014	1.0000e-010	0.0000e+000
5.130000e+003	2.33493997e-001	-3.16650600e+000	6.38132326e+001	0.00000000e+000	2.6833e+014	1.0000e-010	0.0000e+000
5.140000e+003	2.33500378e-001	-3.16649962e+000	5.87035362e+001	0.00000000e+000	2.6826e+014	1.0000e-010	0.0000e+000
5.150000e+003	2.33506249e-001	-3.16649375e+000	5.35950000e+001	0.00000000e+000	2.6820e+014	1.0000e-010	0.0000e+000
5.160000e+003	2.33511608e-001	-3.16648839e+000	4.84875227e+001	0.00000000e+000	2.6814e+014	1.0000e-010	0.0000e+000
5.170000e+003	2.33516457e-001	-3.16648354e+000	4.33810032e+001	0.00000000e+000	2.6809e+014	1.0000e-010	0.0000e+000
5.180000e+003	2.33520795e-001	-3.16647920e+000	3.82753406e+001	0.00000000e+000	2.6805e+014	1.0000e-010	0.0000e+000
5.190000e+003	2.33524623e-001	-3.16647538e+000	3.31704339e+001	0.00000000e+000	2.6801e+014	1.0000e-010	0.0000e+000
5.200000e+003	2.33527940e-001	-3.16647206e+000	2.80661821e+001	0.00000000e+000	2.6797e+014	1.0000e-010	0.0000e+000
5.210000e+003	2.33530746e-001	-3.16646925e+000	2.29624845e+001	0.00000000e+000	2.6794e+014	1.0000e-010	0.0000e+000
5.220000e+003	2.33533043e-001	-3.16646696e+000	1.78592401e+001	0.00000000e+000	2.6792e+014	1.0000e-010	0.0000e+000
5.230000e+003	2.33534828e-001	-3.16646517e+000	1.27563483e+001	0.00000000e+000	2.6790e+014	1.0000e-010	0.0000e+000
5.240000e+003	2.33536104e-001	-3.16646390e+000	7.65370827e+000	0.00000000e+000	2.6789e+014	1.0000e-010	0.0000e+000
5.250000e+003	2.33536869e-001	-3.16646313e+000	2.55121931e+000	0.00000000e+000	2.6788e+014	1.0000e-010	0.0000e+000
5.260000e+003	2.33537125e-001	-3.16646288e+000	2.55121931e+000	0.00000000e+000	2.6788e+014	1.0000e-010	0.0000e+000
