Y (ang)	Ec (eV)	Ev (eV)	E (V/cm)	Ef (eV)	n (cm-3)	p (cm-3)	Nd - Na (cm-3)
0.000000e+000	-6.40000000e+000	-9.80000000e+000	3.74650304e+007	-7.00000000e+000	1.8691e+008	1.0000e-010	0.0000e+000
1.000000e+001	-2.09349696e+000	-6.19349696e+000	1.16901211e+007	0.00000000e+000	1.2309e+021	1.0000e-010	-1.3848e+020
2.000000e+001	-9.24484858e-001	-5.02448486e+000	4.61841245e+006	0.00000000e+000	3.6150e+020	1.0000e-010	0.0000e+000
3.000000e+001	-4.62643613e-001	-4.56264361e+000	2.10732081e+006	0.00000000e+000	1.2836e+020	1.0000e-010	0.0000e+000
4.000000e+001	-2.51911532e-001	-4.35191153e+000	1.08870349e+006	0.00000000e+000	5.2070e+019	1.0000e-010	0.0000e+000
5.000000e+001	-1.43041183e-001	-4.24304118e+000	6.43589252e+005	0.00000000e+000	2.2754e+019	1.0000e-010	0.0000e+000
6.000000e+001	-7.86822578e-002	-4.17868226e+000	4.44985488e+005	0.00000000e+000	1.0152e+019	1.0000e-010	0.0000e+000
7.000000e+001	-3.41837090e-002	-4.13418371e+000	3.60540141e+005	0.00000000e+000	4.3167e+018	1.0000e-010	0.0000e+000
8.000000e+001	1.87030510e-003	-4.09812969e+000	3.28811644e+005	0.00000000e+000	1.6219e+018	1.0000e-010	0.0000e+000
9.000000e+001	3.47514695e-002	-4.06524853e+000	3.18283128e+005	0.00000000e+000	5.3820e+017	1.0000e-010	0.0000e+000
1.000000e+002	6.65797822e-002	-4.03342022e+000	3.15025918e+005	0.00000000e+000	1.6650e+017	1.0000e-010	0.0000e+000
1.100000e+002	9.80823741e-002	-4.00191763e+000	3.14045287e+005	0.00000000e+000	5.0128e+016	1.0000e-010	0.0000e+000
1.200000e+002	1.29486903e-001	-3.97051310e+000	3.13751977e+005	0.00000000e+000	1.4994e+016	1.0000e-010	0.0000e+000
1.300000e+002	1.60862100e-001	-3.93913790e+000	3.13664831e+005	0.00000000e+000	4.4548e+015	1.0000e-010	0.0000e+000
1.400000e+002	1.92228584e-001	-3.90777142e+000	3.13638930e+005	0.00000000e+000	1.3240e+015	1.0000e-010	0.0000e+000
1.500000e+002	-3.36407523e-001	-3.73640752e+000	1.42165387e+006	0.00000000e+000	7.9879e+019	1.0000e-010	1.3848e+020
1.600000e+002	-1.71842137e-001	-3.59984214e+000	7.54893495e+005	0.00000000e+000	2.9792e+019	1.0000e-010	-5.2547e+018
1.700000e+002	-7.39527870e-002	-3.52995279e+000	4.75312276e+005	0.00000000e+000	9.4104e+018	1.0000e-010	-5.2784e+018
1.800000e+002	-4.02155941e-003	-3.48802156e+000	3.37448787e+005	0.00000000e+000	1.9391e+018	1.0000e-010	-5.3022e+018
1.900000e+002	5.21233193e-002	-3.45987668e+000	2.30463240e+005	0.00000000e+000	2.8589e+017	1.0000e-010	-5.3259e+018
2.000000e+002	9.75696433e-002	-3.44243036e+000	1.27292463e+005	0.00000000e+000	5.1125e+016	1.0000e-010	-5.3496e+018
2.100000e+002	1.32698890e-001	-3.43530111e+000	2.41746323e+004	0.00000000e+000	1.3242e+016	1.0000e-010	-5.3733e+018
2.200000e+002	1.57516353e-001	-3.43848365e+000	-7.94602152e+004	0.00000000e+000	5.0703e+015	1.0000e-010	-5.3970e+018
2.300000e+002	1.71970331e-001	-3.45202967e+000	-1.83728982e+005	0.00000000e+000	2.8988e+015	1.0000e-010	-5.4207e+018
2.400000e+002	1.75997433e-001	-3.47600257e+000	-2.88667405e+005	0.00000000e+000	2.4806e+015	1.0000e-010	-5.4445e+018
2.500000e+002	1.69530693e-001	-3.51046931e+000	-3.94299244e+005	0.00000000e+000	3.1857e+015	1.0000e-010	-5.4682e+018
2.600000e+002	-9.38992318e-002	-3.49389923e+000	3.88811370e+005	0.00000000e+000	1.2719e+019	1.0000e-010	5.3614e+019
2.700000e+002	-5.50180948e-002	-3.45501809e+000	2.60799822e+005	0.00000000e+000	6.7206e+018	1.0000e-010	0.0000e+000
2.800000e+002	-2.89381126e-002	-3.42893811e+000	1.88249751e+005	0.00000000e+000	3.8089e+018	1.0000e-010	0.0000e+000
2.900000e+002	-1.01131375e-002	-3.41011314e+000	1.44149782e+005	0.00000000e+000	2.3153e+018	1.0000e-010	0.0000e+000
3.000000e+002	4.30184069e-003	-3.39569816e+000	1.15507801e+005	0.00000000e+000	1.5037e+018	1.0000e-010	0.0000e+000
3.100000e+002	1.58526208e-002	-3.38414738e+000	9.57988097e+004	0.00000000e+000	1.0347e+018	1.0000e-010	0.0000e+000
3.200000e+002	2.54325018e-002	-3.37456750e+000	8.15690799e+004	0.00000000e+000	7.4706e+017	1.0000e-010	0.0000e+000
3.300000e+002	3.35894098e-002	-3.36641059e+000	7.08842762e+004	0.00000000e+000	5.6095e+017	1.0000e-010	0.0000e+000
3.400000e+002	4.06778374e-002	-3.35932216e+000	6.26006176e+004	0.00000000e+000	4.3489e+017	1.0000e-010	0.0000e+000
3.500000e+002	4.69378992e-002	-3.35306210e+000	5.60078285e+004	0.00000000e+000	3.4612e+017	1.0000e-010	0.0000e+000
3.600000e+002	5.25386820e-002	-3.34746132e+000	5.06454832e+004	0.00000000e+000	2.8152e+017	1.0000e-010	0.0000e+000
3.700000e+002	5.76032303e-002	-3.34239677e+000	4.62038024e+004	0.00000000e+000	2.3319e+017	1.0000e-010	0.0000e+000
3.800000e+002	6.22236106e-002	-3.33777639e+000	4.24675486e+004	0.00000000e+000	1.9615e+017	1.0000e-010	0.0000e+000
3.900000e+002	6.64703654e-002	-3.33352963e+000	3.92829456e+004	0.00000000e+000	1.6719e+017	1.0000e-010	0.0000e+000
4.000000e+002	7.03986600e-002	-3.32960134e+000	3.65374302e+004	0.00000000e+000	1.4414e+017	1.0000e-010	0.0000e+000
4.100000e+002	7.40524030e-002	-3.32594760e+000	3.41468379e+004	0.00000000e+000	1.2551e+017	1.0000e-010	0.0000e+000
4.200000e+002	7.74670868e-002	-3.32253291e+000	3.20470511e+004	0.00000000e+000	1.1024e+017	1.0000e-010	0.0000e+000
4.300000e+002	8.06717919e-002	-3.31932821e+000	3.01884087e+004	0.00000000e+000	9.7579e+016	1.0000e-010	0.0000e+000
4.400000e+002	8.36906328e-002	-3.31630937e+000	2.85318760e+004	0.00000000e+000	8.6968e+016	1.0000e-010	0.0000e+000
4.500000e+002	8.65438204e-002	-3.31345618e+000	2.70463626e+004	0.00000000e+000	7.7990e+016	1.0000e-010	0.0000e+000
4.600000e+002	8.92484566e-002	-3.31075154e+000	2.57068106e+004	0.00000000e+000	7.0327e+016	1.0000e-010	0.0000e+000
4.700000e+002	9.18191377e-002	-3.30818086e+000	2.44928060e+004	0.00000000e+000	6.3735e+016	1.0000e-010	0.0000e+000
4.800000e+002	9.42684183e-002	-3.30573158e+000	2.33875552e+004	0.00000000e+000	5.8026e+016	1.0000e-010	0.0000e+000
4.900000e+002	9.66071738e-002	-3.30339283e+000	2.23771198e+004	0.00000000e+000	5.3048e+016	1.0000e-010	0.0000e+000
5.000000e+002	9.88448858e-002	-3.30115511e+000	2.14498370e+004	0.00000000e+000	4.8683e+016	1.0000e-010	0.0000e+000
5.100000e+002	1.00989870e-001	-3.29901013e+000	2.05958746e+004	0.00000000e+000	4.4833e+016	1.0000e-010	0.0000e+000
5.200000e+002	1.03049457e-001	-3.29695054e+000	1.98068870e+004	0.00000000e+000	4.1422e+016	1.0000e-010	0.0000e+000
5.300000e+002	1.05030146e-001	-3.29496985e+000	1.90713563e+004	0.00000000e+000	3.8615e+016	1.0000e-010	0.0000e+000
5.400000e+002	1.06937281e-001	-3.29306272e+000	1.83881335e+004	0.00000000e+000	3.5869e+016	1.0000e-010	0.0000e+000
5.500000e+002	1.08776095e-001	-3.29122391e+000	1.77518192e+004	0.00000000e+000	3.3407e+016	1.0000e-010	0.0000e+000
5.600000e+002	1.10551277e-001	-3.28944872e+000	1.71577325e+004	0.00000000e+000	3.1190e+016	1.0000e-010	0.0000e+000
5.700000e+002	1.12267050e-001	-3.28773295e+000	1.66017947e+004	0.00000000e+000	2.9187e+016	1.0000e-010	0.0000e+000
5.800000e+002	1.13927229e-001	-3.28607277e+000	1.60804364e+004	0.00000000e+000	2.7371e+016	1.0000e-010	0.0000e+000
5.900000e+002	1.15535273e-001	-3.28446473e+000	1.55905195e+004	0.00000000e+000	2.5721e+016	1.0000e-010	0.0000e+000
6.000000e+002	1.17094325e-001	-3.28290568e+000	1.51292747e+004	0.00000000e+000	2.4215e+016	1.0000e-010	0.0000e+000
6.100000e+002	1.18607252e-001	-3.28139275e+000	1.46942485e+004	0.00000000e+000	2.2839e+016	1.0000e-010	0.0000e+000
6.200000e+002	1.20076677e-001	-3.27992332e+000	1.42832596e+004	0.00000000e+000	2.1577e+016	1.0000e-010	0.0000e+000
6.300000e+002	1.21505003e-001	-3.27849500e+000	1.38943619e+004	0.00000000e+000	2.0417e+016	1.0000e-010	0.0000e+000
6.400000e+002	1.22894439e-001	-3.27710556e+000	1.35258142e+004	0.00000000e+000	1.9349e+016	1.0000e-010	0.0000e+000
6.500000e+002	1.24247021e-001	-3.27575298e+000	1.31760531e+004	0.00000000e+000	1.8363e+016	1.0000e-010	0.0000e+000
6.600000e+002	1.25564626e-001	-3.27443537e+000	1.28436718e+004	0.00000000e+000	1.7450e+016	1.0000e-010	0.0000e+000
6.700000e+002	1.26848993e-001	-3.27315101e+000	1.25274002e+004	0.00000000e+000	1.6604e+016	1.0000e-010	0.0000e+000
6.800000e+002	1.28101733e-001	-3.27189827e+000	1.22260891e+004	0.00000000e+000	1.5819e+016	1.0000e-010	0.0000e+000
6.900000e+002	1.29324342e-001	-3.27067566e+000	1.19386962e+004	0.00000000e+000	1.5088e+016	1.0000e-010	0.0000e+000
7.000000e+002	1.30518212e-001	-3.26948179e+000	1.16642735e+004	0.00000000e+000	1.4407e+016	1.0000e-010	0.0000e+000
7.100000e+002	1.31684639e-001	-3.26831536e+000	1.14019574e+004	0.00000000e+000	1.3772e+016	1.0000e-010	0.0000e+000
7.200000e+002	1.32824835e-001	-3.26717517e+000	1.11509593e+004	0.00000000e+000	1.3177e+016	1.0000e-010	0.0000e+000
7.300000e+002	1.33939931e-001	-3.26606007e+000	1.09105576e+004	0.00000000e+000	1.2621e+016	1.0000e-010	0.0000e+000
7.400000e+002	1.35030987e-001	-3.26496901e+000	1.06800906e+004	0.00000000e+000	1.2100e+016	1.0000e-010	0.0000e+000
7.500000e+002	1.36098996e-001	-3.26390100e+000	1.04589508e+004	0.00000000e+000	1.1610e+016	1.0000e-010	0.0000e+000
7.600000e+002	1.37144891e-001	-3.26285511e+000	1.02465791e+004	0.00000000e+000	1.1150e+016	1.0000e-010	0.0000e+000
7.700000e+002	1.38169549e-001	-3.26183045e+000	1.00424602e+004	0.00000000e+000	1.0716e+016	1.0000e-010	0.0000e+000
7.800000e+002	1.39173795e-001	-3.26082621e+000	9.84611851e+003	0.00000000e+000	1.0308e+016	1.0000e-010	0.0000e+000
7.900000e+002	1.40158407e-001	-3.25984159e+000	9.65711416e+003	0.00000000e+000	9.9228e+015	1.0000e-010	0.0000e+000
8.000000e+002	1.41124118e-001	-3.25887588e+000	9.47503989e+003	0.00000000e+000	9.5589e+015	1.0000e-010	0.0000e+000
8.100000e+002	1.42071622e-001	-3.25792838e+000	9.29951804e+003	0.00000000e+000	9.2149e+015	1.0000e-010	0.0000e+000
8.200000e+002	1.43001574e-001	-3.25699843e+000	9.13019788e+003	0.00000000e+000	8.8893e+015	1.0000e-010	0.0000e+000
8.300000e+002	1.43914594e-001	-3.25608541e+000	8.96675327e+003	0.00000000e+000	8.5809e+015	1.0000e-010	0.0000e+000
8.400000e+002	1.44811269e-001	-3.25518873e+000	8.80888053e+003	0.00000000e+000	8.2883e+015	1.0000e-010	0.0000e+000
8.500000e+002	1.45692157e-001	-3.25430784e+000	8.65629658e+003	0.00000000e+000	8.0107e+015	1.0000e-010	0.0000e+000
8.600000e+002	1.46557787e-001	-3.25344221e+000	8.50873717e+003	0.00000000e+000	7.7469e+015	1.0000e-010	0.0000e+000
8.700000e+002	1.47408660e-001	-3.25259134e+000	8.36595537e+003	0.00000000e+000	7.4961e+015	1.0000e-010	0.0000e+000
8.800000e+002	1.48245256e-001	-3.25175474e+000	8.22772017e+003	0.00000000e+000	7.2574e+015	1.0000e-010	0.0000e+000
8.900000e+002	1.49068028e-001	-3.25093197e+000	8.09381520e+003	0.00000000e+000	7.0300e+015	1.0000e-010	0.0000e+000
9.000000e+002	1.49877409e-001	-3.25012259e+000	7.96403762e+003	0.00000000e+000	6.8133e+015	1.0000e-010	0.0000e+000
9.100000e+002	1.50673813e-001	-3.24932619e+000	7.83819705e+003	0.00000000e+000	6.6067e+015	1.0000e-010	0.0000e+000
9.200000e+002	1.51457633e-001	-3.24854237e+000	7.71611464e+003	0.00000000e+000	6.4093e+015	1.0000e-010	0.0000e+000
9.300000e+002	1.52229244e-001	-3.24777076e+000	7.59762222e+003	0.00000000e+000	6.2209e+015	1.0000e-010	0.0000e+000
9.400000e+002	1.52989006e-001	-3.24701099e+000	7.48256149e+003	0.00000000e+000	6.0407e+015	1.0000e-010	0.0000e+000
9.500000e+002	1.53737263e-001	-3.24626274e+000	7.37078332e+003	0.00000000e+000	5.8684e+015	1.0000e-010	0.0000e+000
9.600000e+002	1.54474341e-001	-3.24552566e+000	7.26214711e+003	0.00000000e+000	5.7034e+015	1.0000e-010	0.0000e+000
9.700000e+002	1.55200556e-001	-3.24479944e+000	7.15652017e+003	0.00000000e+000	5.5454e+015	1.0000e-010	0.0000e+000
9.800000e+002	1.55916208e-001	-3.24408379e+000	7.05377715e+003	0.00000000e+000	5.3940e+015	1.0000e-010	0.0000e+000
9.900000e+002	1.56621585e-001	-3.24337841e+000	6.95379961e+003	0.00000000e+000	5.2488e+015	1.0000e-010	0.0000e+000
1.000000e+003	1.57316965e-001	-3.24268303e+000	6.85647547e+003	0.00000000e+000	5.1095e+015	1.0000e-010	0.0000e+000
1.010000e+003	1.58002613e-001	-3.24199739e+000	6.76169863e+003	0.00000000e+000	4.9758e+015	1.0000e-010	0.0000e+000
1.020000e+003	1.58678783e-001	-3.24132122e+000	6.66936858e+003	0.00000000e+000	4.8473e+015	1.0000e-010	0.0000e+000
1.030000e+003	1.59345720e-001	-3.24065428e+000	6.57939003e+003	0.00000000e+000	4.7239e+015	1.0000e-010	0.0000e+000
1.040000e+003	1.60003659e-001	-3.23999634e+000	6.49167255e+003	0.00000000e+000	4.6052e+015	1.0000e-010	0.0000e+000
1.050000e+003	1.60652826e-001	-3.23934717e+000	6.40613032e+003	0.00000000e+000	4.4910e+015	1.0000e-010	0.0000e+000
1.060000e+003	1.61293439e-001	-3.23870656e+000	6.32268178e+003	0.00000000e+000	4.3811e+015	1.0000e-010	0.0000e+000
1.070000e+003	1.61925707e-001	-3.23807429e+000	6.24124940e+003	0.00000000e+000	4.2752e+015	1.0000e-010	0.0000e+000
1.080000e+003	1.62549832e-001	-3.23745017e+000	6.16175945e+003	0.00000000e+000	4.1732e+015	1.0000e-010	0.0000e+000
1.090000e+003	1.63166008e-001	-3.23683399e+000	6.08414171e+003	0.00000000e+000	4.0749e+015	1.0000e-010	0.0000e+000
1.100000e+003	1.63774422e-001	-3.23622558e+000	6.00832934e+003	0.00000000e+000	3.9802e+015	1.0000e-010	0.0000e+000
1.110000e+003	1.64375255e-001	-3.23562474e+000	5.93425864e+003	0.00000000e+000	3.8887e+015	1.0000e-010	0.0000e+000
1.120000e+003	1.64968681e-001	-3.23503132e+000	5.86186884e+003	0.00000000e+000	3.8005e+015	1.0000e-010	0.0000e+000
1.130000e+003	1.65554868e-001	-3.23444513e+000	5.79110199e+003	0.00000000e+000	3.7153e+015	1.0000e-010	0.0000e+000
1.140000e+003	1.66133978e-001	-3.23386602e+000	5.72190276e+003	0.00000000e+000	3.6330e+015	1.0000e-010	0.0000e+000
1.150000e+003	1.66706168e-001	-3.23329383e+000	5.65421831e+003	0.00000000e+000	3.5534e+015	1.0000e-010	0.0000e+000
1.160000e+003	1.67271590e-001	-3.23272841e+000	5.58799816e+003	0.00000000e+000	3.4766e+015	1.0000e-010	0.0000e+000
1.170000e+003	1.67830390e-001	-3.23216961e+000	5.52319402e+003	0.00000000e+000	3.4022e+015	1.0000e-010	0.0000e+000
1.180000e+003	1.68382709e-001	-3.23161729e+000	5.45975971e+003	0.00000000e+000	3.3303e+015	1.0000e-010	0.0000e+000
1.190000e+003	1.68928685e-001	-3.23107131e+000	5.39765104e+003	0.00000000e+000	3.2607e+015	1.0000e-010	0.0000e+000
1.200000e+003	1.69468450e-001	-3.23053155e+000	5.33682570e+003	0.00000000e+000	3.1933e+015	1.0000e-010	0.0000e+000
1.210000e+003	1.70002133e-001	-3.22999787e+000	5.27724315e+003	0.00000000e+000	3.1281e+015	1.0000e-010	0.0000e+000
1.220000e+003	1.70529857e-001	-3.22947014e+000	5.21886455e+003	0.00000000e+000	3.0649e+015	1.0000e-010	0.0000e+000
1.230000e+003	1.71051744e-001	-3.22894826e+000	5.16165265e+003	0.00000000e+000	3.0036e+015	1.0000e-010	0.0000e+000
1.240000e+003	1.71567909e-001	-3.22843209e+000	5.10557172e+003	0.00000000e+000	2.9443e+015	1.0000e-010	0.0000e+000
1.250000e+003	1.72078466e-001	-3.22792153e+000	5.05058749e+003	0.00000000e+000	2.8867e+015	1.0000e-010	0.0000e+000
1.260000e+003	1.72583525e-001	-3.22741648e+000	4.99666703e+003	0.00000000e+000	2.8308e+015	1.0000e-010	0.0000e+000
1.270000e+003	1.73083192e-001	-3.22691681e+000	4.94377874e+003	0.00000000e+000	2.7766e+015	1.0000e-010	0.0000e+000
1.280000e+003	1.73577570e-001	-3.22642243e+000	4.89189224e+003	0.00000000e+000	2.7240e+015	1.0000e-010	0.0000e+000
1.290000e+003	1.74066759e-001	-3.22593324e+000	4.84097834e+003	0.00000000e+000	2.6730e+015	1.0000e-010	0.0000e+000
1.300000e+003	1.74550857e-001	-3.22544914e+000	4.79100897e+003	0.00000000e+000	2.6234e+015	1.0000e-010	0.0000e+000
1.310000e+003	1.75029957e-001	-3.22497004e+000	4.74195713e+003	0.00000000e+000	2.5752e+015	1.0000e-010	0.0000e+000
1.320000e+003	1.75504153e-001	-3.22449585e+000	4.69379683e+003	0.00000000e+000	2.5284e+015	1.0000e-010	0.0000e+000
1.330000e+003	1.75973533e-001	-3.22402647e+000	4.64650306e+003	0.00000000e+000	2.4829e+015	1.0000e-010	0.0000e+000
1.340000e+003	1.76438183e-001	-3.22356182e+000	4.60005173e+003	0.00000000e+000	2.4387e+015	1.0000e-010	0.0000e+000
1.350000e+003	1.76898188e-001	-3.22310181e+000	4.55441964e+003	0.00000000e+000	2.3957e+015	1.0000e-010	0.0000e+000
1.360000e+003	1.77353630e-001	-3.22264637e+000	4.50958442e+003	0.00000000e+000	2.3539e+015	1.0000e-010	0.0000e+000
1.370000e+003	1.77804589e-001	-3.22219541e+000	4.46552452e+003	0.00000000e+000	2.3132e+015	1.0000e-010	0.0000e+000
1.380000e+003	1.78251141e-001	-3.22174886e+000	4.42221914e+003	0.00000000e+000	2.2735e+015	1.0000e-010	0.0000e+000
1.390000e+003	1.78693363e-001	-3.22130664e+000	4.37964825e+003	0.00000000e+000	2.2350e+015	1.0000e-010	0.0000e+000
1.400000e+003	1.79131328e-001	-3.22086867e+000	4.33779248e+003	0.00000000e+000	2.1974e+015	1.0000e-010	0.0000e+000
1.410000e+003	1.79565107e-001	-3.22043489e+000	4.29663317e+003	0.00000000e+000	2.1609e+015	1.0000e-010	0.0000e+000
1.420000e+003	1.79994771e-001	-3.22000523e+000	4.25615228e+003	0.00000000e+000	2.1253e+015	1.0000e-010	0.0000e+000
1.430000e+003	1.80420386e-001	-3.21957961e+000	4.21633239e+003	0.00000000e+000	2.0906e+015	1.0000e-010	0.0000e+000
1.440000e+003	1.80842019e-001	-3.21915798e+000	4.17715667e+003	0.00000000e+000	2.0567e+015	1.0000e-010	0.0000e+000
1.450000e+003	1.81259735e-001	-3.21874027e+000	4.13860887e+003	0.00000000e+000	2.0238e+015	1.0000e-010	0.0000e+000
1.460000e+003	1.81673596e-001	-3.21832640e+000	4.10067326e+003	0.00000000e+000	1.9916e+015	1.0000e-010	0.0000e+000
1.470000e+003	1.82083663e-001	-3.21791634e+000	4.06333464e+003	0.00000000e+000	1.9603e+015	1.0000e-010	0.0000e+000
1.480000e+003	1.82489996e-001	-3.21751000e+000	4.02657832e+003	0.00000000e+000	1.9297e+015	1.0000e-010	0.0000e+000
1.490000e+003	1.82892654e-001	-3.21710735e+000	3.99039005e+003	0.00000000e+000	1.8999e+015	1.0000e-010	0.0000e+000
1.500000e+003	1.83291693e-001	-3.21670831e+000	3.95475608e+003	0.00000000e+000	1.8708e+015	1.0000e-010	0.0000e+000
1.510000e+003	1.83687169e-001	-3.21631283e+000	3.91966308e+003	0.00000000e+000	1.8424e+015	1.0000e-010	0.0000e+000
1.520000e+003	1.84079135e-001	-3.21592086e+000	3.88509814e+003	0.00000000e+000	1.8147e+015	1.0000e-010	0.0000e+000
1.530000e+003	1.84467645e-001	-3.21553236e+000	3.85104877e+003	0.00000000e+000	1.7876e+015	1.0000e-010	0.0000e+000
1.540000e+003	1.84852750e-001	-3.21514725e+000	3.81750286e+003	0.00000000e+000	1.7612e+015	1.0000e-010	0.0000e+000
1.550000e+003	1.85234500e-001	-3.21476550e+000	3.78444868e+003	0.00000000e+000	1.7354e+015	1.0000e-010	0.0000e+000
1.560000e+003	1.85612945e-001	-3.21438706e+000	3.75187484e+003	0.00000000e+000	1.7101e+015	1.0000e-010	0.0000e+000
1.570000e+003	1.85988132e-001	-3.21401187e+000	3.71977034e+003	0.00000000e+000	1.6855e+015	1.0000e-010	0.0000e+000
1.580000e+003	1.86360109e-001	-3.21363989e+000	3.68812446e+003	0.00000000e+000	1.6614e+015	1.0000e-010	0.0000e+000
1.590000e+003	1.86728922e-001	-3.21327108e+000	3.65692686e+003	0.00000000e+000	1.6379e+015	1.0000e-010	0.0000e+000
1.600000e+003	1.87094615e-001	-3.21290539e+000	3.62616745e+003	0.00000000e+000	1.6149e+015	1.0000e-010	0.0000e+000
1.610000e+003	1.87457231e-001	-3.21254277e+000	3.59583649e+003	0.00000000e+000	1.5924e+015	1.0000e-010	0.0000e+000
1.620000e+003	1.87816815e-001	-3.21218319e+000	3.56592449e+003	0.00000000e+000	1.5704e+015	1.0000e-010	0.0000e+000
1.630000e+003	1.88173407e-001	-3.21182659e+000	3.53642225e+003	0.00000000e+000	1.5489e+015	1.0000e-010	0.0000e+000
1.640000e+003	1.88527050e-001	-3.21147295e+000	3.50732084e+003	0.00000000e+000	1.5278e+015	1.0000e-010	0.0000e+000
1.650000e+003	1.88877782e-001	-3.21112222e+000	3.47861158e+003	0.00000000e+000	1.5072e+015	1.0000e-010	0.0000e+000
1.660000e+003	1.89225643e-001	-3.21077436e+000	3.45028604e+003	0.00000000e+000	1.4871e+015	1.0000e-010	0.0000e+000
1.670000e+003	1.89570672e-001	-3.21042933e+000	3.42233603e+003	0.00000000e+000	1.4674e+015	1.0000e-010	0.0000e+000
1.680000e+003	1.89912905e-001	-3.21008709e+000	3.39475358e+003	0.00000000e+000	1.4481e+015	1.0000e-010	0.0000e+000
1.690000e+003	1.90252380e-001	-3.20974762e+000	3.36753097e+003	0.00000000e+000	1.4292e+015	1.0000e-010	0.0000e+000
1.700000e+003	1.90589134e-001	-3.20941087e+000	3.34066067e+003	0.00000000e+000	1.4107e+015	1.0000e-010	0.0000e+000
1.710000e+003	1.90923200e-001	-3.20907680e+000	3.31413536e+003	0.00000000e+000	1.3926e+015	1.0000e-010	0.0000e+000
1.720000e+003	1.91254613e-001	-3.20874539e+000	3.28794792e+003	0.00000000e+000	1.3748e+015	1.0000e-010	0.0000e+000
1.730000e+003	1.91583408e-001	-3.20841659e+000	3.26209144e+003	0.00000000e+000	1.3575e+015	1.0000e-010	0.0000e+000
1.740000e+003	1.91909617e-001	-3.20809038e+000	3.23655917e+003	0.00000000e+000	1.3404e+015	1.0000e-010	0.0000e+000
1.750000e+003	1.92233273e-001	-3.20776673e+000	3.21134456e+003	0.00000000e+000	1.3238e+015	1.0000e-010	0.0000e+000
1.760000e+003	1.92554407e-001	-3.20744559e+000	3.18644124e+003	0.00000000e+000	1.3074e+015	1.0000e-010	0.0000e+000
1.770000e+003	1.92873052e-001	-3.20712695e+000	3.16184297e+003	0.00000000e+000	1.2914e+015	1.0000e-010	0.0000e+000
1.780000e+003	1.93189236e-001	-3.20681076e+000	3.13754373e+003	0.00000000e+000	1.2757e+015	1.0000e-010	0.0000e+000
1.790000e+003	1.93502990e-001	-3.20649701e+000	3.11353762e+003	0.00000000e+000	1.2603e+015	1.0000e-010	0.0000e+000
1.800000e+003	1.93814344e-001	-3.20618566e+000	3.08981889e+003	0.00000000e+000	1.2452e+015	1.0000e-010	0.0000e+000
1.810000e+003	1.94123326e-001	-3.20587667e+000	3.06638196e+003	0.00000000e+000	1.2304e+015	1.0000e-010	0.0000e+000
1.820000e+003	1.94429964e-001	-3.20557004e+000	3.04322138e+003	0.00000000e+000	1.2159e+015	1.0000e-010	0.0000e+000
1.830000e+003	1.94734286e-001	-3.20526571e+000	3.02033184e+003	0.00000000e+000	1.2017e+015	1.0000e-010	0.0000e+000
1.840000e+003	1.95036319e-001	-3.20496368e+000	2.99770817e+003	0.00000000e+000	1.1877e+015	1.0000e-010	0.0000e+000
1.850000e+003	1.95336090e-001	-3.20466391e+000	2.97534532e+003	0.00000000e+000	1.1741e+015	1.0000e-010	0.0000e+000
1.860000e+003	1.95633625e-001	-3.20436638e+000	2.95323837e+003	0.00000000e+000	1.1606e+015	1.0000e-010	0.0000e+000
1.870000e+003	1.95928949e-001	-3.20407105e+000	2.93138253e+003	0.00000000e+000	1.1474e+015	1.0000e-010	0.0000e+000
1.880000e+003	1.96222087e-001	-3.20377791e+000	2.90977311e+003	0.00000000e+000	1.1345e+015	1.0000e-010	0.0000e+000
1.890000e+003	1.96513064e-001	-3.20348694e+000	2.88840555e+003	0.00000000e+000	1.1218e+015	1.0000e-010	0.0000e+000
1.900000e+003	1.96801905e-001	-3.20319810e+000	2.86727540e+003	0.00000000e+000	1.1093e+015	1.0000e-010	0.0000e+000
1.910000e+003	1.97088632e-001	-3.20291137e+000	2.84637832e+003	0.00000000e+000	1.0971e+015	1.0000e-010	0.0000e+000
1.920000e+003	1.97373270e-001	-3.20262673e+000	2.82571005e+003	0.00000000e+000	1.0851e+015	1.0000e-010	0.0000e+000
1.930000e+003	1.97655841e-001	-3.20234416e+000	2.80526647e+003	0.00000000e+000	1.0733e+015	1.0000e-010	0.0000e+000
1.940000e+003	1.97936368e-001	-3.20206363e+000	2.78504352e+003	0.00000000e+000	1.0617e+015	1.0000e-010	0.0000e+000
1.950000e+003	1.98214872e-001	-3.20178513e+000	2.76503727e+003	0.00000000e+000	1.0503e+015	1.0000e-010	0.0000e+000
1.960000e+003	1.98491376e-001	-3.20150862e+000	2.74524386e+003	0.00000000e+000	1.0392e+015	1.0000e-010	0.0000e+000
1.970000e+003	1.98765900e-001	-3.20123410e+000	2.72565952e+003	0.00000000e+000	1.0282e+015	1.0000e-010	0.0000e+000
1.980000e+003	1.99038466e-001	-3.20096153e+000	2.70628058e+003	0.00000000e+000	1.0174e+015	1.0000e-010	0.0000e+000
1.990000e+003	1.99309094e-001	-3.20069091e+000	2.68710345e+003	0.00000000e+000	1.0068e+015	1.0000e-010	0.0000e+000
2.000000e+003	1.99577805e-001	-3.20042220e+000	2.66812462e+003	0.00000000e+000	9.9639e+014	1.0000e-010	0.0000e+000
2.010000e+003	1.99844617e-001	-3.20015538e+000	2.64934066e+003	0.00000000e+000	9.8616e+014	1.0000e-010	0.0000e+000
2.020000e+003	2.00109551e-001	-3.19989045e+000	2.63074821e+003	0.00000000e+000	9.7611e+014	1.0000e-010	0.0000e+000
2.030000e+003	2.00372626e-001	-3.19962737e+000	2.61234401e+003	0.00000000e+000	9.6622e+014	1.0000e-010	0.0000e+000
2.040000e+003	2.00633860e-001	-3.19936614e+000	2.59412484e+003	0.00000000e+000	9.5651e+014	1.0000e-010	0.0000e+000
2.050000e+003	2.00893273e-001	-3.19910673e+000	2.57608758e+003	0.00000000e+000	9.4696e+014	1.0000e-010	0.0000e+000
2.060000e+003	2.01150882e-001	-3.19884912e+000	2.55822917e+003	0.00000000e+000	9.3757e+014	1.0000e-010	0.0000e+000
2.070000e+003	2.01406705e-001	-3.19859330e+000	2.54054660e+003	0.00000000e+000	9.2834e+014	1.0000e-010	0.0000e+000
2.080000e+003	2.01660759e-001	-3.19833924e+000	2.52303695e+003	0.00000000e+000	9.1926e+014	1.0000e-010	0.0000e+000
2.090000e+003	2.01913063e-001	-3.19808694e+000	2.50569736e+003	0.00000000e+000	9.1033e+014	1.0000e-010	0.0000e+000
2.100000e+003	2.02163633e-001	-3.19783637e+000	2.48852502e+003	0.00000000e+000	9.0155e+014	1.0000e-010	0.0000e+000
2.110000e+003	2.02412485e-001	-3.19758751e+000	2.47151719e+003	0.00000000e+000	8.9291e+014	1.0000e-010	0.0000e+000
2.120000e+003	2.02659637e-001	-3.19734036e+000	2.45467119e+003	0.00000000e+000	8.8442e+014	1.0000e-010	0.0000e+000
2.130000e+003	2.02905104e-001	-3.19709490e+000	2.43798438e+003	0.00000000e+000	8.7606e+014	1.0000e-010	0.0000e+000
2.140000e+003	2.03148902e-001	-3.19685110e+000	2.42145420e+003	0.00000000e+000	8.6784e+014	1.0000e-010	0.0000e+000
2.150000e+003	2.03391048e-001	-3.19660895e+000	2.40507812e+003	0.00000000e+000	8.5975e+014	1.0000e-010	0.0000e+000
2.160000e+003	2.03631556e-001	-3.19636844e+000	2.38885369e+003	0.00000000e+000	8.5179e+014	1.0000e-010	0.0000e+000
2.170000e+003	2.03870441e-001	-3.19612956e+000	2.37277850e+003	0.00000000e+000	8.4395e+014	1.0000e-010	0.0000e+000
2.180000e+003	2.04107719e-001	-3.19589228e+000	2.35685017e+003	0.00000000e+000	8.3624e+014	1.0000e-010	0.0000e+000
2.190000e+003	2.04343404e-001	-3.19565660e+000	2.34106639e+003	0.00000000e+000	8.2865e+014	1.0000e-010	0.0000e+000
2.200000e+003	2.04577510e-001	-3.19542249e+000	2.32542490e+003	0.00000000e+000	8.2118e+014	1.0000e-010	0.0000e+000
2.210000e+003	2.04810053e-001	-3.19518995e+000	2.30992348e+003	0.00000000e+000	8.1383e+014	1.0000e-010	0.0000e+000
2.220000e+003	2.05041045e-001	-3.19495895e+000	2.29455995e+003	0.00000000e+000	8.0659e+014	1.0000e-010	0.0000e+000
2.230000e+003	2.05270501e-001	-3.19472950e+000	2.27933218e+003	0.00000000e+000	7.9946e+014	1.0000e-010	0.0000e+000
2.240000e+003	2.05498435e-001	-3.19450157e+000	2.26423808e+003	0.00000000e+000	7.9244e+014	1.0000e-010	0.0000e+000
2.250000e+003	2.05724858e-001	-3.19427514e+000	2.24927560e+003	0.00000000e+000	7.8553e+014	1.0000e-010	0.0000e+000
2.260000e+003	2.05949786e-001	-3.19405021e+000	2.23444274e+003	0.00000000e+000	7.7873e+014	1.0000e-010	0.0000e+000
2.270000e+003	2.06173230e-001	-3.19382677e+000	2.21973754e+003	0.00000000e+000	7.7203e+014	1.0000e-010	0.0000e+000
2.280000e+003	2.06395204e-001	-3.19360480e+000	2.20515805e+003	0.00000000e+000	7.6543e+014	1.0000e-010	0.0000e+000
2.290000e+003	2.06615720e-001	-3.19338428e+000	2.19070240e+003	0.00000000e+000	7.5892e+014	1.0000e-010	0.0000e+000
2.300000e+003	2.06834790e-001	-3.19316521e+000	2.17636873e+003	0.00000000e+000	7.5252e+014	1.0000e-010	0.0000e+000
2.310000e+003	2.07052427e-001	-3.19294757e+000	2.16215522e+003	0.00000000e+000	7.4621e+014	1.0000e-010	0.0000e+000
2.320000e+003	2.07268642e-001	-3.19273136e+000	2.14806009e+003	0.00000000e+000	7.4000e+014	1.0000e-010	0.0000e+000
2.330000e+003	2.07483448e-001	-3.19251655e+000	2.13408160e+003	0.00000000e+000	7.3387e+014	1.0000e-010	0.0000e+000
2.340000e+003	2.07696857e-001	-3.19230314e+000	2.12021802e+003	0.00000000e+000	7.2784e+014	1.0000e-010	0.0000e+000
2.350000e+003	2.07908878e-001	-3.19209112e+000	2.10646768e+003	0.00000000e+000	7.2190e+014	1.0000e-010	0.0000e+000
2.360000e+003	2.08119525e-001	-3.19188047e+000	2.09282892e+003	0.00000000e+000	7.1604e+014	1.0000e-010	0.0000e+000
2.370000e+003	2.08328808e-001	-3.19167119e+000	2.07930013e+003	0.00000000e+000	7.1026e+014	1.0000e-010	0.0000e+000
2.380000e+003	2.08536738e-001	-3.19146326e+000	2.06587971e+003	0.00000000e+000	7.0457e+014	1.0000e-010	0.0000e+000
2.390000e+003	2.08743326e-001	-3.19125667e+000	2.05256611e+003	0.00000000e+000	6.9897e+014	1.0000e-010	0.0000e+000
2.400000e+003	2.08948583e-001	-3.19105142e+000	2.03935780e+003	0.00000000e+000	6.9344e+014	1.0000e-010	0.0000e+000
2.410000e+003	2.09152518e-001	-3.19084748e+000	2.02625328e+003	0.00000000e+000	6.8799e+014	1.0000e-010	0.0000e+000
2.420000e+003	2.09355144e-001	-3.19064486e+000	2.01325106e+003	0.00000000e+000	6.8262e+014	1.0000e-010	0.0000e+000
2.430000e+003	2.09556469e-001	-3.19044353e+000	2.00034971e+003	0.00000000e+000	6.7732e+014	1.0000e-010	0.0000e+000
2.440000e+003	2.09756504e-001	-3.19024350e+000	1.98754780e+003	0.00000000e+000	6.7210e+014	1.0000e-010	0.0000e+000
2.450000e+003	2.09955259e-001	-3.19004474e+000	1.97484393e+003	0.00000000e+000	6.6695e+014	1.0000e-010	0.0000e+000
2.460000e+003	2.10152743e-001	-3.18984726e+000	1.96223675e+003	0.00000000e+000	6.6188e+014	1.0000e-010	0.0000e+000
2.470000e+003	2.10348967e-001	-3.18965103e+000	1.94972489e+003	0.00000000e+000	6.5687e+014	1.0000e-010	0.0000e+000
2.480000e+003	2.10543939e-001	-3.18945606e+000	1.93730704e+003	0.00000000e+000	6.5194e+014	1.0000e-010	0.0000e+000
2.490000e+003	2.10737670e-001	-3.18926233e+000	1.92498189e+003	0.00000000e+000	6.4707e+014	1.0000e-010	0.0000e+000
2.500000e+003	2.10930168e-001	-3.18906983e+000	1.91274819e+003	0.00000000e+000	6.4227e+014	1.0000e-010	0.0000e+000
2.510000e+003	2.11121443e-001	-3.18887856e+000	1.90060466e+003	0.00000000e+000	6.3754e+014	1.0000e-010	0.0000e+000
2.520000e+003	2.11311503e-001	-3.18868850e+000	1.88855008e+003	0.00000000e+000	6.3287e+014	1.0000e-010	0.0000e+000
2.530000e+003	2.11500358e-001	-3.18849964e+000	1.87658325e+003	0.00000000e+000	6.2826e+014	1.0000e-010	0.0000e+000
2.540000e+003	2.11688017e-001	-3.18831198e+000	1.86470297e+003	0.00000000e+000	6.2372e+014	1.0000e-010	0.0000e+000
2.550000e+003	2.11874487e-001	-3.18812551e+000	1.85290807e+003	0.00000000e+000	6.1923e+014	1.0000e-010	0.0000e+000
2.560000e+003	2.12059778e-001	-3.18794022e+000	1.84119740e+003	0.00000000e+000	6.1481e+014	1.0000e-010	0.0000e+000
2.570000e+003	2.12243897e-001	-3.18775610e+000	1.82956985e+003	0.00000000e+000	6.1045e+014	1.0000e-010	0.0000e+000
2.580000e+003	2.12426854e-001	-3.18757315e+000	1.81802429e+003	0.00000000e+000	6.0614e+014	1.0000e-010	0.0000e+000
2.590000e+003	2.12608657e-001	-3.18739134e+000	1.80655965e+003	0.00000000e+000	6.0190e+014	1.0000e-010	0.0000e+000
2.600000e+003	2.12789313e-001	-3.18721069e+000	1.79517484e+003	0.00000000e+000	5.9770e+014	1.0000e-010	0.0000e+000
2.610000e+003	2.12968830e-001	-3.18703117e+000	1.78386881e+003	0.00000000e+000	5.9357e+014	1.0000e-010	0.0000e+000
2.620000e+003	2.13147217e-001	-3.18685278e+000	1.77264053e+003	0.00000000e+000	5.8949e+014	1.0000e-010	0.0000e+000
2.630000e+003	2.13324481e-001	-3.18667552e+000	1.76148897e+003	0.00000000e+000	5.8546e+014	1.0000e-010	0.0000e+000
2.640000e+003	2.13500630e-001	-3.18649937e+000	1.75041314e+003	0.00000000e+000	5.8148e+014	1.0000e-010	0.0000e+000
2.650000e+003	2.13675671e-001	-3.18632433e+000	1.73941206e+003	0.00000000e+000	5.7756e+014	1.0000e-010	0.0000e+000
2.660000e+003	2.13849613e-001	-3.18615039e+000	1.72848474e+003	0.00000000e+000	5.7369e+014	1.0000e-010	0.0000e+000
2.670000e+003	2.14022461e-001	-3.18597754e+000	1.71763024e+003	0.00000000e+000	5.6986e+014	1.0000e-010	0.0000e+000
2.680000e+003	2.14194224e-001	-3.18580578e+000	1.70684762e+003	0.00000000e+000	5.6609e+014	1.0000e-010	0.0000e+000
2.690000e+003	2.14364909e-001	-3.18563509e+000	1.69613595e+003	0.00000000e+000	5.6236e+014	1.0000e-010	0.0000e+000
2.700000e+003	2.14534523e-001	-3.18546548e+000	1.68549434e+003	0.00000000e+000	5.5869e+014	1.0000e-010	0.0000e+000
2.710000e+003	2.14703072e-001	-3.18529693e+000	1.67492188e+003	0.00000000e+000	5.5506e+014	1.0000e-010	0.0000e+000
2.720000e+003	2.14870564e-001	-3.18512944e+000	1.66441769e+003	0.00000000e+000	5.5147e+014	1.0000e-010	0.0000e+000
2.730000e+003	2.15037006e-001	-3.18496299e+000	1.65398092e+003	0.00000000e+000	5.4793e+014	1.0000e-010	0.0000e+000
2.740000e+003	2.15202404e-001	-3.18479760e+000	1.64361071e+003	0.00000000e+000	5.4444e+014	1.0000e-010	0.0000e+000
2.750000e+003	2.15366765e-001	-3.18463323e+000	1.63330622e+003	0.00000000e+000	5.4099e+014	1.0000e-010	0.0000e+000
2.760000e+003	2.15530096e-001	-3.18446990e+000	1.62306663e+003	0.00000000e+000	5.3758e+014	1.0000e-010	0.0000e+000
2.770000e+003	2.15692402e-001	-3.18430760e+000	1.61289112e+003	0.00000000e+000	5.3422e+014	1.0000e-010	0.0000e+000
2.780000e+003	2.15853691e-001	-3.18414631e+000	1.60277890e+003	0.00000000e+000	5.3089e+014	1.0000e-010	0.0000e+000
2.790000e+003	2.16013969e-001	-3.18398603e+000	1.59272918e+003	0.00000000e+000	5.2761e+014	1.0000e-010	0.0000e+000
2.800000e+003	2.16173242e-001	-3.18382676e+000	1.58274119e+003	0.00000000e+000	5.2437e+014	1.0000e-010	0.0000e+000
2.810000e+003	2.16331516e-001	-3.18366848e+000	1.57281415e+003	0.00000000e+000	5.2117e+014	1.0000e-010	0.0000e+000
2.820000e+003	2.16488798e-001	-3.18351120e+000	1.56294733e+003	0.00000000e+000	5.1801e+014	1.0000e-010	0.0000e+000
2.830000e+003	2.16645093e-001	-3.18335491e+000	1.55313999e+003	0.00000000e+000	5.1489e+014	1.0000e-010	0.0000e+000
2.840000e+003	2.16800407e-001	-3.18319959e+000	1.54339138e+003	0.00000000e+000	5.1180e+014	1.0000e-010	0.0000e+000
2.850000e+003	2.16954746e-001	-3.18304525e+000	1.53370081e+003	0.00000000e+000	5.0876e+014	1.0000e-010	0.0000e+000
2.860000e+003	2.17108116e-001	-3.18289188e+000	1.52406755e+003	0.00000000e+000	5.0575e+014	1.0000e-010	0.0000e+000
2.870000e+003	2.17260523e-001	-3.18273948e+000	1.51449092e+003	0.00000000e+000	5.0277e+014	1.0000e-010	0.0000e+000
2.880000e+003	2.17411972e-001	-3.18258803e+000	1.50497023e+003	0.00000000e+000	4.9984e+014	1.0000e-010	0.0000e+000
2.890000e+003	2.17562469e-001	-3.18243753e+000	1.49550480e+003	0.00000000e+000	4.9694e+014	1.0000e-010	0.0000e+000
2.900000e+003	2.17712019e-001	-3.18228798e+000	1.48609397e+003	0.00000000e+000	4.9407e+014	1.0000e-010	0.0000e+000
2.910000e+003	2.17860629e-001	-3.18213937e+000	1.47673708e+003	0.00000000e+000	4.9124e+014	1.0000e-010	0.0000e+000
2.920000e+003	2.18008302e-001	-3.18199170e+000	1.46743349e+003	0.00000000e+000	4.8844e+014	1.0000e-010	0.0000e+000
2.930000e+003	2.18155046e-001	-3.18184495e+000	1.45818256e+003	0.00000000e+000	4.8568e+014	1.0000e-010	0.0000e+000
2.940000e+003	2.18300864e-001	-3.18169914e+000	1.44898366e+003	0.00000000e+000	4.8294e+014	1.0000e-010	0.0000e+000
2.950000e+003	2.18445762e-001	-3.18155424e+000	1.43983618e+003	0.00000000e+000	4.8024e+014	1.0000e-010	0.0000e+000
2.960000e+003	2.18589746e-001	-3.18141025e+000	1.43073950e+003	0.00000000e+000	4.7758e+014	1.0000e-010	0.0000e+000
2.970000e+003	2.18732820e-001	-3.18126718e+000	1.42169303e+003	0.00000000e+000	4.7494e+014	1.0000e-010	0.0000e+000
2.980000e+003	2.18874989e-001	-3.18112501e+000	1.41269617e+003	0.00000000e+000	4.7234e+014	1.0000e-010	0.0000e+000
2.990000e+003	2.19016259e-001	-3.18098374e+000	1.40374834e+003	0.00000000e+000	4.6976e+014	1.0000e-010	0.0000e+000
3.000000e+003	2.19156634e-001	-3.18084337e+000	1.39484897e+003	0.00000000e+000	4.6722e+014	1.0000e-010	0.0000e+000
3.010000e+003	2.19296118e-001	-3.18070388e+000	1.38599748e+003	0.00000000e+000	4.6470e+014	1.0000e-010	0.0000e+000
3.020000e+003	2.19434718e-001	-3.18056528e+000	1.37719332e+003	0.00000000e+000	4.6222e+014	1.0000e-010	0.0000e+000
3.030000e+003	2.19572438e-001	-3.18042756e+000	1.36843594e+003	0.00000000e+000	4.5976e+014	1.0000e-010	0.0000e+000
3.040000e+003	2.19709281e-001	-3.18029072e+000	1.35972479e+003	0.00000000e+000	4.5734e+014	1.0000e-010	0.0000e+000
3.050000e+003	2.19845254e-001	-3.18015475e+000	1.35105934e+003	0.00000000e+000	4.5494e+014	1.0000e-010	0.0000e+000
3.060000e+003	2.19980360e-001	-3.18001964e+000	1.34243905e+003	0.00000000e+000	4.5257e+014	1.0000e-010	0.0000e+000
3.070000e+003	2.20114603e-001	-3.17988540e+000	1.33386342e+003	0.00000000e+000	4.5022e+014	1.0000e-010	0.0000e+000
3.080000e+003	2.20247990e-001	-3.17975201e+000	1.32533192e+003	0.00000000e+000	4.4791e+014	1.0000e-010	0.0000e+000
3.090000e+003	2.20380523e-001	-3.17961948e+000	1.31684404e+003	0.00000000e+000	4.4561e+014	1.0000e-010	0.0000e+000
3.100000e+003	2.20512207e-001	-3.17948779e+000	1.30839929e+003	0.00000000e+000	4.4335e+014	1.0000e-010	0.0000e+000
3.110000e+003	2.20643047e-001	-3.17935695e+000	1.29999717e+003	0.00000000e+000	4.4111e+014	1.0000e-010	0.0000e+000
3.120000e+003	2.20773047e-001	-3.17922695e+000	1.29163720e+003	0.00000000e+000	4.3890e+014	1.0000e-010	0.0000e+000
3.130000e+003	2.20902211e-001	-3.17909779e+000	1.28331889e+003	0.00000000e+000	4.3671e+014	1.0000e-010	0.0000e+000
3.140000e+003	2.21030543e-001	-3.17896946e+000	1.27504177e+003	0.00000000e+000	4.3455e+014	1.0000e-010	0.0000e+000
3.150000e+003	2.21158047e-001	-3.17884195e+000	1.26680537e+003	0.00000000e+000	4.3241e+014	1.0000e-010	0.0000e+000
3.160000e+003	2.21284727e-001	-3.17871527e+000	1.25860924e+003	0.00000000e+000	4.3030e+014	1.0000e-010	0.0000e+000
3.170000e+003	2.21410588e-001	-3.17858941e+000	1.25045291e+003	0.00000000e+000	4.2821e+014	1.0000e-010	0.0000e+000
3.180000e+003	2.21535634e-001	-3.17846437e+000	1.24233594e+003	0.00000000e+000	4.2614e+014	1.0000e-010	0.0000e+000
3.190000e+003	2.21659867e-001	-3.17834013e+000	1.23425788e+003	0.00000000e+000	4.2410e+014	1.0000e-010	0.0000e+000
3.200000e+003	2.21783293e-001	-3.17821671e+000	1.22621829e+003	0.00000000e+000	4.2208e+014	1.0000e-010	0.0000e+000
3.210000e+003	2.21905915e-001	-3.17809409e+000	1.21821675e+003	0.00000000e+000	4.2008e+014	1.0000e-010	0.0000e+000
3.220000e+003	2.22027736e-001	-3.17797226e+000	1.21025283e+003	0.00000000e+000	4.1811e+014	1.0000e-010	0.0000e+000
3.230000e+003	2.22148762e-001	-3.17785124e+000	1.20232610e+003	0.00000000e+000	4.1615e+014	1.0000e-010	0.0000e+000
3.240000e+003	2.22268994e-001	-3.17773101e+000	1.19443616e+003	0.00000000e+000	4.1422e+014	1.0000e-010	0.0000e+000
3.250000e+003	2.22388438e-001	-3.17761156e+000	1.18658258e+003	0.00000000e+000	4.1231e+014	1.0000e-010	0.0000e+000
3.260000e+003	2.22507096e-001	-3.17749290e+000	1.17876496e+003	0.00000000e+000	4.1043e+014	1.0000e-010	0.0000e+000
3.270000e+003	2.22624973e-001	-3.17737503e+000	1.17098292e+003	0.00000000e+000	4.0856e+014	1.0000e-010	0.0000e+000
3.280000e+003	2.22742071e-001	-3.17725793e+000	1.16323604e+003	0.00000000e+000	4.0671e+014	1.0000e-010	0.0000e+000
3.290000e+003	2.22858395e-001	-3.17714161e+000	1.15552394e+003	0.00000000e+000	4.0489e+014	1.0000e-010	0.0000e+000
3.300000e+003	2.22973947e-001	-3.17702605e+000	1.14784623e+003	0.00000000e+000	4.0308e+014	1.0000e-010	0.0000e+000
3.310000e+003	2.23088732e-001	-3.17691127e+000	1.14020254e+003	0.00000000e+000	4.0130e+014	1.0000e-010	0.0000e+000
3.320000e+003	2.23202752e-001	-3.17679725e+000	1.13259249e+003	0.00000000e+000	3.9953e+014	1.0000e-010	0.0000e+000
3.330000e+003	2.23316011e-001	-3.17668399e+000	1.12501570e+003	0.00000000e+000	3.9778e+014	1.0000e-010	0.0000e+000
3.340000e+003	2.23428513e-001	-3.17657149e+000	1.11747182e+003	0.00000000e+000	3.9606e+014	1.0000e-010	0.0000e+000
3.350000e+003	2.23540260e-001	-3.17645974e+000	1.10996047e+003	0.00000000e+000	3.9435e+014	1.0000e-010	0.0000e+000
3.360000e+003	2.23651256e-001	-3.17634874e+000	1.10248131e+003	0.00000000e+000	3.9266e+014	1.0000e-010	0.0000e+000
3.370000e+003	2.23761504e-001	-3.17623850e+000	1.09503397e+003	0.00000000e+000	3.9099e+014	1.0000e-010	0.0000e+000
3.380000e+003	2.23871007e-001	-3.17612899e+000	1.08761811e+003	0.00000000e+000	3.8933e+014	1.0000e-010	0.0000e+000
3.390000e+003	2.23979769e-001	-3.17602023e+000	1.08023338e+003	0.00000000e+000	3.8770e+014	1.0000e-010	0.0000e+000
3.400000e+003	2.24087793e-001	-3.17591221e+000	1.07287945e+003	0.00000000e+000	3.8608e+014	1.0000e-010	0.0000e+000
3.410000e+003	2.24195081e-001	-3.17580492e+000	1.06555598e+003	0.00000000e+000	3.8448e+014	1.0000e-010	0.0000e+000
3.420000e+003	2.24301636e-001	-3.17569836e+000	1.05826262e+003	0.00000000e+000	3.8290e+014	1.0000e-010	0.0000e+000
3.430000e+003	2.24407462e-001	-3.17559254e+000	1.05099906e+003	0.00000000e+000	3.8134e+014	1.0000e-010	0.0000e+000
3.440000e+003	2.24512562e-001	-3.17548744e+000	1.04376498e+003	0.00000000e+000	3.7979e+014	1.0000e-010	0.0000e+000
3.450000e+003	2.24616939e-001	-3.17538306e+000	1.03656004e+003	0.00000000e+000	3.7826e+014	1.0000e-010	0.0000e+000
3.460000e+003	2.24720595e-001	-3.17527941e+000	1.02938393e+003	0.00000000e+000	3.7675e+014	1.0000e-010	0.0000e+000
3.470000e+003	2.24823533e-001	-3.17517647e+000	1.02223633e+003	0.00000000e+000	3.7525e+014	1.0000e-010	0.0000e+000
3.480000e+003	2.24925757e-001	-3.17507424e+000	1.01511695e+003	0.00000000e+000	3.7377e+014	1.0000e-010	0.0000e+000
3.490000e+003	2.25027269e-001	-3.17497273e+000	1.00802547e+003	0.00000000e+000	3.7230e+014	1.0000e-010	0.0000e+000
3.500000e+003	2.25128071e-001	-3.17487193e+000	1.00096158e+003	0.00000000e+000	3.7086e+014	1.0000e-010	0.0000e+000
3.510000e+003	2.25228167e-001	-3.17477183e+000	9.93924991e+002	0.00000000e+000	3.6942e+014	1.0000e-010	0.0000e+000
3.520000e+003	2.25327560e-001	-3.17467244e+000	9.86915403e+002	0.00000000e+000	3.6800e+014	1.0000e-010	0.0000e+000
3.530000e+003	2.25426251e-001	-3.17457375e+000	9.79932524e+002	0.00000000e+000	3.6660e+014	1.0000e-010	0.0000e+000
3.540000e+003	2.25524245e-001	-3.17447576e+000	9.72976064e+002	0.00000000e+000	3.6522e+014	1.0000e-010	0.0000e+000
3.550000e+003	2.25621542e-001	-3.17437846e+000	9.66045736e+002	0.00000000e+000	3.6384e+014	1.0000e-010	0.0000e+000
3.560000e+003	2.25718147e-001	-3.17428185e+000	9.59141258e+002	0.00000000e+000	3.6249e+014	1.0000e-010	0.0000e+000
3.570000e+003	2.25814061e-001	-3.17418594e+000	9.52262348e+002	0.00000000e+000	3.6114e+014	1.0000e-010	0.0000e+000
3.580000e+003	2.25909287e-001	-3.17409071e+000	9.45408731e+002	0.00000000e+000	3.5982e+014	1.0000e-010	0.0000e+000
3.590000e+003	2.26003828e-001	-3.17399617e+000	9.38580131e+002	0.00000000e+000	3.5850e+014	1.0000e-010	0.0000e+000
3.600000e+003	2.26097686e-001	-3.17390231e+000	9.31776278e+002	0.00000000e+000	3.5720e+014	1.0000e-010	0.0000e+000
3.610000e+003	2.26190864e-001	-3.17380914e+000	9.24996904e+002	0.00000000e+000	3.5592e+014	1.0000e-010	0.0000e+000
3.620000e+003	2.26283363e-001	-3.17371664e+000	9.18241744e+002	0.00000000e+000	3.5465e+014	1.0000e-010	0.0000e+000
3.630000e+003	2.26375187e-001	-3.17362481e+000	9.11510535e+002	0.00000000e+000	3.5339e+014	1.0000e-010	0.0000e+000
3.640000e+003	2.26466338e-001	-3.17353366e+000	9.04803018e+002	0.00000000e+000	3.5215e+014	1.0000e-010	0.0000e+000
3.650000e+003	2.26556819e-001	-3.17344318e+000	8.98118935e+002	0.00000000e+000	3.5092e+014	1.0000e-010	0.0000e+000
3.660000e+003	2.26646631e-001	-3.17335337e+000	8.91458033e+002	0.00000000e+000	3.4970e+014	1.0000e-010	0.0000e+000
3.670000e+003	2.26735776e-001	-3.17326422e+000	8.84820061e+002	0.00000000e+000	3.4849e+014	1.0000e-010	0.0000e+000
3.680000e+003	2.26824258e-001	-3.17317574e+000	8.78204769e+002	0.00000000e+000	3.4730e+014	1.0000e-010	0.0000e+000
3.690000e+003	2.26912079e-001	-3.17308792e+000	8.71611911e+002	0.00000000e+000	3.4613e+014	1.0000e-010	0.0000e+000
3.700000e+003	2.26999240e-001	-3.17300076e+000	8.65041244e+002	0.00000000e+000	3.4496e+014	1.0000e-010	0.0000e+000
3.710000e+003	2.27085744e-001	-3.17291426e+000	8.58492527e+002	0.00000000e+000	3.4381e+014	1.0000e-010	0.0000e+000
3.720000e+003	2.27171594e-001	-3.17282841e+000	8.51965520e+002	0.00000000e+000	3.4267e+014	1.0000e-010	0.0000e+000
3.730000e+003	2.27256790e-001	-3.17274321e+000	8.45459988e+002	0.00000000e+000	3.4154e+014	1.0000e-010	0.0000e+000
3.740000e+003	2.27341336e-001	-3.17265866e+000	8.38975697e+002	0.00000000e+000	3.4043e+014	1.0000e-010	0.0000e+000
3.750000e+003	2.27425234e-001	-3.17257477e+000	8.32512416e+002	0.00000000e+000	3.3932e+014	1.0000e-010	0.0000e+000
3.760000e+003	2.27508485e-001	-3.17249152e+000	8.26069915e+002	0.00000000e+000	3.3823e+014	1.0000e-010	0.0000e+000
3.770000e+003	2.27591092e-001	-3.17240891e+000	8.19647967e+002	0.00000000e+000	3.3715e+014	1.0000e-010	0.0000e+000
3.780000e+003	2.27673057e-001	-3.17232694e+000	8.13246348e+002	0.00000000e+000	3.3609e+014	1.0000e-010	0.0000e+000
3.790000e+003	2.27754381e-001	-3.17224562e+000	8.06864835e+002	0.00000000e+000	3.3503e+014	1.0000e-010	0.0000e+000
3.800000e+003	2.27835068e-001	-3.17216493e+000	8.00503208e+002	0.00000000e+000	3.3399e+014	1.0000e-010	0.0000e+000
3.810000e+003	2.27915118e-001	-3.17208488e+000	7.94161250e+002	0.00000000e+000	3.3295e+014	1.0000e-010	0.0000e+000
3.820000e+003	2.27994534e-001	-3.17200547e+000	7.87838744e+002	0.00000000e+000	3.3193e+014	1.0000e-010	0.0000e+000
3.830000e+003	2.28073318e-001	-3.17192668e+000	7.81535477e+002	0.00000000e+000	3.3092e+014	1.0000e-010	0.0000e+000
3.840000e+003	2.28151472e-001	-3.17184853e+000	7.75251236e+002	0.00000000e+000	3.2992e+014	1.0000e-010	0.0000e+000
3.850000e+003	2.28228997e-001	-3.17177100e+000	7.68985813e+002	0.00000000e+000	3.2894e+014	1.0000e-010	0.0000e+000
3.860000e+003	2.28305895e-001	-3.17169410e+000	7.62738998e+002	0.00000000e+000	3.2796e+014	1.0000e-010	0.0000e+000
3.870000e+003	2.28382169e-001	-3.17161783e+000	7.56510587e+002	0.00000000e+000	3.2699e+014	1.0000e-010	0.0000e+000
3.880000e+003	2.28457820e-001	-3.17154218e+000	7.50300376e+002	0.00000000e+000	3.2604e+014	1.0000e-010	0.0000e+000
3.890000e+003	2.28532850e-001	-3.17146715e+000	7.44108162e+002	0.00000000e+000	3.2509e+014	1.0000e-010	0.0000e+000
3.900000e+003	2.28607261e-001	-3.17139274e+000	7.37933746e+002	0.00000000e+000	3.2416e+014	1.0000e-010	0.0000e+000
3.910000e+003	2.28681055e-001	-3.17131895e+000	7.31776930e+002	0.00000000e+000	3.2323e+014	1.0000e-010	0.0000e+000
3.920000e+003	2.28754232e-001	-3.17124577e+000	7.25637517e+002	0.00000000e+000	3.2232e+014	1.0000e-010	0.0000e+000
3.930000e+003	2.28826796e-001	-3.17117320e+000	7.19515312e+002	0.00000000e+000	3.2142e+014	1.0000e-010	0.0000e+000
3.940000e+003	2.28898748e-001	-3.17110125e+000	7.13410123e+002	0.00000000e+000	3.2052e+014	1.0000e-010	0.0000e+000
3.950000e+003	2.28970089e-001	-3.17102991e+000	7.07321758e+002	0.00000000e+000	3.1964e+014	1.0000e-010	0.0000e+000
3.960000e+003	2.29040821e-001	-3.17095918e+000	7.01250029e+002	0.00000000e+000	3.1877e+014	1.0000e-010	0.0000e+000
3.970000e+003	2.29110946e-001	-3.17088905e+000	6.95194747e+002	0.00000000e+000	3.1790e+014	1.0000e-010	0.0000e+000
3.980000e+003	2.29180465e-001	-3.17081953e+000	6.89155727e+002	0.00000000e+000	3.1705e+014	1.0000e-010	0.0000e+000
3.990000e+003	2.29249381e-001	-3.17075062e+000	6.83132784e+002	0.00000000e+000	3.1621e+014	1.0000e-010	0.0000e+000
4.000000e+003	2.29317694e-001	-3.17068231e+000	6.77125736e+002	0.00000000e+000	3.1537e+014	1.0000e-010	0.0000e+000
4.010000e+003	2.29385407e-001	-3.17061459e+000	6.71134401e+002	0.00000000e+000	3.1455e+014	1.0000e-010	0.0000e+000
4.020000e+003	2.29452520e-001	-3.17054748e+000	6.65158600e+002	0.00000000e+000	3.1373e+014	1.0000e-010	0.0000e+000
4.030000e+003	2.29519036e-001	-3.17048096e+000	6.59198154e+002	0.00000000e+000	3.1292e+014	1.0000e-010	0.0000e+000
4.040000e+003	2.29584956e-001	-3.17041504e+000	6.53252888e+002	0.00000000e+000	3.1213e+014	1.0000e-010	0.0000e+000
4.050000e+003	2.29650281e-001	-3.17034972e+000	6.47322625e+002	0.00000000e+000	3.1134e+014	1.0000e-010	0.0000e+000
4.060000e+003	2.29715013e-001	-3.17028499e+000	6.41407193e+002	0.00000000e+000	3.1056e+014	1.0000e-010	0.0000e+000
4.070000e+003	2.29779154e-001	-3.17022085e+000	6.35506420e+002	0.00000000e+000	3.0979e+014	1.0000e-010	0.0000e+000
4.080000e+003	2.29842705e-001	-3.17015730e+000	6.29620134e+002	0.00000000e+000	3.0903e+014	1.0000e-010	0.0000e+000
4.090000e+003	2.29905667e-001	-3.17009433e+000	6.23748167e+002	0.00000000e+000	3.0828e+014	1.0000e-010	0.0000e+000
4.100000e+003	2.29968041e-001	-3.17003196e+000	6.17890351e+002	0.00000000e+000	3.0754e+014	1.0000e-010	0.0000e+000
4.110000e+003	2.30029831e-001	-3.16997017e+000	6.12046518e+002	0.00000000e+000	3.0680e+014	1.0000e-010	0.0000e+000
4.120000e+003	2.30091035e-001	-3.16990896e+000	6.06216505e+002	0.00000000e+000	3.0608e+014	1.0000e-010	0.0000e+000
4.130000e+003	2.30151657e-001	-3.16984834e+000	6.00400146e+002	0.00000000e+000	3.0536e+014	1.0000e-010	0.0000e+000
4.140000e+003	2.30211697e-001	-3.16978830e+000	5.94597280e+002	0.00000000e+000	3.0465e+014	1.0000e-010	0.0000e+000
4.150000e+003	2.30271157e-001	-3.16972884e+000	5.88807745e+002	0.00000000e+000	3.0395e+014	1.0000e-010	0.0000e+000
4.160000e+003	2.30330037e-001	-3.16966996e+000	5.83031382e+002	0.00000000e+000	3.0326e+014	1.0000e-010	0.0000e+000
4.170000e+003	2.30388340e-001	-3.16961166e+000	5.77268031e+002	0.00000000e+000	3.0258e+014	1.0000e-010	0.0000e+000
4.180000e+003	2.30446067e-001	-3.16955393e+000	5.71517536e+002	0.00000000e+000	3.0190e+014	1.0000e-010	0.0000e+000
4.190000e+003	2.30503219e-001	-3.16949678e+000	5.65779739e+002	0.00000000e+000	3.0124e+014	1.0000e-010	0.0000e+000
4.200000e+003	2.30559797e-001	-3.16944020e+000	5.60054485e+002	0.00000000e+000	3.0058e+014	1.0000e-010	0.0000e+000
4.210000e+003	2.30615802e-001	-3.16938420e+000	5.54341622e+002	0.00000000e+000	2.9993e+014	1.0000e-010	0.0000e+000
4.220000e+003	2.30671237e-001	-3.16932876e+000	5.48640995e+002	0.00000000e+000	2.9928e+014	1.0000e-010	0.0000e+000
4.230000e+003	2.30726101e-001	-3.16927390e+000	5.42952453e+002	0.00000000e+000	2.9865e+014	1.0000e-010	0.0000e+000
4.240000e+003	2.30780396e-001	-3.16921960e+000	5.37275847e+002	0.00000000e+000	2.9802e+014	1.0000e-010	0.0000e+000
4.250000e+003	2.30834124e-001	-3.16916588e+000	5.31611025e+002	0.00000000e+000	2.9740e+014	1.0000e-010	0.0000e+000
4.260000e+003	2.30887285e-001	-3.16911272e+000	5.25957841e+002	0.00000000e+000	2.9679e+014	1.0000e-010	0.0000e+000
4.270000e+003	2.30939880e-001	-3.16906012e+000	5.20316146e+002	0.00000000e+000	2.9619e+014	1.0000e-010	0.0000e+000
4.280000e+003	2.30991912e-001	-3.16900809e+000	5.14685795e+002	0.00000000e+000	2.9559e+014	1.0000e-010	0.0000e+000
4.290000e+003	2.31043381e-001	-3.16895662e+000	5.09066642e+002	0.00000000e+000	2.9501e+014	1.0000e-010	0.0000e+000
4.300000e+003	2.31094287e-001	-3.16890571e+000	5.03458543e+002	0.00000000e+000	2.9443e+014	1.0000e-010	0.0000e+000
4.310000e+003	2.31144633e-001	-3.16885537e+000	4.97861355e+002	0.00000000e+000	2.9385e+014	1.0000e-010	0.0000e+000
4.320000e+003	2.31194419e-001	-3.16880558e+000	4.92274936e+002	0.00000000e+000	2.9329e+014	1.0000e-010	0.0000e+000
4.330000e+003	2.31243647e-001	-3.16875635e+000	4.86699144e+002	0.00000000e+000	2.9273e+014	1.0000e-010	0.0000e+000
4.340000e+003	2.31292317e-001	-3.16870768e+000	4.81133840e+002	0.00000000e+000	2.9218e+014	1.0000e-010	0.0000e+000
4.350000e+003	2.31340430e-001	-3.16865957e+000	4.75578884e+002	0.00000000e+000	2.9164e+014	1.0000e-010	0.0000e+000
4.360000e+003	2.31387988e-001	-3.16861201e+000	4.70034137e+002	0.00000000e+000	2.9110e+014	1.0000e-010	0.0000e+000
4.370000e+003	2.31434991e-001	-3.16856501e+000	4.64499462e+002	0.00000000e+000	2.9057e+014	1.0000e-010	0.0000e+000
4.380000e+003	2.31481441e-001	-3.16851856e+000	4.58974723e+002	0.00000000e+000	2.9005e+014	1.0000e-010	0.0000e+000
4.390000e+003	2.31527339e-001	-3.16847266e+000	4.53459784e+002	0.00000000e+000	2.8954e+014	1.0000e-010	0.0000e+000
4.400000e+003	2.31572685e-001	-3.16842732e+000	4.47954510e+002	0.00000000e+000	2.8903e+014	1.0000e-010	0.0000e+000
4.410000e+003	2.31617480e-001	-3.16838252e+000	4.42458768e+002	0.00000000e+000	2.8853e+014	1.0000e-010	0.0000e+000
4.420000e+003	2.31661726e-001	-3.16833827e+000	4.36972423e+002	0.00000000e+000	2.8803e+014	1.0000e-010	0.0000e+000
4.430000e+003	2.31705423e-001	-3.16829458e+000	4.31495343e+002	0.00000000e+000	2.8755e+014	1.0000e-010	0.0000e+000
4.440000e+003	2.31748573e-001	-3.16825143e+000	4.26027398e+002	0.00000000e+000	2.8707e+014	1.0000e-010	0.0000e+000
4.450000e+003	2.31791176e-001	-3.16820882e+000	4.20568457e+002	0.00000000e+000	2.8660e+014	1.0000e-010	0.0000e+000
4.460000e+003	2.31833232e-001	-3.16816677e+000	4.15118389e+002	0.00000000e+000	2.8613e+014	1.0000e-010	0.0000e+000
4.470000e+003	2.31874744e-001	-3.16812526e+000	4.09677065e+002	0.00000000e+000	2.8567e+014	1.0000e-010	0.0000e+000
4.480000e+003	2.31915712e-001	-3.16808429e+000	4.04244357e+002	0.00000000e+000	2.8522e+014	1.0000e-010	0.0000e+000
4.490000e+003	2.31956136e-001	-3.16804386e+000	3.98820138e+002	0.00000000e+000	2.8477e+014	1.0000e-010	0.0000e+000
4.500000e+003	2.31996018e-001	-3.16800398e+000	3.93404281e+002	0.00000000e+000	2.8433e+014	1.0000e-010	0.0000e+000
4.510000e+003	2.32035359e-001	-3.16796464e+000	3.87996658e+002	0.00000000e+000	2.8390e+014	1.0000e-010	0.0000e+000
4.520000e+003	2.32074159e-001	-3.16792584e+000	3.82597146e+002	0.00000000e+000	2.8348e+014	1.0000e-010	0.0000e+000
4.530000e+003	2.32112418e-001	-3.16788758e+000	3.77205618e+002	0.00000000e+000	2.8306e+014	1.0000e-010	0.0000e+000
4.540000e+003	2.32150139e-001	-3.16784986e+000	3.71821952e+002	0.00000000e+000	2.8264e+014	1.0000e-010	0.0000e+000
4.550000e+003	2.32187321e-001	-3.16781268e+000	3.66446024e+002	0.00000000e+000	2.8224e+014	1.0000e-010	0.0000e+000
4.560000e+003	2.32223966e-001	-3.16777603e+000	3.61077710e+002	0.00000000e+000	2.8184e+014	1.0000e-010	0.0000e+000
4.570000e+003	2.32260073e-001	-3.16773993e+000	3.55716889e+002	0.00000000e+000	2.8144e+014	1.0000e-010	0.0000e+000
4.580000e+003	2.32295645e-001	-3.16770435e+000	3.50363439e+002	0.00000000e+000	2.8106e+014	1.0000e-010	0.0000e+000
4.590000e+003	2.32330681e-001	-3.16766932e+000	3.45017239e+002	0.00000000e+000	2.8068e+014	1.0000e-010	0.0000e+000
4.600000e+003	2.32365183e-001	-3.16763482e+000	3.39678170e+002	0.00000000e+000	2.8030e+014	1.0000e-010	0.0000e+000
4.610000e+003	2.32399151e-001	-3.16760085e+000	3.34346112e+002	0.00000000e+000	2.7993e+014	1.0000e-010	0.0000e+000
4.620000e+003	2.32432586e-001	-3.16756741e+000	3.29020945e+002	0.00000000e+000	2.7957e+014	1.0000e-010	0.0000e+000
4.630000e+003	2.32465488e-001	-3.16753451e+000	3.23702551e+002	0.00000000e+000	2.7922e+014	1.0000e-010	0.0000e+000
4.640000e+003	2.32497858e-001	-3.16750214e+000	3.18390812e+002	0.00000000e+000	2.7887e+014	1.0000e-010	0.0000e+000
4.650000e+003	2.32529697e-001	-3.16747030e+000	3.13085611e+002	0.00000000e+000	2.7852e+014	1.0000e-010	0.0000e+000
4.660000e+003	2.32561006e-001	-3.16743899e+000	3.07786831e+002	0.00000000e+000	2.7819e+014	1.0000e-010	0.0000e+000
4.670000e+003	2.32591784e-001	-3.16740822e+000	3.02494356e+002	0.00000000e+000	2.7786e+014	1.0000e-010	0.0000e+000
4.680000e+003	2.32622034e-001	-3.16737797e+000	2.97208071e+002	0.00000000e+000	2.7753e+014	1.0000e-010	0.0000e+000
4.690000e+003	2.32651755e-001	-3.16734825e+000	2.91927859e+002	0.00000000e+000	2.7721e+014	1.0000e-010	0.0000e+000
4.700000e+003	2.32680947e-001	-3.16731905e+000	2.86653606e+002	0.00000000e+000	2.7690e+014	1.0000e-010	0.0000e+000
4.710000e+003	2.32709613e-001	-3.16729039e+000	2.81385198e+002	0.00000000e+000	2.7659e+014	1.0000e-010	0.0000e+000
4.720000e+003	2.32737751e-001	-3.16726225e+000	2.76122522e+002	0.00000000e+000	2.7629e+014	1.0000e-010	0.0000e+000
4.730000e+003	2.32765363e-001	-3.16723464e+000	2.70865463e+002	0.00000000e+000	2.7600e+014	1.0000e-010	0.0000e+000
4.740000e+003	2.32792450e-001	-3.16720755e+000	2.65613910e+002	0.00000000e+000	2.7571e+014	1.0000e-010	0.0000e+000
4.750000e+003	2.32819011e-001	-3.16718099e+000	2.60367749e+002	0.00000000e+000	2.7542e+014	1.0000e-010	0.0000e+000
4.760000e+003	2.32845048e-001	-3.16715495e+000	2.55126870e+002	0.00000000e+000	2.7515e+014	1.0000e-010	0.0000e+000
4.770000e+003	2.32870561e-001	-3.16712944e+000	2.49891160e+002	0.00000000e+000	2.7488e+014	1.0000e-010	0.0000e+000
4.780000e+003	2.32895550e-001	-3.16710445e+000	2.44660509e+002	0.00000000e+000	2.7461e+014	1.0000e-010	0.0000e+000
4.790000e+003	2.32920016e-001	-3.16707998e+000	2.39434805e+002	0.00000000e+000	2.7435e+014	1.0000e-010	0.0000e+000
4.800000e+003	2.32943959e-001	-3.16705604e+000	2.34213940e+002	0.00000000e+000	2.7410e+014	1.0000e-010	0.0000e+000
4.810000e+003	2.32967381e-001	-3.16703262e+000	2.28997802e+002	0.00000000e+000	2.7385e+014	1.0000e-010	0.0000e+000
4.820000e+003	2.32990281e-001	-3.16700972e+000	2.23786282e+002	0.00000000e+000	2.7361e+014	1.0000e-010	0.0000e+000
4.830000e+003	2.33012659e-001	-3.16698734e+000	2.18579272e+002	0.00000000e+000	2.7337e+014	1.0000e-010	0.0000e+000
4.840000e+003	2.33034517e-001	-3.16696548e+000	2.13376663e+002	0.00000000e+000	2.7314e+014	1.0000e-010	0.0000e+000
4.850000e+003	2.33055855e-001	-3.16694415e+000	2.08178346e+002	0.00000000e+000	2.7291e+014	1.0000e-010	0.0000e+000
4.860000e+003	2.33076673e-001	-3.16692333e+000	2.02984213e+002	0.00000000e+000	2.7269e+014	1.0000e-010	0.0000e+000
4.870000e+003	2.33096971e-001	-3.16690303e+000	1.97794157e+002	0.00000000e+000	2.7248e+014	1.0000e-010	0.0000e+000
4.880000e+003	2.33116751e-001	-3.16688325e+000	1.92608070e+002	0.00000000e+000	2.7227e+014	1.0000e-010	0.0000e+000
4.890000e+003	2.33136011e-001	-3.16686399e+000	1.87425846e+002	0.00000000e+000	2.7207e+014	1.0000e-010	0.0000e+000
4.900000e+003	2.33154754e-001	-3.16684525e+000	1.82247378e+002	0.00000000e+000	2.7187e+014	1.0000e-010	0.0000e+000
4.910000e+003	2.33172979e-001	-3.16682702e+000	1.77072559e+002	0.00000000e+000	2.7168e+014	1.0000e-010	0.0000e+000
4.920000e+003	2.33190686e-001	-3.16680931e+000	1.71901283e+002	0.00000000e+000	2.7149e+014	1.0000e-010	0.0000e+000
4.930000e+003	2.33207876e-001	-3.16679212e+000	1.66733444e+002	0.00000000e+000	2.7131e+014	1.0000e-010	0.0000e+000
4.940000e+003	2.33224549e-001	-3.16677545e+000	1.61568938e+002	0.00000000e+000	2.7114e+014	1.0000e-010	0.0000e+000
4.950000e+003	2.33240706e-001	-3.16675929e+000	1.56407658e+002	0.00000000e+000	2.7097e+014	1.0000e-010	0.0000e+000
4.960000e+003	2.33256347e-001	-3.16674365e+000	1.51249500e+002	0.00000000e+000	2.7080e+014	1.0000e-010	0.0000e+000
4.970000e+003	2.33271472e-001	-3.16672853e+000	1.46094359e+002	0.00000000e+000	2.7065e+014	1.0000e-010	0.0000e+000
4.980000e+003	2.33286081e-001	-3.16671392e+000	1.40942130e+002	0.00000000e+000	2.7049e+014	1.0000e-010	0.0000e+000
4.990000e+003	2.33300176e-001	-3.16669982e+000	1.35792710e+002	0.00000000e+000	2.7035e+014	1.0000e-010	0.0000e+000
5.000000e+003	2.33313755e-001	-3.16668625e+000	1.30645994e+002	0.00000000e+000	2.7020e+014	1.0000e-010	0.0000e+000
5.010000e+003	2.33326820e-001	-3.16667318e+000	1.25501878e+002	0.00000000e+000	2.7007e+014	1.0000e-010	0.0000e+000
5.020000e+003	2.33339370e-001	-3.16666063e+000	1.20360258e+002	0.00000000e+000	2.6994e+014	1.0000e-010	0.0000e+000
5.030000e+003	2.33351406e-001	-3.16664859e+000	1.15221032e+002	0.00000000e+000	2.6981e+014	1.0000e-010	0.0000e+000
5.040000e+003	2.33362928e-001	-3.16663707e+000	1.10084096e+002	0.00000000e+000	2.6969e+014	1.0000e-010	0.0000e+000
5.050000e+003	2.33373936e-001	-3.16662606e+000	1.04949347e+002	0.00000000e+000	2.6958e+014	1.0000e-010	0.0000e+000
5.060000e+003	2.33384431e-001	-3.16661557e+000	9.98166816e+001	0.00000000e+000	2.6947e+014	1.0000e-010	0.0000e+000
5.070000e+003	2.33394413e-001	-3.16660559e+000	9.46859980e+001	0.00000000e+000	2.6936e+014	1.0000e-010	0.0000e+000
5.080000e+003	2.33403881e-001	-3.16659612e+000	8.95571931e+001	0.00000000e+000	2.6926e+014	1.0000e-010	0.0000e+000
5.090000e+003	2.33412837e-001	-3.16658716e+000	8.44301647e+001	0.00000000e+000	2.6917e+014	1.0000e-010	0.0000e+000
5.100000e+003	2.33421280e-001	-3.16657872e+000	7.93048104e+001	0.00000000e+000	2.6908e+014	1.0000e-010	0.0000e+000
5.110000e+003	2.33429211e-001	-3.16657079e+000	7.41810282e+001	0.00000000e+000	2.6900e+014	1.0000e-010	0.0000e+000
5.120000e+003	2.33436629e-001	-3.16656337e+000	6.90587160e+001	0.00000000e+000	2.6892e+014	1.0000e-010	0.0000e+000
5.130000e+003	2.33443535e-001	-3.16655647e+000	6.39377719e+001	0.00000000e+000	2.6885e+014	1.0000e-010	0.0000e+000
5.140000e+003	2.33449928e-001	-3.16655007e+000	5.88180943e+001	0.00000000e+000	2.6878e+014	1.0000e-010	0.0000e+000
5.150000e+003	2.33455810e-001	-3.16654419e+000	5.36995813e+001	0.00000000e+000	2.6872e+014	1.0000e-010	0.0000e+000
5.160000e+003	2.33461180e-001	-3.16653882e+000	4.85821314e+001	0.00000000e+000	2.6867e+014	1.0000e-010	0.0000e+000
5.170000e+003	2.33466038e-001	-3.16653396e+000	4.34656431e+001	0.00000000e+000	2.6862e+014	1.0000e-010	0.0000e+000
5.180000e+003	2.33470385e-001	-3.16652962e+000	3.83500150e+001	0.00000000e+000	2.6857e+014	1.0000e-010	0.0000e+000
5.190000e+003	2.33474220e-001	-3.16652578e+000	3.32351457e+001	0.00000000e+000	2.6853e+014	1.0000e-010	0.0000e+000
5.200000e+003	2.33477543e-001	-3.16652246e+000	2.81209340e+001	0.00000000e+000	2.6850e+014	1.0000e-010	0.0000e+000
5.210000e+003	2.33480356e-001	-3.16651964e+000	2.30072785e+001	0.00000000e+000	2.6847e+014	1.0000e-010	0.0000e+000
5.220000e+003	2.33482656e-001	-3.16651734e+000	1.78940781e+001	0.00000000e+000	2.6844e+014	1.0000e-010	0.0000e+000
5.230000e+003	2.33484446e-001	-3.16651555e+000	1.27812316e+001	0.00000000e+000	2.6843e+014	1.0000e-010	0.0000e+000
5.240000e+003	2.33485724e-001	-3.16651428e+000	7.66863783e+000	0.00000000e+000	2.6841e+014	1.0000e-010	0.0000e+000
5.250000e+003	2.33486491e-001	-3.16651351e+000	2.55619576e+000	0.00000000e+000	2.6840e+014	1.0000e-010	0.0000e+000
5.260000e+003	2.33486746e-001	-3.16651325e+000	2.55619576e+000	0.00000000e+000	2.6840e+014	1.0000e-010	0.0000e+000
