Y (ang)	Ec (eV)	Ev (eV)	E (V/cm)	Ef (eV)	n (cm-3)	p (cm-3)	Nd - Na (cm-3)	el eval 1 (eV)	el eval 2 (eV)	el eval 3 (eV)	el eval 4 (eV)	el eval 5 (eV)	el eval 6 (eV)	el eval 7 (eV)	el eval 8 (eV)	el eval 9 (eV)	el eval 10 (eV)	el eval 11 (eV)	el eval 12 (eV)	el eval 13 (eV)
0.000000e+000	6.00000000e-001	-2.80000000e+000	1.90761257e+006	-0.00000000e+000	1.8691e+008	1.0000e-010	0.0000e+000
1.000000e+001	1.35076126e+000	-2.74923874e+000	-7.49888256e+005	0.00000000e+000	4.3297e-005	1.0000e-010	-1.3848e+020
2.000000e+001	1.27577243e+000	-2.82422757e+000	-7.49888256e+005	0.00000000e+000	4.9021e-002	1.0000e-010	0.0000e+000	-8.2163e-002	-1.6927e-002	4.4768e-002	7.4029e-002	9.2926e-002	9.5690e-002	1.0690e-001	1.1790e-001	1.2699e-001	1.3472e-001	1.4144e-001	1.4740e-001	1.5294e-001
3.000000e+001	1.20078361e+000	-2.89921639e+000	-7.49888256e+005	0.00000000e+000	3.0932e+000	1.0000e-010	0.0000e+000
4.000000e+001	1.12579478e+000	-2.97420522e+000	-7.49888256e+005	0.00000000e+000	2.2263e+002	1.0000e-010	0.0000e+000
5.000000e+001	1.05080595e+000	-3.04919405e+000	-7.49888256e+005	0.00000000e+000	1.4717e+004	1.0000e-010	0.0000e+000
6.000000e+001	9.75817129e-001	-3.12418287e+000	-7.49888256e+005	0.00000000e+000	8.8445e+005	1.0000e-010	0.0000e+000
7.000000e+001	9.00828304e-001	-3.19917170e+000	-7.49888256e+005	0.00000000e+000	4.8024e+007	1.0000e-010	0.0000e+000
8.000000e+001	8.25839478e-001	-3.27416052e+000	-7.49888256e+005	0.00000000e+000	2.3408e+009	1.0000e-010	0.0000e+000
9.000000e+001	7.50850652e-001	-3.34914935e+000	-7.49888258e+005	0.00000000e+000	1.0169e+011	1.0000e-010	0.0000e+000
1.000000e+002	6.75861827e-001	-3.42413817e+000	-7.49888334e+005	0.00000000e+000	3.9056e+012	1.0000e-010	0.0000e+000
1.100000e+002	6.00872993e-001	-3.49912701e+000	-7.49890905e+005	0.00000000e+000	1.3142e+014	1.0000e-010	0.0000e+000
1.200000e+002	5.25883903e-001	-3.57411610e+000	-7.49965913e+005	0.00000000e+000	3.8343e+015	1.0000e-010	0.0000e+000
1.300000e+002	4.50887311e-001	-3.64911269e+000	-7.51840243e+005	0.00000000e+000	9.5813e+016	1.0000e-010	0.0000e+000
1.400000e+002	3.75703287e-001	-3.72429671e+000	-7.91381775e+005	0.00000000e+000	2.0213e+018	1.0000e-010	0.0000e+000
1.500000e+002	-2.63434890e-001	-3.66343489e+000	1.19317956e+006	0.00000000e+000	3.5387e+019	1.0000e-010	1.3848e+020
1.600000e+002	-1.21716934e-001	-3.54971693e+000	6.52872780e+005	0.00000000e+000	2.3148e+019	1.0000e-010	-5.2547e+018
1.700000e+002	-3.40296559e-002	-3.49002966e+000	4.13439690e+005	0.00000000e+000	7.3014e+018	1.0000e-010	-5.2784e+018
1.800000e+002	2.97143131e-002	-3.45428569e+000	2.80852190e+005	0.00000000e+000	1.6596e+018	1.0000e-010	-5.3022e+018
1.900000e+002	8.01995321e-002	-3.43180047e+000	1.72726359e+005	0.00000000e+000	3.4237e+017	1.0000e-010	-5.3259e+018
2.000000e+002	1.19872168e-001	-3.42012783e+000	6.89751591e+004	0.00000000e+000	7.8245e+016	1.0000e-010	-5.3496e+018
2.100000e+002	1.49169684e-001	-3.41883032e+000	-3.43882856e+004	0.00000000e+000	2.2832e+016	1.0000e-010	-5.3733e+018
2.200000e+002	1.68130855e-001	-3.42786914e+000	-1.38197067e+005	0.00000000e+000	1.0898e+016	1.0000e-010	-5.3970e+018
2.300000e+002	1.76711149e-001	-3.44728885e+000	-2.42946424e+005	0.00000000e+000	2.4671e+016	1.0000e-010	-5.4207e+018
2.400000e+002	1.74816506e-001	-3.47718349e+000	-3.50583736e+005	0.00000000e+000	1.3956e+017	1.0000e-010	-5.4445e+018
2.500000e+002	1.62158133e-001	-3.51784187e+000	-4.73657236e+005	0.00000000e+000	9.0581e+017	1.0000e-010	-5.4682e+018
2.600000e+002	-1.09207591e-001	-3.50920759e+000	4.43021516e+005	0.00000000e+000	5.7503e+018	1.0000e-010	5.3614e+019
2.700000e+002	-6.49054394e-002	-3.46490544e+000	3.09932686e+005	0.00000000e+000	6.9871e+018	1.0000e-010	0.0000e+000
2.800000e+002	-3.39121709e-002	-3.43391217e+000	2.13600761e+005	0.00000000e+000	5.0573e+018	1.0000e-010	0.0000e+000
2.900000e+002	-1.25520948e-002	-3.41255209e+000	1.55985454e+005	0.00000000e+000	3.0247e+018	1.0000e-010	0.0000e+000
3.000000e+002	3.04645061e-003	-3.39695355e+000	1.21632798e+005	0.00000000e+000	1.8034e+018	1.0000e-010	0.0000e+000
3.100000e+002	1.52097304e-002	-3.38479027e+000	9.94185677e+004	0.00000000e+000	1.1662e+018	1.0000e-010	0.0000e+000
3.200000e+002	2.51515872e-002	-3.37484841e+000	8.38627063e+004	0.00000000e+000	8.1660e+017	1.0000e-010	0.0000e+000
3.300000e+002	3.35378578e-002	-3.36646214e+000	7.23581091e+004	0.00000000e+000	6.0391e+017	1.0000e-010	0.0000e+000
3.400000e+002	4.07736687e-002	-3.35922633e+000	6.35432823e+004	0.00000000e+000	4.6271e+017	1.0000e-010	0.0000e+000
3.500000e+002	4.71279970e-002	-3.35287200e+000	5.66153882e+004	0.00000000e+000	3.6365e+017	1.0000e-010	0.0000e+000
3.600000e+002	5.27895358e-002	-3.34721046e+000	5.10400654e+004	0.00000000e+000	2.9265e+017	1.0000e-010	0.0000e+000
3.700000e+002	5.78935423e-002	-3.34210646e+000	4.64521450e+004	0.00000000e+000	2.4081e+017	1.0000e-010	0.0000e+000
3.800000e+002	6.25387568e-002	-3.33746124e+000	4.26127070e+004	0.00000000e+000	2.0152e+017	1.0000e-010	0.0000e+000
3.900000e+002	6.68000275e-002	-3.33319997e+000	3.93599575e+004	0.00000000e+000	1.7072e+017	1.0000e-010	0.0000e+000
4.000000e+002	7.07360233e-002	-3.32926398e+000	3.65703332e+004	0.00000000e+000	1.4641e+017	1.0000e-010	0.0000e+000
4.100000e+002	7.43930566e-002	-3.32560694e+000	3.41471036e+004	0.00000000e+000	1.2718e+017	1.0000e-010	0.0000e+000
4.200000e+002	7.78077670e-002	-3.32219223e+000	3.20207555e+004	0.00000000e+000	1.1160e+017	1.0000e-010	0.0000e+000
4.300000e+002	8.10098425e-002	-3.31899016e+000	3.01427812e+004	0.00000000e+000	9.8558e+016	1.0000e-010	0.0000e+000
4.400000e+002	8.40241206e-002	-3.31597588e+000	2.84746198e+004	0.00000000e+000	8.7545e+016	1.0000e-010	0.0000e+000
4.500000e+002	8.68715826e-002	-3.31312842e+000	2.69819467e+004	0.00000000e+000	7.8334e+016	1.0000e-010	0.0000e+000
4.600000e+002	8.95697773e-002	-3.31043022e+000	2.56360095e+004	0.00000000e+000	7.0632e+016	1.0000e-010	0.0000e+000
4.700000e+002	9.21333782e-002	-3.30786662e+000	2.44156700e+004	0.00000000e+000	6.4040e+016	1.0000e-010	0.0000e+000
4.800000e+002	9.45749452e-002	-3.30542505e+000	2.33057238e+004	0.00000000e+000	5.8246e+016	1.0000e-010	0.0000e+000
4.900000e+002	9.69055176e-002	-3.30309448e+000	2.22932352e+004	0.00000000e+000	5.3130e+016	1.0000e-010	0.0000e+000
5.000000e+002	9.91348411e-002	-3.30086516e+000	2.13655843e+004	0.00000000e+000	4.8678e+016	1.0000e-010	0.0000e+000
5.100000e+002	1.01271400e-001	-3.29872860e+000	2.05111890e+004	0.00000000e+000	4.4833e+016	1.0000e-010	0.0000e+000
5.200000e+002	1.03322518e-001	-3.29667748e+000	1.97209403e+004	0.00000000e+000	4.1466e+016	1.0000e-010	0.0000e+000
5.300000e+002	1.05294612e-001	-3.29470539e+000	1.89883473e+004	0.00000000e+000	3.8440e+016	1.0000e-010	0.0000e+000
5.400000e+002	1.07193447e-001	-3.29280655e+000	1.83083105e+004	0.00000000e+000	3.5682e+016	1.0000e-010	0.0000e+000
5.500000e+002	1.09024278e-001	-3.29097572e+000	1.76758264e+004	0.00000000e+000	3.3187e+016	1.0000e-010	0.0000e+000
5.600000e+002	1.10791861e-001	-3.28920814e+000	1.70856711e+004	0.00000000e+000	3.0965e+016	1.0000e-010	0.0000e+000
5.700000e+002	1.12500428e-001	-3.28749957e+000	1.65329785e+004	0.00000000e+000	2.8999e+016	1.0000e-010	0.0000e+000
5.800000e+002	1.14153726e-001	-3.28584627e+000	1.60138968e+004	0.00000000e+000	2.7235e+016	1.0000e-010	0.0000e+000
5.900000e+002	1.15755116e-001	-3.28424488e+000	1.55256763e+004	0.00000000e+000	2.5616e+016	1.0000e-010	0.0000e+000
6.000000e+002	1.17307683e-001	-3.28269232e+000	1.50661900e+004	0.00000000e+000	2.4108e+016	1.0000e-010	0.0000e+000
6.100000e+002	1.18814302e-001	-3.28118570e+000	1.46333481e+004	0.00000000e+000	2.2710e+016	1.0000e-010	0.0000e+000
6.200000e+002	1.20277637e-001	-3.27972236e+000	1.42248387e+004	0.00000000e+000	2.1433e+016	1.0000e-010	0.0000e+000
6.300000e+002	1.21700121e-001	-3.27829988e+000	1.38382821e+004	0.00000000e+000	2.0281e+016	1.0000e-010	0.0000e+000
6.400000e+002	1.23083949e-001	-3.27691605e+000	1.34715686e+004	0.00000000e+000	1.9240e+016	1.0000e-010	0.0000e+000
6.500000e+002	1.24431106e-001	-3.27556889e+000	1.31230850e+004	0.00000000e+000	1.8283e+016	1.0000e-010	0.0000e+000
6.600000e+002	1.25743414e-001	-3.27425659e+000	1.27916828e+004	0.00000000e+000	1.7387e+016	1.0000e-010	0.0000e+000
6.700000e+002	1.27022583e-001	-3.27297742e+000	1.24764495e+004	0.00000000e+000	1.6538e+016	1.0000e-010	0.0000e+000
6.800000e+002	1.28270228e-001	-3.27172977e+000	1.21764572e+004	0.00000000e+000	1.5739e+016	1.0000e-010	0.0000e+000
6.900000e+002	1.29487873e-001	-3.27051213e+000	1.18906371e+004	0.00000000e+000	1.4995e+016	1.0000e-010	0.0000e+000
7.000000e+002	1.30676937e-001	-3.26932306e+000	1.16178197e+004	0.00000000e+000	1.4313e+016	1.0000e-010	0.0000e+000
7.100000e+002	1.31838719e-001	-3.26816128e+000	1.13568801e+004	0.00000000e+000	1.3690e+016	1.0000e-010	0.0000e+000
7.200000e+002	1.32974407e-001	-3.26702559e+000	1.11068808e+004	0.00000000e+000	1.3116e+016	1.0000e-010	0.0000e+000
7.300000e+002	1.34085095e-001	-3.26591490e+000	1.08671336e+004	0.00000000e+000	1.2578e+016	1.0000e-010	0.0000e+000
7.400000e+002	1.35171809e-001	-3.26482819e+000	1.06371582e+004	0.00000000e+000	1.2065e+016	1.0000e-010	0.0000e+000
7.500000e+002	1.36235524e-001	-3.26376448e+000	1.04165744e+004	0.00000000e+000	1.1572e+016	1.0000e-010	0.0000e+000
7.600000e+002	1.37277182e-001	-3.26272282e+000	1.02049850e+004	0.00000000e+000	1.1101e+016	1.0000e-010	0.0000e+000
7.700000e+002	1.38297680e-001	-3.26170232e+000	1.00019048e+004	0.00000000e+000	1.0654e+016	1.0000e-010	0.0000e+000
7.800000e+002	1.39297871e-001	-3.26070213e+000	9.80675062e+003	0.00000000e+000	1.0238e+016	1.0000e-010	0.0000e+000
7.900000e+002	1.40278546e-001	-3.25972145e+000	9.61889087e+003	0.00000000e+000	9.8557e+015	1.0000e-010	0.0000e+000
8.000000e+002	1.41240435e-001	-3.25875957e+000	9.43772126e+003	0.00000000e+000	9.5047e+015	1.0000e-010	0.0000e+000
8.100000e+002	1.42184207e-001	-3.25781579e+000	9.26273580e+003	0.00000000e+000	9.1802e+015	1.0000e-010	0.0000e+000
8.200000e+002	1.43110481e-001	-3.25688952e+000	9.09356823e+003	0.00000000e+000	8.8750e+015	1.0000e-010	0.0000e+000
8.300000e+002	1.44019837e-001	-3.25598016e+000	8.92999511e+003	0.00000000e+000	8.5815e+015	1.0000e-010	0.0000e+000
8.400000e+002	1.44912837e-001	-3.25508716e+000	8.77190527e+003	0.00000000e+000	8.2938e+015	1.0000e-010	0.0000e+000
8.500000e+002	1.45790027e-001	-3.25420997e+000	8.61924917e+003	0.00000000e+000	8.0087e+015	1.0000e-010	0.0000e+000
8.600000e+002	1.46651952e-001	-3.25334805e+000	8.47198440e+003	0.00000000e+000	7.7259e+015	1.0000e-010	0.0000e+000
8.700000e+002	1.47499151e-001	-3.25250085e+000	8.33003050e+003	0.00000000e+000	7.4474e+015	1.0000e-010	0.0000e+000
8.800000e+002	1.48332154e-001	-3.25166785e+000	8.19324098e+003	0.00000000e+000	7.1765e+015	1.0000e-010	0.0000e+000
8.900000e+002	1.49151478e-001	-3.25084852e+000	8.06139467e+003	0.00000000e+000	6.9172e+015	1.0000e-010	0.0000e+000
9.000000e+002	1.49957617e-001	-3.25004238e+000	7.93420347e+003	0.00000000e+000	6.6731e+015	1.0000e-010	0.0000e+000
9.100000e+002	1.50751038e-001	-3.24924896e+000	7.81133143e+003	0.00000000e+000	6.4466e+015	1.0000e-010	0.0000e+000
9.200000e+002	1.51532171e-001	-3.24846783e+000	7.69241904e+003	0.00000000e+000	6.2389e+015	1.0000e-010	0.0000e+000
9.300000e+002	1.52301413e-001	-3.24769859e+000	7.57710746e+003	0.00000000e+000	6.0501e+015	1.0000e-010	0.0000e+000
9.400000e+002	1.53059124e-001	-3.24694088e+000	7.46505715e+003	0.00000000e+000	5.8791e+015	1.0000e-010	0.0000e+000
9.500000e+002	1.53805629e-001	-3.24619437e+000	7.35596789e+003	0.00000000e+000	5.7237e+015	1.0000e-010	0.0000e+000
9.600000e+002	1.54541226e-001	-3.24545877e+000	7.24958320e+003	0.00000000e+000	5.5819e+015	1.0000e-010	0.0000e+000
9.700000e+002	1.55266184e-001	-3.24473382e+000	7.14569554e+003	0.00000000e+000	5.4509e+015	1.0000e-010	0.0000e+000
9.800000e+002	1.55980754e-001	-3.24401925e+000	7.04414736e+003	0.00000000e+000	5.3282e+015	1.0000e-010	0.0000e+000
9.900000e+002	1.56685169e-001	-3.24331483e+000	6.94483005e+003	0.00000000e+000	5.2111e+015	1.0000e-010	0.0000e+000
1.000000e+003	1.57379652e-001	-3.24262035e+000	6.84783120e+003	0.00000000e+000	5.0893e+015	1.0000e-010	0.0000e+000	-8.2163e-002	-1.6927e-002	4.4768e-002	7.4029e-002	9.2926e-002	9.5690e-002	1.0690e-001	1.1790e-001	1.2699e-001	1.3472e-001	1.4144e-001	1.4740e-001	1.5294e-001
1.010000e+003	1.58064435e-001	-3.24193557e+000	6.75328074e+003	0.00000000e+000	4.9629e+015	1.0000e-010	0.0000e+000
1.020000e+003	1.58739763e-001	-3.24126024e+000	6.66116823e+003	0.00000000e+000	4.8350e+015	1.0000e-010	0.0000e+000
1.030000e+003	1.59405880e-001	-3.24059412e+000	6.57139882e+003	0.00000000e+000	4.7120e+015	1.0000e-010	0.0000e+000
1.040000e+003	1.60063020e-001	-3.23993698e+000	6.48388253e+003	0.00000000e+000	4.5938e+015	1.0000e-010	0.0000e+000
1.050000e+003	1.60711408e-001	-3.23928859e+000	6.39853392e+003	0.00000000e+000	4.4800e+015	1.0000e-010	0.0000e+000
1.060000e+003	1.61351261e-001	-3.23864874e+000	6.31527182e+003	0.00000000e+000	4.3705e+015	1.0000e-010	0.0000e+000
1.070000e+003	1.61982788e-001	-3.23801721e+000	6.23401905e+003	0.00000000e+000	4.2650e+015	1.0000e-010	0.0000e+000
1.080000e+003	1.62606190e-001	-3.23739381e+000	6.15470220e+003	0.00000000e+000	4.1634e+015	1.0000e-010	0.0000e+000
1.090000e+003	1.63221661e-001	-3.23677834e+000	6.07725137e+003	0.00000000e+000	4.0655e+015	1.0000e-010	0.0000e+000
1.100000e+003	1.63829386e-001	-3.23617061e+000	6.00160002e+003	0.00000000e+000	3.9710e+015	1.0000e-010	0.0000e+000
1.110000e+003	1.64429546e-001	-3.23557045e+000	5.92768470e+003	0.00000000e+000	3.8799e+015	1.0000e-010	0.0000e+000
1.120000e+003	1.65022314e-001	-3.23497769e+000	5.85544493e+003	0.00000000e+000	3.7920e+015	1.0000e-010	0.0000e+000
1.130000e+003	1.65607859e-001	-3.23439214e+000	5.78482299e+003	0.00000000e+000	3.7070e+015	1.0000e-010	0.0000e+000
1.140000e+003	1.66186341e-001	-3.23381366e+000	5.71576378e+003	0.00000000e+000	3.6250e+015	1.0000e-010	0.0000e+000
1.150000e+003	1.66757917e-001	-3.23324208e+000	5.64821469e+003	0.00000000e+000	3.5458e+015	1.0000e-010	0.0000e+000
1.160000e+003	1.67322739e-001	-3.23267726e+000	5.58212543e+003	0.00000000e+000	3.4691e+015	1.0000e-010	0.0000e+000
1.170000e+003	1.67880951e-001	-3.23211905e+000	5.51744790e+003	0.00000000e+000	3.3950e+015	1.0000e-010	0.0000e+000
1.180000e+003	1.68432696e-001	-3.23156730e+000	5.45413613e+003	0.00000000e+000	3.3234e+015	1.0000e-010	0.0000e+000
1.190000e+003	1.68978110e-001	-3.23102189e+000	5.39214610e+003	0.00000000e+000	3.2540e+015	1.0000e-010	0.0000e+000
1.200000e+003	1.69517324e-001	-3.23048268e+000	5.33143564e+003	0.00000000e+000	3.1868e+015	1.0000e-010	0.0000e+000
1.210000e+003	1.70050468e-001	-3.22994953e+000	5.27196439e+003	0.00000000e+000	3.1218e+015	1.0000e-010	0.0000e+000
1.220000e+003	1.70577664e-001	-3.22942234e+000	5.21369364e+003	0.00000000e+000	3.0588e+015	1.0000e-010	0.0000e+000
1.230000e+003	1.71099034e-001	-3.22890097e+000	5.15658630e+003	0.00000000e+000	2.9977e+015	1.0000e-010	0.0000e+000
1.240000e+003	1.71614692e-001	-3.22838531e+000	5.10060677e+003	0.00000000e+000	2.9385e+015	1.0000e-010	0.0000e+000
1.250000e+003	1.72124753e-001	-3.22787525e+000	5.04572089e+003	0.00000000e+000	2.8811e+015	1.0000e-010	0.0000e+000
1.260000e+003	1.72629325e-001	-3.22737067e+000	4.99189588e+003	0.00000000e+000	2.8254e+015	1.0000e-010	0.0000e+000
1.270000e+003	1.73128515e-001	-3.22687149e+000	4.93910023e+003	0.00000000e+000	2.7714e+015	1.0000e-010	0.0000e+000
1.280000e+003	1.73622425e-001	-3.22637758e+000	4.88730368e+003	0.00000000e+000	2.7189e+015	1.0000e-010	0.0000e+000
1.290000e+003	1.74111155e-001	-3.22588884e+000	4.83647714e+003	0.00000000e+000	2.6680e+015	1.0000e-010	0.0000e+000
1.300000e+003	1.74594803e-001	-3.22540520e+000	4.78659265e+003	0.00000000e+000	2.6186e+015	1.0000e-010	0.0000e+000
1.310000e+003	1.75073462e-001	-3.22492654e+000	4.73762328e+003	0.00000000e+000	2.5705e+015	1.0000e-010	0.0000e+000
1.320000e+003	1.75547224e-001	-3.22445278e+000	4.68954316e+003	0.00000000e+000	2.5239e+015	1.0000e-010	0.0000e+000
1.330000e+003	1.76016179e-001	-3.22398382e+000	4.64232734e+003	0.00000000e+000	2.4785e+015	1.0000e-010	0.0000e+000
1.340000e+003	1.76480411e-001	-3.22351959e+000	4.59595183e+003	0.00000000e+000	2.4344e+015	1.0000e-010	0.0000e+000
1.350000e+003	1.76940007e-001	-3.22305999e+000	4.55039349e+003	0.00000000e+000	2.3915e+015	1.0000e-010	0.0000e+000
1.360000e+003	1.77395046e-001	-3.22260495e+000	4.50563004e+003	0.00000000e+000	2.3498e+015	1.0000e-010	0.0000e+000
1.370000e+003	1.77845609e-001	-3.22215439e+000	4.46163999e+003	0.00000000e+000	2.3092e+015	1.0000e-010	0.0000e+000
1.380000e+003	1.78291773e-001	-3.22170823e+000	4.41840263e+003	0.00000000e+000	2.2697e+015	1.0000e-010	0.0000e+000
1.390000e+003	1.78733613e-001	-3.22126639e+000	4.37589796e+003	0.00000000e+000	2.2312e+015	1.0000e-010	0.0000e+000
1.400000e+003	1.79171203e-001	-3.22082880e+000	4.33410671e+003	0.00000000e+000	2.1938e+015	1.0000e-010	0.0000e+000
1.410000e+003	1.79604614e-001	-3.22039539e+000	4.29301024e+003	0.00000000e+000	2.1573e+015	1.0000e-010	0.0000e+000
1.420000e+003	1.80033915e-001	-3.21996609e+000	4.25259060e+003	0.00000000e+000	2.1218e+015	1.0000e-010	0.0000e+000
1.430000e+003	1.80459174e-001	-3.21954083e+000	4.21283041e+003	0.00000000e+000	2.0872e+015	1.0000e-010	0.0000e+000
1.440000e+003	1.80880457e-001	-3.21911954e+000	4.17371290e+003	0.00000000e+000	2.0534e+015	1.0000e-010	0.0000e+000
1.450000e+003	1.81297828e-001	-3.21870217e+000	4.13522186e+003	0.00000000e+000	2.0205e+015	1.0000e-010	0.0000e+000
1.460000e+003	1.81711350e-001	-3.21828865e+000	4.09734161e+003	0.00000000e+000	1.9885e+015	1.0000e-010	0.0000e+000
1.470000e+003	1.82121084e-001	-3.21787892e+000	4.06005700e+003	0.00000000e+000	1.9572e+015	1.0000e-010	0.0000e+000
1.480000e+003	1.82527090e-001	-3.21747291e+000	4.02335338e+003	0.00000000e+000	1.9267e+015	1.0000e-010	0.0000e+000
1.490000e+003	1.82929426e-001	-3.21707057e+000	3.98721655e+003	0.00000000e+000	1.8970e+015	1.0000e-010	0.0000e+000
1.500000e+003	1.83328147e-001	-3.21667185e+000	3.95163279e+003	0.00000000e+000	1.8679e+015	1.0000e-010	0.0000e+000
1.510000e+003	1.83723310e-001	-3.21627669e+000	3.91658882e+003	0.00000000e+000	1.8396e+015	1.0000e-010	0.0000e+000
1.520000e+003	1.84114969e-001	-3.21588503e+000	3.88207176e+003	0.00000000e+000	1.8119e+015	1.0000e-010	0.0000e+000
1.530000e+003	1.84503177e-001	-3.21549682e+000	3.84806916e+003	0.00000000e+000	1.7849e+015	1.0000e-010	0.0000e+000
1.540000e+003	1.84887983e-001	-3.21511202e+000	3.81456893e+003	0.00000000e+000	1.7586e+015	1.0000e-010	0.0000e+000
1.550000e+003	1.85269440e-001	-3.21473056e+000	3.78155939e+003	0.00000000e+000	1.7328e+015	1.0000e-010	0.0000e+000
1.560000e+003	1.85647596e-001	-3.21435240e+000	3.74902919e+003	0.00000000e+000	1.7077e+015	1.0000e-010	0.0000e+000
1.570000e+003	1.86022499e-001	-3.21397750e+000	3.71696733e+003	0.00000000e+000	1.6831e+015	1.0000e-010	0.0000e+000
1.580000e+003	1.86394196e-001	-3.21360580e+000	3.68536316e+003	0.00000000e+000	1.6590e+015	1.0000e-010	0.0000e+000
1.590000e+003	1.86762732e-001	-3.21323727e+000	3.65420633e+003	0.00000000e+000	1.6356e+015	1.0000e-010	0.0000e+000
1.600000e+003	1.87128153e-001	-3.21287185e+000	3.62348680e+003	0.00000000e+000	1.6126e+015	1.0000e-010	0.0000e+000
1.610000e+003	1.87490502e-001	-3.21250950e+000	3.59319485e+003	0.00000000e+000	1.5902e+015	1.0000e-010	0.0000e+000
1.620000e+003	1.87849821e-001	-3.21215018e+000	3.56332101e+003	0.00000000e+000	1.5682e+015	1.0000e-010	0.0000e+000
1.630000e+003	1.88206153e-001	-3.21179385e+000	3.53385612e+003	0.00000000e+000	1.5468e+015	1.0000e-010	0.0000e+000
1.640000e+003	1.88559539e-001	-3.21144046e+000	3.50479126e+003	0.00000000e+000	1.5258e+015	1.0000e-010	0.0000e+000
1.650000e+003	1.88910018e-001	-3.21108998e+000	3.47611777e+003	0.00000000e+000	1.5052e+015	1.0000e-010	0.0000e+000
1.660000e+003	1.89257630e-001	-3.21074237e+000	3.44782726e+003	0.00000000e+000	1.4851e+015	1.0000e-010	0.0000e+000
1.670000e+003	1.89602412e-001	-3.21039759e+000	3.41991155e+003	0.00000000e+000	1.4654e+015	1.0000e-010	0.0000e+000
1.680000e+003	1.89944404e-001	-3.21005560e+000	3.39236269e+003	0.00000000e+000	1.4462e+015	1.0000e-010	0.0000e+000
1.690000e+003	1.90283640e-001	-3.20971636e+000	3.36517298e+003	0.00000000e+000	1.4273e+015	1.0000e-010	0.0000e+000
1.700000e+003	1.90620157e-001	-3.20937984e+000	3.33833490e+003	0.00000000e+000	1.4089e+015	1.0000e-010	0.0000e+000
1.710000e+003	1.90953991e-001	-3.20904601e+000	3.31184116e+003	0.00000000e+000	1.3908e+015	1.0000e-010	0.0000e+000
1.720000e+003	1.91285175e-001	-3.20871483e+000	3.28568467e+003	0.00000000e+000	1.3731e+015	1.0000e-010	0.0000e+000
1.730000e+003	1.91613743e-001	-3.20838626e+000	3.25985851e+003	0.00000000e+000	1.3557e+015	1.0000e-010	0.0000e+000
1.740000e+003	1.91939729e-001	-3.20806027e+000	3.23435596e+003	0.00000000e+000	1.3388e+015	1.0000e-010	0.0000e+000
1.750000e+003	1.92263165e-001	-3.20773684e+000	3.20917049e+003	0.00000000e+000	1.3221e+015	1.0000e-010	0.0000e+000
1.760000e+003	1.92584082e-001	-3.20741592e+000	3.18429573e+003	0.00000000e+000	1.3058e+015	1.0000e-010	0.0000e+000
1.770000e+003	1.92902511e-001	-3.20709749e+000	3.15972549e+003	0.00000000e+000	1.2898e+015	1.0000e-010	0.0000e+000
1.780000e+003	1.93218484e-001	-3.20678152e+000	3.13545372e+003	0.00000000e+000	1.2742e+015	1.0000e-010	0.0000e+000
1.790000e+003	1.93532029e-001	-3.20646797e+000	3.11147455e+003	0.00000000e+000	1.2588e+015	1.0000e-010	0.0000e+000
1.800000e+003	1.93843177e-001	-3.20615682e+000	3.08778226e+003	0.00000000e+000	1.2437e+015	1.0000e-010	0.0000e+000
1.810000e+003	1.94151955e-001	-3.20584805e+000	3.06437127e+003	0.00000000e+000	1.2290e+015	1.0000e-010	0.0000e+000
1.820000e+003	1.94458392e-001	-3.20554161e+000	3.04123615e+003	0.00000000e+000	1.2145e+015	1.0000e-010	0.0000e+000
1.830000e+003	1.94762516e-001	-3.20523748e+000	3.01837159e+003	0.00000000e+000	1.2003e+015	1.0000e-010	0.0000e+000
1.840000e+003	1.95064353e-001	-3.20493565e+000	2.99577244e+003	0.00000000e+000	1.1864e+015	1.0000e-010	0.0000e+000
1.850000e+003	1.95363930e-001	-3.20463607e+000	2.97343366e+003	0.00000000e+000	1.1727e+015	1.0000e-010	0.0000e+000
1.860000e+003	1.95661273e-001	-3.20433873e+000	2.95135034e+003	0.00000000e+000	1.1593e+015	1.0000e-010	0.0000e+000
1.870000e+003	1.95956408e-001	-3.20404359e+000	2.92951770e+003	0.00000000e+000	1.1461e+015	1.0000e-010	0.0000e+000
1.880000e+003	1.96249360e-001	-3.20375064e+000	2.90793107e+003	0.00000000e+000	1.1332e+015	1.0000e-010	0.0000e+000
1.890000e+003	1.96540153e-001	-3.20345985e+000	2.88658589e+003	0.00000000e+000	1.1205e+015	1.0000e-010	0.0000e+000
1.900000e+003	1.96828812e-001	-3.20317119e+000	2.86547772e+003	0.00000000e+000	1.1081e+015	1.0000e-010	0.0000e+000
1.910000e+003	1.97115360e-001	-3.20288464e+000	2.84460223e+003	0.00000000e+000	1.0959e+015	1.0000e-010	0.0000e+000
1.920000e+003	1.97399820e-001	-3.20260018e+000	2.82395518e+003	0.00000000e+000	1.0839e+015	1.0000e-010	0.0000e+000
1.930000e+003	1.97682215e-001	-3.20231778e+000	2.80353244e+003	0.00000000e+000	1.0721e+015	1.0000e-010	0.0000e+000
1.940000e+003	1.97962569e-001	-3.20203743e+000	2.78332998e+003	0.00000000e+000	1.0605e+015	1.0000e-010	0.0000e+000
1.950000e+003	1.98240902e-001	-3.20175910e+000	2.76334386e+003	0.00000000e+000	1.0492e+015	1.0000e-010	0.0000e+000
1.960000e+003	1.98517236e-001	-3.20148276e+000	2.74357024e+003	0.00000000e+000	1.0380e+015	1.0000e-010	0.0000e+000
1.970000e+003	1.98791593e-001	-3.20120841e+000	2.72400536e+003	0.00000000e+000	1.0271e+015	1.0000e-010	0.0000e+000
1.980000e+003	1.99063994e-001	-3.20093601e+000	2.70464554e+003	0.00000000e+000	1.0163e+015	1.0000e-010	0.0000e+000
1.990000e+003	1.99334458e-001	-3.20066554e+000	2.68548722e+003	0.00000000e+000	1.0057e+015	1.0000e-010	0.0000e+000
2.000000e+003	1.99603007e-001	-3.20039699e+000	2.66652688e+003	0.00000000e+000	9.9534e+014	1.0000e-010	0.0000e+000
2.010000e+003	1.99869659e-001	-3.20013034e+000	2.64776111e+003	0.00000000e+000	9.8513e+014	1.0000e-010	0.0000e+000
2.020000e+003	2.00134436e-001	-3.19986556e+000	2.62918655e+003	0.00000000e+000	9.7509e+014	1.0000e-010	0.0000e+000
2.030000e+003	2.00397354e-001	-3.19960265e+000	2.61079994e+003	0.00000000e+000	9.6522e+014	1.0000e-010	0.0000e+000
2.040000e+003	2.00658434e-001	-3.19934157e+000	2.59259808e+003	0.00000000e+000	9.5553e+014	1.0000e-010	0.0000e+000
2.050000e+003	2.00917694e-001	-3.19908231e+000	2.57457785e+003	0.00000000e+000	9.4599e+014	1.0000e-010	0.0000e+000
2.060000e+003	2.01175152e-001	-3.19882485e+000	2.55673620e+003	0.00000000e+000	9.3662e+014	1.0000e-010	0.0000e+000
2.070000e+003	2.01430825e-001	-3.19856917e+000	2.53907012e+003	0.00000000e+000	9.2740e+014	1.0000e-010	0.0000e+000
2.080000e+003	2.01684732e-001	-3.19831527e+000	2.52157671e+003	0.00000000e+000	9.1834e+014	1.0000e-010	0.0000e+000
2.090000e+003	2.01936890e-001	-3.19806311e+000	2.50425309e+003	0.00000000e+000	9.0942e+014	1.0000e-010	0.0000e+000
2.100000e+003	2.02187315e-001	-3.19781268e+000	2.48709647e+003	0.00000000e+000	9.0066e+014	1.0000e-010	0.0000e+000
2.110000e+003	2.02436025e-001	-3.19756397e+000	2.47010412e+003	0.00000000e+000	8.9203e+014	1.0000e-010	0.0000e+000
2.120000e+003	2.02683036e-001	-3.19731696e+000	2.45327336e+003	0.00000000e+000	8.8355e+014	1.0000e-010	0.0000e+000
2.130000e+003	2.02928363e-001	-3.19707164e+000	2.43660156e+003	0.00000000e+000	8.7521e+014	1.0000e-010	0.0000e+000
2.140000e+003	2.03172023e-001	-3.19682798e+000	2.42008615e+003	0.00000000e+000	8.6700e+014	1.0000e-010	0.0000e+000
2.150000e+003	2.03414032e-001	-3.19658597e+000	2.40372463e+003	0.00000000e+000	8.5892e+014	1.0000e-010	0.0000e+000
2.160000e+003	2.03654404e-001	-3.19634560e+000	2.38751453e+003	0.00000000e+000	8.5097e+014	1.0000e-010	0.0000e+000
2.170000e+003	2.03893156e-001	-3.19610684e+000	2.37145345e+003	0.00000000e+000	8.4315e+014	1.0000e-010	0.0000e+000
2.180000e+003	2.04130301e-001	-3.19586970e+000	2.35553903e+003	0.00000000e+000	8.3545e+014	1.0000e-010	0.0000e+000
2.190000e+003	2.04365855e-001	-3.19563415e+000	2.33976896e+003	0.00000000e+000	8.2787e+014	1.0000e-010	0.0000e+000
2.200000e+003	2.04599832e-001	-3.19540017e+000	2.32414097e+003	0.00000000e+000	8.2041e+014	1.0000e-010	0.0000e+000
2.210000e+003	2.04832246e-001	-3.19516775e+000	2.30865285e+003	0.00000000e+000	8.1307e+014	1.0000e-010	0.0000e+000
2.220000e+003	2.05063111e-001	-3.19493689e+000	2.29330243e+003	0.00000000e+000	8.0584e+014	1.0000e-010	0.0000e+000
2.230000e+003	2.05292441e-001	-3.19470756e+000	2.27808757e+003	0.00000000e+000	7.9873e+014	1.0000e-010	0.0000e+000
2.240000e+003	2.05520250e-001	-3.19447975e+000	2.26300620e+003	0.00000000e+000	7.9172e+014	1.0000e-010	0.0000e+000
2.250000e+003	2.05746551e-001	-3.19425345e+000	2.24805628e+003	0.00000000e+000	7.8482e+014	1.0000e-010	0.0000e+000
2.260000e+003	2.05971356e-001	-3.19402864e+000	2.23323579e+003	0.00000000e+000	7.7802e+014	1.0000e-010	0.0000e+000
2.270000e+003	2.06194680e-001	-3.19380532e+000	2.21854278e+003	0.00000000e+000	7.7133e+014	1.0000e-010	0.0000e+000
2.280000e+003	2.06416534e-001	-3.19358347e+000	2.20397532e+003	0.00000000e+000	7.6474e+014	1.0000e-010	0.0000e+000
2.290000e+003	2.06636932e-001	-3.19336307e+000	2.18953153e+003	0.00000000e+000	7.5825e+014	1.0000e-010	0.0000e+000
2.300000e+003	2.06855885e-001	-3.19314412e+000	2.17520955e+003	0.00000000e+000	7.5186e+014	1.0000e-010	0.0000e+000
2.310000e+003	2.07073406e-001	-3.19292659e+000	2.16100757e+003	0.00000000e+000	7.4556e+014	1.0000e-010	0.0000e+000
2.320000e+003	2.07289507e-001	-3.19271049e+000	2.14692381e+003	0.00000000e+000	7.3935e+014	1.0000e-010	0.0000e+000
2.330000e+003	2.07504199e-001	-3.19249580e+000	2.13295653e+003	0.00000000e+000	7.3324e+014	1.0000e-010	0.0000e+000
2.340000e+003	2.07717495e-001	-3.19228251e+000	2.11910401e+003	0.00000000e+000	7.2721e+014	1.0000e-010	0.0000e+000
2.350000e+003	2.07929405e-001	-3.19207059e+000	2.10536458e+003	0.00000000e+000	7.2128e+014	1.0000e-010	0.0000e+000
2.360000e+003	2.08139941e-001	-3.19186006e+000	2.09173659e+003	0.00000000e+000	7.1543e+014	1.0000e-010	0.0000e+000
2.370000e+003	2.08349115e-001	-3.19165088e+000	2.07821842e+003	0.00000000e+000	7.0966e+014	1.0000e-010	0.0000e+000
2.380000e+003	2.08556937e-001	-3.19144306e+000	2.06480849e+003	0.00000000e+000	7.0398e+014	1.0000e-010	0.0000e+000
2.390000e+003	2.08763418e-001	-3.19123658e+000	2.05150523e+003	0.00000000e+000	6.9838e+014	1.0000e-010	0.0000e+000
2.400000e+003	2.08968568e-001	-3.19103143e+000	2.03830713e+003	0.00000000e+000	6.9286e+014	1.0000e-010	0.0000e+000
2.410000e+003	2.09172399e-001	-3.19082760e+000	2.02521268e+003	0.00000000e+000	6.8742e+014	1.0000e-010	0.0000e+000
2.420000e+003	2.09374920e-001	-3.19062508e+000	2.01222041e+003	0.00000000e+000	6.8205e+014	1.0000e-010	0.0000e+000
2.430000e+003	2.09576142e-001	-3.19042386e+000	1.99932887e+003	0.00000000e+000	6.7677e+014	1.0000e-010	0.0000e+000
2.440000e+003	2.09776075e-001	-3.19022392e+000	1.98653665e+003	0.00000000e+000	6.7155e+014	1.0000e-010	0.0000e+000
2.450000e+003	2.09974729e-001	-3.19002527e+000	1.97384235e+003	0.00000000e+000	6.6641e+014	1.0000e-010	0.0000e+000
2.460000e+003	2.10172113e-001	-3.18982789e+000	1.96124460e+003	0.00000000e+000	6.6134e+014	1.0000e-010	0.0000e+000
2.470000e+003	2.10368238e-001	-3.18963176e+000	1.94874207e+003	0.00000000e+000	6.5635e+014	1.0000e-010	0.0000e+000
2.480000e+003	2.10563112e-001	-3.18943689e+000	1.93633342e+003	0.00000000e+000	6.5142e+014	1.0000e-010	0.0000e+000
2.490000e+003	2.10756745e-001	-3.18924325e+000	1.92401737e+003	0.00000000e+000	6.4656e+014	1.0000e-010	0.0000e+000
2.500000e+003	2.10949147e-001	-3.18905085e+000	1.91179264e+003	0.00000000e+000	6.4176e+014	1.0000e-010	0.0000e+000
2.510000e+003	2.11140326e-001	-3.18885967e+000	1.89965798e+003	0.00000000e+000	6.3703e+014	1.0000e-010	0.0000e+000
2.520000e+003	2.11330292e-001	-3.18866971e+000	1.88761216e+003	0.00000000e+000	6.3237e+014	1.0000e-010	0.0000e+000
2.530000e+003	2.11519053e-001	-3.18848095e+000	1.87565398e+003	0.00000000e+000	6.2777e+014	1.0000e-010	0.0000e+000
2.540000e+003	2.11706619e-001	-3.18829338e+000	1.86378224e+003	0.00000000e+000	6.2323e+014	1.0000e-010	0.0000e+000
2.550000e+003	2.11892997e-001	-3.18810700e+000	1.85199578e+003	0.00000000e+000	6.1875e+014	1.0000e-010	0.0000e+000
2.560000e+003	2.12078196e-001	-3.18792180e+000	1.84029346e+003	0.00000000e+000	6.1434e+014	1.0000e-010	0.0000e+000
2.570000e+003	2.12262226e-001	-3.18773777e+000	1.82867415e+003	0.00000000e+000	6.0998e+014	1.0000e-010	0.0000e+000
2.580000e+003	2.12445093e-001	-3.18755491e+000	1.81713673e+003	0.00000000e+000	6.0568e+014	1.0000e-010	0.0000e+000
2.590000e+003	2.12626807e-001	-3.18737319e+000	1.80568013e+003	0.00000000e+000	6.0144e+014	1.0000e-010	0.0000e+000
2.600000e+003	2.12807375e-001	-3.18719263e+000	1.79430327e+003	0.00000000e+000	5.9725e+014	1.0000e-010	0.0000e+000
2.610000e+003	2.12986805e-001	-3.18701319e+000	1.78300510e+003	0.00000000e+000	5.9312e+014	1.0000e-010	0.0000e+000
2.620000e+003	2.13165106e-001	-3.18683489e+000	1.77178459e+003	0.00000000e+000	5.8905e+014	1.0000e-010	0.0000e+000
2.630000e+003	2.13342284e-001	-3.18665772e+000	1.76064071e+003	0.00000000e+000	5.8502e+014	1.0000e-010	0.0000e+000
2.640000e+003	2.13518348e-001	-3.18648165e+000	1.74957247e+003	0.00000000e+000	5.8105e+014	1.0000e-010	0.0000e+000
2.650000e+003	2.13693305e-001	-3.18630669e+000	1.73857889e+003	0.00000000e+000	5.7713e+014	1.0000e-010	0.0000e+000
2.660000e+003	2.13867163e-001	-3.18613284e+000	1.72765899e+003	0.00000000e+000	5.7326e+014	1.0000e-010	0.0000e+000
2.670000e+003	2.14039929e-001	-3.18596007e+000	1.71681182e+003	0.00000000e+000	5.6945e+014	1.0000e-010	0.0000e+000
2.680000e+003	2.14211610e-001	-3.18578839e+000	1.70603645e+003	0.00000000e+000	5.6568e+014	1.0000e-010	0.0000e+000
2.690000e+003	2.14382214e-001	-3.18561779e+000	1.69533195e+003	0.00000000e+000	5.6196e+014	1.0000e-010	0.0000e+000
2.700000e+003	2.14551747e-001	-3.18544825e+000	1.68469742e+003	0.00000000e+000	5.5828e+014	1.0000e-010	0.0000e+000
2.710000e+003	2.14720217e-001	-3.18527978e+000	1.67413197e+003	0.00000000e+000	5.5466e+014	1.0000e-010	0.0000e+000
2.720000e+003	2.14887630e-001	-3.18511237e+000	1.66363472e+003	0.00000000e+000	5.5108e+014	1.0000e-010	0.0000e+000
2.730000e+003	2.15053994e-001	-3.18494601e+000	1.65320480e+003	0.00000000e+000	5.4754e+014	1.0000e-010	0.0000e+000
2.740000e+003	2.15219314e-001	-3.18478069e+000	1.64284137e+003	0.00000000e+000	5.4405e+014	1.0000e-010	0.0000e+000
2.750000e+003	2.15383598e-001	-3.18461640e+000	1.63254359e+003	0.00000000e+000	5.4061e+014	1.0000e-010	0.0000e+000
2.760000e+003	2.15546853e-001	-3.18445315e+000	1.62231063e+003	0.00000000e+000	5.3720e+014	1.0000e-010	0.0000e+000
2.770000e+003	2.15709084e-001	-3.18429092e+000	1.61214169e+003	0.00000000e+000	5.3384e+014	1.0000e-010	0.0000e+000
2.780000e+003	2.15870298e-001	-3.18412970e+000	1.60203596e+003	0.00000000e+000	5.3052e+014	1.0000e-010	0.0000e+000
2.790000e+003	2.16030501e-001	-3.18396950e+000	1.59199267e+003	0.00000000e+000	5.2725e+014	1.0000e-010	0.0000e+000
2.800000e+003	2.16189701e-001	-3.18381030e+000	1.58201103e+003	0.00000000e+000	5.2401e+014	1.0000e-010	0.0000e+000
2.810000e+003	2.16347902e-001	-3.18365210e+000	1.57209029e+003	0.00000000e+000	5.2081e+014	1.0000e-010	0.0000e+000
2.820000e+003	2.16505111e-001	-3.18349489e+000	1.56222969e+003	0.00000000e+000	5.1766e+014	1.0000e-010	0.0000e+000
2.830000e+003	2.16661334e-001	-3.18333867e+000	1.55242850e+003	0.00000000e+000	5.1454e+014	1.0000e-010	0.0000e+000
2.840000e+003	2.16816577e-001	-3.18318342e+000	1.54268600e+003	0.00000000e+000	5.1146e+014	1.0000e-010	0.0000e+000
2.850000e+003	2.16970845e-001	-3.18302915e+000	1.53300145e+003	0.00000000e+000	5.0841e+014	1.0000e-010	0.0000e+000
2.860000e+003	2.17124145e-001	-3.18287585e+000	1.52337417e+003	0.00000000e+000	5.0541e+014	1.0000e-010	0.0000e+000
2.870000e+003	2.17276483e-001	-3.18272352e+000	1.51380345e+003	0.00000000e+000	5.0244e+014	1.0000e-010	0.0000e+000
2.880000e+003	2.17427863e-001	-3.18257214e+000	1.50428861e+003	0.00000000e+000	4.9951e+014	1.0000e-010	0.0000e+000
2.890000e+003	2.17578292e-001	-3.18242171e+000	1.49482897e+003	0.00000000e+000	4.9661e+014	1.0000e-010	0.0000e+000
2.900000e+003	2.17727775e-001	-3.18227223e+000	1.48542387e+003	0.00000000e+000	4.9374e+014	1.0000e-010	0.0000e+000
2.910000e+003	2.17876317e-001	-3.18212368e+000	1.47607266e+003	0.00000000e+000	4.9092e+014	1.0000e-010	0.0000e+000
2.920000e+003	2.18023925e-001	-3.18197608e+000	1.46677469e+003	0.00000000e+000	4.8812e+014	1.0000e-010	0.0000e+000
2.930000e+003	2.18170602e-001	-3.18182940e+000	1.45752933e+003	0.00000000e+000	4.8536e+014	1.0000e-010	0.0000e+000
2.940000e+003	2.18316355e-001	-3.18168365e+000	1.44833594e+003	0.00000000e+000	4.8263e+014	1.0000e-010	0.0000e+000
2.950000e+003	2.18461189e-001	-3.18153881e+000	1.43919391e+003	0.00000000e+000	4.7993e+014	1.0000e-010	0.0000e+000
2.960000e+003	2.18605108e-001	-3.18139489e+000	1.43010264e+003	0.00000000e+000	4.7727e+014	1.0000e-010	0.0000e+000
2.970000e+003	2.18748118e-001	-3.18125188e+000	1.42106152e+003	0.00000000e+000	4.7464e+014	1.0000e-010	0.0000e+000
2.980000e+003	2.18890224e-001	-3.18110978e+000	1.41206996e+003	0.00000000e+000	4.7204e+014	1.0000e-010	0.0000e+000
2.990000e+003	2.19031431e-001	-3.18096857e+000	1.40312738e+003	0.00000000e+000	4.6946e+014	1.0000e-010	0.0000e+000
3.000000e+003	2.19171744e-001	-3.18082826e+000	1.39423321e+003	0.00000000e+000	4.6692e+014	1.0000e-010	0.0000e+000
3.010000e+003	2.19311167e-001	-3.18068883e+000	1.38538687e+003	0.00000000e+000	4.6441e+014	1.0000e-010	0.0000e+000
3.020000e+003	2.19449706e-001	-3.18055029e+000	1.37658781e+003	0.00000000e+000	4.6193e+014	1.0000e-010	0.0000e+000
3.030000e+003	2.19587365e-001	-3.18041264e+000	1.36783549e+003	0.00000000e+000	4.5948e+014	1.0000e-010	0.0000e+000
3.040000e+003	2.19724148e-001	-3.18027585e+000	1.35912935e+003	0.00000000e+000	4.5705e+014	1.0000e-010	0.0000e+000
3.050000e+003	2.19860061e-001	-3.18013994e+000	1.35046886e+003	0.00000000e+000	4.5466e+014	1.0000e-010	0.0000e+000
3.060000e+003	2.19995108e-001	-3.18000489e+000	1.34185349e+003	0.00000000e+000	4.5229e+014	1.0000e-010	0.0000e+000
3.070000e+003	2.20129294e-001	-3.17987071e+000	1.33328273e+003	0.00000000e+000	4.4995e+014	1.0000e-010	0.0000e+000
3.080000e+003	2.20262622e-001	-3.17973738e+000	1.32475605e+003	0.00000000e+000	4.4763e+014	1.0000e-010	0.0000e+000
3.090000e+003	2.20395098e-001	-3.17960490e+000	1.31627296e+003	0.00000000e+000	4.4534e+014	1.0000e-010	0.0000e+000
3.100000e+003	2.20526725e-001	-3.17947328e+000	1.30783295e+003	0.00000000e+000	4.4308e+014	1.0000e-010	0.0000e+000
3.110000e+003	2.20657508e-001	-3.17934249e+000	1.29943553e+003	0.00000000e+000	4.4085e+014	1.0000e-010	0.0000e+000
3.120000e+003	2.20787452e-001	-3.17921255e+000	1.29108021e+003	0.00000000e+000	4.3864e+014	1.0000e-010	0.0000e+000
3.130000e+003	2.20916560e-001	-3.17908344e+000	1.28276652e+003	0.00000000e+000	4.3645e+014	1.0000e-010	0.0000e+000
3.140000e+003	2.21044836e-001	-3.17895516e+000	1.27449397e+003	0.00000000e+000	4.3429e+014	1.0000e-010	0.0000e+000
3.150000e+003	2.21172286e-001	-3.17882771e+000	1.26626211e+003	0.00000000e+000	4.3215e+014	1.0000e-010	0.0000e+000
3.160000e+003	2.21298912e-001	-3.17870109e+000	1.25807047e+003	0.00000000e+000	4.3004e+014	1.0000e-010	0.0000e+000
3.170000e+003	2.21424719e-001	-3.17857528e+000	1.24991860e+003	0.00000000e+000	4.2796e+014	1.0000e-010	0.0000e+000
3.180000e+003	2.21549711e-001	-3.17845029e+000	1.24180605e+003	0.00000000e+000	4.2589e+014	1.0000e-010	0.0000e+000
3.190000e+003	2.21673891e-001	-3.17832611e+000	1.23373237e+003	0.00000000e+000	4.2385e+014	1.0000e-010	0.0000e+000
3.200000e+003	2.21797265e-001	-3.17820274e+000	1.22569713e+003	0.00000000e+000	4.2183e+014	1.0000e-010	0.0000e+000
3.210000e+003	2.21919834e-001	-3.17808017e+000	1.21769990e+003	0.00000000e+000	4.1984e+014	1.0000e-010	0.0000e+000
3.220000e+003	2.22041604e-001	-3.17795840e+000	1.20974025e+003	0.00000000e+000	4.1786e+014	1.0000e-010	0.0000e+000
3.230000e+003	2.22162578e-001	-3.17783742e+000	1.20181776e+003	0.00000000e+000	4.1591e+014	1.0000e-010	0.0000e+000
3.240000e+003	2.22282760e-001	-3.17771724e+000	1.19393201e+003	0.00000000e+000	4.1399e+014	1.0000e-010	0.0000e+000
3.250000e+003	2.22402153e-001	-3.17759785e+000	1.18608260e+003	0.00000000e+000	4.1208e+014	1.0000e-010	0.0000e+000
3.260000e+003	2.22520762e-001	-3.17747924e+000	1.17826911e+003	0.00000000e+000	4.1019e+014	1.0000e-010	0.0000e+000
3.270000e+003	2.22638589e-001	-3.17736141e+000	1.17049116e+003	0.00000000e+000	4.0833e+014	1.0000e-010	0.0000e+000
3.280000e+003	2.22755638e-001	-3.17724436e+000	1.16274835e+003	0.00000000e+000	4.0648e+014	1.0000e-010	0.0000e+000
3.290000e+003	2.22871913e-001	-3.17712809e+000	1.15504028e+003	0.00000000e+000	4.0466e+014	1.0000e-010	0.0000e+000
3.300000e+003	2.22987417e-001	-3.17701258e+000	1.14736657e+003	0.00000000e+000	4.0285e+014	1.0000e-010	0.0000e+000
3.310000e+003	2.23102153e-001	-3.17689785e+000	1.13972685e+003	0.00000000e+000	4.0107e+014	1.0000e-010	0.0000e+000
3.320000e+003	2.23216126e-001	-3.17678387e+000	1.13212073e+003	0.00000000e+000	3.9931e+014	1.0000e-010	0.0000e+000
3.330000e+003	2.23329338e-001	-3.17667066e+000	1.12454785e+003	0.00000000e+000	3.9756e+014	1.0000e-010	0.0000e+000
3.340000e+003	2.23441793e-001	-3.17655821e+000	1.11700784e+003	0.00000000e+000	3.9584e+014	1.0000e-010	0.0000e+000
3.350000e+003	2.23553494e-001	-3.17644651e+000	1.10950034e+003	0.00000000e+000	3.9413e+014	1.0000e-010	0.0000e+000
3.360000e+003	2.23664444e-001	-3.17633556e+000	1.10202499e+003	0.00000000e+000	3.9244e+014	1.0000e-010	0.0000e+000
3.370000e+003	2.23774646e-001	-3.17622535e+000	1.09458144e+003	0.00000000e+000	3.9077e+014	1.0000e-010	0.0000e+000
3.380000e+003	2.23884104e-001	-3.17611590e+000	1.08716933e+003	0.00000000e+000	3.8912e+014	1.0000e-010	0.0000e+000
3.390000e+003	2.23992821e-001	-3.17600718e+000	1.07978833e+003	0.00000000e+000	3.8749e+014	1.0000e-010	0.0000e+000
3.400000e+003	2.24100800e-001	-3.17589920e+000	1.07243810e+003	0.00000000e+000	3.8587e+014	1.0000e-010	0.0000e+000
3.410000e+003	2.24208044e-001	-3.17579196e+000	1.06511830e+003	0.00000000e+000	3.8428e+014	1.0000e-010	0.0000e+000
3.420000e+003	2.24314556e-001	-3.17568544e+000	1.05782859e+003	0.00000000e+000	3.8270e+014	1.0000e-010	0.0000e+000
3.430000e+003	2.24420338e-001	-3.17557966e+000	1.05056865e+003	0.00000000e+000	3.8113e+014	1.0000e-010	0.0000e+000
3.440000e+003	2.24525395e-001	-3.17547460e+000	1.04333815e+003	0.00000000e+000	3.7959e+014	1.0000e-010	0.0000e+000
3.450000e+003	2.24629729e-001	-3.17537027e+000	1.03613677e+003	0.00000000e+000	3.7806e+014	1.0000e-010	0.0000e+000
3.460000e+003	2.24733343e-001	-3.17526666e+000	1.02896420e+003	0.00000000e+000	3.7655e+014	1.0000e-010	0.0000e+000
3.470000e+003	2.24836239e-001	-3.17516376e+000	1.02182012e+003	0.00000000e+000	3.7505e+014	1.0000e-010	0.0000e+000
3.480000e+003	2.24938421e-001	-3.17506158e+000	1.01470422e+003	0.00000000e+000	3.7357e+014	1.0000e-010	0.0000e+000
3.490000e+003	2.25039892e-001	-3.17496011e+000	1.00761620e+003	0.00000000e+000	3.7211e+014	1.0000e-010	0.0000e+000
3.500000e+003	2.25140653e-001	-3.17485935e+000	1.00055575e+003	0.00000000e+000	3.7066e+014	1.0000e-010	0.0000e+000
3.510000e+003	2.25240709e-001	-3.17475929e+000	9.93522575e+002	0.00000000e+000	3.6923e+014	1.0000e-010	0.0000e+000
3.520000e+003	2.25340061e-001	-3.17465994e+000	9.86516377e+002	0.00000000e+000	3.6781e+014	1.0000e-010	0.0000e+000
3.530000e+003	2.25438713e-001	-3.17456129e+000	9.79536863e+002	0.00000000e+000	3.6641e+014	1.0000e-010	0.0000e+000
3.540000e+003	2.25536666e-001	-3.17446333e+000	9.72583744e+002	0.00000000e+000	3.6503e+014	1.0000e-010	0.0000e+000
3.550000e+003	2.25633925e-001	-3.17436608e+000	9.65656735e+002	0.00000000e+000	3.6365e+014	1.0000e-010	0.0000e+000
3.560000e+003	2.25730491e-001	-3.17426951e+000	9.58755553e+002	0.00000000e+000	3.6230e+014	1.0000e-010	0.0000e+000
3.570000e+003	2.25826366e-001	-3.17417363e+000	9.51879917e+002	0.00000000e+000	3.6096e+014	1.0000e-010	0.0000e+000
3.580000e+003	2.25921554e-001	-3.17407845e+000	9.45029551e+002	0.00000000e+000	3.5963e+014	1.0000e-010	0.0000e+000
3.590000e+003	2.26016057e-001	-3.17398394e+000	9.38204180e+002	0.00000000e+000	3.5832e+014	1.0000e-010	0.0000e+000
3.600000e+003	2.26109877e-001	-3.17389012e+000	9.31403536e+002	0.00000000e+000	3.5702e+014	1.0000e-010	0.0000e+000
3.610000e+003	2.26203018e-001	-3.17379698e+000	9.24627348e+002	0.00000000e+000	3.5574e+014	1.0000e-010	0.0000e+000
3.620000e+003	2.26295481e-001	-3.17370452e+000	9.17875353e+002	0.00000000e+000	3.5447e+014	1.0000e-010	0.0000e+000
3.630000e+003	2.26387268e-001	-3.17361273e+000	9.11147289e+002	0.00000000e+000	3.5321e+014	1.0000e-010	0.0000e+000
3.640000e+003	2.26478383e-001	-3.17352162e+000	9.04442896e+002	0.00000000e+000	3.5197e+014	1.0000e-010	0.0000e+000
3.650000e+003	2.26568827e-001	-3.17343117e+000	8.97761917e+002	0.00000000e+000	3.5074e+014	1.0000e-010	0.0000e+000
3.660000e+003	2.26658603e-001	-3.17334140e+000	8.91104100e+002	0.00000000e+000	3.4952e+014	1.0000e-010	0.0000e+000
3.670000e+003	2.26747714e-001	-3.17325229e+000	8.84469191e+002	0.00000000e+000	3.4832e+014	1.0000e-010	0.0000e+000
3.680000e+003	2.26836161e-001	-3.17316384e+000	8.77856944e+002	0.00000000e+000	3.4713e+014	1.0000e-010	0.0000e+000
3.690000e+003	2.26923946e-001	-3.17307605e+000	8.71267113e+002	0.00000000e+000	3.4595e+014	1.0000e-010	0.0000e+000
3.700000e+003	2.27011073e-001	-3.17298893e+000	8.64699452e+002	0.00000000e+000	3.4479e+014	1.0000e-010	0.0000e+000
3.710000e+003	2.27097543e-001	-3.17290246e+000	8.58153723e+002	0.00000000e+000	3.4364e+014	1.0000e-010	0.0000e+000
3.720000e+003	2.27183358e-001	-3.17281664e+000	8.51629686e+002	0.00000000e+000	3.4250e+014	1.0000e-010	0.0000e+000
3.730000e+003	2.27268521e-001	-3.17273148e+000	8.45127106e+002	0.00000000e+000	3.4137e+014	1.0000e-010	0.0000e+000
3.740000e+003	2.27353034e-001	-3.17264697e+000	8.38645748e+002	0.00000000e+000	3.4026e+014	1.0000e-010	0.0000e+000
3.750000e+003	2.27436899e-001	-3.17256310e+000	8.32185383e+002	0.00000000e+000	3.3916e+014	1.0000e-010	0.0000e+000
3.760000e+003	2.27520117e-001	-3.17247988e+000	8.25745779e+002	0.00000000e+000	3.3807e+014	1.0000e-010	0.0000e+000
3.770000e+003	2.27602692e-001	-3.17239731e+000	8.19326712e+002	0.00000000e+000	3.3699e+014	1.0000e-010	0.0000e+000
3.780000e+003	2.27684624e-001	-3.17231538e+000	8.12927957e+002	0.00000000e+000	3.3592e+014	1.0000e-010	0.0000e+000
3.790000e+003	2.27765917e-001	-3.17223408e+000	8.06549291e+002	0.00000000e+000	3.3487e+014	1.0000e-010	0.0000e+000
3.800000e+003	2.27846572e-001	-3.17215343e+000	8.00190495e+002	0.00000000e+000	3.3383e+014	1.0000e-010	0.0000e+000
3.810000e+003	2.27926591e-001	-3.17207341e+000	7.93851351e+002	0.00000000e+000	3.3279e+014	1.0000e-010	0.0000e+000
3.820000e+003	2.28005976e-001	-3.17199402e+000	7.87531643e+002	0.00000000e+000	3.3177e+014	1.0000e-010	0.0000e+000
3.830000e+003	2.28084729e-001	-3.17191527e+000	7.81231157e+002	0.00000000e+000	3.3076e+014	1.0000e-010	0.0000e+000
3.840000e+003	2.28162853e-001	-3.17183715e+000	7.74949682e+002	0.00000000e+000	3.2977e+014	1.0000e-010	0.0000e+000
3.850000e+003	2.28240348e-001	-3.17175965e+000	7.68687009e+002	0.00000000e+000	3.2878e+014	1.0000e-010	0.0000e+000
3.860000e+003	2.28317216e-001	-3.17168278e+000	7.62442930e+002	0.00000000e+000	3.2780e+014	1.0000e-010	0.0000e+000
3.870000e+003	2.28393461e-001	-3.17160654e+000	7.56217238e+002	0.00000000e+000	3.2684e+014	1.0000e-010	0.0000e+000
3.880000e+003	2.28469082e-001	-3.17153092e+000	7.50009732e+002	0.00000000e+000	3.2588e+014	1.0000e-010	0.0000e+000
3.890000e+003	2.28544083e-001	-3.17145592e+000	7.43820208e+002	0.00000000e+000	3.2494e+014	1.0000e-010	0.0000e+000
3.900000e+003	2.28618465e-001	-3.17138153e+000	7.37648468e+002	0.00000000e+000	3.2401e+014	1.0000e-010	0.0000e+000
3.910000e+003	2.28692230e-001	-3.17130777e+000	7.31494312e+002	0.00000000e+000	3.2308e+014	1.0000e-010	0.0000e+000
3.920000e+003	2.28765380e-001	-3.17123462e+000	7.25357546e+002	0.00000000e+000	3.2217e+014	1.0000e-010	0.0000e+000
3.930000e+003	2.28837915e-001	-3.17116208e+000	7.19237974e+002	0.00000000e+000	3.2127e+014	1.0000e-010	0.0000e+000
3.940000e+003	2.28909839e-001	-3.17109016e+000	7.13135403e+002	0.00000000e+000	3.2037e+014	1.0000e-010	0.0000e+000
3.950000e+003	2.28981153e-001	-3.17101885e+000	7.07049644e+002	0.00000000e+000	3.1949e+014	1.0000e-010	0.0000e+000
3.960000e+003	2.29051858e-001	-3.17094814e+000	7.00980506e+002	0.00000000e+000	3.1862e+014	1.0000e-010	0.0000e+000
3.970000e+003	2.29121956e-001	-3.17087804e+000	6.94927803e+002	0.00000000e+000	3.1776e+014	1.0000e-010	0.0000e+000
3.980000e+003	2.29191448e-001	-3.17080855e+000	6.88891348e+002	0.00000000e+000	3.1690e+014	1.0000e-010	0.0000e+000
3.990000e+003	2.29260338e-001	-3.17073966e+000	6.82870957e+002	0.00000000e+000	3.1606e+014	1.0000e-010	0.0000e+000
4.000000e+003	2.29328625e-001	-3.17067138e+000	6.76866448e+002	0.00000000e+000	3.1523e+014	1.0000e-010	0.0000e+000
4.010000e+003	2.29396311e-001	-3.17060369e+000	6.70877640e+002	0.00000000e+000	3.1440e+014	1.0000e-010	0.0000e+000
4.020000e+003	2.29463399e-001	-3.17053660e+000	6.64904353e+002	0.00000000e+000	3.1359e+014	1.0000e-010	0.0000e+000
4.030000e+003	2.29529889e-001	-3.17047011e+000	6.58946409e+002	0.00000000e+000	3.1278e+014	1.0000e-010	0.0000e+000
4.040000e+003	2.29595784e-001	-3.17040422e+000	6.53003632e+002	0.00000000e+000	3.1199e+014	1.0000e-010	0.0000e+000
4.050000e+003	2.29661084e-001	-3.17033892e+000	6.47075847e+002	0.00000000e+000	3.1120e+014	1.0000e-010	0.0000e+000
4.060000e+003	2.29725792e-001	-3.17027421e+000	6.41162881e+002	0.00000000e+000	3.1042e+014	1.0000e-010	0.0000e+000
4.070000e+003	2.29789908e-001	-3.17021009e+000	6.35264562e+002	0.00000000e+000	3.0965e+014	1.0000e-010	0.0000e+000
4.080000e+003	2.29853435e-001	-3.17014657e+000	6.29380719e+002	0.00000000e+000	3.0889e+014	1.0000e-010	0.0000e+000
4.090000e+003	2.29916373e-001	-3.17008363e+000	6.23511183e+002	0.00000000e+000	3.0814e+014	1.0000e-010	0.0000e+000
4.100000e+003	2.29978724e-001	-3.17002128e+000	6.17655787e+002	0.00000000e+000	3.0740e+014	1.0000e-010	0.0000e+000
4.110000e+003	2.30040490e-001	-3.16995951e+000	6.11814363e+002	0.00000000e+000	3.0667e+014	1.0000e-010	0.0000e+000
4.120000e+003	2.30101671e-001	-3.16989833e+000	6.05986748e+002	0.00000000e+000	3.0594e+014	1.0000e-010	0.0000e+000
4.130000e+003	2.30162270e-001	-3.16983773e+000	6.00172777e+002	0.00000000e+000	3.0522e+014	1.0000e-010	0.0000e+000
4.140000e+003	2.30222287e-001	-3.16977771e+000	5.94372287e+002	0.00000000e+000	3.0452e+014	1.0000e-010	0.0000e+000
4.150000e+003	2.30281724e-001	-3.16971828e+000	5.88585119e+002	0.00000000e+000	3.0382e+014	1.0000e-010	0.0000e+000
4.160000e+003	2.30340583e-001	-3.16965942e+000	5.82811111e+002	0.00000000e+000	3.0313e+014	1.0000e-010	0.0000e+000
4.170000e+003	2.30398864e-001	-3.16960114e+000	5.77050106e+002	0.00000000e+000	3.0244e+014	1.0000e-010	0.0000e+000
4.180000e+003	2.30456569e-001	-3.16954343e+000	5.71301946e+002	0.00000000e+000	3.0177e+014	1.0000e-010	0.0000e+000
4.190000e+003	2.30513699e-001	-3.16948630e+000	5.65566474e+002	0.00000000e+000	3.0110e+014	1.0000e-010	0.0000e+000
4.200000e+003	2.30570256e-001	-3.16942974e+000	5.59843537e+002	0.00000000e+000	3.0045e+014	1.0000e-010	0.0000e+000
4.210000e+003	2.30626240e-001	-3.16937376e+000	5.54132979e+002	0.00000000e+000	2.9980e+014	1.0000e-010	0.0000e+000
4.220000e+003	2.30681653e-001	-3.16931835e+000	5.48434649e+002	0.00000000e+000	2.9915e+014	1.0000e-010	0.0000e+000
4.230000e+003	2.30736497e-001	-3.16926350e+000	5.42748395e+002	0.00000000e+000	2.9852e+014	1.0000e-010	0.0000e+000
4.240000e+003	2.30790772e-001	-3.16920923e+000	5.37074066e+002	0.00000000e+000	2.9789e+014	1.0000e-010	0.0000e+000
4.250000e+003	2.30844479e-001	-3.16915552e+000	5.31411513e+002	0.00000000e+000	2.9728e+014	1.0000e-010	0.0000e+000
4.260000e+003	2.30897620e-001	-3.16910238e+000	5.25760588e+002	0.00000000e+000	2.9666e+014	1.0000e-010	0.0000e+000
4.270000e+003	2.30950196e-001	-3.16904980e+000	5.20121144e+002	0.00000000e+000	2.9606e+014	1.0000e-010	0.0000e+000
4.280000e+003	2.31002208e-001	-3.16899779e+000	5.14493035e+002	0.00000000e+000	2.9547e+014	1.0000e-010	0.0000e+000
4.290000e+003	2.31053658e-001	-3.16894634e+000	5.08876115e+002	0.00000000e+000	2.9488e+014	1.0000e-010	0.0000e+000
4.300000e+003	2.31104545e-001	-3.16889545e+000	5.03270241e+002	0.00000000e+000	2.9430e+014	1.0000e-010	0.0000e+000
4.310000e+003	2.31154872e-001	-3.16884513e+000	4.97675270e+002	0.00000000e+000	2.9373e+014	1.0000e-010	0.0000e+000
4.320000e+003	2.31204640e-001	-3.16879536e+000	4.92091059e+002	0.00000000e+000	2.9316e+014	1.0000e-010	0.0000e+000
4.330000e+003	2.31253849e-001	-3.16874615e+000	4.86517467e+002	0.00000000e+000	2.9261e+014	1.0000e-010	0.0000e+000
4.340000e+003	2.31302501e-001	-3.16869750e+000	4.80954355e+002	0.00000000e+000	2.9205e+014	1.0000e-010	0.0000e+000
4.350000e+003	2.31350596e-001	-3.16864940e+000	4.75401582e+002	0.00000000e+000	2.9151e+014	1.0000e-010	0.0000e+000
4.360000e+003	2.31398136e-001	-3.16860186e+000	4.69859012e+002	0.00000000e+000	2.9098e+014	1.0000e-010	0.0000e+000
4.370000e+003	2.31445122e-001	-3.16855488e+000	4.64326506e+002	0.00000000e+000	2.9045e+014	1.0000e-010	0.0000e+000
4.380000e+003	2.31491555e-001	-3.16850845e+000	4.58803928e+002	0.00000000e+000	2.8993e+014	1.0000e-010	0.0000e+000
4.390000e+003	2.31537435e-001	-3.16846256e+000	4.53291142e+002	0.00000000e+000	2.8941e+014	1.0000e-010	0.0000e+000
4.400000e+003	2.31582764e-001	-3.16841724e+000	4.47788014e+002	0.00000000e+000	2.8891e+014	1.0000e-010	0.0000e+000
4.410000e+003	2.31627543e-001	-3.16837246e+000	4.42294410e+002	0.00000000e+000	2.8841e+014	1.0000e-010	0.0000e+000
4.420000e+003	2.31671773e-001	-3.16832823e+000	4.36810197e+002	0.00000000e+000	2.8791e+014	1.0000e-010	0.0000e+000
4.430000e+003	2.31715454e-001	-3.16828455e+000	4.31335242e+002	0.00000000e+000	2.8743e+014	1.0000e-010	0.0000e+000
4.440000e+003	2.31758587e-001	-3.16824141e+000	4.25869415e+002	0.00000000e+000	2.8695e+014	1.0000e-010	0.0000e+000
4.450000e+003	2.31801174e-001	-3.16819883e+000	4.20412584e+002	0.00000000e+000	2.8648e+014	1.0000e-010	0.0000e+000
4.460000e+003	2.31843215e-001	-3.16815678e+000	4.14964620e+002	0.00000000e+000	2.8601e+014	1.0000e-010	0.0000e+000
4.470000e+003	2.31884712e-001	-3.16811529e+000	4.09525394e+002	0.00000000e+000	2.8555e+014	1.0000e-010	0.0000e+000
4.480000e+003	2.31925664e-001	-3.16807434e+000	4.04094778e+002	0.00000000e+000	2.8510e+014	1.0000e-010	0.0000e+000
4.490000e+003	2.31966074e-001	-3.16803393e+000	3.98672643e+002	0.00000000e+000	2.8465e+014	1.0000e-010	0.0000e+000
4.500000e+003	2.32005941e-001	-3.16799406e+000	3.93258864e+002	0.00000000e+000	2.8422e+014	1.0000e-010	0.0000e+000
4.510000e+003	2.32045267e-001	-3.16795473e+000	3.87853314e+002	0.00000000e+000	2.8378e+014	1.0000e-010	0.0000e+000
4.520000e+003	2.32084052e-001	-3.16791595e+000	3.82455867e+002	0.00000000e+000	2.8336e+014	1.0000e-010	0.0000e+000
4.530000e+003	2.32122298e-001	-3.16787770e+000	3.77066400e+002	0.00000000e+000	2.8294e+014	1.0000e-010	0.0000e+000
4.540000e+003	2.32160004e-001	-3.16784000e+000	3.71684788e+002	0.00000000e+000	2.8253e+014	1.0000e-010	0.0000e+000
4.550000e+003	2.32197173e-001	-3.16780283e+000	3.66310907e+002	0.00000000e+000	2.8212e+014	1.0000e-010	0.0000e+000
4.560000e+003	2.32233804e-001	-3.16776620e+000	3.60944636e+002	0.00000000e+000	2.8172e+014	1.0000e-010	0.0000e+000
4.570000e+003	2.32269899e-001	-3.16773010e+000	3.55585852e+002	0.00000000e+000	2.8133e+014	1.0000e-010	0.0000e+000
4.580000e+003	2.32305457e-001	-3.16769454e+000	3.50234434e+002	0.00000000e+000	2.8094e+014	1.0000e-010	0.0000e+000
4.590000e+003	2.32340481e-001	-3.16765952e+000	3.44890261e+002	0.00000000e+000	2.8056e+014	1.0000e-010	0.0000e+000
4.600000e+003	2.32374970e-001	-3.16762503e+000	3.39553212e+002	0.00000000e+000	2.8019e+014	1.0000e-010	0.0000e+000
4.610000e+003	2.32408925e-001	-3.16759108e+000	3.34223169e+002	0.00000000e+000	2.7982e+014	1.0000e-010	0.0000e+000
4.620000e+003	2.32442347e-001	-3.16755765e+000	3.28900013e+002	0.00000000e+000	2.7946e+014	1.0000e-010	0.0000e+000
4.630000e+003	2.32475237e-001	-3.16752476e+000	3.23583624e+002	0.00000000e+000	2.7910e+014	1.0000e-010	0.0000e+000
4.640000e+003	2.32507596e-001	-3.16749240e+000	3.18273886e+002	0.00000000e+000	2.7875e+014	1.0000e-010	0.0000e+000
4.650000e+003	2.32539423e-001	-3.16746058e+000	3.12970680e+002	0.00000000e+000	2.7841e+014	1.0000e-010	0.0000e+000
4.660000e+003	2.32570720e-001	-3.16742928e+000	3.07673891e+002	0.00000000e+000	2.7807e+014	1.0000e-010	0.0000e+000
4.670000e+003	2.32601487e-001	-3.16739851e+000	3.02383402e+002	0.00000000e+000	2.7774e+014	1.0000e-010	0.0000e+000
4.680000e+003	2.32631726e-001	-3.16736827e+000	2.97099098e+002	0.00000000e+000	2.7742e+014	1.0000e-010	0.0000e+000
4.690000e+003	2.32661436e-001	-3.16733856e+000	2.91820863e+002	0.00000000e+000	2.7710e+014	1.0000e-010	0.0000e+000
4.700000e+003	2.32690618e-001	-3.16730938e+000	2.86548583e+002	0.00000000e+000	2.7679e+014	1.0000e-010	0.0000e+000
4.710000e+003	2.32719273e-001	-3.16728073e+000	2.81282143e+002	0.00000000e+000	2.7648e+014	1.0000e-010	0.0000e+000
4.720000e+003	2.32747401e-001	-3.16725260e+000	2.76021431e+002	0.00000000e+000	2.7618e+014	1.0000e-010	0.0000e+000
4.730000e+003	2.32775003e-001	-3.16722500e+000	2.70766332e+002	0.00000000e+000	2.7589e+014	1.0000e-010	0.0000e+000
4.740000e+003	2.32802080e-001	-3.16719792e+000	2.65516735e+002	0.00000000e+000	2.7560e+014	1.0000e-010	0.0000e+000
4.750000e+003	2.32828631e-001	-3.16717137e+000	2.60272526e+002	0.00000000e+000	2.7531e+014	1.0000e-010	0.0000e+000
4.760000e+003	2.32854659e-001	-3.16714534e+000	2.55033595e+002	0.00000000e+000	2.7504e+014	1.0000e-010	0.0000e+000
4.770000e+003	2.32880162e-001	-3.16711984e+000	2.49799829e+002	0.00000000e+000	2.7477e+014	1.0000e-010	0.0000e+000
4.780000e+003	2.32905142e-001	-3.16709486e+000	2.44571118e+002	0.00000000e+000	2.7450e+014	1.0000e-010	0.0000e+000
4.790000e+003	2.32929599e-001	-3.16707040e+000	2.39347351e+002	0.00000000e+000	2.7424e+014	1.0000e-010	0.0000e+000
4.800000e+003	2.32953534e-001	-3.16704647e+000	2.34128419e+002	0.00000000e+000	2.7399e+014	1.0000e-010	0.0000e+000
4.810000e+003	2.32976947e-001	-3.16702305e+000	2.28914211e+002	0.00000000e+000	2.7374e+014	1.0000e-010	0.0000e+000
4.820000e+003	2.32999838e-001	-3.16700016e+000	2.23704617e+002	0.00000000e+000	2.7350e+014	1.0000e-010	0.0000e+000
4.830000e+003	2.33022208e-001	-3.16697779e+000	2.18499530e+002	0.00000000e+000	2.7326e+014	1.0000e-010	0.0000e+000
4.840000e+003	2.33044058e-001	-3.16695594e+000	2.13298841e+002	0.00000000e+000	2.7303e+014	1.0000e-010	0.0000e+000
4.850000e+003	2.33065388e-001	-3.16693461e+000	2.08102440e+002	0.00000000e+000	2.7280e+014	1.0000e-010	0.0000e+000
4.860000e+003	2.33086199e-001	-3.16691380e+000	2.02910221e+002	0.00000000e+000	2.7258e+014	1.0000e-010	0.0000e+000
4.870000e+003	2.33106490e-001	-3.16689351e+000	1.97722076e+002	0.00000000e+000	2.7237e+014	1.0000e-010	0.0000e+000
4.880000e+003	2.33126262e-001	-3.16687374e+000	1.92537897e+002	0.00000000e+000	2.7216e+014	1.0000e-010	0.0000e+000
4.890000e+003	2.33145516e-001	-3.16685448e+000	1.87357577e+002	0.00000000e+000	2.7196e+014	1.0000e-010	0.0000e+000
4.900000e+003	2.33164251e-001	-3.16683575e+000	1.82181011e+002	0.00000000e+000	2.7176e+014	1.0000e-010	0.0000e+000
4.910000e+003	2.33182469e-001	-3.16681753e+000	1.77008091e+002	0.00000000e+000	2.7157e+014	1.0000e-010	0.0000e+000
4.920000e+003	2.33200170e-001	-3.16679983e+000	1.71838712e+002	0.00000000e+000	2.7139e+014	1.0000e-010	0.0000e+000
4.930000e+003	2.33217354e-001	-3.16678265e+000	1.66672768e+002	0.00000000e+000	2.7120e+014	1.0000e-010	0.0000e+000
4.940000e+003	2.33234021e-001	-3.16676598e+000	1.61510154e+002	0.00000000e+000	2.7103e+014	1.0000e-010	0.0000e+000
4.950000e+003	2.33250172e-001	-3.16674983e+000	1.56350764e+002	0.00000000e+000	2.7086e+014	1.0000e-010	0.0000e+000
4.960000e+003	2.33265807e-001	-3.16673419e+000	1.51194493e+002	0.00000000e+000	2.7070e+014	1.0000e-010	0.0000e+000
4.970000e+003	2.33280927e-001	-3.16671907e+000	1.46041237e+002	0.00000000e+000	2.7054e+014	1.0000e-010	0.0000e+000
4.980000e+003	2.33295531e-001	-3.16670447e+000	1.40890891e+002	0.00000000e+000	2.7039e+014	1.0000e-010	0.0000e+000
4.990000e+003	2.33309620e-001	-3.16669038e+000	1.35743351e+002	0.00000000e+000	2.7024e+014	1.0000e-010	0.0000e+000
5.000000e+003	2.33323194e-001	-3.16667681e+000	1.30598514e+002	0.00000000e+000	2.7010e+014	1.0000e-010	0.0000e+000
5.010000e+003	2.33336254e-001	-3.16666375e+000	1.25456275e+002	0.00000000e+000	2.6996e+014	1.0000e-010	0.0000e+000
5.020000e+003	2.33348800e-001	-3.16665120e+000	1.20316531e+002	0.00000000e+000	2.6983e+014	1.0000e-010	0.0000e+000
5.030000e+003	2.33360832e-001	-3.16663917e+000	1.15179178e+002	0.00000000e+000	2.6970e+014	1.0000e-010	0.0000e+000
5.040000e+003	2.33372350e-001	-3.16662765e+000	1.10044114e+002	0.00000000e+000	2.6958e+014	1.0000e-010	0.0000e+000
5.050000e+003	2.33383354e-001	-3.16661665e+000	1.04911235e+002	0.00000000e+000	2.6947e+014	1.0000e-010	0.0000e+000
5.060000e+003	2.33393845e-001	-3.16660615e+000	9.97804384e+001	0.00000000e+000	2.6936e+014	1.0000e-010	0.0000e+000
5.070000e+003	2.33403823e-001	-3.16659618e+000	9.46516220e+001	0.00000000e+000	2.6926e+014	1.0000e-010	0.0000e+000
5.080000e+003	2.33413288e-001	-3.16658671e+000	8.95246830e+001	0.00000000e+000	2.6916e+014	1.0000e-010	0.0000e+000
5.090000e+003	2.33422241e-001	-3.16657776e+000	8.43995192e+001	0.00000000e+000	2.6906e+014	1.0000e-010	0.0000e+000
5.100000e+003	2.33430681e-001	-3.16656932e+000	7.92760283e+001	0.00000000e+000	2.6898e+014	1.0000e-010	0.0000e+000
5.110000e+003	2.33438608e-001	-3.16656139e+000	7.41541083e+001	0.00000000e+000	2.6889e+014	1.0000e-010	0.0000e+000
5.120000e+003	2.33446024e-001	-3.16655398e+000	6.90336573e+001	0.00000000e+000	2.6882e+014	1.0000e-010	0.0000e+000
5.130000e+003	2.33452927e-001	-3.16654707e+000	6.39145734e+001	0.00000000e+000	2.6874e+014	1.0000e-010	0.0000e+000
5.140000e+003	2.33459319e-001	-3.16654068e+000	5.87967550e+001	0.00000000e+000	2.6868e+014	1.0000e-010	0.0000e+000
5.150000e+003	2.33465198e-001	-3.16653480e+000	5.36801004e+001	0.00000000e+000	2.6862e+014	1.0000e-010	0.0000e+000
5.160000e+003	2.33470566e-001	-3.16652943e+000	4.85645082e+001	0.00000000e+000	2.6856e+014	1.0000e-010	0.0000e+000
5.170000e+003	2.33475423e-001	-3.16652458e+000	4.34498769e+001	0.00000000e+000	2.6851e+014	1.0000e-010	0.0000e+000
5.180000e+003	2.33479768e-001	-3.16652023e+000	3.83361051e+001	0.00000000e+000	2.6847e+014	1.0000e-010	0.0000e+000
5.190000e+003	2.33483601e-001	-3.16651640e+000	3.32230916e+001	0.00000000e+000	2.6843e+014	1.0000e-010	0.0000e+000
5.200000e+003	2.33486924e-001	-3.16651308e+000	2.81107351e+001	0.00000000e+000	2.6839e+014	1.0000e-010	0.0000e+000
5.210000e+003	2.33489735e-001	-3.16651027e+000	2.29989345e+001	0.00000000e+000	2.6836e+014	1.0000e-010	0.0000e+000
5.220000e+003	2.33492035e-001	-3.16650797e+000	1.78875886e+001	0.00000000e+000	2.6834e+014	1.0000e-010	0.0000e+000
5.230000e+003	2.33493823e-001	-3.16650618e+000	1.27765964e+001	0.00000000e+000	2.6832e+014	1.0000e-010	0.0000e+000
5.240000e+003	2.33495101e-001	-3.16650490e+000	7.66585684e+000	0.00000000e+000	2.6831e+014	1.0000e-010	0.0000e+000
5.250000e+003	2.33495868e-001	-3.16650413e+000	2.55526877e+000	0.00000000e+000	2.6830e+014	1.0000e-010	0.0000e+000
5.260000e+003	2.33496123e-001	-3.16650388e+000	2.55526877e+000	0.00000000e+000	2.6830e+014	1.0000e-010	0.0000e+000
