Y (ang)	Ec (eV)	Ev (eV)	E (V/cm)	Ef (eV)	n (cm-3)	p (cm-3)	Nd - Na (cm-3)	el eval 1 (eV)	el eval 2 (eV)	el eval 3 (eV)	el eval 4 (eV)	el eval 5 (eV)	el eval 6 (eV)	el eval 7 (eV)	el eval 8 (eV)	el eval 9 (eV)	el eval 10 (eV)	el eval 11 (eV)	el eval 12 (eV)
0.000000e+000	6.00000000e-001	-2.80000000e+000	2.45172659e+006	-0.00000000e+000	1.8691e+008	1.0000e-010	0.0000e+000
1.000000e+001	1.40517266e+000	-2.69482734e+000	-1.91068450e+005	0.00000000e+000	5.5159e-006	1.0000e-010	-1.3848e+020
2.000000e+001	1.39073248e+000	-2.71510085e+000	-2.14910670e+005	0.00000000e+000	9.7253e-006	1.0000e-010	-1.2163e+018	-1.3026e-001	2.9251e-003	5.1026e-002	7.7251e-002	9.4988e-002	1.0832e-001	1.1898e-001	1.2784e-001	1.3542e-001	1.4203e-001	1.4793e-001	1.5354e-001
3.000000e+001	1.37390808e+000	-2.73775859e+000	-2.38783782e+005	0.00000000e+000	1.8644e-005	1.0000e-010	-1.2173e+018
4.000000e+001	1.35469637e+000	-2.76280363e+000	-2.62687805e+005	0.00000000e+000	3.9200e-005	1.0000e-010	-1.2184e+018
5.000000e+001	1.33309426e+000	-2.79023908e+000	-2.86622762e+005	0.00000000e+000	9.0403e-005	1.0000e-010	-1.2194e+018
6.000000e+001	1.30909865e+000	-2.82006802e+000	-3.10588674e+005	0.00000000e+000	2.2871e-004	1.0000e-010	-1.2204e+018
7.000000e+001	1.28270645e+000	-2.85229355e+000	-3.34585560e+005	0.00000000e+000	6.3484e-004	1.0000e-010	-1.2215e+018
8.000000e+001	1.25391456e+000	-2.88691878e+000	-3.58613442e+005	0.00000000e+000	1.9335e-003	1.0000e-010	-1.2225e+018
9.000000e+001	1.22271988e+000	-2.92394679e+000	-3.82672341e+005	0.00000000e+000	6.4624e-003	1.0000e-010	-1.2235e+018
1.000000e+002	1.18911931e+000	-2.96338069e+000	-4.06762279e+005	0.00000000e+000	2.3707e-002	1.0000e-010	-1.2245e+018
1.100000e+002	1.15310975e+000	-3.00522358e+000	-4.30883275e+005	0.00000000e+000	9.5489e-002	1.0000e-010	-1.2256e+018
1.200000e+002	1.11468809e+000	-3.04947858e+000	-4.55035351e+005	0.00000000e+000	4.2423e-001	1.0000e-010	-1.2266e+018
1.300000e+002	1.07385122e+000	-3.09614878e+000	-4.79218529e+005	0.00000000e+000	2.1916e+000	1.0000e-010	-1.2276e+018
1.400000e+002	1.03059603e+000	-3.14523730e+000	-5.03432829e+005	0.00000000e+000	1.9577e+001	1.0000e-010	-1.2287e+018
1.500000e+002	9.84919418e-001	-3.19674725e+000	-5.27678272e+005	0.00000000e+000	5.6202e+002	1.0000e-010	-1.2297e+018
1.600000e+002	9.36818257e-001	-3.25068174e+000	-5.51954879e+005	0.00000000e+000	2.7617e+004	1.0000e-010	-1.2307e+018
1.700000e+002	8.86289436e-001	-3.30704390e+000	-5.76262672e+005	0.00000000e+000	1.4064e+006	1.0000e-010	-1.2317e+018
1.800000e+002	8.33329835e-001	-3.36583683e+000	-6.00601672e+005	0.00000000e+000	6.7971e+007	1.0000e-010	-1.2328e+018
1.900000e+002	7.77936335e-001	-3.42706367e+000	-6.24971899e+005	0.00000000e+000	3.0655e+009	1.0000e-010	-1.2338e+018
2.000000e+002	7.20105812e-001	-3.49072752e+000	-6.49373379e+005	0.00000000e+000	1.2782e+011	1.0000e-010	-1.2348e+018
2.100000e+002	6.59835140e-001	-3.55683153e+000	-6.73806221e+005	0.00000000e+000	4.8819e+012	1.0000e-010	-1.2359e+018
2.200000e+002	5.97121185e-001	-3.62537882e+000	-6.98273582e+005	0.00000000e+000	1.6905e+014	1.0000e-010	-1.2369e+018
2.300000e+002	5.31960493e-001	-3.69637284e+000	-7.22872063e+005	0.00000000e+000	5.2457e+015	1.0000e-010	-1.2379e+018
2.400000e+002	4.64339954e-001	-3.76982671e+000	-7.50229216e+005	0.00000000e+000	1.4394e+017	1.0000e-010	-1.2390e+018
2.500000e+002	2.81983699e-001	-3.81801630e+000	-2.61255303e+005	0.00000000e+000	3.4385e+018	1.0000e-010	2.8235e+019
2.600000e+002	-3.04141832e-001	-3.70414183e+000	1.37161344e+006	0.00000000e+000	5.3118e+019	1.0000e-010	1.3848e+020
2.700000e+002	-1.66980488e-001	-3.56698049e+000	6.87129672e+005	0.00000000e+000	3.5936e+019	1.0000e-010	0.0000e+000
2.800000e+002	-9.82675206e-002	-3.49826752e+000	4.05783555e+005	0.00000000e+000	1.4771e+019	1.0000e-010	0.0000e+000
2.900000e+002	-5.76891652e-002	-3.45768917e+000	2.76044882e+005	0.00000000e+000	6.8114e+018	1.0000e-010	0.0000e+000
3.000000e+002	-3.00846770e-002	-3.43008468e+000	1.99252739e+005	0.00000000e+000	4.0317e+018	1.0000e-010	0.0000e+000
3.100000e+002	-1.01594031e-002	-3.41015940e+000	1.50193753e+005	0.00000000e+000	2.5757e+018	1.0000e-010	0.0000e+000
3.200000e+002	4.85997211e-003	-3.39514003e+000	1.18393083e+005	0.00000000e+000	1.6697e+018	1.0000e-010	0.0000e+000
3.300000e+002	1.66992804e-002	-3.38330072e+000	9.70739720e+004	0.00000000e+000	1.1194e+018	1.0000e-010	0.0000e+000
3.400000e+002	2.64066776e-002	-3.37359332e+000	8.20650652e+004	0.00000000e+000	7.8808e+017	1.0000e-010	0.0000e+000
3.500000e+002	3.46131841e-002	-3.36538682e+000	7.09746115e+004	0.00000000e+000	5.8235e+017	1.0000e-010	0.0000e+000
3.600000e+002	4.17106453e-002	-3.35828935e+000	6.24623727e+004	0.00000000e+000	4.4698e+017	1.0000e-010	0.0000e+000
3.700000e+002	4.79568825e-002	-3.35204312e+000	5.57498609e+004	0.00000000e+000	3.5249e+017	1.0000e-010	0.0000e+000
3.800000e+002	5.35318686e-002	-3.34646813e+000	5.03335905e+004	0.00000000e+000	2.8443e+017	1.0000e-010	0.0000e+000
3.900000e+002	5.85652277e-002	-3.34143477e+000	4.58670090e+004	0.00000000e+000	2.3457e+017	1.0000e-010	0.0000e+000
4.000000e+002	6.31519286e-002	-3.33684807e+000	4.21192230e+004	0.00000000e+000	1.9683e+017	1.0000e-010	0.0000e+000
4.100000e+002	6.73638509e-002	-3.33263615e+000	3.89361888e+004	0.00000000e+000	1.6717e+017	1.0000e-010	0.0000e+000
4.200000e+002	7.12574697e-002	-3.32874253e+000	3.62029563e+004	0.00000000e+000	1.4355e+017	1.0000e-010	0.0000e+000
4.300000e+002	7.48777654e-002	-3.32512223e+000	3.38274162e+004	0.00000000e+000	1.2477e+017	1.0000e-010	0.0000e+000
4.400000e+002	7.82605070e-002	-3.32173949e+000	3.17403373e+004	0.00000000e+000	1.0962e+017	1.0000e-010	0.0000e+000
4.500000e+002	8.14345407e-002	-3.31856546e+000	2.98934427e+004	0.00000000e+000	9.7010e+016	1.0000e-010	0.0000e+000
4.600000e+002	8.44238850e-002	-3.31557612e+000	2.82506450e+004	0.00000000e+000	8.6292e+016	1.0000e-010	0.0000e+000
4.700000e+002	8.72489495e-002	-3.31275105e+000	2.67804622e+004	0.00000000e+000	7.7227e+016	1.0000e-010	0.0000e+000
4.800000e+002	8.99269957e-002	-3.31007300e+000	2.54550040e+004	0.00000000e+000	6.9627e+016	1.0000e-010	0.0000e+000
4.900000e+002	9.24724961e-002	-3.30752750e+000	2.42522930e+004	0.00000000e+000	6.3181e+016	1.0000e-010	0.0000e+000
5.000000e+002	9.48977254e-002	-3.30510227e+000	2.31566146e+004	0.00000000e+000	5.7559e+016	1.0000e-010	0.0000e+000
5.100000e+002	9.72133869e-002	-3.30278661e+000	2.21559101e+004	0.00000000e+000	5.2571e+016	1.0000e-010	0.0000e+000
5.200000e+002	9.94289779e-002	-3.30057102e+000	2.12390224e+004	0.00000000e+000	4.8169e+016	1.0000e-010	0.0000e+000
5.300000e+002	1.01552880e-001	-3.29844712e+000	2.03950765e+004	0.00000000e+000	4.4338e+016	1.0000e-010	0.0000e+000
5.400000e+002	1.03592388e-001	-3.29640761e+000	1.96145606e+004	0.00000000e+000	4.1007e+016	1.0000e-010	0.0000e+000
5.500000e+002	1.05553844e-001	-3.29444616e+000	1.88902460e+004	0.00000000e+000	3.8055e+016	1.0000e-010	0.0000e+000
5.600000e+002	1.07442868e-001	-3.29255713e+000	1.82168749e+004	0.00000000e+000	3.5379e+016	1.0000e-010	0.0000e+000
5.700000e+002	1.09264556e-001	-3.29073544e+000	1.75900419e+004	0.00000000e+000	3.2934e+016	1.0000e-010	0.0000e+000
5.800000e+002	1.11023560e-001	-3.28897644e+000	1.70053238e+004	0.00000000e+000	3.0722e+016	1.0000e-010	0.0000e+000
5.900000e+002	1.12724092e-001	-3.28727591e+000	1.64582139e+004	0.00000000e+000	2.8747e+016	1.0000e-010	0.0000e+000
6.000000e+002	1.14369914e-001	-3.28563009e+000	1.59446075e+004	0.00000000e+000	2.6987e+016	1.0000e-010	0.0000e+000
6.100000e+002	1.15964375e-001	-3.28403563e+000	1.54612345e+004	0.00000000e+000	2.5399e+016	1.0000e-010	0.0000e+000
6.200000e+002	1.17510498e-001	-3.28248950e+000	1.50056648e+004	0.00000000e+000	2.3938e+016	1.0000e-010	0.0000e+000
6.300000e+002	1.19011065e-001	-3.28098894e+000	1.45759554e+004	0.00000000e+000	2.2579e+016	1.0000e-010	0.0000e+000
6.400000e+002	1.20468660e-001	-3.27953134e+000	1.41702529e+004	0.00000000e+000	2.1318e+016	1.0000e-010	0.0000e+000
6.500000e+002	1.21885685e-001	-3.27811431e+000	1.37866122e+004	0.00000000e+000	2.0159e+016	1.0000e-010	0.0000e+000
6.600000e+002	1.23264347e-001	-3.27673565e+000	1.34230670e+004	0.00000000e+000	1.9103e+016	1.0000e-010	0.0000e+000
6.700000e+002	1.24606653e-001	-3.27539335e+000	1.30778184e+004	0.00000000e+000	1.8142e+016	1.0000e-010	0.0000e+000
6.800000e+002	1.25914435e-001	-3.27408556e+000	1.27493746e+004	0.00000000e+000	1.7259e+016	1.0000e-010	0.0000e+000
6.900000e+002	1.27189373e-001	-3.27281063e+000	1.24365574e+004	0.00000000e+000	1.6438e+016	1.0000e-010	0.0000e+000
7.000000e+002	1.28433028e-001	-3.27156697e+000	1.21384034e+004	0.00000000e+000	1.5668e+016	1.0000e-010	0.0000e+000
7.100000e+002	1.29646869e-001	-3.27035313e+000	1.18540382e+004	0.00000000e+000	1.4943e+016	1.0000e-010	0.0000e+000
7.200000e+002	1.30832273e-001	-3.26916773e+000	1.15825956e+004	0.00000000e+000	1.4264e+016	1.0000e-010	0.0000e+000
7.300000e+002	1.31990532e-001	-3.26800947e+000	1.13232044e+004	0.00000000e+000	1.3631e+016	1.0000e-010	0.0000e+000
7.400000e+002	1.33122853e-001	-3.26687715e+000	1.10750211e+004	0.00000000e+000	1.3042e+016	1.0000e-010	0.0000e+000
7.500000e+002	1.34230355e-001	-3.26576965e+000	1.08372721e+004	0.00000000e+000	1.2494e+016	1.0000e-010	0.0000e+000
7.600000e+002	1.35314082e-001	-3.26468592e+000	1.06092723e+004	0.00000000e+000	1.1982e+016	1.0000e-010	0.0000e+000
7.700000e+002	1.36375009e-001	-3.26362499e+000	1.03904196e+004	0.00000000e+000	1.1501e+016	1.0000e-010	0.0000e+000
7.800000e+002	1.37414051e-001	-3.26258595e+000	1.01801678e+004	0.00000000e+000	1.1049e+016	1.0000e-010	0.0000e+000
7.900000e+002	1.38432068e-001	-3.26156793e+000	9.97800368e+003	0.00000000e+000	1.0624e+016	1.0000e-010	0.0000e+000
8.000000e+002	1.39429868e-001	-3.26057013e+000	9.78343718e+003	0.00000000e+000	1.0224e+016	1.0000e-010	0.0000e+000
8.100000e+002	1.40408212e-001	-3.25959179e+000	9.59600867e+003	0.00000000e+000	9.8493e+015	1.0000e-010	0.0000e+000
8.200000e+002	1.41367813e-001	-3.25863219e+000	9.41530566e+003	0.00000000e+000	9.4959e+015	1.0000e-010	0.0000e+000
8.300000e+002	1.42309343e-001	-3.25769066e+000	9.24097867e+003	0.00000000e+000	9.1609e+015	1.0000e-010	0.0000e+000
8.400000e+002	1.43233441e-001	-3.25676656e+000	9.07274713e+003	0.00000000e+000	8.8406e+015	1.0000e-010	0.0000e+000
8.500000e+002	1.44140716e-001	-3.25585928e+000	8.91039134e+003	0.00000000e+000	8.5319e+015	1.0000e-010	0.0000e+000
8.600000e+002	1.45031755e-001	-3.25496824e+000	8.75373237e+003	0.00000000e+000	8.2325e+015	1.0000e-010	0.0000e+000
8.700000e+002	1.45907128e-001	-3.25409287e+000	8.60260564e+003	0.00000000e+000	7.9418e+015	1.0000e-010	0.0000e+000
8.800000e+002	1.46767389e-001	-3.25323261e+000	8.45683533e+003	0.00000000e+000	7.6603e+015	1.0000e-010	0.0000e+000
8.900000e+002	1.47613072e-001	-3.25238693e+000	8.31621539e+003	0.00000000e+000	7.3895e+015	1.0000e-010	0.0000e+000
9.000000e+002	1.48444694e-001	-3.25155531e+000	8.18050063e+003	0.00000000e+000	7.1316e+015	1.0000e-010	0.0000e+000
9.100000e+002	1.49262744e-001	-3.25073726e+000	8.04940805e+003	0.00000000e+000	6.8886e+015	1.0000e-010	0.0000e+000
9.200000e+002	1.50067685e-001	-3.24993232e+000	7.92262679e+003	0.00000000e+000	6.6619e+015	1.0000e-010	0.0000e+000
9.300000e+002	1.50859947e-001	-3.24914005e+000	7.79983316e+003	0.00000000e+000	6.4522e+015	1.0000e-010	0.0000e+000
9.400000e+002	1.51639931e-001	-3.24836007e+000	7.68070560e+003	0.00000000e+000	6.2595e+015	1.0000e-010	0.0000e+000
9.500000e+002	1.52408001e-001	-3.24759200e+000	7.56494567e+003	0.00000000e+000	6.0824e+015	1.0000e-010	0.0000e+000
9.600000e+002	1.53164496e-001	-3.24683550e+000	7.45228653e+003	0.00000000e+000	5.9194e+015	1.0000e-010	0.0000e+000
9.700000e+002	1.53909725e-001	-3.24609028e+000	7.34250407e+003	0.00000000e+000	5.7681e+015	1.0000e-010	0.0000e+000
9.800000e+002	1.54643975e-001	-3.24535603e+000	7.23542472e+003	0.00000000e+000	5.6261e+015	1.0000e-010	0.0000e+000
9.900000e+002	1.55367517e-001	-3.24463248e+000	7.13093219e+003	0.00000000e+000	5.4902e+015	1.0000e-010	0.0000e+000
1.000000e+003	1.56080611e-001	-3.24391939e+000	7.02903622e+003	0.00000000e+000	5.3539e+015	1.0000e-010	0.0000e+000	-1.3026e-001	2.9251e-003	5.1026e-002	7.7251e-002	9.4988e-002	1.0832e-001	1.1898e-001	1.2784e-001	1.3542e-001	1.4203e-001	1.4793e-001	1.5354e-001
1.010000e+003	1.56783514e-001	-3.24321649e+000	6.92968295e+003	0.00000000e+000	5.2174e+015	1.0000e-010	0.0000e+000
1.020000e+003	1.57476483e-001	-3.24252352e+000	6.83295749e+003	0.00000000e+000	5.0794e+015	1.0000e-010	0.0000e+000
1.030000e+003	1.58159778e-001	-3.24184022e+000	6.73875510e+003	0.00000000e+000	4.9469e+015	1.0000e-010	0.0000e+000
1.040000e+003	1.58833654e-001	-3.24116635e+000	6.64697652e+003	0.00000000e+000	4.8196e+015	1.0000e-010	0.0000e+000
1.050000e+003	1.59498351e-001	-3.24050165e+000	6.55752764e+003	0.00000000e+000	4.6972e+015	1.0000e-010	0.0000e+000
1.060000e+003	1.60154104e-001	-3.23984590e+000	6.47031916e+003	0.00000000e+000	4.5796e+015	1.0000e-010	0.0000e+000
1.070000e+003	1.60801136e-001	-3.23919886e+000	6.38526627e+003	0.00000000e+000	4.4663e+015	1.0000e-010	0.0000e+000
1.080000e+003	1.61439663e-001	-3.23856034e+000	6.30228840e+003	0.00000000e+000	4.3574e+015	1.0000e-010	0.0000e+000
1.090000e+003	1.62069892e-001	-3.23793011e+000	6.22130894e+003	0.00000000e+000	4.2524e+015	1.0000e-010	0.0000e+000
1.100000e+003	1.62692023e-001	-3.23730798e+000	6.14225499e+003	0.00000000e+000	4.1513e+015	1.0000e-010	0.0000e+000
1.110000e+003	1.63306248e-001	-3.23669375e+000	6.06505717e+003	0.00000000e+000	4.0538e+015	1.0000e-010	0.0000e+000
1.120000e+003	1.63912754e-001	-3.23608725e+000	5.98964939e+003	0.00000000e+000	3.9598e+015	1.0000e-010	0.0000e+000
1.130000e+003	1.64511719e-001	-3.23548828e+000	5.91596865e+003	0.00000000e+000	3.8691e+015	1.0000e-010	0.0000e+000
1.140000e+003	1.65103316e-001	-3.23489668e+000	5.84395487e+003	0.00000000e+000	3.7816e+015	1.0000e-010	0.0000e+000
1.150000e+003	1.65687711e-001	-3.23431229e+000	5.77355073e+003	0.00000000e+000	3.6970e+015	1.0000e-010	0.0000e+000
1.160000e+003	1.66265066e-001	-3.23373493e+000	5.70470150e+003	0.00000000e+000	3.6154e+015	1.0000e-010	0.0000e+000
1.170000e+003	1.66835536e-001	-3.23316446e+000	5.63735492e+003	0.00000000e+000	3.5364e+015	1.0000e-010	0.0000e+000
1.180000e+003	1.67399272e-001	-3.23260073e+000	5.57146102e+003	0.00000000e+000	3.4602e+015	1.0000e-010	0.0000e+000
1.190000e+003	1.67956418e-001	-3.23204358e+000	5.50697203e+003	0.00000000e+000	3.3864e+015	1.0000e-010	0.0000e+000
1.200000e+003	1.68507115e-001	-3.23149288e+000	5.44384225e+003	0.00000000e+000	3.3150e+015	1.0000e-010	0.0000e+000
1.210000e+003	1.69051499e-001	-3.23094850e+000	5.38202794e+003	0.00000000e+000	3.2459e+015	1.0000e-010	0.0000e+000
1.220000e+003	1.69589702e-001	-3.23041030e+000	5.32148722e+003	0.00000000e+000	3.1790e+015	1.0000e-010	0.0000e+000
1.230000e+003	1.70121851e-001	-3.22987815e+000	5.26217995e+003	0.00000000e+000	3.1142e+015	1.0000e-010	0.0000e+000
1.240000e+003	1.70648069e-001	-3.22935193e+000	5.20406769e+003	0.00000000e+000	3.0515e+015	1.0000e-010	0.0000e+000
1.250000e+003	1.71168476e-001	-3.22883152e+000	5.14711354e+003	0.00000000e+000	2.9907e+015	1.0000e-010	0.0000e+000
1.260000e+003	1.71683187e-001	-3.22831681e+000	5.09128213e+003	0.00000000e+000	2.9317e+015	1.0000e-010	0.0000e+000
1.270000e+003	1.72192315e-001	-3.22780768e+000	5.03653950e+003	0.00000000e+000	2.8745e+015	1.0000e-010	0.0000e+000
1.280000e+003	1.72695969e-001	-3.22730403e+000	4.98285306e+003	0.00000000e+000	2.8191e+015	1.0000e-010	0.0000e+000
1.290000e+003	1.73194254e-001	-3.22680575e+000	4.93019150e+003	0.00000000e+000	2.7652e+015	1.0000e-010	0.0000e+000
1.300000e+003	1.73687274e-001	-3.22631273e+000	4.87852472e+003	0.00000000e+000	2.7130e+015	1.0000e-010	0.0000e+000
1.310000e+003	1.74175126e-001	-3.22582487e+000	4.82782380e+003	0.00000000e+000	2.6623e+015	1.0000e-010	0.0000e+000
1.320000e+003	1.74657908e-001	-3.22534209e+000	4.77806092e+003	0.00000000e+000	2.6130e+015	1.0000e-010	0.0000e+000
1.330000e+003	1.75135714e-001	-3.22486429e+000	4.72920934e+003	0.00000000e+000	2.5652e+015	1.0000e-010	0.0000e+000
1.340000e+003	1.75608635e-001	-3.22439136e+000	4.68124329e+003	0.00000000e+000	2.5187e+015	1.0000e-010	0.0000e+000
1.350000e+003	1.76076760e-001	-3.22392324e+000	4.63413799e+003	0.00000000e+000	2.4735e+015	1.0000e-010	0.0000e+000
1.360000e+003	1.76540174e-001	-3.22345983e+000	4.58786956e+003	0.00000000e+000	2.4295e+015	1.0000e-010	0.0000e+000
1.370000e+003	1.76998960e-001	-3.22300104e+000	4.54241499e+003	0.00000000e+000	2.3868e+015	1.0000e-010	0.0000e+000
1.380000e+003	1.77453202e-001	-3.22254680e+000	4.49775213e+003	0.00000000e+000	2.3452e+015	1.0000e-010	0.0000e+000
1.390000e+003	1.77902977e-001	-3.22209702e+000	4.45385959e+003	0.00000000e+000	2.3047e+015	1.0000e-010	0.0000e+000
1.400000e+003	1.78348363e-001	-3.22165164e+000	4.41071677e+003	0.00000000e+000	2.2654e+015	1.0000e-010	0.0000e+000
1.410000e+003	1.78789435e-001	-3.22121057e+000	4.36830379e+003	0.00000000e+000	2.2271e+015	1.0000e-010	0.0000e+000
1.420000e+003	1.79226265e-001	-3.22077373e+000	4.32660145e+003	0.00000000e+000	2.1897e+015	1.0000e-010	0.0000e+000
1.430000e+003	1.79658925e-001	-3.22034107e+000	4.28559124e+003	0.00000000e+000	2.1534e+015	1.0000e-010	0.0000e+000
1.440000e+003	1.80087484e-001	-3.21991252e+000	4.24525526e+003	0.00000000e+000	2.1180e+015	1.0000e-010	0.0000e+000
1.450000e+003	1.80512010e-001	-3.21948799e+000	4.20557625e+003	0.00000000e+000	2.0835e+015	1.0000e-010	0.0000e+000
1.460000e+003	1.80932568e-001	-3.21906743e+000	4.16653751e+003	0.00000000e+000	2.0499e+015	1.0000e-010	0.0000e+000
1.470000e+003	1.81349221e-001	-3.21865078e+000	4.12812291e+003	0.00000000e+000	2.0171e+015	1.0000e-010	0.0000e+000
1.480000e+003	1.81762034e-001	-3.21823797e+000	4.09031686e+003	0.00000000e+000	1.9851e+015	1.0000e-010	0.0000e+000
1.490000e+003	1.82171065e-001	-3.21782893e+000	4.05310427e+003	0.00000000e+000	1.9540e+015	1.0000e-010	0.0000e+000
1.500000e+003	1.82576376e-001	-3.21742362e+000	4.01647055e+003	0.00000000e+000	1.9236e+015	1.0000e-010	0.0000e+000
1.510000e+003	1.82978023e-001	-3.21702198e+000	3.98040159e+003	0.00000000e+000	1.8939e+015	1.0000e-010	0.0000e+000
1.520000e+003	1.83376063e-001	-3.21662394e+000	3.94488372e+003	0.00000000e+000	1.8650e+015	1.0000e-010	0.0000e+000
1.530000e+003	1.83770551e-001	-3.21622945e+000	3.90990373e+003	0.00000000e+000	1.8367e+015	1.0000e-010	0.0000e+000
1.540000e+003	1.84161542e-001	-3.21583846e+000	3.87544880e+003	0.00000000e+000	1.8092e+015	1.0000e-010	0.0000e+000
1.550000e+003	1.84549087e-001	-3.21545091e+000	3.84150652e+003	0.00000000e+000	1.7822e+015	1.0000e-010	0.0000e+000
1.560000e+003	1.84933237e-001	-3.21506676e+000	3.80806489e+003	0.00000000e+000	1.7559e+015	1.0000e-010	0.0000e+000
1.570000e+003	1.85314044e-001	-3.21468596e+000	3.77511225e+003	0.00000000e+000	1.7303e+015	1.0000e-010	0.0000e+000
1.580000e+003	1.85691555e-001	-3.21430845e+000	3.74263732e+003	0.00000000e+000	1.7052e+015	1.0000e-010	0.0000e+000
1.590000e+003	1.86065819e-001	-3.21393418e+000	3.71062914e+003	0.00000000e+000	1.6807e+015	1.0000e-010	0.0000e+000
1.600000e+003	1.86436882e-001	-3.21356312e+000	3.67907711e+003	0.00000000e+000	1.6567e+015	1.0000e-010	0.0000e+000
1.610000e+003	1.86804789e-001	-3.21319521e+000	3.64797093e+003	0.00000000e+000	1.6333e+015	1.0000e-010	0.0000e+000
1.620000e+003	1.87169586e-001	-3.21283041e+000	3.61730060e+003	0.00000000e+000	1.6104e+015	1.0000e-010	0.0000e+000
1.630000e+003	1.87531317e-001	-3.21246868e+000	3.58705643e+003	0.00000000e+000	1.5880e+015	1.0000e-010	0.0000e+000
1.640000e+003	1.87890022e-001	-3.21210998e+000	3.55722901e+003	0.00000000e+000	1.5662e+015	1.0000e-010	0.0000e+000
1.650000e+003	1.88245745e-001	-3.21175425e+000	3.52780921e+003	0.00000000e+000	1.5447e+015	1.0000e-010	0.0000e+000
1.660000e+003	1.88598526e-001	-3.21140147e+000	3.49878815e+003	0.00000000e+000	1.5238e+015	1.0000e-010	0.0000e+000
1.670000e+003	1.88948405e-001	-3.21105160e+000	3.47015721e+003	0.00000000e+000	1.5033e+015	1.0000e-010	0.0000e+000
1.680000e+003	1.89295421e-001	-3.21070458e+000	3.44190802e+003	0.00000000e+000	1.4833e+015	1.0000e-010	0.0000e+000
1.690000e+003	1.89639611e-001	-3.21036039e+000	3.41403244e+003	0.00000000e+000	1.4637e+015	1.0000e-010	0.0000e+000
1.700000e+003	1.89981015e-001	-3.21001899e+000	3.38652258e+003	0.00000000e+000	1.4445e+015	1.0000e-010	0.0000e+000
1.710000e+003	1.90319667e-001	-3.20968033e+000	3.35937073e+003	0.00000000e+000	1.4257e+015	1.0000e-010	0.0000e+000
1.720000e+003	1.90655604e-001	-3.20934440e+000	3.33256943e+003	0.00000000e+000	1.4072e+015	1.0000e-010	0.0000e+000
1.730000e+003	1.90988861e-001	-3.20901114e+000	3.30611140e+003	0.00000000e+000	1.3892e+015	1.0000e-010	0.0000e+000
1.740000e+003	1.91319472e-001	-3.20868053e+000	3.27998958e+003	0.00000000e+000	1.3716e+015	1.0000e-010	0.0000e+000
1.750000e+003	1.91647471e-001	-3.20835253e+000	3.25419709e+003	0.00000000e+000	1.3543e+015	1.0000e-010	0.0000e+000
1.760000e+003	1.91972891e-001	-3.20802711e+000	3.22872724e+003	0.00000000e+000	1.3373e+015	1.0000e-010	0.0000e+000
1.770000e+003	1.92295763e-001	-3.20770424e+000	3.20357351e+003	0.00000000e+000	1.3207e+015	1.0000e-010	0.0000e+000
1.780000e+003	1.92616121e-001	-3.20738388e+000	3.17872956e+003	0.00000000e+000	1.3045e+015	1.0000e-010	0.0000e+000
1.790000e+003	1.92933994e-001	-3.20706601e+000	3.15418921e+003	0.00000000e+000	1.2885e+015	1.0000e-010	0.0000e+000
1.800000e+003	1.93249413e-001	-3.20675059e+000	3.12994647e+003	0.00000000e+000	1.2729e+015	1.0000e-010	0.0000e+000
1.810000e+003	1.93562407e-001	-3.20643759e+000	3.10599546e+003	0.00000000e+000	1.2576e+015	1.0000e-010	0.0000e+000
1.820000e+003	1.93873007e-001	-3.20612699e+000	3.08233050e+003	0.00000000e+000	1.2426e+015	1.0000e-010	0.0000e+000
1.830000e+003	1.94181240e-001	-3.20581876e+000	3.05894601e+003	0.00000000e+000	1.2278e+015	1.0000e-010	0.0000e+000
1.840000e+003	1.94487134e-001	-3.20551287e+000	3.03583660e+003	0.00000000e+000	1.2134e+015	1.0000e-010	0.0000e+000
1.850000e+003	1.94790718e-001	-3.20520928e+000	3.01299697e+003	0.00000000e+000	1.1992e+015	1.0000e-010	0.0000e+000
1.860000e+003	1.95092018e-001	-3.20490798e+000	2.99042199e+003	0.00000000e+000	1.1853e+015	1.0000e-010	0.0000e+000
1.870000e+003	1.95391060e-001	-3.20460894e+000	2.96810664e+003	0.00000000e+000	1.1717e+015	1.0000e-010	0.0000e+000
1.880000e+003	1.95687871e-001	-3.20431213e+000	2.94604603e+003	0.00000000e+000	1.1583e+015	1.0000e-010	0.0000e+000
1.890000e+003	1.95982475e-001	-3.20401752e+000	2.92423539e+003	0.00000000e+000	1.1452e+015	1.0000e-010	0.0000e+000
1.900000e+003	1.96274899e-001	-3.20372510e+000	2.90267007e+003	0.00000000e+000	1.1323e+015	1.0000e-010	0.0000e+000
1.910000e+003	1.96565166e-001	-3.20343483e+000	2.88134554e+003	0.00000000e+000	1.1197e+015	1.0000e-010	0.0000e+000
1.920000e+003	1.96853300e-001	-3.20314670e+000	2.86025735e+003	0.00000000e+000	1.1073e+015	1.0000e-010	0.0000e+000
1.930000e+003	1.97139326e-001	-3.20286067e+000	2.83940120e+003	0.00000000e+000	1.0951e+015	1.0000e-010	0.0000e+000
1.940000e+003	1.97423266e-001	-3.20257673e+000	2.81877287e+003	0.00000000e+000	1.0831e+015	1.0000e-010	0.0000e+000
1.950000e+003	1.97705143e-001	-3.20229486e+000	2.79836824e+003	0.00000000e+000	1.0714e+015	1.0000e-010	0.0000e+000
1.960000e+003	1.97984980e-001	-3.20201502e+000	2.77818328e+003	0.00000000e+000	1.0598e+015	1.0000e-010	0.0000e+000
1.970000e+003	1.98262799e-001	-3.20173720e+000	2.75821409e+003	0.00000000e+000	1.0485e+015	1.0000e-010	0.0000e+000
1.980000e+003	1.98538620e-001	-3.20146138e+000	2.73845681e+003	0.00000000e+000	1.0374e+015	1.0000e-010	0.0000e+000
1.990000e+003	1.98812466e-001	-3.20118753e+000	2.71890772e+003	0.00000000e+000	1.0264e+015	1.0000e-010	0.0000e+000
2.000000e+003	1.99084357e-001	-3.20091564e+000	2.69956315e+003	0.00000000e+000	1.0157e+015	1.0000e-010	0.0000e+000
2.010000e+003	1.99354313e-001	-3.20064569e+000	2.68041954e+003	0.00000000e+000	1.0051e+015	1.0000e-010	0.0000e+000
2.020000e+003	1.99622355e-001	-3.20037765e+000	2.66147338e+003	0.00000000e+000	9.9478e+014	1.0000e-010	0.0000e+000
2.030000e+003	1.99888502e-001	-3.20011150e+000	2.64272128e+003	0.00000000e+000	9.8459e+014	1.0000e-010	0.0000e+000
2.040000e+003	2.00152774e-001	-3.19984723e+000	2.62415990e+003	0.00000000e+000	9.7457e+014	1.0000e-010	0.0000e+000
2.050000e+003	2.00415190e-001	-3.19958481e+000	2.60578597e+003	0.00000000e+000	9.6473e+014	1.0000e-010	0.0000e+000
2.060000e+003	2.00675769e-001	-3.19932423e+000	2.58759631e+003	0.00000000e+000	9.5505e+014	1.0000e-010	0.0000e+000
2.070000e+003	2.00934528e-001	-3.19906547e+000	2.56958781e+003	0.00000000e+000	9.4554e+014	1.0000e-010	0.0000e+000
2.080000e+003	2.01191487e-001	-3.19880851e+000	2.55175743e+003	0.00000000e+000	9.3619e+014	1.0000e-010	0.0000e+000
2.090000e+003	2.01446663e-001	-3.19855334e+000	2.53410217e+003	0.00000000e+000	9.2699e+014	1.0000e-010	0.0000e+000
2.100000e+003	2.01700073e-001	-3.19829993e+000	2.51661913e+003	0.00000000e+000	9.1795e+014	1.0000e-010	0.0000e+000
2.110000e+003	2.01951735e-001	-3.19804826e+000	2.49930546e+003	0.00000000e+000	9.0906e+014	1.0000e-010	0.0000e+000
2.120000e+003	2.02201666e-001	-3.19779833e+000	2.48215837e+003	0.00000000e+000	9.0031e+014	1.0000e-010	0.0000e+000
2.130000e+003	2.02449882e-001	-3.19755012e+000	2.46517512e+003	0.00000000e+000	8.9171e+014	1.0000e-010	0.0000e+000
2.140000e+003	2.02696399e-001	-3.19730360e+000	2.44835305e+003	0.00000000e+000	8.8324e+014	1.0000e-010	0.0000e+000
2.150000e+003	2.02941234e-001	-3.19705877e+000	2.43168955e+003	0.00000000e+000	8.7492e+014	1.0000e-010	0.0000e+000
2.160000e+003	2.03184403e-001	-3.19681560e+000	2.41518205e+003	0.00000000e+000	8.6673e+014	1.0000e-010	0.0000e+000
2.170000e+003	2.03425921e-001	-3.19657408e+000	2.39882805e+003	0.00000000e+000	8.5867e+014	1.0000e-010	0.0000e+000
2.180000e+003	2.03665804e-001	-3.19633420e+000	2.38262511e+003	0.00000000e+000	8.5074e+014	1.0000e-010	0.0000e+000
2.190000e+003	2.03904067e-001	-3.19609593e+000	2.36657080e+003	0.00000000e+000	8.4293e+014	1.0000e-010	0.0000e+000
2.200000e+003	2.04140724e-001	-3.19585928e+000	2.35066280e+003	0.00000000e+000	8.3525e+014	1.0000e-010	0.0000e+000
2.210000e+003	2.04375790e-001	-3.19562421e+000	2.33489878e+003	0.00000000e+000	8.2769e+014	1.0000e-010	0.0000e+000
2.220000e+003	2.04609280e-001	-3.19539072e+000	2.31927650e+003	0.00000000e+000	8.2025e+014	1.0000e-010	0.0000e+000
2.230000e+003	2.04841208e-001	-3.19515879e+000	2.30379375e+003	0.00000000e+000	8.1292e+014	1.0000e-010	0.0000e+000
2.240000e+003	2.05071587e-001	-3.19492841e+000	2.28844836e+003	0.00000000e+000	8.0571e+014	1.0000e-010	0.0000e+000
2.250000e+003	2.05300432e-001	-3.19469957e+000	2.27323821e+003	0.00000000e+000	7.9861e+014	1.0000e-010	0.0000e+000
2.260000e+003	2.05527756e-001	-3.19447224e+000	2.25816122e+003	0.00000000e+000	7.9161e+014	1.0000e-010	0.0000e+000
2.270000e+003	2.05753572e-001	-3.19424643e+000	2.24321535e+003	0.00000000e+000	7.8473e+014	1.0000e-010	0.0000e+000
2.280000e+003	2.05977893e-001	-3.19402211e+000	2.22839861e+003	0.00000000e+000	7.7795e+014	1.0000e-010	0.0000e+000
2.290000e+003	2.06200733e-001	-3.19379927e+000	2.21370904e+003	0.00000000e+000	7.7127e+014	1.0000e-010	0.0000e+000
2.300000e+003	2.06422104e-001	-3.19357790e+000	2.19914472e+003	0.00000000e+000	7.6470e+014	1.0000e-010	0.0000e+000
2.310000e+003	2.06642019e-001	-3.19335798e+000	2.18470377e+003	0.00000000e+000	7.5822e+014	1.0000e-010	0.0000e+000
2.320000e+003	2.06860489e-001	-3.19313951e+000	2.17038434e+003	0.00000000e+000	7.5184e+014	1.0000e-010	0.0000e+000
2.330000e+003	2.07077527e-001	-3.19292247e+000	2.15618462e+003	0.00000000e+000	7.4555e+014	1.0000e-010	0.0000e+000
2.340000e+003	2.07293146e-001	-3.19270685e+000	2.14210285e+003	0.00000000e+000	7.3936e+014	1.0000e-010	0.0000e+000
2.350000e+003	2.07507356e-001	-3.19249264e+000	2.12813727e+003	0.00000000e+000	7.3326e+014	1.0000e-010	0.0000e+000
2.360000e+003	2.07720170e-001	-3.19227983e+000	2.11428619e+003	0.00000000e+000	7.2724e+014	1.0000e-010	0.0000e+000
2.370000e+003	2.07931599e-001	-3.19206840e+000	2.10054793e+003	0.00000000e+000	7.2132e+014	1.0000e-010	0.0000e+000
2.380000e+003	2.08141653e-001	-3.19185835e+000	2.08692084e+003	0.00000000e+000	7.1548e+014	1.0000e-010	0.0000e+000
2.390000e+003	2.08350345e-001	-3.19164965e+000	2.07340331e+003	0.00000000e+000	7.0973e+014	1.0000e-010	0.0000e+000
2.400000e+003	2.08557686e-001	-3.19144231e+000	2.05999377e+003	0.00000000e+000	7.0406e+014	1.0000e-010	0.0000e+000
2.410000e+003	2.08763685e-001	-3.19123631e+000	2.04669065e+003	0.00000000e+000	6.9847e+014	1.0000e-010	0.0000e+000
2.420000e+003	2.08968354e-001	-3.19103165e+000	2.03349244e+003	0.00000000e+000	6.9296e+014	1.0000e-010	0.0000e+000
2.430000e+003	2.09171703e-001	-3.19082830e+000	2.02039763e+003	0.00000000e+000	6.8753e+014	1.0000e-010	0.0000e+000
2.440000e+003	2.09373743e-001	-3.19062626e+000	2.00740477e+003	0.00000000e+000	6.8218e+014	1.0000e-010	0.0000e+000
2.450000e+003	2.09574484e-001	-3.19042552e+000	1.99451240e+003	0.00000000e+000	6.7691e+014	1.0000e-010	0.0000e+000
2.460000e+003	2.09773935e-001	-3.19022607e+000	1.98171912e+003	0.00000000e+000	6.7170e+014	1.0000e-010	0.0000e+000
2.470000e+003	2.09972107e-001	-3.19002789e+000	1.96902354e+003	0.00000000e+000	6.6657e+014	1.0000e-010	0.0000e+000
2.480000e+003	2.10169009e-001	-3.18983099e+000	1.95642428e+003	0.00000000e+000	6.6151e+014	1.0000e-010	0.0000e+000
2.490000e+003	2.10364652e-001	-3.18963535e+000	1.94392001e+003	0.00000000e+000	6.5653e+014	1.0000e-010	0.0000e+000
2.500000e+003	2.10559044e-001	-3.18944096e+000	1.93150941e+003	0.00000000e+000	6.5161e+014	1.0000e-010	0.0000e+000
2.510000e+003	2.10752195e-001	-3.18924781e+000	1.91919119e+003	0.00000000e+000	6.4676e+014	1.0000e-010	0.0000e+000
2.520000e+003	2.10944114e-001	-3.18905589e+000	1.90696408e+003	0.00000000e+000	6.4197e+014	1.0000e-010	0.0000e+000
2.530000e+003	2.11134810e-001	-3.18886519e+000	1.89482683e+003	0.00000000e+000	6.3726e+014	1.0000e-010	0.0000e+000
2.540000e+003	2.11324293e-001	-3.18867571e+000	1.88277822e+003	0.00000000e+000	6.3260e+014	1.0000e-010	0.0000e+000
2.550000e+003	2.11512571e-001	-3.18848743e+000	1.87081703e+003	0.00000000e+000	6.2801e+014	1.0000e-010	0.0000e+000
2.560000e+003	2.11699652e-001	-3.18830035e+000	1.85894210e+003	0.00000000e+000	6.2348e+014	1.0000e-010	0.0000e+000
2.570000e+003	2.11885546e-001	-3.18811445e+000	1.84715224e+003	0.00000000e+000	6.1902e+014	1.0000e-010	0.0000e+000
2.580000e+003	2.12070262e-001	-3.18792974e+000	1.83544633e+003	0.00000000e+000	6.1461e+014	1.0000e-010	0.0000e+000
2.590000e+003	2.12253806e-001	-3.18774619e+000	1.82382323e+003	0.00000000e+000	6.1026e+014	1.0000e-010	0.0000e+000
2.600000e+003	2.12436189e-001	-3.18756381e+000	1.81228184e+003	0.00000000e+000	6.0597e+014	1.0000e-010	0.0000e+000
2.610000e+003	2.12617417e-001	-3.18738258e+000	1.80082108e+003	0.00000000e+000	6.0174e+014	1.0000e-010	0.0000e+000
2.620000e+003	2.12797499e-001	-3.18720250e+000	1.78943987e+003	0.00000000e+000	5.9756e+014	1.0000e-010	0.0000e+000
2.630000e+003	2.12976443e-001	-3.18702356e+000	1.77813717e+003	0.00000000e+000	5.9344e+014	1.0000e-010	0.0000e+000
2.640000e+003	2.13154257e-001	-3.18684574e+000	1.76691195e+003	0.00000000e+000	5.8937e+014	1.0000e-010	0.0000e+000
2.650000e+003	2.13330948e-001	-3.18666905e+000	1.75576318e+003	0.00000000e+000	5.8535e+014	1.0000e-010	0.0000e+000
2.660000e+003	2.13506524e-001	-3.18649348e+000	1.74468988e+003	0.00000000e+000	5.8139e+014	1.0000e-010	0.0000e+000
2.670000e+003	2.13680993e-001	-3.18631901e+000	1.73369106e+003	0.00000000e+000	5.7748e+014	1.0000e-010	0.0000e+000
2.680000e+003	2.13854362e-001	-3.18614564e+000	1.72276575e+003	0.00000000e+000	5.7362e+014	1.0000e-010	0.0000e+000
2.690000e+003	2.14026639e-001	-3.18597336e+000	1.71191300e+003	0.00000000e+000	5.6981e+014	1.0000e-010	0.0000e+000
2.700000e+003	2.14197830e-001	-3.18580217e+000	1.70113188e+003	0.00000000e+000	5.6605e+014	1.0000e-010	0.0000e+000
2.710000e+003	2.14367943e-001	-3.18563206e+000	1.69042148e+003	0.00000000e+000	5.6234e+014	1.0000e-010	0.0000e+000
2.720000e+003	2.14536985e-001	-3.18546301e+000	1.67978088e+003	0.00000000e+000	5.5867e+014	1.0000e-010	0.0000e+000
2.730000e+003	2.14704964e-001	-3.18529504e+000	1.66920919e+003	0.00000000e+000	5.5505e+014	1.0000e-010	0.0000e+000
2.740000e+003	2.14871884e-001	-3.18512812e+000	1.65870554e+003	0.00000000e+000	5.5148e+014	1.0000e-010	0.0000e+000
2.750000e+003	2.15037755e-001	-3.18496224e+000	1.64826907e+003	0.00000000e+000	5.4795e+014	1.0000e-010	0.0000e+000
2.760000e+003	2.15202582e-001	-3.18479742e+000	1.63789893e+003	0.00000000e+000	5.4447e+014	1.0000e-010	0.0000e+000
2.770000e+003	2.15366372e-001	-3.18463363e+000	1.62759428e+003	0.00000000e+000	5.4103e+014	1.0000e-010	0.0000e+000
2.780000e+003	2.15529131e-001	-3.18447087e+000	1.61735431e+003	0.00000000e+000	5.3764e+014	1.0000e-010	0.0000e+000
2.790000e+003	2.15690867e-001	-3.18430913e+000	1.60717820e+003	0.00000000e+000	5.3428e+014	1.0000e-010	0.0000e+000
2.800000e+003	2.15851585e-001	-3.18414842e+000	1.59706515e+003	0.00000000e+000	5.3097e+014	1.0000e-010	0.0000e+000
2.810000e+003	2.16011291e-001	-3.18398871e+000	1.58701439e+003	0.00000000e+000	5.2770e+014	1.0000e-010	0.0000e+000
2.820000e+003	2.16169992e-001	-3.18383001e+000	1.57702514e+003	0.00000000e+000	5.2447e+014	1.0000e-010	0.0000e+000
2.830000e+003	2.16327695e-001	-3.18367231e+000	1.56709664e+003	0.00000000e+000	5.2128e+014	1.0000e-010	0.0000e+000
2.840000e+003	2.16484405e-001	-3.18351560e+000	1.55722815e+003	0.00000000e+000	5.1813e+014	1.0000e-010	0.0000e+000
2.850000e+003	2.16640127e-001	-3.18335987e+000	1.54741892e+003	0.00000000e+000	5.1502e+014	1.0000e-010	0.0000e+000
2.860000e+003	2.16794869e-001	-3.18320513e+000	1.53766823e+003	0.00000000e+000	5.1195e+014	1.0000e-010	0.0000e+000
2.870000e+003	2.16948636e-001	-3.18305136e+000	1.52797536e+003	0.00000000e+000	5.0891e+014	1.0000e-010	0.0000e+000
2.880000e+003	2.17101434e-001	-3.18289857e+000	1.51833961e+003	0.00000000e+000	5.0591e+014	1.0000e-010	0.0000e+000
2.890000e+003	2.17253268e-001	-3.18274673e+000	1.50876029e+003	0.00000000e+000	5.0295e+014	1.0000e-010	0.0000e+000
2.900000e+003	2.17404144e-001	-3.18259586e+000	1.49923672e+003	0.00000000e+000	5.0002e+014	1.0000e-010	0.0000e+000
2.910000e+003	2.17554067e-001	-3.18244593e+000	1.48976821e+003	0.00000000e+000	4.9713e+014	1.0000e-010	0.0000e+000
2.920000e+003	2.17703044e-001	-3.18229696e+000	1.48035411e+003	0.00000000e+000	4.9427e+014	1.0000e-010	0.0000e+000
2.930000e+003	2.17851080e-001	-3.18214892e+000	1.47099377e+003	0.00000000e+000	4.9145e+014	1.0000e-010	0.0000e+000
2.940000e+003	2.17998179e-001	-3.18200182e+000	1.46168653e+003	0.00000000e+000	4.8866e+014	1.0000e-010	0.0000e+000
2.950000e+003	2.18144348e-001	-3.18185565e+000	1.45243177e+003	0.00000000e+000	4.8591e+014	1.0000e-010	0.0000e+000
2.960000e+003	2.18289591e-001	-3.18171041e+000	1.44322886e+003	0.00000000e+000	4.8318e+014	1.0000e-010	0.0000e+000
2.970000e+003	2.18433914e-001	-3.18156609e+000	1.43407719e+003	0.00000000e+000	4.8049e+014	1.0000e-010	0.0000e+000
2.980000e+003	2.18577321e-001	-3.18142268e+000	1.42497614e+003	0.00000000e+000	4.7784e+014	1.0000e-010	0.0000e+000
2.990000e+003	2.18719819e-001	-3.18128018e+000	1.41592512e+003	0.00000000e+000	4.7521e+014	1.0000e-010	0.0000e+000
3.000000e+003	2.18861412e-001	-3.18113859e+000	1.40692353e+003	0.00000000e+000	4.7261e+014	1.0000e-010	0.0000e+000
3.010000e+003	2.19002104e-001	-3.18099790e+000	1.39797080e+003	0.00000000e+000	4.7005e+014	1.0000e-010	0.0000e+000
3.020000e+003	2.19141901e-001	-3.18085810e+000	1.38906635e+003	0.00000000e+000	4.6751e+014	1.0000e-010	0.0000e+000
3.030000e+003	2.19280808e-001	-3.18071919e+000	1.38020962e+003	0.00000000e+000	4.6501e+014	1.0000e-010	0.0000e+000
3.040000e+003	2.19418829e-001	-3.18058117e+000	1.37140005e+003	0.00000000e+000	4.6253e+014	1.0000e-010	0.0000e+000
3.050000e+003	2.19555969e-001	-3.18044403e+000	1.36263709e+003	0.00000000e+000	4.6008e+014	1.0000e-010	0.0000e+000
3.060000e+003	2.19692232e-001	-3.18030777e+000	1.35392019e+003	0.00000000e+000	4.5767e+014	1.0000e-010	0.0000e+000
3.070000e+003	2.19827624e-001	-3.18017238e+000	1.34524883e+003	0.00000000e+000	4.5528e+014	1.0000e-010	0.0000e+000
3.080000e+003	2.19962149e-001	-3.18003785e+000	1.33662247e+003	0.00000000e+000	4.5291e+014	1.0000e-010	0.0000e+000
3.090000e+003	2.20095811e-001	-3.17990419e+000	1.32804060e+003	0.00000000e+000	4.5058e+014	1.0000e-010	0.0000e+000
3.100000e+003	2.20228615e-001	-3.17977138e+000	1.31950270e+003	0.00000000e+000	4.4827e+014	1.0000e-010	0.0000e+000
3.110000e+003	2.20360566e-001	-3.17963943e+000	1.31100827e+003	0.00000000e+000	4.4599e+014	1.0000e-010	0.0000e+000
3.120000e+003	2.20491667e-001	-3.17950833e+000	1.30255681e+003	0.00000000e+000	4.4373e+014	1.0000e-010	0.0000e+000
3.130000e+003	2.20621922e-001	-3.17937808e+000	1.29414782e+003	0.00000000e+000	4.4150e+014	1.0000e-010	0.0000e+000
3.140000e+003	2.20751337e-001	-3.17924866e+000	1.28578082e+003	0.00000000e+000	4.3929e+014	1.0000e-010	0.0000e+000
3.150000e+003	2.20879915e-001	-3.17912008e+000	1.27745533e+003	0.00000000e+000	4.3711e+014	1.0000e-010	0.0000e+000
3.160000e+003	2.21007661e-001	-3.17899234e+000	1.26917089e+003	0.00000000e+000	4.3496e+014	1.0000e-010	0.0000e+000
3.170000e+003	2.21134578e-001	-3.17886542e+000	1.26092701e+003	0.00000000e+000	4.3283e+014	1.0000e-010	0.0000e+000
3.180000e+003	2.21260670e-001	-3.17873933e+000	1.25272324e+003	0.00000000e+000	4.3072e+014	1.0000e-010	0.0000e+000
3.190000e+003	2.21385943e-001	-3.17861406e+000	1.24455914e+003	0.00000000e+000	4.2864e+014	1.0000e-010	0.0000e+000
3.200000e+003	2.21510399e-001	-3.17848960e+000	1.23643424e+003	0.00000000e+000	4.2658e+014	1.0000e-010	0.0000e+000
3.210000e+003	2.21634042e-001	-3.17836596e+000	1.22834811e+003	0.00000000e+000	4.2455e+014	1.0000e-010	0.0000e+000
3.220000e+003	2.21756877e-001	-3.17824312e+000	1.22030030e+003	0.00000000e+000	4.2253e+014	1.0000e-010	0.0000e+000
3.230000e+003	2.21878907e-001	-3.17812109e+000	1.21229040e+003	0.00000000e+000	4.2054e+014	1.0000e-010	0.0000e+000
3.240000e+003	2.22000136e-001	-3.17799986e+000	1.20431797e+003	0.00000000e+000	4.1858e+014	1.0000e-010	0.0000e+000
3.250000e+003	2.22120568e-001	-3.17787943e+000	1.19638259e+003	0.00000000e+000	4.1663e+014	1.0000e-010	0.0000e+000
3.260000e+003	2.22240206e-001	-3.17775979e+000	1.18848385e+003	0.00000000e+000	4.1471e+014	1.0000e-010	0.0000e+000
3.270000e+003	2.22359054e-001	-3.17764095e+000	1.18062134e+003	0.00000000e+000	4.1281e+014	1.0000e-010	0.0000e+000
3.280000e+003	2.22477117e-001	-3.17752288e+000	1.17279466e+003	0.00000000e+000	4.1092e+014	1.0000e-010	0.0000e+000
3.290000e+003	2.22594396e-001	-3.17740560e+000	1.16500340e+003	0.00000000e+000	4.0906e+014	1.0000e-010	0.0000e+000
3.300000e+003	2.22710896e-001	-3.17728910e+000	1.15724717e+003	0.00000000e+000	4.0723e+014	1.0000e-010	0.0000e+000
3.310000e+003	2.22826621e-001	-3.17717338e+000	1.14952559e+003	0.00000000e+000	4.0541e+014	1.0000e-010	0.0000e+000
3.320000e+003	2.22941574e-001	-3.17705843e+000	1.14183827e+003	0.00000000e+000	4.0361e+014	1.0000e-010	0.0000e+000
3.330000e+003	2.23055757e-001	-3.17694424e+000	1.13418482e+003	0.00000000e+000	4.0183e+014	1.0000e-010	0.0000e+000
3.340000e+003	2.23169176e-001	-3.17683082e+000	1.12656488e+003	0.00000000e+000	4.0007e+014	1.0000e-010	0.0000e+000
3.350000e+003	2.23281832e-001	-3.17671817e+000	1.11897807e+003	0.00000000e+000	3.9833e+014	1.0000e-010	0.0000e+000
3.360000e+003	2.23393730e-001	-3.17660627e+000	1.11142402e+003	0.00000000e+000	3.9661e+014	1.0000e-010	0.0000e+000
3.370000e+003	2.23504873e-001	-3.17649513e+000	1.10390239e+003	0.00000000e+000	3.9491e+014	1.0000e-010	0.0000e+000
3.380000e+003	2.23615263e-001	-3.17638474e+000	1.09641280e+003	0.00000000e+000	3.9323e+014	1.0000e-010	0.0000e+000
3.390000e+003	2.23724904e-001	-3.17627510e+000	1.08895491e+003	0.00000000e+000	3.9156e+014	1.0000e-010	0.0000e+000
3.400000e+003	2.23833800e-001	-3.17616620e+000	1.08152837e+003	0.00000000e+000	3.8992e+014	1.0000e-010	0.0000e+000
3.410000e+003	2.23941953e-001	-3.17605805e+000	1.07413284e+003	0.00000000e+000	3.8829e+014	1.0000e-010	0.0000e+000
3.420000e+003	2.24049366e-001	-3.17595063e+000	1.06676797e+003	0.00000000e+000	3.8668e+014	1.0000e-010	0.0000e+000
3.430000e+003	2.24156043e-001	-3.17584396e+000	1.05943342e+003	0.00000000e+000	3.8508e+014	1.0000e-010	0.0000e+000
3.440000e+003	2.24261986e-001	-3.17573801e+000	1.05212888e+003	0.00000000e+000	3.8351e+014	1.0000e-010	0.0000e+000
3.450000e+003	2.24367199e-001	-3.17563280e+000	1.04485400e+003	0.00000000e+000	3.8195e+014	1.0000e-010	0.0000e+000
3.460000e+003	2.24471684e-001	-3.17552832e+000	1.03760846e+003	0.00000000e+000	3.8041e+014	1.0000e-010	0.0000e+000
3.470000e+003	2.24575445e-001	-3.17542455e+000	1.03039195e+003	0.00000000e+000	3.7889e+014	1.0000e-010	0.0000e+000
3.480000e+003	2.24678484e-001	-3.17532152e+000	1.02320414e+003	0.00000000e+000	3.7738e+014	1.0000e-010	0.0000e+000
3.490000e+003	2.24780805e-001	-3.17521920e+000	1.01604472e+003	0.00000000e+000	3.7589e+014	1.0000e-010	0.0000e+000
3.500000e+003	2.24882409e-001	-3.17511759e+000	1.00891339e+003	0.00000000e+000	3.7442e+014	1.0000e-010	0.0000e+000
3.510000e+003	2.24983300e-001	-3.17501670e+000	1.00180984e+003	0.00000000e+000	3.7296e+014	1.0000e-010	0.0000e+000
3.520000e+003	2.25083481e-001	-3.17491652e+000	9.94733755e+002	0.00000000e+000	3.7151e+014	1.0000e-010	0.0000e+000
3.530000e+003	2.25182955e-001	-3.17481705e+000	9.87684849e+002	0.00000000e+000	3.7009e+014	1.0000e-010	0.0000e+000
3.540000e+003	2.25281723e-001	-3.17471828e+000	9.80662822e+002	0.00000000e+000	3.6868e+014	1.0000e-010	0.0000e+000
3.550000e+003	2.25379790e-001	-3.17462021e+000	9.73667382e+002	0.00000000e+000	3.6728e+014	1.0000e-010	0.0000e+000
3.560000e+003	2.25477156e-001	-3.17452284e+000	9.66698240e+002	0.00000000e+000	3.6590e+014	1.0000e-010	0.0000e+000
3.570000e+003	2.25573826e-001	-3.17442617e+000	9.59755109e+002	0.00000000e+000	3.6453e+014	1.0000e-010	0.0000e+000
3.580000e+003	2.25669802e-001	-3.17433020e+000	9.52837706e+002	0.00000000e+000	3.6318e+014	1.0000e-010	0.0000e+000
3.590000e+003	2.25765085e-001	-3.17423491e+000	9.45945753e+002	0.00000000e+000	3.6185e+014	1.0000e-010	0.0000e+000
3.600000e+003	2.25859680e-001	-3.17414032e+000	9.39078971e+002	0.00000000e+000	3.6053e+014	1.0000e-010	0.0000e+000
3.610000e+003	2.25953588e-001	-3.17404641e+000	9.32237088e+002	0.00000000e+000	3.5922e+014	1.0000e-010	0.0000e+000
3.620000e+003	2.26046812e-001	-3.17395319e+000	9.25419833e+002	0.00000000e+000	3.5792e+014	1.0000e-010	0.0000e+000
3.630000e+003	2.26139354e-001	-3.17386065e+000	9.18626938e+002	0.00000000e+000	3.5665e+014	1.0000e-010	0.0000e+000
3.640000e+003	2.26231216e-001	-3.17376878e+000	9.11858137e+002	0.00000000e+000	3.5538e+014	1.0000e-010	0.0000e+000
3.650000e+003	2.26322402e-001	-3.17367760e+000	9.05113170e+002	0.00000000e+000	3.5413e+014	1.0000e-010	0.0000e+000
3.660000e+003	2.26412913e-001	-3.17358709e+000	8.98391777e+002	0.00000000e+000	3.5289e+014	1.0000e-010	0.0000e+000
3.670000e+003	2.26502753e-001	-3.17349725e+000	8.91693701e+002	0.00000000e+000	3.5167e+014	1.0000e-010	0.0000e+000
3.680000e+003	2.26591922e-001	-3.17340808e+000	8.85018688e+002	0.00000000e+000	3.5046e+014	1.0000e-010	0.0000e+000
3.690000e+003	2.26680424e-001	-3.17331958e+000	8.78366488e+002	0.00000000e+000	3.4926e+014	1.0000e-010	0.0000e+000
3.700000e+003	2.26768261e-001	-3.17323174e+000	8.71736851e+002	0.00000000e+000	3.4807e+014	1.0000e-010	0.0000e+000
3.710000e+003	2.26855434e-001	-3.17314457e+000	8.65129531e+002	0.00000000e+000	3.4690e+014	1.0000e-010	0.0000e+000
3.720000e+003	2.26941947e-001	-3.17305805e+000	8.58544287e+002	0.00000000e+000	3.4574e+014	1.0000e-010	0.0000e+000
3.730000e+003	2.27027802e-001	-3.17297220e+000	8.51980875e+002	0.00000000e+000	3.4460e+014	1.0000e-010	0.0000e+000
3.740000e+003	2.27113000e-001	-3.17288700e+000	8.45439058e+002	0.00000000e+000	3.4346e+014	1.0000e-010	0.0000e+000
3.750000e+003	2.27197544e-001	-3.17280246e+000	8.38918600e+002	0.00000000e+000	3.4234e+014	1.0000e-010	0.0000e+000
3.760000e+003	2.27281435e-001	-3.17271856e+000	8.32419267e+002	0.00000000e+000	3.4123e+014	1.0000e-010	0.0000e+000
3.770000e+003	2.27364677e-001	-3.17263532e+000	8.25940828e+002	0.00000000e+000	3.4014e+014	1.0000e-010	0.0000e+000
3.780000e+003	2.27447271e-001	-3.17255273e+000	8.19483054e+002	0.00000000e+000	3.3905e+014	1.0000e-010	0.0000e+000
3.790000e+003	2.27529220e-001	-3.17247078e+000	8.13045718e+002	0.00000000e+000	3.3798e+014	1.0000e-010	0.0000e+000
3.800000e+003	2.27610524e-001	-3.17238948e+000	8.06628595e+002	0.00000000e+000	3.3692e+014	1.0000e-010	0.0000e+000
3.810000e+003	2.27691187e-001	-3.17230881e+000	8.00231464e+002	0.00000000e+000	3.3587e+014	1.0000e-010	0.0000e+000
3.820000e+003	2.27771210e-001	-3.17222879e+000	7.93854104e+002	0.00000000e+000	3.3483e+014	1.0000e-010	0.0000e+000
3.830000e+003	2.27850596e-001	-3.17214940e+000	7.87496298e+002	0.00000000e+000	3.3380e+014	1.0000e-010	0.0000e+000
3.840000e+003	2.27929345e-001	-3.17207065e+000	7.81157829e+002	0.00000000e+000	3.3279e+014	1.0000e-010	0.0000e+000
3.850000e+003	2.28007461e-001	-3.17199254e+000	7.74838484e+002	0.00000000e+000	3.3178e+014	1.0000e-010	0.0000e+000
3.860000e+003	2.28084945e-001	-3.17191506e+000	7.68538051e+002	0.00000000e+000	3.3079e+014	1.0000e-010	0.0000e+000
3.870000e+003	2.28161799e-001	-3.17183820e+000	7.62256320e+002	0.00000000e+000	3.2981e+014	1.0000e-010	0.0000e+000
3.880000e+003	2.28238024e-001	-3.17176198e+000	7.55993084e+002	0.00000000e+000	3.2884e+014	1.0000e-010	0.0000e+000
3.890000e+003	2.28313624e-001	-3.17168638e+000	7.49748137e+002	0.00000000e+000	3.2788e+014	1.0000e-010	0.0000e+000
3.900000e+003	2.28388599e-001	-3.17161140e+000	7.43521274e+002	0.00000000e+000	3.2693e+014	1.0000e-010	0.0000e+000
3.910000e+003	2.28462951e-001	-3.17153705e+000	7.37312295e+002	0.00000000e+000	3.2599e+014	1.0000e-010	0.0000e+000
3.920000e+003	2.28536682e-001	-3.17146332e+000	7.31121000e+002	0.00000000e+000	3.2506e+014	1.0000e-010	0.0000e+000
3.930000e+003	2.28609794e-001	-3.17139021e+000	7.24947189e+002	0.00000000e+000	3.2414e+014	1.0000e-010	0.0000e+000
3.940000e+003	2.28682289e-001	-3.17131771e+000	7.18790666e+002	0.00000000e+000	3.2323e+014	1.0000e-010	0.0000e+000
3.950000e+003	2.28754168e-001	-3.17124583e+000	7.12651237e+002	0.00000000e+000	3.2234e+014	1.0000e-010	0.0000e+000
3.960000e+003	2.28825433e-001	-3.17117457e+000	7.06528710e+002	0.00000000e+000	3.2145e+014	1.0000e-010	0.0000e+000
3.970000e+003	2.28896086e-001	-3.17110391e+000	7.00422892e+002	0.00000000e+000	3.2057e+014	1.0000e-010	0.0000e+000
3.980000e+003	2.28966128e-001	-3.17103387e+000	6.94333595e+002	0.00000000e+000	3.1970e+014	1.0000e-010	0.0000e+000
3.990000e+003	2.29035561e-001	-3.17096444e+000	6.88260630e+002	0.00000000e+000	3.1885e+014	1.0000e-010	0.0000e+000
4.000000e+003	2.29104387e-001	-3.17089561e+000	6.82203812e+002	0.00000000e+000	3.1800e+014	1.0000e-010	0.0000e+000
4.010000e+003	2.29172608e-001	-3.17082739e+000	6.76162956e+002	0.00000000e+000	3.1716e+014	1.0000e-010	0.0000e+000
4.020000e+003	2.29240224e-001	-3.17075978e+000	6.70137880e+002	0.00000000e+000	3.1633e+014	1.0000e-010	0.0000e+000
4.030000e+003	2.29307238e-001	-3.17069276e+000	6.64128401e+002	0.00000000e+000	3.1551e+014	1.0000e-010	0.0000e+000
4.040000e+003	2.29373651e-001	-3.17062635e+000	6.58134341e+002	0.00000000e+000	3.1470e+014	1.0000e-010	0.0000e+000
4.050000e+003	2.29439464e-001	-3.17056054e+000	6.52155521e+002	0.00000000e+000	3.1390e+014	1.0000e-010	0.0000e+000
4.060000e+003	2.29504680e-001	-3.17049532e+000	6.46191765e+002	0.00000000e+000	3.1311e+014	1.0000e-010	0.0000e+000
4.070000e+003	2.29569299e-001	-3.17043070e+000	6.40242897e+002	0.00000000e+000	3.1233e+014	1.0000e-010	0.0000e+000
4.080000e+003	2.29633323e-001	-3.17036668e+000	6.34308743e+002	0.00000000e+000	3.1156e+014	1.0000e-010	0.0000e+000
4.090000e+003	2.29696754e-001	-3.17030325e+000	6.28389132e+002	0.00000000e+000	3.1079e+014	1.0000e-010	0.0000e+000
4.100000e+003	2.29759593e-001	-3.17024041e+000	6.22483892e+002	0.00000000e+000	3.1004e+014	1.0000e-010	0.0000e+000
4.110000e+003	2.29821841e-001	-3.17017816e+000	6.16592854e+002	0.00000000e+000	3.0929e+014	1.0000e-010	0.0000e+000
4.120000e+003	2.29883501e-001	-3.17011650e+000	6.10715850e+002	0.00000000e+000	3.0856e+014	1.0000e-010	0.0000e+000
4.130000e+003	2.29944572e-001	-3.17005543e+000	6.04852713e+002	0.00000000e+000	3.0783e+014	1.0000e-010	0.0000e+000
4.140000e+003	2.30005058e-001	-3.16999494e+000	5.99003278e+002	0.00000000e+000	3.0711e+014	1.0000e-010	0.0000e+000
4.150000e+003	2.30064958e-001	-3.16993504e+000	5.93167380e+002	0.00000000e+000	3.0640e+014	1.0000e-010	0.0000e+000
4.160000e+003	2.30124275e-001	-3.16987573e+000	5.87344858e+002	0.00000000e+000	3.0570e+014	1.0000e-010	0.0000e+000
4.170000e+003	2.30183009e-001	-3.16981699e+000	5.81535549e+002	0.00000000e+000	3.0500e+014	1.0000e-010	0.0000e+000
4.180000e+003	2.30241163e-001	-3.16975884e+000	5.75739293e+002	0.00000000e+000	3.0432e+014	1.0000e-010	0.0000e+000
4.190000e+003	2.30298737e-001	-3.16970126e+000	5.69955932e+002	0.00000000e+000	3.0364e+014	1.0000e-010	0.0000e+000
4.200000e+003	2.30355732e-001	-3.16964427e+000	5.64185307e+002	0.00000000e+000	3.0297e+014	1.0000e-010	0.0000e+000
4.210000e+003	2.30412151e-001	-3.16958785e+000	5.58427262e+002	0.00000000e+000	3.0231e+014	1.0000e-010	0.0000e+000
4.220000e+003	2.30467993e-001	-3.16953201e+000	5.52681642e+002	0.00000000e+000	3.0166e+014	1.0000e-010	0.0000e+000
4.230000e+003	2.30523262e-001	-3.16947674e+000	5.46948291e+002	0.00000000e+000	3.0101e+014	1.0000e-010	0.0000e+000
4.240000e+003	2.30577956e-001	-3.16942204e+000	5.41227058e+002	0.00000000e+000	3.0038e+014	1.0000e-010	0.0000e+000
4.250000e+003	2.30632079e-001	-3.16936792e+000	5.35517790e+002	0.00000000e+000	2.9975e+014	1.0000e-010	0.0000e+000
4.260000e+003	2.30685631e-001	-3.16931437e+000	5.29820337e+002	0.00000000e+000	2.9913e+014	1.0000e-010	0.0000e+000
4.270000e+003	2.30738613e-001	-3.16926139e+000	5.24134548e+002	0.00000000e+000	2.9852e+014	1.0000e-010	0.0000e+000
4.280000e+003	2.30791026e-001	-3.16920897e+000	5.18460275e+002	0.00000000e+000	2.9791e+014	1.0000e-010	0.0000e+000
4.290000e+003	2.30842872e-001	-3.16915713e+000	5.12797370e+002	0.00000000e+000	2.9732e+014	1.0000e-010	0.0000e+000
4.300000e+003	2.30894152e-001	-3.16910585e+000	5.07145687e+002	0.00000000e+000	2.9673e+014	1.0000e-010	0.0000e+000
4.310000e+003	2.30944867e-001	-3.16905513e+000	5.01505081e+002	0.00000000e+000	2.9615e+014	1.0000e-010	0.0000e+000
4.320000e+003	2.30995017e-001	-3.16900498e+000	4.95875406e+002	0.00000000e+000	2.9557e+014	1.0000e-010	0.0000e+000
4.330000e+003	2.31044605e-001	-3.16895540e+000	4.90256519e+002	0.00000000e+000	2.9500e+014	1.0000e-010	0.0000e+000
4.340000e+003	2.31093630e-001	-3.16890637e+000	4.84648277e+002	0.00000000e+000	2.9445e+014	1.0000e-010	0.0000e+000
4.350000e+003	2.31142095e-001	-3.16885790e+000	4.79050540e+002	0.00000000e+000	2.9389e+014	1.0000e-010	0.0000e+000
4.360000e+003	2.31190000e-001	-3.16881000e+000	4.73463166e+002	0.00000000e+000	2.9335e+014	1.0000e-010	0.0000e+000
4.370000e+003	2.31237347e-001	-3.16876265e+000	4.67886015e+002	0.00000000e+000	2.9281e+014	1.0000e-010	0.0000e+000
4.380000e+003	2.31284135e-001	-3.16871586e+000	4.62318949e+002	0.00000000e+000	2.9228e+014	1.0000e-010	0.0000e+000
4.390000e+003	2.31330367e-001	-3.16866963e+000	4.56761830e+002	0.00000000e+000	2.9176e+014	1.0000e-010	0.0000e+000
4.400000e+003	2.31376043e-001	-3.16862396e+000	4.51214521e+002	0.00000000e+000	2.9125e+014	1.0000e-010	0.0000e+000
4.410000e+003	2.31421165e-001	-3.16857884e+000	4.45676886e+002	0.00000000e+000	2.9074e+014	1.0000e-010	0.0000e+000
4.420000e+003	2.31465732e-001	-3.16853427e+000	4.40148789e+002	0.00000000e+000	2.9024e+014	1.0000e-010	0.0000e+000
4.430000e+003	2.31509747e-001	-3.16849025e+000	4.34630096e+002	0.00000000e+000	2.8974e+014	1.0000e-010	0.0000e+000
4.440000e+003	2.31553210e-001	-3.16844679e+000	4.29120673e+002	0.00000000e+000	2.8926e+014	1.0000e-010	0.0000e+000
4.450000e+003	2.31596122e-001	-3.16840388e+000	4.23620388e+002	0.00000000e+000	2.8878e+014	1.0000e-010	0.0000e+000
4.460000e+003	2.31638484e-001	-3.16836152e+000	4.18129108e+002	0.00000000e+000	2.8830e+014	1.0000e-010	0.0000e+000
4.470000e+003	2.31680297e-001	-3.16831970e+000	4.12646703e+002	0.00000000e+000	2.8784e+014	1.0000e-010	0.0000e+000
4.480000e+003	2.31721562e-001	-3.16827844e+000	4.07173042e+002	0.00000000e+000	2.8738e+014	1.0000e-010	0.0000e+000
4.490000e+003	2.31762279e-001	-3.16823772e+000	4.01707995e+002	0.00000000e+000	2.8693e+014	1.0000e-010	0.0000e+000
4.500000e+003	2.31802450e-001	-3.16819755e+000	3.96251434e+002	0.00000000e+000	2.8648e+014	1.0000e-010	0.0000e+000
4.510000e+003	2.31842075e-001	-3.16815792e+000	3.90803230e+002	0.00000000e+000	2.8604e+014	1.0000e-010	0.0000e+000
4.520000e+003	2.31881156e-001	-3.16811884e+000	3.85363255e+002	0.00000000e+000	2.8561e+014	1.0000e-010	0.0000e+000
4.530000e+003	2.31919692e-001	-3.16808031e+000	3.79931384e+002	0.00000000e+000	2.8519e+014	1.0000e-010	0.0000e+000
4.540000e+003	2.31957685e-001	-3.16804231e+000	3.74507490e+002	0.00000000e+000	2.8477e+014	1.0000e-010	0.0000e+000
4.550000e+003	2.31995136e-001	-3.16800486e+000	3.69091447e+002	0.00000000e+000	2.8435e+014	1.0000e-010	0.0000e+000
4.560000e+003	2.32032045e-001	-3.16796796e+000	3.63683132e+002	0.00000000e+000	2.8395e+014	1.0000e-010	0.0000e+000
4.570000e+003	2.32068413e-001	-3.16793159e+000	3.58282419e+002	0.00000000e+000	2.8355e+014	1.0000e-010	0.0000e+000
4.580000e+003	2.32104242e-001	-3.16789576e+000	3.52889186e+002	0.00000000e+000	2.8316e+014	1.0000e-010	0.0000e+000
4.590000e+003	2.32139530e-001	-3.16786047e+000	3.47503310e+002	0.00000000e+000	2.8277e+014	1.0000e-010	0.0000e+000
4.600000e+003	2.32174281e-001	-3.16782572e+000	3.42124669e+002	0.00000000e+000	2.8239e+014	1.0000e-010	0.0000e+000
4.610000e+003	2.32208493e-001	-3.16779151e+000	3.36753142e+002	0.00000000e+000	2.8202e+014	1.0000e-010	0.0000e+000
4.620000e+003	2.32242169e-001	-3.16775783e+000	3.31388606e+002	0.00000000e+000	2.8165e+014	1.0000e-010	0.0000e+000
4.630000e+003	2.32275307e-001	-3.16772469e+000	3.26030943e+002	0.00000000e+000	2.8129e+014	1.0000e-010	0.0000e+000
4.640000e+003	2.32307911e-001	-3.16769209e+000	3.20680033e+002	0.00000000e+000	2.8093e+014	1.0000e-010	0.0000e+000
4.650000e+003	2.32339979e-001	-3.16766002e+000	3.15335756e+002	0.00000000e+000	2.8059e+014	1.0000e-010	0.0000e+000
4.660000e+003	2.32371512e-001	-3.16762849e+000	3.09997994e+002	0.00000000e+000	2.8024e+014	1.0000e-010	0.0000e+000
4.670000e+003	2.32402512e-001	-3.16759749e+000	3.04666628e+002	0.00000000e+000	2.7991e+014	1.0000e-010	0.0000e+000
4.680000e+003	2.32432979e-001	-3.16756702e+000	2.99341542e+002	0.00000000e+000	2.7958e+014	1.0000e-010	0.0000e+000
4.690000e+003	2.32462913e-001	-3.16753709e+000	2.94022619e+002	0.00000000e+000	2.7926e+014	1.0000e-010	0.0000e+000
4.700000e+003	2.32492315e-001	-3.16750769e+000	2.88709741e+002	0.00000000e+000	2.7894e+014	1.0000e-010	0.0000e+000
4.710000e+003	2.32521186e-001	-3.16747881e+000	2.83402793e+002	0.00000000e+000	2.7863e+014	1.0000e-010	0.0000e+000
4.720000e+003	2.32549526e-001	-3.16745047e+000	2.78101660e+002	0.00000000e+000	2.7832e+014	1.0000e-010	0.0000e+000
4.730000e+003	2.32577336e-001	-3.16742266e+000	2.72806226e+002	0.00000000e+000	2.7802e+014	1.0000e-010	0.0000e+000
4.740000e+003	2.32604617e-001	-3.16739538e+000	2.67516378e+002	0.00000000e+000	2.7773e+014	1.0000e-010	0.0000e+000
4.750000e+003	2.32631369e-001	-3.16736863e+000	2.62232000e+002	0.00000000e+000	2.7744e+014	1.0000e-010	0.0000e+000
4.760000e+003	2.32657592e-001	-3.16734241e+000	2.56952981e+002	0.00000000e+000	2.7716e+014	1.0000e-010	0.0000e+000
4.770000e+003	2.32683287e-001	-3.16731671e+000	2.51679205e+002	0.00000000e+000	2.7688e+014	1.0000e-010	0.0000e+000
4.780000e+003	2.32708455e-001	-3.16729154e+000	2.46410562e+002	0.00000000e+000	2.7662e+014	1.0000e-010	0.0000e+000
4.790000e+003	2.32733096e-001	-3.16726690e+000	2.41146937e+002	0.00000000e+000	2.7635e+014	1.0000e-010	0.0000e+000
4.800000e+003	2.32757211e-001	-3.16724279e+000	2.35888221e+002	0.00000000e+000	2.7609e+014	1.0000e-010	0.0000e+000
4.810000e+003	2.32780800e-001	-3.16721920e+000	2.30634300e+002	0.00000000e+000	2.7584e+014	1.0000e-010	0.0000e+000
4.820000e+003	2.32803863e-001	-3.16719614e+000	2.25385065e+002	0.00000000e+000	2.7560e+014	1.0000e-010	0.0000e+000
4.830000e+003	2.32826402e-001	-3.16717360e+000	2.20140404e+002	0.00000000e+000	2.7536e+014	1.0000e-010	0.0000e+000
4.840000e+003	2.32848416e-001	-3.16715158e+000	2.14900207e+002	0.00000000e+000	2.7512e+014	1.0000e-010	0.0000e+000
4.850000e+003	2.32869906e-001	-3.16713009e+000	2.09664365e+002	0.00000000e+000	2.7489e+014	1.0000e-010	0.0000e+000
4.860000e+003	2.32890872e-001	-3.16710913e+000	2.04432767e+002	0.00000000e+000	2.7467e+014	1.0000e-010	0.0000e+000
4.870000e+003	2.32911315e-001	-3.16708868e+000	1.99205304e+002	0.00000000e+000	2.7445e+014	1.0000e-010	0.0000e+000
4.880000e+003	2.32931236e-001	-3.16706876e+000	1.93981869e+002	0.00000000e+000	2.7424e+014	1.0000e-010	0.0000e+000
4.890000e+003	2.32950634e-001	-3.16704937e+000	1.88762351e+002	0.00000000e+000	2.7404e+014	1.0000e-010	0.0000e+000
4.900000e+003	2.32969510e-001	-3.16703049e+000	1.83546642e+002	0.00000000e+000	2.7384e+014	1.0000e-010	0.0000e+000
4.910000e+003	2.32987865e-001	-3.16701214e+000	1.78334636e+002	0.00000000e+000	2.7364e+014	1.0000e-010	0.0000e+000
4.920000e+003	2.33005698e-001	-3.16699430e+000	1.73126223e+002	0.00000000e+000	2.7345e+014	1.0000e-010	0.0000e+000
4.930000e+003	2.33023011e-001	-3.16697699e+000	1.67921298e+002	0.00000000e+000	2.7327e+014	1.0000e-010	0.0000e+000
4.940000e+003	2.33039803e-001	-3.16696020e+000	1.62719752e+002	0.00000000e+000	2.7309e+014	1.0000e-010	0.0000e+000
4.950000e+003	2.33056075e-001	-3.16694392e+000	1.57521479e+002	0.00000000e+000	2.7292e+014	1.0000e-010	0.0000e+000
4.960000e+003	2.33071827e-001	-3.16692817e+000	1.52326373e+002	0.00000000e+000	2.7275e+014	1.0000e-010	0.0000e+000
4.970000e+003	2.33087060e-001	-3.16691294e+000	1.47134327e+002	0.00000000e+000	2.7259e+014	1.0000e-010	0.0000e+000
4.980000e+003	2.33101773e-001	-3.16689823e+000	1.41945235e+002	0.00000000e+000	2.7244e+014	1.0000e-010	0.0000e+000
4.990000e+003	2.33115968e-001	-3.16688403e+000	1.36758991e+002	0.00000000e+000	2.7229e+014	1.0000e-010	0.0000e+000
5.000000e+003	2.33129644e-001	-3.16687036e+000	1.31575491e+002	0.00000000e+000	2.7215e+014	1.0000e-010	0.0000e+000
5.010000e+003	2.33142801e-001	-3.16685720e+000	1.26394627e+002	0.00000000e+000	2.7201e+014	1.0000e-010	0.0000e+000
5.020000e+003	2.33155441e-001	-3.16684456e+000	1.21216297e+002	0.00000000e+000	2.7187e+014	1.0000e-010	0.0000e+000
5.030000e+003	2.33167562e-001	-3.16683244e+000	1.16040393e+002	0.00000000e+000	2.7175e+014	1.0000e-010	0.0000e+000
5.040000e+003	2.33179166e-001	-3.16682083e+000	1.10866813e+002	0.00000000e+000	2.7162e+014	1.0000e-010	0.0000e+000
5.050000e+003	2.33190253e-001	-3.16680975e+000	1.05695450e+002	0.00000000e+000	2.7151e+014	1.0000e-010	0.0000e+000
5.060000e+003	2.33200823e-001	-3.16679918e+000	1.00526202e+002	0.00000000e+000	2.7140e+014	1.0000e-010	0.0000e+000
5.070000e+003	2.33210875e-001	-3.16678912e+000	9.53589628e+001	0.00000000e+000	2.7129e+014	1.0000e-010	0.0000e+000
5.080000e+003	2.33220411e-001	-3.16677959e+000	9.01936296e+001	0.00000000e+000	2.7119e+014	1.0000e-010	0.0000e+000
5.090000e+003	2.33229431e-001	-3.16677057e+000	8.50300982e+001	0.00000000e+000	2.7110e+014	1.0000e-010	0.0000e+000
5.100000e+003	2.33237934e-001	-3.16676207e+000	7.98682649e+001	0.00000000e+000	2.7101e+014	1.0000e-010	0.0000e+000
5.110000e+003	2.33245920e-001	-3.16675408e+000	7.47080260e+001	0.00000000e+000	2.7092e+014	1.0000e-010	0.0000e+000
5.120000e+003	2.33253391e-001	-3.16674661e+000	6.95492782e+001	0.00000000e+000	2.7085e+014	1.0000e-010	0.0000e+000
5.130000e+003	2.33260346e-001	-3.16673965e+000	6.43919180e+001	0.00000000e+000	2.7077e+014	1.0000e-010	0.0000e+000
5.140000e+003	2.33266785e-001	-3.16673321e+000	5.92358423e+001	0.00000000e+000	2.7071e+014	1.0000e-010	0.0000e+000
5.150000e+003	2.33272709e-001	-3.16672729e+000	5.40809478e+001	0.00000000e+000	2.7064e+014	1.0000e-010	0.0000e+000
5.160000e+003	2.33278117e-001	-3.16672188e+000	4.89271317e+001	0.00000000e+000	2.7059e+014	1.0000e-010	0.0000e+000
5.170000e+003	2.33283010e-001	-3.16671699e+000	4.37742908e+001	0.00000000e+000	2.7054e+014	1.0000e-010	0.0000e+000
5.180000e+003	2.33287387e-001	-3.16671261e+000	3.86223224e+001	0.00000000e+000	2.7049e+014	1.0000e-010	0.0000e+000
5.190000e+003	2.33291249e-001	-3.16670875e+000	3.34711236e+001	0.00000000e+000	2.7045e+014	1.0000e-010	0.0000e+000
5.200000e+003	2.33294597e-001	-3.16670540e+000	2.83205917e+001	0.00000000e+000	2.7041e+014	1.0000e-010	0.0000e+000
5.210000e+003	2.33297429e-001	-3.16670257e+000	2.31706240e+001	0.00000000e+000	2.7038e+014	1.0000e-010	0.0000e+000
5.220000e+003	2.33299746e-001	-3.16670025e+000	1.80211178e+001	0.00000000e+000	2.7036e+014	1.0000e-010	0.0000e+000
5.230000e+003	2.33301548e-001	-3.16669845e+000	1.28719707e+001	0.00000000e+000	2.7034e+014	1.0000e-010	0.0000e+000
5.240000e+003	2.33302835e-001	-3.16669717e+000	7.72307985e+000	0.00000000e+000	2.7033e+014	1.0000e-010	0.0000e+000
5.250000e+003	2.33303607e-001	-3.16669639e+000	2.57434286e+000	0.00000000e+000	2.7032e+014	1.0000e-010	0.0000e+000
5.260000e+003	2.33303865e-001	-3.16669614e+000	2.57434286e+000	0.00000000e+000	2.7032e+014	1.0000e-010	0.0000e+000
