Y (ang)	el Psi 1	el Psi 2	el Psi 3	el Psi 4	el Psi 5	el Psi 6	el Psi 7	el Psi 8	el Psi 9	el Psi 10	el Psi 11	el Psi 12	el Psi 13	el Psi 14	el Psi 15
2.000000e+001	1.2340e-007	-3.6163e-007	7.5820e-007	1.3030e-006	4.5730e-007	-5.3611e-007	8.0945e-007	-1.1474e-006	1.3893e-006	-1.5218e-006	1.6355e-006	-1.7790e-006	1.9609e-006	-2.1999e-006	2.5859e-006
3.000000e+001	7.2848e-007	-2.0968e-006	4.3163e-006	7.3415e-006	2.5255e-006	-2.9099e-006	4.3387e-006	-6.0903e-006	7.3139e-006	-7.9523e-006	8.4889e-006	-9.1772e-006	1.0059e-005	-1.1228e-005	1.3132e-005
4.000000e+001	4.7352e-006	-1.3402e-005	2.7120e-005	4.5685e-005	1.5424e-005	-1.7488e-005	2.5770e-005	-3.5845e-005	4.2717e-005	-4.6125e-005	4.8927e-005	-5.2593e-005	5.7349e-005	-6.3705e-005	7.4162e-005
5.000000e+001	2.9087e-005	-8.0880e-005	1.6073e-004	2.6801e-004	8.8717e-005	-9.8884e-005	1.4392e-004	-1.9826e-004	2.3435e-004	-2.5120e-004	2.6468e-004	-2.8280e-004	3.0668e-004	-3.3894e-004	3.9263e-004
6.000000e+001	1.6345e-004	-4.4574e-004	8.6839e-004	1.4318e-003	4.6375e-004	-5.0724e-004	7.2815e-004	-9.9246e-004	1.1626e-003	-1.2360e-003	1.2927e-003	-1.3719e-003	1.4787e-003	-1.6251e-003	1.8721e-003
7.000000e+001	4.5982e-004	-1.2055e-003	2.2539e-003	3.6294e-003	1.1218e-003	-1.1772e-003	1.6385e-003	-2.1795e-003	2.5002e-003	-2.6080e-003	2.6803e-003	-2.7991e-003	2.9727e-003	-3.2225e-003	3.6625e-003
8.000000e+001	1.2610e-003	-3.1619e-003	5.6392e-003	8.8343e-003	2.5841e-003	-2.5796e-003	3.4572e-003	-4.4613e-003	4.9849e-003	-5.0750e-003	5.0988e-003	-5.2142e-003	5.4310e-003	-5.7809e-003	6.4517e-003
9.000000e+001	3.4962e-003	-8.3813e-003	1.4250e-002	2.1707e-002	6.0007e-003	-5.6887e-003	7.3288e-003	-9.1601e-003	9.9528e-003	-9.8725e-003	9.6795e-003	-9.6751e-003	9.8649e-003	-1.0291e-002	1.1254e-002
1.000000e+002	9.6082e-003	-2.2012e-002	3.5659e-002	5.2806e-002	1.3785e-002	-1.2400e-002	1.5344e-002	-1.8561e-002	1.9596e-002	-1.8924e-002	1.8090e-002	-1.7658e-002	1.7607e-002	-1.7982e-002	1.9250e-002
1.100000e+002	2.5443e-002	-5.5601e-002	8.5641e-002	1.2312e-001	3.0268e-002	-2.5762e-002	3.0548e-002	-3.5692e-002	3.6547e-002	-3.4294e-002	3.1905e-002	-3.0356e-002	2.9548e-002	-2.9491e-002	3.0841e-002
1.200000e+002	3.4669e-002	-6.8895e-002	9.5338e-002	1.2831e-001	2.7358e-002	-2.0180e-002	2.1217e-002	-2.2298e-002	2.0648e-002	-1.7505e-002	1.4679e-002	-1.2558e-002	1.0959e-002	-9.7565e-003	8.9729e-003
1.300000e+002	4.1854e-002	-7.0883e-002	7.9340e-002	9.1394e-002	1.2416e-002	-3.8120e-003	-8.9381e-004	5.6869e-003	-9.6615e-003	1.2183e-002	-1.3880e-002	1.5333e-002	-1.6751e-002	1.8354e-002	-2.0828e-002
1.400000e+002	5.2953e-002	-7.2040e-002	5.4051e-002	3.8421e-002	-6.0946e-003	1.4012e-002	-2.2602e-002	3.0817e-002	-3.4700e-002	3.4750e-002	-3.3838e-002	3.3237e-002	-3.3072e-002	3.3504e-002	-3.5390e-002
1.500000e+002	7.4621e-002	-7.9994e-002	2.8164e-002	-1.7228e-002	-2.3500e-002	2.7969e-002	-3.6539e-002	4.3748e-002	-4.4489e-002	4.0693e-002	-3.6417e-002	3.3017e-002	-3.0414e-002	2.8550e-002	-2.7815e-002
1.600000e+002	1.1574e-001	-1.0038e-001	3.6852e-003	-7.2728e-002	-3.8079e-002	3.5913e-002	-4.0143e-002	4.2030e-002	-3.7443e-002	2.9653e-002	-2.2517e-002	1.6810e-002	-1.2159e-002	8.2066e-003	-4.5379e-003
1.700000e+002	1.2089e-001	-7.9010e-002	-2.2715e-002	-8.6050e-002	-2.6320e-002	1.5619e-002	-9.4596e-003	2.2247e-003	5.1662e-003	-1.0705e-002	1.4439e-002	-1.7142e-002	1.9279e-002	-2.1249e-002	2.3893e-002
1.800000e+002	1.0990e-001	-3.8774e-002	-4.1297e-002	-6.4712e-002	-1.0201e-003	-1.4190e-002	2.7628e-002	-3.9202e-002	4.3784e-002	-4.2375e-002	3.9169e-002	-3.6036e-002	3.3230e-002	-3.0875e-002	2.9418e-002
1.900000e+002	9.8581e-002	5.6596e-003	-5.1055e-002	-2.5755e-002	2.4672e-002	-3.7207e-002	4.9618e-002	-5.7166e-002	5.4288e-002	-4.5187e-002	3.5846e-002	-2.7979e-002	2.1379e-002	-1.5718e-002	1.0580e-002
2.000000e+002	9.5989e-002	4.9999e-002	-5.4580e-002	1.7856e-002	4.3150e-002	-4.5823e-002	4.9039e-002	-4.6152e-002	3.4907e-002	-2.1364e-002	1.0133e-002	-1.5591e-003	-5.1153e-003	1.0616e-002	-1.6051e-002
2.100000e+002	1.0742e-001	9.6380e-002	-5.4582e-002	5.9267e-002	5.1494e-002	-3.9341e-002	2.8974e-002	-1.4397e-002	-1.6829e-003	1.3823e-002	-2.1326e-002	2.5794e-002	-2.8400e-002	3.0012e-002	-3.1783e-002
2.200000e+002	9.1312e-002	1.0791e-001	-2.9094e-002	6.9528e-002	2.7022e-002	-4.0625e-003	-1.4263e-002	2.9621e-002	-3.6766e-002	3.6094e-002	-3.2109e-002	2.7322e-002	-2.2438e-002	1.7715e-002	-1.3142e-002
2.300000e+002	6.7542e-002	9.9028e-002	4.9632e-003	5.5235e-002	-1.0012e-002	3.3489e-002	-4.8553e-002	5.3515e-002	-4.5267e-002	3.0865e-002	-1.7298e-002	6.2054e-003	2.7622e-003	-1.0234e-002	1.7446e-002
2.400000e+002	4.6842e-002	8.4225e-002	3.8201e-002	2.8580e-002	-4.3687e-002	5.6635e-002	-5.8664e-002	4.7974e-002	-2.6898e-002	6.1123e-003	9.0633e-003	-1.9251e-002	2.5951e-002	-3.0465e-002	3.4432e-002
2.500000e+002	3.2669e-002	7.2293e-002	6.8715e-002	-1.7866e-003	-6.6807e-002	6.0738e-002	-4.5071e-002	2.0551e-002	4.9126e-003	-2.1933e-002	3.0224e-002	-3.3051e-002	3.2684e-002	-3.0579e-002	2.7804e-002
2.600000e+002	2.5126e-002	6.7426e-002	9.8701e-002	-3.2035e-002	-7.8037e-002	4.8281e-002	-1.6132e-002	-1.4939e-002	3.4581e-002	-3.9559e-002	3.5963e-002	-2.8940e-002	2.0770e-002	-1.2447e-002	3.8773e-003
2.700000e+002	1.7949e-002	5.6446e-002	1.0934e-001	-5.4126e-002	-6.0678e-002	1.3566e-002	2.1338e-002	-4.1751e-002	4.2654e-002	-3.0941e-002	1.6580e-002	-3.6947e-003	-6.9055e-003	1.5457e-002	-2.3192e-002
2.800000e+002	1.2124e-002	4.3774e-002	1.0517e-001	-6.5718e-002	-2.4773e-002	-2.6580e-002	4.8819e-002	-4.6845e-002	2.6680e-002	-3.6754e-003	-1.3380e-002	2.4024e-002	-2.9760e-002	3.2164e-002	-3.2871e-002
2.900000e+002	7.8368e-003	3.2048e-002	9.2194e-002	-6.7952e-002	1.7428e-002	-5.7455e-002	5.5962e-002	-2.9984e-002	-2.9607e-003	2.5616e-002	-3.5494e-002	3.6895e-002	-3.3371e-002	2.7231e-002	-1.9596e-002
3.000000e+002	4.8876e-003	2.2421e-002	7.5539e-002	-6.3494e-002	5.5966e-002	-7.0816e-002	4.2250e-002	-3.8933e-004	-3.1215e-002	4.1915e-002	-3.8356e-002	2.8585e-002	-1.6869e-002	5.1720e-003	6.5025e-003
3.100000e+002	2.9587e-003	1.5115e-002	5.8740e-002	-5.5195e-002	8.4866e-002	-6.5279e-002	1.4398e-002	2.9356e-002	-4.6037e-002	3.8545e-002	-2.1870e-002	4.9491e-003	9.1591e-003	-1.9943e-002	2.8592e-002
3.200000e+002	1.7460e-003	9.8775e-003	4.3788e-002	-4.5396e-002	1.0198e-001	-4.4498e-002	-1.7793e-002	4.8727e-002	-4.2582e-002	1.8372e-002	4.9195e-003	-2.1175e-002	3.0320e-002	-3.3938e-002	3.4011e-002
3.300000e+002	1.0078e-003	6.2846e-003	3.1514e-002	-3.5713e-002	1.0797e-001	-1.4648e-002	-4.5151e-002	5.2325e-002	-2.3488e-002	-9.2634e-003	2.9537e-002	-3.7281e-002	3.6270e-002	-3.0018e-002	2.0610e-002
3.400000e+002	5.7045e-004	3.9065e-003	2.2009e-002	-2.7076e-002	1.0505e-001	1.7796e-002	-6.1452e-002	4.0387e-002	3.6036e-003	-3.3384e-002	4.1908e-002	-3.6749e-002	2.4995e-002	-1.1056e-002	-3.6447e-003
3.500000e+002	3.1733e-004	2.3788e-003	1.4976e-002	-1.9894e-002	9.6048e-002	4.7523e-002	-6.4203e-002	1.7441e-002	2.9556e-002	-4.5651e-002	3.7925e-002	-2.0710e-002	2.4586e-003	1.3177e-002	-2.6069e-002
3.600000e+002	1.7378e-004	1.4222e-003	9.9591e-003	-1.4223e-002	8.3617e-002	7.1056e-002	-5.4233e-002	-9.8692e-003	4.6826e-002	-4.2729e-002	1.9988e-002	3.6042e-003	-2.1131e-002	3.1423e-002	-3.5983e-002
3.700000e+002	9.3825e-005	8.3623e-004	6.4887e-003	-9.9284e-003	6.9931e-002	8.6798e-002	-3.4636e-002	-3.4914e-002	5.1306e-002	-2.6473e-002	-4.8885e-003	2.6553e-002	-3.6108e-002	3.6040e-002	-2.9374e-002
3.800000e+002	5.0001e-005	4.8434e-004	4.1506e-003	-6.7840e-003	5.6538e-002	9.4686e-002	-9.5564e-003	-5.2614e-002	4.2757e-002	-2.4642e-003	-2.8162e-002	3.9949e-002	-3.7064e-002	2.5717e-002	-9.8398e-003
3.900000e+002	2.6329e-005	2.7667e-004	2.6110e-003	-4.5473e-003	4.4393e-002	9.5703e-002	1.6865e-002	-6.0189e-002	2.4116e-002	2.2223e-002	-4.2701e-002	3.9689e-002	-2.4290e-002	5.1944e-003	1.3848e-002
4.000000e+002	1.3712e-005	1.5605e-004	1.6176e-003	-2.9954e-003	3.3976e-002	9.1384e-002	4.1202e-002	-5.7192e-002	1.8881e-004	4.1172e-002	-4.4714e-002	2.6529e-002	-2.9260e-003	-1.7301e-002	3.1923e-002
4.100000e+002	7.0676e-006	8.6981e-005	9.8818e-004	-1.9419e-003	2.5418e-002	8.3415e-002	6.1099e-002	-4.5055e-002	-2.3777e-002	5.0145e-002	-3.4319e-002	5.1665e-003	1.9426e-002	-3.3499e-002	3.7565e-002
4.200000e+002	3.6081e-006	4.7955e-005	5.9589e-004	-1.2407e-003	1.8630e-002	7.3361e-002	7.5324e-002	-2.6391e-002	-4.3262e-002	4.7714e-002	-1.4912e-002	-1.7717e-002	3.5506e-002	-3.8004e-002	2.9137e-002
4.300000e+002	1.8254e-006	2.6170e-005	3.5502e-004	-7.8200e-004	1.3405e-002	6.2511e-002	8.3623e-002	-4.2763e-003	-5.5206e-002	3.5110e-002	8.1994e-003	-3.5637e-002	4.0625e-002	-2.9781e-002	1.0209e-002
4.400000e+002	9.1577e-007	1.4145e-005	2.0915e-004	-4.8674e-004	9.4825e-003	5.1825e-002	8.6469e-002	1.8339e-002	-5.8270e-002	1.5491e-002	2.9384e-002	-4.4055e-002	3.3750e-002	-1.1986e-002	-1.2261e-002
4.500000e+002	4.5576e-007	7.5766e-006	1.2193e-004	-2.9943e-004	6.6044e-003	4.1938e-002	8.4784e-002	3.9040e-002	-5.2708e-002	-7.0244e-003	4.4041e-002	-4.1290e-002	1.7342e-002	9.5089e-003	-3.0634e-002
4.600000e+002	2.2512e-007	4.0240e-006	7.0378e-005	-1.8219e-004	4.5340e-003	3.3211e-002	7.9693e-002	5.6139e-002	-3.9988e-002	-2.8312e-002	4.9453e-002	-2.8548e-002	-3.7519e-003	2.8185e-002	-3.9147e-002
4.700000e+002	1.1040e-007	2.1200e-006	4.0246e-005	-1.0972e-004	3.0714e-003	2.5792e-002	7.2334e-002	6.8719e-002	-2.2305e-002	-4.4984e-002	4.5062e-002	-9.2432e-003	-2.3876e-002	3.8837e-002	-3.5517e-002
4.800000e+002	5.3777e-008	1.1084e-006	2.2813e-005	-6.5434e-005	2.0547e-003	1.9676e-002	6.3726e-002	7.6535e-002	-2.1035e-003	-5.4826e-002	3.2245e-002	1.2083e-002	-3.8095e-002	3.8868e-002	-2.1268e-002
4.900000e+002	2.6026e-008	5.7535e-007	1.2824e-005	-3.8668e-005	1.3586e-003	1.4768e-002	5.4704e-002	7.9871e-002	1.8312e-002	-5.6935e-002	1.3745e-002	3.0897e-002	-4.3304e-002	2.8687e-002	-8.9015e-004
5.000000e+002	1.2518e-008	2.9659e-007	7.1518e-006	-2.2652e-005	8.8856e-004	1.0918e-002	4.5893e-002	7.9358e-002	3.7048e-002	-5.1601e-002	-7.0359e-003	4.3606e-002	-3.8718e-002	1.1266e-002	1.9735e-002
5.100000e+002	5.9854e-009	1.5188e-007	3.9585e-006	-1.3161e-005	5.7513e-004	7.9595e-003	3.7717e-002	7.5811e-002	5.2752e-002	-4.0038e-002	-2.6719e-002	4.8134e-002	-2.5761e-002	-8.8852e-003	3.5074e-002
5.200000e+002	2.8458e-009	7.7292e-008	2.1753e-006	-7.5867e-006	3.6864e-004	5.7275e-003	3.0425e-002	7.0095e-002	6.4647e-002	-2.4024e-002	-4.2493e-002	4.4094e-002	-7.4817e-003	-2.6968e-002	4.1354e-002
5.300000e+002	1.3457e-009	3.9097e-008	1.1872e-006	-4.3407e-006	2.3410e-004	4.0714e-003	2.4128e-002	6.3022e-002	7.2475e-002	-5.5640e-003	-5.2444e-002	3.2614e-002	1.2274e-002	-3.9023e-002	3.7336e-002
5.400000e+002	6.3308e-010	1.9662e-008	6.4372e-007	-2.4658e-006	1.4736e-004	2.8611e-003	1.8836e-002	5.5297e-002	7.6392e-002	1.3413e-002	-5.5679e-002	1.5923e-002	2.9718e-002	-4.2706e-002	2.4357e-002
5.500000e+002	2.9634e-010	9.8337e-009	3.4683e-007	-1.3912e-006	9.1985e-005	1.9890e-003	1.4493e-002	4.7477e-002	7.6850e-002	3.1261e-002	-5.2265e-002	-3.1735e-003	4.1822e-002	-3.7597e-002	5.7427e-003
5.600000e+002	1.3805e-010	4.8920e-009	1.8574e-007	-7.7976e-007	5.6962e-005	1.3686e-003	1.1002e-002	3.9977e-002	7.4474e-002	4.6739e-002	-4.3052e-002	-2.1817e-002	4.6763e-002	-2.5064e-002	-1.4152e-002
5.700000e+002	6.4010e-011	2.4211e-009	9.8898e-008	-4.3432e-007	3.5005e-005	9.3265e-004	8.2471e-003	3.3070e-002	6.9959e-002	5.9055e-002	-2.9410e-002	-3.7526e-002	4.4076e-002	-7.7853e-003	-3.1007e-002
5.800000e+002	2.9548e-011	1.1924e-009	5.2364e-008	-2.4045e-007	2.1355e-005	6.2974e-004	6.1091e-003	2.6916e-002	6.3988e-002	6.7842e-002	-1.2978e-002	-4.8483e-002	3.4547e-002	1.0905e-002	-4.1447e-002
5.900000e+002	1.3581e-011	5.8441e-010	2.7577e-008	-1.3235e-007	1.2937e-005	4.2150e-004	4.4752e-003	2.1582e-002	5.7177e-002	7.3098e-002	4.5876e-003	-5.3673e-002	1.9922e-002	2.7701e-002	-4.3630e-002
6.000000e+002	6.2161e-012	2.8512e-010	1.4448e-008	-7.2437e-008	7.7844e-006	2.7977e-004	3.2439e-003	1.7067e-002	5.0041e-002	7.5094e-002	2.1787e-002	-5.2881e-002	2.5061e-003	3.9892e-002	-3.7448e-002
6.100000e+002	2.8337e-012	1.3848e-010	7.5314e-009	-3.9434e-008	4.6539e-006	1.8422e-004	2.3280e-003	1.3322e-002	4.2985e-002	7.4286e-002	3.7406e-002	-4.6578e-002	-1.5243e-002	4.5740e-002	-2.4357e-002
6.200000e+002	1.2867e-012	6.6971e-011	3.9071e-009	-2.1355e-008	2.7651e-006	1.2037e-004	1.6549e-003	1.0274e-002	3.6302e-002	7.1230e-002	5.0578e-002	-3.5751e-002	-3.1075e-002	4.4639e-002	-6.9452e-003
6.300000e+002	5.8206e-013	3.2253e-011	2.0174e-009	-1.1507e-008	1.6331e-006	7.8083e-005	1.1659e-003	7.8331e-003	3.0184e-002	6.6510e-002	6.0787e-002	-2.1697e-002	-4.3214e-002	3.7064e-002	1.1651e-002
6.400000e+002	2.6233e-013	1.5470e-011	1.0370e-009	-6.1699e-009	9.5892e-007	5.0294e-005	8.1433e-004	5.9083e-003	2.4738e-002	6.0682e-002	6.7846e-002	-5.8310e-003	-5.0508e-002	2.4362e-002	2.8339e-002
6.500000e+002	1.1781e-013	7.3909e-012	5.3067e-010	-3.2927e-009	5.5993e-007	3.2176e-005	5.6412e-004	4.4113e-003	2.0006e-002	5.4240e-002	7.1832e-002	1.0484e-002	-5.2469e-002	8.4499e-003	4.0570e-002
6.600000e+002	5.2722e-014	3.5176e-012	2.7042e-010	-1.7492e-009	3.2520e-007	2.0452e-005	3.8772e-004	3.2619e-003	1.5977e-002	4.7597e-002	7.3024e-002	2.6059e-002	-4.9226e-002	-8.5214e-003	4.6681e-002
6.700000e+002	2.3515e-014	1.6680e-012	1.3723e-010	-9.2513e-010	1.8788e-007	1.2918e-005	2.6448e-004	2.3899e-003	1.2612e-002	4.1075e-002	7.1832e-002	3.9957e-002	-4.1408e-002	-2.4477e-002	4.6041e-002
6.800000e+002	1.0454e-014	7.8808e-013	6.9362e-011	-4.8719e-010	1.0800e-007	8.1099e-006	1.7911e-004	1.7357e-003	9.8456e-003	3.4907e-002	6.8732e-002	5.1528e-002	-2.9994e-002	-3.7667e-002	3.9024e-002
6.900000e+002	4.6324e-015	3.7105e-013	3.4922e-011	-2.5549e-010	6.1781e-008	5.0617e-006	1.2045e-004	1.2501e-003	7.6064e-003	2.9248e-002	6.4217e-002	6.0404e-002	-1.6154e-002	-4.6823e-002	2.6834e-002
7.000000e+002	2.0464e-015	1.7410e-013	1.7516e-011	-1.3344e-010	3.5173e-008	3.1414e-006	8.0460e-005	8.9316e-004	5.8187e-003	2.4186e-002	5.8754e-002	6.6475e-002	-1.1014e-003	-5.1239e-002	1.1243e-002
7.100000e+002	9.0125e-016	8.1419e-014	8.7528e-012	-6.9418e-011	1.9933e-008	1.9390e-006	5.3401e-005	6.3325e-004	4.4096e-003	1.9757e-002	5.2759e-002	6.9837e-002	1.4027e-002	-5.0760e-002	-5.7083e-003
7.200000e+002	3.9575e-016	3.7953e-014	4.3582e-012	-3.5975e-011	1.1245e-008	1.1905e-006	3.5222e-005	4.4567e-004	3.3120e-003	1.5953e-002	4.6581e-002	7.0743e-002	2.8262e-002	-4.5715e-002	-2.2001e-002
7.300000e+002	1.7328e-016	1.7636e-014	2.1624e-012	-1.8574e-011	6.3168e-009	7.2715e-007	2.3091e-005	3.1144e-004	2.4664e-003	1.2743e-002	4.0497e-002	6.9549e-002	4.0849e-002	-3.6807e-002	-3.5873e-002
7.400000e+002	7.5654e-017	8.1697e-015	1.0693e-012	-9.5546e-012	3.5333e-009	4.4194e-007	1.5051e-005	2.1616e-004	1.8218e-003	1.0076e-002	3.4710e-002	6.6662e-002	5.1274e-002	-2.4988e-002	-4.5994e-002
7.500000e+002	3.2940e-017	3.7732e-015	5.2699e-013	-4.8976e-012	1.9682e-009	2.6730e-007	9.7548e-006	1.4904e-004	1.3352e-003	7.8893e-003	2.9360e-002	6.2503e-002	5.9254e-002	-1.1323e-002	-5.1545e-002
7.600000e+002	1.4304e-017	1.7376e-015	2.5888e-013	-2.5018e-012	1.0920e-009	1.6092e-007	6.2878e-006	1.0211e-004	9.7124e-004	6.1206e-003	2.4532e-002	5.7474e-002	6.4714e-002	3.1209e-003	-5.2239e-002
7.700000e+002	6.1950e-018	7.9785e-016	1.2677e-013	-1.2736e-012	6.0350e-010	9.6429e-008	4.0316e-006	6.9535e-005	7.0142e-004	4.7069e-003	2.0264e-002	5.1933e-002	6.7748e-002	1.7366e-002	-4.8277e-002
7.800000e+002	2.6761e-018	3.6533e-016	6.1885e-014	-6.4625e-013	3.3226e-010	5.7528e-008	2.5718e-006	4.7069e-005	5.0305e-004	3.5894e-003	1.6558e-002	4.6188e-002	6.8579e-002	3.0591e-002	-4.0249e-002
7.900000e+002	1.1531e-018	1.6682e-016	3.0119e-014	-3.2686e-013	1.8225e-010	3.4173e-008	1.6323e-006	3.1680e-005	3.5838e-004	2.7153e-003	1.3393e-002	4.0487e-002	6.7513e-002	4.2168e-002	-2.9029e-002
8.000000e+002	4.9566e-019	7.5974e-017	1.4615e-014	-1.6480e-013	9.9604e-011	2.0214e-008	1.0311e-006	2.1203e-005	2.5367e-004	2.0383e-003	1.0728e-002	3.5017e-002	6.4901e-002	5.1677e-002	-1.5644e-002
8.100000e+002	2.1254e-019	3.4509e-017	7.0717e-015	-8.2834e-014	5.4244e-011	1.1908e-008	6.4820e-007	1.4115e-005	1.7844e-004	1.5189e-003	8.5150e-003	2.9911e-002	6.1109e-002	5.8891e-002	-1.1654e-003
8.200000e+002	9.0923e-020	1.5634e-017	3.4120e-015	-4.1510e-014	2.9439e-011	6.9865e-009	4.0564e-007	9.3475e-006	1.2476e-004	1.1238e-003	6.6996e-003	2.5253e-002	5.6486e-002	6.3762e-002	1.3389e-002
8.300000e+002	3.8806e-020	7.0654e-018	1.6417e-015	-2.0741e-014	1.5924e-011	4.0832e-009	2.5271e-007	6.1588e-006	8.6728e-005	8.2578e-004	5.2274e-003	2.1089e-002	5.1351e-002	6.6386e-002	2.7130e-002
8.400000e+002	1.6525e-020	3.1851e-018	7.8774e-016	-1.0333e-014	8.5845e-012	2.3773e-009	1.5676e-007	4.0378e-006	5.9948e-005	6.0282e-004	4.0462e-003	1.7431e-002	4.5979e-002	6.6964e-002	3.9344e-002
8.500000e+002	7.0212e-021	1.4324e-018	3.7699e-016	-5.1336e-015	4.6131e-012	1.3790e-009	9.6826e-008	2.6346e-006	4.1211e-005	4.3725e-004	3.1080e-003	1.4267e-002	4.0596e-002	6.5773e-002	4.9515e-002
8.600000e+002	2.9767e-021	6.4265e-019	1.7995e-016	-2.5434e-015	2.4711e-012	7.9696e-010	5.9560e-008	1.7110e-006	2.8180e-005	3.1521e-004	2.3697e-003	1.1569e-002	3.5378e-002	6.3126e-002	5.7329e-002
8.700000e+002	1.2593e-021	2.8766e-019	8.5674e-017	-1.2567e-015	1.3196e-012	4.5897e-010	3.6489e-008	1.1061e-006	1.9170e-005	2.2588e-004	1.7940e-003	9.2978e-003	3.0454e-002	5.9349e-002	6.2656e-002
8.800000e+002	5.3165e-022	1.2846e-019	4.0688e-017	-6.1927e-016	7.0259e-013	2.6340e-010	2.2267e-008	7.1194e-007	1.2975e-005	1.6093e-004	1.3489e-003	7.4083e-003	2.5909e-002	5.4758e-002	6.5526e-002
8.900000e+002	2.2398e-022	5.7243e-020	1.9276e-017	-3.0438e-016	3.7296e-013	1.5065e-010	1.3536e-008	4.5624e-007	8.7394e-006	1.1401e-004	1.0073e-003	5.8533e-003	2.1792e-002	4.9639e-002	6.6095e-002
9.000000e+002	9.4173e-023	2.5451e-020	9.1102e-018	-1.4922e-016	1.9741e-013	8.5877e-011	8.1975e-009	2.9114e-007	5.8580e-006	8.0318e-005	7.4729e-004	4.5862e-003	1.8125e-002	4.4242e-002	6.4609e-002
9.100000e+002	3.9516e-023	1.1292e-020	4.2954e-018	-7.2973e-017	1.0419e-013	4.8794e-011	4.9461e-009	1.8500e-007	3.9079e-006	5.6268e-005	5.5066e-004	3.5630e-003	1.4903e-002	3.8773e-002	6.1372e-002
9.200000e+002	1.6549e-023	4.9991e-021	2.0206e-018	-3.5598e-017	5.4835e-014	2.7634e-011	2.9733e-009	1.1706e-007	2.5943e-006	3.9193e-005	4.0291e-004	2.7431e-003	1.2105e-002	3.3392e-002	5.6712e-002
9.300000e+002	6.9174e-024	2.2086e-021	9.4831e-019	-1.7323e-017	2.8780e-014	1.5600e-011	1.7806e-009	7.3749e-008	1.7133e-006	2.7128e-005	2.9247e-004	2.0903e-003	9.6991e-003	2.8218e-002	5.0955e-002
9.400000e+002	2.8859e-024	9.7372e-022	4.4404e-019	-8.4094e-018	1.5061e-014	8.7753e-012	1.0618e-009	4.6226e-008	1.1245e-006	1.8632e-005	2.1024e-004	1.5729e-003	7.6435e-003	2.3323e-002	4.4406e-002
9.500000e+002	1.2016e-024	4.2836e-022	2.0740e-019	-4.0711e-018	7.8552e-015	4.9148e-012	6.2972e-010	2.8774e-008	7.3170e-007	1.2659e-005	1.4907e-004	1.1632e-003	5.8927e-003	1.8749e-002	3.7335e-002
9.600000e+002	4.9911e-025	1.8791e-022	9.6537e-020	-1.9631e-018	4.0750e-015	2.7325e-012	3.6990e-010	1.7697e-008	4.6911e-007	8.4465e-006	1.0339e-004	8.3749e-004	4.3988e-003	1.4500e-002	2.9961e-002
9.700000e+002	2.0623e-025	8.1893e-023	4.4562e-020	-9.3754e-019	2.0867e-015	1.4932e-012	2.1264e-010	1.0606e-008	2.9173e-007	5.4389e-006	6.8821e-005	5.7526e-004	3.1125e-003	1.0556e-002	2.2453e-002
9.800000e+002	8.3337e-026	3.4763e-023	1.9933e-020	-4.3239e-019	1.0235e-015	7.7461e-013	1.1511e-010	5.9413e-009	1.6837e-007	3.2270e-006	4.1899e-005	3.5871e-004	1.9845e-003	6.8729e-003	1.4927e-002
9.900000e+002	2.9434e-026	1.2752e-023	7.6060e-021	-1.6876e-019	4.1768e-016	3.2882e-013	5.0312e-011	2.6573e-009	7.6803e-008	1.4986e-006	1.9781e-005	1.7192e-004	9.6436e-004	3.3829e-003	7.4403e-003
1.000000e+003	0.0000e+000	0.0000e+000	0.0000e+000	0.0000e+000	0.0000e+000	0.0000e+000	0.0000e+000	0.0000e+000	0.0000e+000	0.0000e+000	0.0000e+000	0.0000e+000	0.0000e+000	0.0000e+000	0.0000e+000
