Y (ang)	Ec (eV)	Ev (eV)	E (V/cm)	Ef (eV)	n (cm-3)	p (cm-3)	Nd - Na (cm-3)	el eval 1 (eV)	el eval 2 (eV)	el eval 3 (eV)	el eval 4 (eV)	el eval 5 (eV)	el eval 6 (eV)	el eval 7 (eV)	el eval 8 (eV)	el eval 9 (eV)	el eval 10 (eV)	el eval 11 (eV)	el eval 12 (eV)	el eval 13 (eV)
0.000000e+000	6.00000000e-001	-2.80000000e+000	1.73866687e+006	-0.00000000e+000	1.8691e+008	1.0000e-010	0.0000e+000
1.000000e+001	1.33386669e+000	-2.76613331e+000	-9.23400060e+005	0.00000000e+000	8.0015e-005	1.0000e-010	-1.3848e+020
2.000000e+001	1.24152668e+000	-2.85847332e+000	-9.23400060e+005	0.00000000e+000	3.0746e+003	1.0000e-010	0.0000e+000	-6.2868e-002	-2.7149e-002	4.0738e-002	7.1644e-002	9.1286e-002	1.0562e-001	1.1688e-001	1.2614e-001	1.2949e-001	1.3400e-001	1.4082e-001	1.4686e-001	1.5246e-001
3.000000e+001	1.14918667e+000	-2.95081333e+000	-9.23400060e+005	0.00000000e+000	1.8815e+005	1.0000e-010	0.0000e+000
4.000000e+001	1.05684667e+000	-3.04315333e+000	-9.23400060e+005	0.00000000e+000	1.2700e+007	1.0000e-010	0.0000e+000
5.000000e+001	9.64506663e-001	-3.13549334e+000	-9.23400060e+005	0.00000000e+000	7.6118e+008	1.0000e-010	0.0000e+000
6.000000e+001	8.72166657e-001	-3.22783334e+000	-9.23400061e+005	0.00000000e+000	4.0044e+010	1.0000e-010	0.0000e+000
7.000000e+001	7.79826651e-001	-3.32017335e+000	-9.23400097e+005	0.00000000e+000	1.8313e+012	1.0000e-010	0.0000e+000
8.000000e+001	6.87486641e-001	-3.41251336e+000	-9.23401505e+005	0.00000000e+000	7.1995e+013	1.0000e-010	0.0000e+000
9.000000e+001	5.95146490e-001	-3.50485351e+000	-9.23448484e+005	0.00000000e+000	2.4015e+015	1.0000e-010	0.0000e+000
1.000000e+002	5.02801642e-001	-3.59719836e+000	-9.24757377e+005	0.00000000e+000	6.6908e+016	1.0000e-010	0.0000e+000
1.100000e+002	4.10325904e-001	-3.68967410e+000	-9.54642276e+005	0.00000000e+000	1.5277e+018	1.0000e-010	0.0000e+000
1.200000e+002	-2.45138323e-001	-3.64513832e+000	1.17632641e+006	0.00000000e+000	2.7926e+019	1.0000e-010	1.3848e+020
1.300000e+002	-1.05105682e-001	-3.53310568e+000	7.28755551e+005	0.00000000e+000	1.8283e+019	1.0000e-010	-5.2547e+018
1.400000e+002	-9.83012690e-003	-3.46583013e+000	5.25340273e+005	0.00000000e+000	5.4185e+018	1.0000e-010	-5.2784e+018
1.500000e+002	6.51039004e-002	-3.41889610e+000	4.04328013e+005	0.00000000e+000	1.0599e+018	1.0000e-010	-5.3022e+018
1.600000e+002	1.27936702e-001	-3.38406330e+000	2.99712806e+005	0.00000000e+000	1.6566e+017	1.0000e-010	-5.3259e+018
1.700000e+002	1.80307982e-001	-3.35969202e+000	1.97157557e+005	0.00000000e+000	2.2805e+016	1.0000e-010	-5.3496e+018
1.800000e+002	2.22423738e-001	-3.34557626e+000	9.43090066e+004	0.00000000e+000	3.0546e+015	1.0000e-010	-5.3733e+018
1.900000e+002	2.54254639e-001	-3.34174536e+000	-9.16322310e+003	0.00000000e+000	4.7154e+014	1.0000e-010	-5.3970e+018
2.000000e+002	2.75738316e-001	-3.34826168e+000	-1.13303785e+005	0.00000000e+000	1.0953e+014	1.0000e-010	-5.4207e+018
2.100000e+002	2.86807938e-001	-3.36519206e+000	-2.18121895e+005	0.00000000e+000	1.1594e+014	1.0000e-010	-5.4445e+018
2.200000e+002	2.87395748e-001	-3.39260425e+000	-3.23632970e+005	0.00000000e+000	8.1082e+014	1.0000e-010	-5.4682e+018
2.300000e+002	2.77432451e-001	-3.43056755e+000	-4.29971261e+005	0.00000000e+000	8.3569e+015	1.0000e-010	-5.4919e+018
2.400000e+002	2.56835325e-001	-3.47916467e+000	-5.38518978e+005	0.00000000e+000	8.7411e+016	1.0000e-010	-5.5156e+018
2.500000e+002	2.25383427e-001	-3.53861657e+000	-6.62748936e+005	0.00000000e+000	8.6369e+017	1.0000e-010	-5.5393e+018
2.600000e+002	-1.32091466e-001	-3.53209147e+000	5.36233590e+005	0.00000000e+000	7.6896e+018	1.0000e-010	7.0161e+019
2.700000e+002	-7.84681072e-002	-3.47846811e+000	3.59840426e+005	0.00000000e+000	9.2594e+018	1.0000e-010	0.0000e+000
2.800000e+002	-4.24840646e-002	-3.44248406e+000	2.38646307e+005	0.00000000e+000	6.3615e+018	1.0000e-010	0.0000e+000
2.900000e+002	-1.86194338e-002	-3.41861943e+000	1.70091024e+005	0.00000000e+000	3.5982e+018	1.0000e-010	0.0000e+000
3.000000e+002	-1.61033147e-003	-3.40161033e+000	1.30770113e+005	0.00000000e+000	2.0636e+018	1.0000e-010	0.0000e+000
3.100000e+002	1.14666799e-002	-3.38853332e+000	1.05812419e+005	0.00000000e+000	1.3097e+018	1.0000e-010	0.0000e+000
3.200000e+002	2.20479218e-002	-3.37795208e+000	8.85142286e+004	0.00000000e+000	9.0765e+017	1.0000e-010	0.0000e+000
3.300000e+002	3.08993446e-002	-3.36910066e+000	7.58438962e+004	0.00000000e+000	6.6478e+017	1.0000e-010	0.0000e+000
3.400000e+002	3.84837342e-002	-3.36151627e+000	6.62320570e+004	0.00000000e+000	5.0429e+017	1.0000e-010	0.0000e+000
3.500000e+002	4.51069399e-002	-3.35489306e+000	5.87474290e+004	0.00000000e+000	3.9267e+017	1.0000e-010	0.0000e+000
3.600000e+002	5.09816828e-002	-3.34901832e+000	5.27703213e+004	0.00000000e+000	3.1357e+017	1.0000e-010	0.0000e+000
3.700000e+002	5.62587150e-002	-3.34374129e+000	4.78822959e+004	0.00000000e+000	2.5643e+017	1.0000e-010	0.0000e+000
3.800000e+002	6.10469446e-002	-3.33895306e+000	4.38137114e+004	0.00000000e+000	2.1344e+017	1.0000e-010	0.0000e+000
3.900000e+002	6.54283157e-002	-3.33457168e+000	4.03832273e+004	0.00000000e+000	1.7996e+017	1.0000e-010	0.0000e+000
4.000000e+002	6.94666384e-002	-3.33053336e+000	3.74526721e+004	0.00000000e+000	1.5373e+017	1.0000e-010	0.0000e+000
4.100000e+002	7.32119056e-002	-3.32678809e+000	3.49150695e+004	0.00000000e+000	1.3312e+017	1.0000e-010	0.0000e+000
4.200000e+002	7.67034126e-002	-3.32329659e+000	3.26947981e+004	0.00000000e+000	1.1647e+017	1.0000e-010	0.0000e+000
4.300000e+002	7.99728924e-002	-3.32002711e+000	3.07393917e+004	0.00000000e+000	1.0258e+017	1.0000e-010	0.0000e+000
4.400000e+002	8.30468316e-002	-3.31695317e+000	2.90067466e+004	0.00000000e+000	9.0890e+016	1.0000e-010	0.0000e+000
4.500000e+002	8.59475062e-002	-3.31405249e+000	2.74593687e+004	0.00000000e+000	8.1171e+016	1.0000e-010	0.0000e+000
4.600000e+002	8.86934431e-002	-3.31130656e+000	2.60663635e+004	0.00000000e+000	7.3073e+016	1.0000e-010	0.0000e+000
4.700000e+002	9.13000795e-002	-3.30869992e+000	2.48054589e+004	0.00000000e+000	6.6144e+016	1.0000e-010	0.0000e+000
4.800000e+002	9.37806253e-002	-3.30621937e+000	2.36606349e+004	0.00000000e+000	6.0054e+016	1.0000e-010	0.0000e+000
4.900000e+002	9.61466888e-002	-3.30385331e+000	2.26179640e+004	0.00000000e+000	5.4696e+016	1.0000e-010	0.0000e+000
5.000000e+002	9.84084852e-002	-3.30159151e+000	2.16637729e+004	0.00000000e+000	5.0054e+016	1.0000e-010	0.0000e+000
5.100000e+002	1.00574863e-001	-3.29942514e+000	2.07857306e+004	0.00000000e+000	4.6060e+016	1.0000e-010	0.0000e+000
5.200000e+002	1.02653436e-001	-3.29734656e+000	1.99743929e+004	0.00000000e+000	4.2561e+016	1.0000e-010	0.0000e+000
5.300000e+002	1.04650875e-001	-3.29534913e+000	1.92231194e+004	0.00000000e+000	3.9410e+016	1.0000e-010	0.0000e+000
5.400000e+002	1.06573187e-001	-3.29342681e+000	1.85265693e+004	0.00000000e+000	3.6540e+016	1.0000e-010	0.0000e+000
5.500000e+002	1.08425844e-001	-3.29157416e+000	1.78793449e+004	0.00000000e+000	3.3952e+016	1.0000e-010	0.0000e+000
5.600000e+002	1.10213778e-001	-3.28978622e+000	1.72758204e+004	0.00000000e+000	3.1660e+016	1.0000e-010	0.0000e+000
5.700000e+002	1.11941360e-001	-3.28805864e+000	1.67108825e+004	0.00000000e+000	2.9636e+016	1.0000e-010	0.0000e+000
5.800000e+002	1.13612449e-001	-3.28638755e+000	1.61806112e+004	0.00000000e+000	2.7817e+016	1.0000e-010	0.0000e+000
5.900000e+002	1.15230510e-001	-3.28476949e+000	1.56822614e+004	0.00000000e+000	2.6143e+016	1.0000e-010	0.0000e+000
6.000000e+002	1.16798736e-001	-3.28320126e+000	1.52136575e+004	0.00000000e+000	2.4583e+016	1.0000e-010	0.0000e+000
6.100000e+002	1.18320102e-001	-3.28167990e+000	1.47725646e+004	0.00000000e+000	2.3140e+016	1.0000e-010	0.0000e+000
6.200000e+002	1.19797358e-001	-3.28020264e+000	1.43564799e+004	0.00000000e+000	2.1828e+016	1.0000e-010	0.0000e+000
6.300000e+002	1.21233006e-001	-3.27876699e+000	1.39628702e+004	0.00000000e+000	2.0649e+016	1.0000e-010	0.0000e+000
6.400000e+002	1.22629293e-001	-3.27737071e+000	1.35895605e+004	0.00000000e+000	1.9584e+016	1.0000e-010	0.0000e+000
6.500000e+002	1.23988249e-001	-3.27601175e+000	1.32349462e+004	0.00000000e+000	1.8603e+016	1.0000e-010	0.0000e+000
6.600000e+002	1.25311744e-001	-3.27468826e+000	1.28979080e+004	0.00000000e+000	1.7681e+016	1.0000e-010	0.0000e+000
6.700000e+002	1.26601534e-001	-3.27339847e+000	1.25775312e+004	0.00000000e+000	1.6808e+016	1.0000e-010	0.0000e+000
6.800000e+002	1.27859288e-001	-3.27214071e+000	1.22728342e+004	0.00000000e+000	1.5985e+016	1.0000e-010	0.0000e+000
6.900000e+002	1.29086571e-001	-3.27091343e+000	1.19826599e+004	0.00000000e+000	1.5223e+016	1.0000e-010	0.0000e+000
7.000000e+002	1.30284837e-001	-3.26971516e+000	1.17057520e+004	0.00000000e+000	1.4527e+016	1.0000e-010	0.0000e+000
7.100000e+002	1.31455412e-001	-3.26854459e+000	1.14409293e+004	0.00000000e+000	1.3893e+016	1.0000e-010	0.0000e+000
7.200000e+002	1.32599505e-001	-3.26740049e+000	1.11872401e+004	0.00000000e+000	1.3309e+016	1.0000e-010	0.0000e+000
7.300000e+002	1.33718229e-001	-3.26628177e+000	1.09440120e+004	0.00000000e+000	1.2761e+016	1.0000e-010	0.0000e+000
7.400000e+002	1.34812630e-001	-3.26518737e+000	1.07107898e+004	0.00000000e+000	1.2236e+016	1.0000e-010	0.0000e+000
7.500000e+002	1.35883709e-001	-3.26411629e+000	1.04872059e+004	0.00000000e+000	1.1730e+016	1.0000e-010	0.0000e+000
7.600000e+002	1.36932430e-001	-3.26306757e+000	1.02728526e+004	0.00000000e+000	1.1246e+016	1.0000e-010	0.0000e+000
7.700000e+002	1.37959715e-001	-3.26204028e+000	1.00672130e+004	0.00000000e+000	1.0789e+016	1.0000e-010	0.0000e+000
7.800000e+002	1.38966436e-001	-3.26103356e+000	9.86966088e+003	0.00000000e+000	1.0365e+016	1.0000e-010	0.0000e+000
7.900000e+002	1.39953403e-001	-3.26004660e+000	9.67952303e+003	0.00000000e+000	9.9758e+015	1.0000e-010	0.0000e+000
8.000000e+002	1.40921355e-001	-3.25907865e+000	9.49616554e+003	0.00000000e+000	9.6201e+015	1.0000e-010	0.0000e+000
8.100000e+002	1.41870971e-001	-3.25812903e+000	9.31906918e+003	0.00000000e+000	9.2916e+015	1.0000e-010	0.0000e+000
8.200000e+002	1.42802878e-001	-3.25719712e+000	9.14786956e+003	0.00000000e+000	8.9823e+015	1.0000e-010	0.0000e+000
8.300000e+002	1.43717665e-001	-3.25628233e+000	8.98235499e+003	0.00000000e+000	8.6840e+015	1.0000e-010	0.0000e+000
8.400000e+002	1.44615901e-001	-3.25538410e+000	8.82242903e+003	0.00000000e+000	8.3908e+015	1.0000e-010	0.0000e+000
8.500000e+002	1.45498144e-001	-3.25450186e+000	8.66805402e+003	0.00000000e+000	8.0996e+015	1.0000e-010	0.0000e+000
8.600000e+002	1.46364949e-001	-3.25363505e+000	8.51919269e+003	0.00000000e+000	7.8104e+015	1.0000e-010	0.0000e+000
8.700000e+002	1.47216868e-001	-3.25278313e+000	8.37576179e+003	0.00000000e+000	7.5256e+015	1.0000e-010	0.0000e+000
8.800000e+002	1.48054445e-001	-3.25194556e+000	8.23760502e+003	0.00000000e+000	7.2489e+015	1.0000e-010	0.0000e+000
8.900000e+002	1.48878205e-001	-3.25112179e+000	8.10448658e+003	0.00000000e+000	6.9847e+015	1.0000e-010	0.0000e+000
9.000000e+002	1.49688654e-001	-3.25031135e+000	7.97610162e+003	0.00000000e+000	6.7364e+015	1.0000e-010	0.0000e+000
9.100000e+002	1.50486264e-001	-3.24951374e+000	7.85209774e+003	0.00000000e+000	6.5066e+015	1.0000e-010	0.0000e+000
9.200000e+002	1.51271474e-001	-3.24872853e+000	7.73210108e+003	0.00000000e+000	6.2964e+015	1.0000e-010	0.0000e+000
9.300000e+002	1.52044684e-001	-3.24795532e+000	7.61574161e+003	0.00000000e+000	6.1057e+015	1.0000e-010	0.0000e+000
9.400000e+002	1.52806258e-001	-3.24719374e+000	7.50267203e+003	0.00000000e+000	5.9331e+015	1.0000e-010	0.0000e+000
9.500000e+002	1.53556525e-001	-3.24644347e+000	7.39258761e+003	0.00000000e+000	5.7765e+015	1.0000e-010	0.0000e+000
9.600000e+002	1.54295784e-001	-3.24570422e+000	7.28523010e+003	0.00000000e+000	5.6335e+015	1.0000e-010	0.0000e+000
9.700000e+002	1.55024307e-001	-3.24497569e+000	7.18039231e+003	0.00000000e+000	5.5013e+015	1.0000e-010	0.0000e+000
9.800000e+002	1.55742346e-001	-3.24425765e+000	7.07791856e+003	0.00000000e+000	5.3772e+015	1.0000e-010	0.0000e+000
9.900000e+002	1.56450138e-001	-3.24354986e+000	6.97770326e+003	0.00000000e+000	5.2587e+015	1.0000e-010	0.0000e+000
1.000000e+003	1.57147908e-001	-3.24285209e+000	6.87983805e+003	0.00000000e+000	5.1353e+015	1.0000e-010	0.0000e+000	-6.2868e-002	-2.7149e-002	4.0738e-002	7.1644e-002	9.1286e-002	1.0562e-001	1.1688e-001	1.2614e-001	1.2949e-001	1.3400e-001	1.4082e-001	1.4686e-001	1.5246e-001
1.010000e+003	1.57835892e-001	-3.24216411e+000	6.78444802e+003	0.00000000e+000	5.0072e+015	1.0000e-010	0.0000e+000
1.020000e+003	1.58514337e-001	-3.24148566e+000	6.69152878e+003	0.00000000e+000	4.8775e+015	1.0000e-010	0.0000e+000
1.030000e+003	1.59183490e-001	-3.24081651e+000	6.60098381e+003	0.00000000e+000	4.7529e+015	1.0000e-010	0.0000e+000
1.040000e+003	1.59843588e-001	-3.24015641e+000	6.51272152e+003	0.00000000e+000	4.6331e+015	1.0000e-010	0.0000e+000
1.050000e+003	1.60494860e-001	-3.23950514e+000	6.42665499e+003	0.00000000e+000	4.5178e+015	1.0000e-010	0.0000e+000
1.060000e+003	1.61137526e-001	-3.23886247e+000	6.34270165e+003	0.00000000e+000	4.4069e+015	1.0000e-010	0.0000e+000
1.070000e+003	1.61771796e-001	-3.23822820e+000	6.26078302e+003	0.00000000e+000	4.3001e+015	1.0000e-010	0.0000e+000
1.080000e+003	1.62397874e-001	-3.23760213e+000	6.18082445e+003	0.00000000e+000	4.1972e+015	1.0000e-010	0.0000e+000
1.090000e+003	1.63015957e-001	-3.23698404e+000	6.10275489e+003	0.00000000e+000	4.0981e+015	1.0000e-010	0.0000e+000
1.100000e+003	1.63626232e-001	-3.23637377e+000	6.02650670e+003	0.00000000e+000	4.0025e+015	1.0000e-010	0.0000e+000
1.110000e+003	1.64228883e-001	-3.23577112e+000	5.95201542e+003	0.00000000e+000	3.9102e+015	1.0000e-010	0.0000e+000
1.120000e+003	1.64824084e-001	-3.23517592e+000	5.87921959e+003	0.00000000e+000	3.8213e+015	1.0000e-010	0.0000e+000
1.130000e+003	1.65412006e-001	-3.23458799e+000	5.80806059e+003	0.00000000e+000	3.7353e+015	1.0000e-010	0.0000e+000
1.140000e+003	1.65992812e-001	-3.23400719e+000	5.73848247e+003	0.00000000e+000	3.6524e+015	1.0000e-010	0.0000e+000
1.150000e+003	1.66566661e-001	-3.23343334e+000	5.67043179e+003	0.00000000e+000	3.5722e+015	1.0000e-010	0.0000e+000
1.160000e+003	1.67133704e-001	-3.23286630e+000	5.60385749e+003	0.00000000e+000	3.4947e+015	1.0000e-010	0.0000e+000
1.170000e+003	1.67694090e-001	-3.23230591e+000	5.53871078e+003	0.00000000e+000	3.4198e+015	1.0000e-010	0.0000e+000
1.180000e+003	1.68247961e-001	-3.23175204e+000	5.47494497e+003	0.00000000e+000	3.3473e+015	1.0000e-010	0.0000e+000
1.190000e+003	1.68795455e-001	-3.23120454e+000	5.41251540e+003	0.00000000e+000	3.2771e+015	1.0000e-010	0.0000e+000
1.200000e+003	1.69336707e-001	-3.23066329e+000	5.35137929e+003	0.00000000e+000	3.2092e+015	1.0000e-010	0.0000e+000
1.210000e+003	1.69871845e-001	-3.23012816e+000	5.29149571e+003	0.00000000e+000	3.1435e+015	1.0000e-010	0.0000e+000
1.220000e+003	1.70400994e-001	-3.22959901e+000	5.23282538e+003	0.00000000e+000	3.0798e+015	1.0000e-010	0.0000e+000
1.230000e+003	1.70924277e-001	-3.22907572e+000	5.17533069e+003	0.00000000e+000	3.0181e+015	1.0000e-010	0.0000e+000
1.240000e+003	1.71441810e-001	-3.22855819e+000	5.11897555e+003	0.00000000e+000	2.9583e+015	1.0000e-010	0.0000e+000
1.250000e+003	1.71953707e-001	-3.22804629e+000	5.06372532e+003	0.00000000e+000	2.9003e+015	1.0000e-010	0.0000e+000
1.260000e+003	1.72460080e-001	-3.22753992e+000	5.00954677e+003	0.00000000e+000	2.8440e+015	1.0000e-010	0.0000e+000
1.270000e+003	1.72961035e-001	-3.22703897e+000	4.95640798e+003	0.00000000e+000	2.7895e+015	1.0000e-010	0.0000e+000
1.280000e+003	1.73456675e-001	-3.22654332e+000	4.90427827e+003	0.00000000e+000	2.7365e+015	1.0000e-010	0.0000e+000
1.290000e+003	1.73947103e-001	-3.22605290e+000	4.85312818e+003	0.00000000e+000	2.6851e+015	1.0000e-010	0.0000e+000
1.300000e+003	1.74432416e-001	-3.22556758e+000	4.80292935e+003	0.00000000e+000	2.6351e+015	1.0000e-010	0.0000e+000
1.310000e+003	1.74912709e-001	-3.22508729e+000	4.75365454e+003	0.00000000e+000	2.5866e+015	1.0000e-010	0.0000e+000
1.320000e+003	1.75388074e-001	-3.22461193e+000	4.70527751e+003	0.00000000e+000	2.5395e+015	1.0000e-010	0.0000e+000
1.330000e+003	1.75858602e-001	-3.22414140e+000	4.65777301e+003	0.00000000e+000	2.4937e+015	1.0000e-010	0.0000e+000
1.340000e+003	1.76324379e-001	-3.22367562e+000	4.61111675e+003	0.00000000e+000	2.4492e+015	1.0000e-010	0.0000e+000
1.350000e+003	1.76785491e-001	-3.22321451e+000	4.56528530e+003	0.00000000e+000	2.4059e+015	1.0000e-010	0.0000e+000
1.360000e+003	1.77242020e-001	-3.22275798e+000	4.52025609e+003	0.00000000e+000	2.3638e+015	1.0000e-010	0.0000e+000
1.370000e+003	1.77694045e-001	-3.22230595e+000	4.47600738e+003	0.00000000e+000	2.3228e+015	1.0000e-010	0.0000e+000
1.380000e+003	1.78141646e-001	-3.22185835e+000	4.43251820e+003	0.00000000e+000	2.2829e+015	1.0000e-010	0.0000e+000
1.390000e+003	1.78584898e-001	-3.22141510e+000	4.38976832e+003	0.00000000e+000	2.2441e+015	1.0000e-010	0.0000e+000
1.400000e+003	1.79023875e-001	-3.22097613e+000	4.34773822e+003	0.00000000e+000	2.2064e+015	1.0000e-010	0.0000e+000
1.410000e+003	1.79458649e-001	-3.22054135e+000	4.30640906e+003	0.00000000e+000	2.1696e+015	1.0000e-010	0.0000e+000
1.420000e+003	1.79889289e-001	-3.22011071e+000	4.26576266e+003	0.00000000e+000	2.1337e+015	1.0000e-010	0.0000e+000
1.430000e+003	1.80315866e-001	-3.21968413e+000	4.22578146e+003	0.00000000e+000	2.0988e+015	1.0000e-010	0.0000e+000
1.440000e+003	1.80738444e-001	-3.21926156e+000	4.18644847e+003	0.00000000e+000	2.0648e+015	1.0000e-010	0.0000e+000
1.450000e+003	1.81157089e-001	-3.21884291e+000	4.14774731e+003	0.00000000e+000	2.0316e+015	1.0000e-010	0.0000e+000
1.460000e+003	1.81571863e-001	-3.21842814e+000	4.10966212e+003	0.00000000e+000	1.9993e+015	1.0000e-010	0.0000e+000
1.470000e+003	1.81982830e-001	-3.21801717e+000	4.07217759e+003	0.00000000e+000	1.9678e+015	1.0000e-010	0.0000e+000
1.480000e+003	1.82390047e-001	-3.21760995e+000	4.03527887e+003	0.00000000e+000	1.9370e+015	1.0000e-010	0.0000e+000
1.490000e+003	1.82793575e-001	-3.21720642e+000	3.99895165e+003	0.00000000e+000	1.9070e+015	1.0000e-010	0.0000e+000
1.500000e+003	1.83193470e-001	-3.21680653e+000	3.96318203e+003	0.00000000e+000	1.8777e+015	1.0000e-010	0.0000e+000
1.510000e+003	1.83589789e-001	-3.21641021e+000	3.92795660e+003	0.00000000e+000	1.8492e+015	1.0000e-010	0.0000e+000
1.520000e+003	1.83982584e-001	-3.21601742e+000	3.89326233e+003	0.00000000e+000	1.8213e+015	1.0000e-010	0.0000e+000
1.530000e+003	1.84371911e-001	-3.21562809e+000	3.85908663e+003	0.00000000e+000	1.7941e+015	1.0000e-010	0.0000e+000
1.540000e+003	1.84757819e-001	-3.21524218e+000	3.82541731e+003	0.00000000e+000	1.7675e+015	1.0000e-010	0.0000e+000
1.550000e+003	1.85140361e-001	-3.21485964e+000	3.79224254e+003	0.00000000e+000	1.7415e+015	1.0000e-010	0.0000e+000
1.560000e+003	1.85519585e-001	-3.21448041e+000	3.75955086e+003	0.00000000e+000	1.7162e+015	1.0000e-010	0.0000e+000
1.570000e+003	1.85895540e-001	-3.21410446e+000	3.72733116e+003	0.00000000e+000	1.6914e+015	1.0000e-010	0.0000e+000
1.580000e+003	1.86268273e-001	-3.21373173e+000	3.69557267e+003	0.00000000e+000	1.6672e+015	1.0000e-010	0.0000e+000
1.590000e+003	1.86637831e-001	-3.21336217e+000	3.66426494e+003	0.00000000e+000	1.6435e+015	1.0000e-010	0.0000e+000
1.600000e+003	1.87004257e-001	-3.21299574e+000	3.63339784e+003	0.00000000e+000	1.6204e+015	1.0000e-010	0.0000e+000
1.610000e+003	1.87367597e-001	-3.21263240e+000	3.60296153e+003	0.00000000e+000	1.5978e+015	1.0000e-010	0.0000e+000
1.620000e+003	1.87727893e-001	-3.21227211e+000	3.57294647e+003	0.00000000e+000	1.5757e+015	1.0000e-010	0.0000e+000
1.630000e+003	1.88085188e-001	-3.21191481e+000	3.54334338e+003	0.00000000e+000	1.5540e+015	1.0000e-010	0.0000e+000
1.640000e+003	1.88439522e-001	-3.21156048e+000	3.51414327e+003	0.00000000e+000	1.5329e+015	1.0000e-010	0.0000e+000
1.650000e+003	1.88790936e-001	-3.21120906e+000	3.48533740e+003	0.00000000e+000	1.5122e+015	1.0000e-010	0.0000e+000
1.660000e+003	1.89139470e-001	-3.21086053e+000	3.45691729e+003	0.00000000e+000	1.4919e+015	1.0000e-010	0.0000e+000
1.670000e+003	1.89485162e-001	-3.21051484e+000	3.42887468e+003	0.00000000e+000	1.4721e+015	1.0000e-010	0.0000e+000
1.680000e+003	1.89828049e-001	-3.21017195e+000	3.40120155e+003	0.00000000e+000	1.4527e+015	1.0000e-010	0.0000e+000
1.690000e+003	1.90168169e-001	-3.20983183e+000	3.37389012e+003	0.00000000e+000	1.4337e+015	1.0000e-010	0.0000e+000
1.700000e+003	1.90505558e-001	-3.20949444e+000	3.34693281e+003	0.00000000e+000	1.4151e+015	1.0000e-010	0.0000e+000
1.710000e+003	1.90840252e-001	-3.20915975e+000	3.32032225e+003	0.00000000e+000	1.3969e+015	1.0000e-010	0.0000e+000
1.720000e+003	1.91172284e-001	-3.20882772e+000	3.29405129e+003	0.00000000e+000	1.3791e+015	1.0000e-010	0.0000e+000
1.730000e+003	1.91501689e-001	-3.20849831e+000	3.26811294e+003	0.00000000e+000	1.3617e+015	1.0000e-010	0.0000e+000
1.740000e+003	1.91828500e-001	-3.20817150e+000	3.24250043e+003	0.00000000e+000	1.3446e+015	1.0000e-010	0.0000e+000
1.750000e+003	1.92152750e-001	-3.20784725e+000	3.21720717e+003	0.00000000e+000	1.3278e+015	1.0000e-010	0.0000e+000
1.760000e+003	1.92474471e-001	-3.20752553e+000	3.19222671e+003	0.00000000e+000	1.3114e+015	1.0000e-010	0.0000e+000
1.770000e+003	1.92793694e-001	-3.20720631e+000	3.16755283e+003	0.00000000e+000	1.2953e+015	1.0000e-010	0.0000e+000
1.780000e+003	1.93110449e-001	-3.20688955e+000	3.14317942e+003	0.00000000e+000	1.2795e+015	1.0000e-010	0.0000e+000
1.790000e+003	1.93424767e-001	-3.20657523e+000	3.11910055e+003	0.00000000e+000	1.2640e+015	1.0000e-010	0.0000e+000
1.800000e+003	1.93736677e-001	-3.20626332e+000	3.09531046e+003	0.00000000e+000	1.2489e+015	1.0000e-010	0.0000e+000
1.810000e+003	1.94046208e-001	-3.20595379e+000	3.07180351e+003	0.00000000e+000	1.2340e+015	1.0000e-010	0.0000e+000
1.820000e+003	1.94353389e-001	-3.20564661e+000	3.04857423e+003	0.00000000e+000	1.2194e+015	1.0000e-010	0.0000e+000
1.830000e+003	1.94658246e-001	-3.20534175e+000	3.02561727e+003	0.00000000e+000	1.2052e+015	1.0000e-010	0.0000e+000
1.840000e+003	1.94960808e-001	-3.20503919e+000	3.00292742e+003	0.00000000e+000	1.1911e+015	1.0000e-010	0.0000e+000
1.850000e+003	1.95261100e-001	-3.20473890e+000	2.98049960e+003	0.00000000e+000	1.1774e+015	1.0000e-010	0.0000e+000
1.860000e+003	1.95559150e-001	-3.20444085e+000	2.95832888e+003	0.00000000e+000	1.1639e+015	1.0000e-010	0.0000e+000
1.870000e+003	1.95854983e-001	-3.20414502e+000	2.93641041e+003	0.00000000e+000	1.1506e+015	1.0000e-010	0.0000e+000
1.880000e+003	1.96148624e-001	-3.20385138e+000	2.91473950e+003	0.00000000e+000	1.1376e+015	1.0000e-010	0.0000e+000
1.890000e+003	1.96440098e-001	-3.20355990e+000	2.89331155e+003	0.00000000e+000	1.1249e+015	1.0000e-010	0.0000e+000
1.900000e+003	1.96729429e-001	-3.20327057e+000	2.87212208e+003	0.00000000e+000	1.1124e+015	1.0000e-010	0.0000e+000
1.910000e+003	1.97016642e-001	-3.20298336e+000	2.85116672e+003	0.00000000e+000	1.1001e+015	1.0000e-010	0.0000e+000
1.920000e+003	1.97301758e-001	-3.20269824e+000	2.83044120e+003	0.00000000e+000	1.0880e+015	1.0000e-010	0.0000e+000
1.930000e+003	1.97584802e-001	-3.20241520e+000	2.80994136e+003	0.00000000e+000	1.0762e+015	1.0000e-010	0.0000e+000
1.940000e+003	1.97865797e-001	-3.20213420e+000	2.78966314e+003	0.00000000e+000	1.0645e+015	1.0000e-010	0.0000e+000
1.950000e+003	1.98144763e-001	-3.20185524e+000	2.76960256e+003	0.00000000e+000	1.0531e+015	1.0000e-010	0.0000e+000
1.960000e+003	1.98421723e-001	-3.20157828e+000	2.74975574e+003	0.00000000e+000	1.0419e+015	1.0000e-010	0.0000e+000
1.970000e+003	1.98696699e-001	-3.20130330e+000	2.73011891e+003	0.00000000e+000	1.0309e+015	1.0000e-010	0.0000e+000
1.980000e+003	1.98969711e-001	-3.20103029e+000	2.71068837e+003	0.00000000e+000	1.0200e+015	1.0000e-010	0.0000e+000
1.990000e+003	1.99240779e-001	-3.20075922e+000	2.69146049e+003	0.00000000e+000	1.0094e+015	1.0000e-010	0.0000e+000
2.000000e+003	1.99509925e-001	-3.20049007e+000	2.67243176e+003	0.00000000e+000	9.9895e+014	1.0000e-010	0.0000e+000
2.010000e+003	1.99777169e-001	-3.20022283e+000	2.65359873e+003	0.00000000e+000	9.8867e+014	1.0000e-010	0.0000e+000
2.020000e+003	2.00042529e-001	-3.19995747e+000	2.63495802e+003	0.00000000e+000	9.7858e+014	1.0000e-010	0.0000e+000
2.030000e+003	2.00306024e-001	-3.19969398e+000	2.61650634e+003	0.00000000e+000	9.6865e+014	1.0000e-010	0.0000e+000
2.040000e+003	2.00567675e-001	-3.19943233e+000	2.59824047e+003	0.00000000e+000	9.5890e+014	1.0000e-010	0.0000e+000
2.050000e+003	2.00827499e-001	-3.19917250e+000	2.58015726e+003	0.00000000e+000	9.4931e+014	1.0000e-010	0.0000e+000
2.060000e+003	2.01085515e-001	-3.19891449e+000	2.56225363e+003	0.00000000e+000	9.3988e+014	1.0000e-010	0.0000e+000
2.070000e+003	2.01341740e-001	-3.19865826e+000	2.54452657e+003	0.00000000e+000	9.3061e+014	1.0000e-010	0.0000e+000
2.080000e+003	2.01596193e-001	-3.19840381e+000	2.52697314e+003	0.00000000e+000	9.2150e+014	1.0000e-010	0.0000e+000
2.090000e+003	2.01848890e-001	-3.19815111e+000	2.50959046e+003	0.00000000e+000	9.1254e+014	1.0000e-010	0.0000e+000
2.100000e+003	2.02099849e-001	-3.19790015e+000	2.49237570e+003	0.00000000e+000	9.0372e+014	1.0000e-010	0.0000e+000
2.110000e+003	2.02349087e-001	-3.19765091e+000	2.47532610e+003	0.00000000e+000	8.9505e+014	1.0000e-010	0.0000e+000
2.120000e+003	2.02596619e-001	-3.19740338e+000	2.45843898e+003	0.00000000e+000	8.8652e+014	1.0000e-010	0.0000e+000
2.130000e+003	2.02842463e-001	-3.19715754e+000	2.44171169e+003	0.00000000e+000	8.7813e+014	1.0000e-010	0.0000e+000
2.140000e+003	2.03086634e-001	-3.19691337e+000	2.42514165e+003	0.00000000e+000	8.6988e+014	1.0000e-010	0.0000e+000
2.150000e+003	2.03329149e-001	-3.19667085e+000	2.40872632e+003	0.00000000e+000	8.6176e+014	1.0000e-010	0.0000e+000
2.160000e+003	2.03570021e-001	-3.19642998e+000	2.39246322e+003	0.00000000e+000	8.5376e+014	1.0000e-010	0.0000e+000
2.170000e+003	2.03809267e-001	-3.19619073e+000	2.37634994e+003	0.00000000e+000	8.4590e+014	1.0000e-010	0.0000e+000
2.180000e+003	2.04046902e-001	-3.19595310e+000	2.36038410e+003	0.00000000e+000	8.3816e+014	1.0000e-010	0.0000e+000
2.190000e+003	2.04282941e-001	-3.19571706e+000	2.34456336e+003	0.00000000e+000	8.3054e+014	1.0000e-010	0.0000e+000
2.200000e+003	2.04517397e-001	-3.19548260e+000	2.32888546e+003	0.00000000e+000	8.2304e+014	1.0000e-010	0.0000e+000
2.210000e+003	2.04750286e-001	-3.19524971e+000	2.31334816e+003	0.00000000e+000	8.1566e+014	1.0000e-010	0.0000e+000
2.220000e+003	2.04981621e-001	-3.19501838e+000	2.29794927e+003	0.00000000e+000	8.0840e+014	1.0000e-010	0.0000e+000
2.230000e+003	2.05211416e-001	-3.19478858e+000	2.28268666e+003	0.00000000e+000	8.0124e+014	1.0000e-010	0.0000e+000
2.240000e+003	2.05439684e-001	-3.19456032e+000	2.26755822e+003	0.00000000e+000	7.9420e+014	1.0000e-010	0.0000e+000
2.250000e+003	2.05666440e-001	-3.19433356e+000	2.25256189e+003	0.00000000e+000	7.8726e+014	1.0000e-010	0.0000e+000
2.260000e+003	2.05891696e-001	-3.19410830e+000	2.23769567e+003	0.00000000e+000	7.8043e+014	1.0000e-010	0.0000e+000
2.270000e+003	2.06115466e-001	-3.19388453e+000	2.22295757e+003	0.00000000e+000	7.7371e+014	1.0000e-010	0.0000e+000
2.280000e+003	2.06337762e-001	-3.19366224e+000	2.20834565e+003	0.00000000e+000	7.6708e+014	1.0000e-010	0.0000e+000
2.290000e+003	2.06558596e-001	-3.19344140e+000	2.19385802e+003	0.00000000e+000	7.6056e+014	1.0000e-010	0.0000e+000
2.300000e+003	2.06777982e-001	-3.19322202e+000	2.17949282e+003	0.00000000e+000	7.5413e+014	1.0000e-010	0.0000e+000
2.310000e+003	2.06995931e-001	-3.19300407e+000	2.16524821e+003	0.00000000e+000	7.4780e+014	1.0000e-010	0.0000e+000
2.320000e+003	2.07212456e-001	-3.19278754e+000	2.15112242e+003	0.00000000e+000	7.4157e+014	1.0000e-010	0.0000e+000
2.330000e+003	2.07427568e-001	-3.19257243e+000	2.13711367e+003	0.00000000e+000	7.3542e+014	1.0000e-010	0.0000e+000
2.340000e+003	2.07641280e-001	-3.19235872e+000	2.12322026e+003	0.00000000e+000	7.2937e+014	1.0000e-010	0.0000e+000
2.350000e+003	2.07853602e-001	-3.19214640e+000	2.10944048e+003	0.00000000e+000	7.2340e+014	1.0000e-010	0.0000e+000
2.360000e+003	2.08064546e-001	-3.19193545e+000	2.09577269e+003	0.00000000e+000	7.1752e+014	1.0000e-010	0.0000e+000
2.370000e+003	2.08274123e-001	-3.19172588e+000	2.08221525e+003	0.00000000e+000	7.1173e+014	1.0000e-010	0.0000e+000
2.380000e+003	2.08482344e-001	-3.19151766e+000	2.06876657e+003	0.00000000e+000	7.0602e+014	1.0000e-010	0.0000e+000
2.390000e+003	2.08689221e-001	-3.19131078e+000	2.05542508e+003	0.00000000e+000	7.0039e+014	1.0000e-010	0.0000e+000
2.400000e+003	2.08894764e-001	-3.19110524e+000	2.04218924e+003	0.00000000e+000	6.9485e+014	1.0000e-010	0.0000e+000
2.410000e+003	2.09098983e-001	-3.19090102e+000	2.02905755e+003	0.00000000e+000	6.8938e+014	1.0000e-010	0.0000e+000
2.420000e+003	2.09301888e-001	-3.19069811e+000	2.01602852e+003	0.00000000e+000	6.8399e+014	1.0000e-010	0.0000e+000
2.430000e+003	2.09503491e-001	-3.19049651e+000	2.00310070e+003	0.00000000e+000	6.7868e+014	1.0000e-010	0.0000e+000
2.440000e+003	2.09703801e-001	-3.19029620e+000	1.99027267e+003	0.00000000e+000	6.7344e+014	1.0000e-010	0.0000e+000
2.450000e+003	2.09902828e-001	-3.19009717e+000	1.97754301e+003	0.00000000e+000	6.6827e+014	1.0000e-010	0.0000e+000
2.460000e+003	2.10100583e-001	-3.18989942e+000	1.96491036e+003	0.00000000e+000	6.6318e+014	1.0000e-010	0.0000e+000
2.470000e+003	2.10297074e-001	-3.18970293e+000	1.95237336e+003	0.00000000e+000	6.5816e+014	1.0000e-010	0.0000e+000
2.480000e+003	2.10492311e-001	-3.18950769e+000	1.93993069e+003	0.00000000e+000	6.5321e+014	1.0000e-010	0.0000e+000
2.490000e+003	2.10686304e-001	-3.18931370e+000	1.92758103e+003	0.00000000e+000	6.4833e+014	1.0000e-010	0.0000e+000
2.500000e+003	2.10879062e-001	-3.18912094e+000	1.91532312e+003	0.00000000e+000	6.4351e+014	1.0000e-010	0.0000e+000
2.510000e+003	2.11070595e-001	-3.18892941e+000	1.90315568e+003	0.00000000e+000	6.3876e+014	1.0000e-010	0.0000e+000
2.520000e+003	2.11260910e-001	-3.18873909e+000	1.89107749e+003	0.00000000e+000	6.3408e+014	1.0000e-010	0.0000e+000
2.530000e+003	2.11450018e-001	-3.18854998e+000	1.87908733e+003	0.00000000e+000	6.2945e+014	1.0000e-010	0.0000e+000
2.540000e+003	2.11637927e-001	-3.18836207e+000	1.86718401e+003	0.00000000e+000	6.2490e+014	1.0000e-010	0.0000e+000
2.550000e+003	2.11824645e-001	-3.18817535e+000	1.85536635e+003	0.00000000e+000	6.2040e+014	1.0000e-010	0.0000e+000
2.560000e+003	2.12010182e-001	-3.18798982e+000	1.84363320e+003	0.00000000e+000	6.1596e+014	1.0000e-010	0.0000e+000
2.570000e+003	2.12194545e-001	-3.18780545e+000	1.83198342e+003	0.00000000e+000	6.1159e+014	1.0000e-010	0.0000e+000
2.580000e+003	2.12377743e-001	-3.18762226e+000	1.82041591e+003	0.00000000e+000	6.0727e+014	1.0000e-010	0.0000e+000
2.590000e+003	2.12559785e-001	-3.18744022e+000	1.80892957e+003	0.00000000e+000	6.0301e+014	1.0000e-010	0.0000e+000
2.600000e+003	2.12740678e-001	-3.18725932e+000	1.79752332e+003	0.00000000e+000	5.9880e+014	1.0000e-010	0.0000e+000
2.610000e+003	2.12920430e-001	-3.18707957e+000	1.78619611e+003	0.00000000e+000	5.9465e+014	1.0000e-010	0.0000e+000
2.620000e+003	2.13099050e-001	-3.18690095e+000	1.77494689e+003	0.00000000e+000	5.9056e+014	1.0000e-010	0.0000e+000
2.630000e+003	2.13276545e-001	-3.18672346e+000	1.76377464e+003	0.00000000e+000	5.8652e+014	1.0000e-010	0.0000e+000
2.640000e+003	2.13452922e-001	-3.18654708e+000	1.75267835e+003	0.00000000e+000	5.8253e+014	1.0000e-010	0.0000e+000
2.650000e+003	2.13628190e-001	-3.18637181e+000	1.74165704e+003	0.00000000e+000	5.7859e+014	1.0000e-010	0.0000e+000
2.660000e+003	2.13802356e-001	-3.18619764e+000	1.73070973e+003	0.00000000e+000	5.7471e+014	1.0000e-010	0.0000e+000
2.670000e+003	2.13975427e-001	-3.18602457e+000	1.71983546e+003	0.00000000e+000	5.7087e+014	1.0000e-010	0.0000e+000
2.680000e+003	2.14147410e-001	-3.18585259e+000	1.70903330e+003	0.00000000e+000	5.6709e+014	1.0000e-010	0.0000e+000
2.690000e+003	2.14318313e-001	-3.18568169e+000	1.69830231e+003	0.00000000e+000	5.6335e+014	1.0000e-010	0.0000e+000
2.700000e+003	2.14488144e-001	-3.18551186e+000	1.68764158e+003	0.00000000e+000	5.5966e+014	1.0000e-010	0.0000e+000
2.710000e+003	2.14656908e-001	-3.18534309e+000	1.67705023e+003	0.00000000e+000	5.5602e+014	1.0000e-010	0.0000e+000
2.720000e+003	2.14824613e-001	-3.18517539e+000	1.66652736e+003	0.00000000e+000	5.5243e+014	1.0000e-010	0.0000e+000
2.730000e+003	2.14991266e-001	-3.18500873e+000	1.65607210e+003	0.00000000e+000	5.4888e+014	1.0000e-010	0.0000e+000
2.740000e+003	2.15156873e-001	-3.18484313e+000	1.64568361e+003	0.00000000e+000	5.4537e+014	1.0000e-010	0.0000e+000
2.750000e+003	2.15321441e-001	-3.18467856e+000	1.63536104e+003	0.00000000e+000	5.4191e+014	1.0000e-010	0.0000e+000
2.760000e+003	2.15484977e-001	-3.18451502e+000	1.62510356e+003	0.00000000e+000	5.3850e+014	1.0000e-010	0.0000e+000
2.770000e+003	2.15647488e-001	-3.18435251e+000	1.61491036e+003	0.00000000e+000	5.3512e+014	1.0000e-010	0.0000e+000
2.780000e+003	2.15808979e-001	-3.18419102e+000	1.60478063e+003	0.00000000e+000	5.3179e+014	1.0000e-010	0.0000e+000
2.790000e+003	2.15969457e-001	-3.18403054e+000	1.59471359e+003	0.00000000e+000	5.2850e+014	1.0000e-010	0.0000e+000
2.800000e+003	2.16128928e-001	-3.18387107e+000	1.58470846e+003	0.00000000e+000	5.2525e+014	1.0000e-010	0.0000e+000
2.810000e+003	2.16287399e-001	-3.18371260e+000	1.57476448e+003	0.00000000e+000	5.2204e+014	1.0000e-010	0.0000e+000
2.820000e+003	2.16444875e-001	-3.18355512e+000	1.56488088e+003	0.00000000e+000	5.1887e+014	1.0000e-010	0.0000e+000
2.830000e+003	2.16601363e-001	-3.18339864e+000	1.55505693e+003	0.00000000e+000	5.1574e+014	1.0000e-010	0.0000e+000
2.840000e+003	2.16756869e-001	-3.18324313e+000	1.54529189e+003	0.00000000e+000	5.1264e+014	1.0000e-010	0.0000e+000
2.850000e+003	2.16911398e-001	-3.18308860e+000	1.53558506e+003	0.00000000e+000	5.0959e+014	1.0000e-010	0.0000e+000
2.860000e+003	2.17064957e-001	-3.18293504e+000	1.52593570e+003	0.00000000e+000	5.0657e+014	1.0000e-010	0.0000e+000
2.870000e+003	2.17217550e-001	-3.18278245e+000	1.51634314e+003	0.00000000e+000	5.0359e+014	1.0000e-010	0.0000e+000
2.880000e+003	2.17369185e-001	-3.18263082e+000	1.50680668e+003	0.00000000e+000	5.0064e+014	1.0000e-010	0.0000e+000
2.890000e+003	2.17519865e-001	-3.18248013e+000	1.49732564e+003	0.00000000e+000	4.9774e+014	1.0000e-010	0.0000e+000
2.900000e+003	2.17669598e-001	-3.18233040e+000	1.48789935e+003	0.00000000e+000	4.9486e+014	1.0000e-010	0.0000e+000
2.910000e+003	2.17818388e-001	-3.18218161e+000	1.47852716e+003	0.00000000e+000	4.9202e+014	1.0000e-010	0.0000e+000
2.920000e+003	2.17966241e-001	-3.18203376e+000	1.46920842e+003	0.00000000e+000	4.8922e+014	1.0000e-010	0.0000e+000
2.930000e+003	2.18113161e-001	-3.18188684e+000	1.45994249e+003	0.00000000e+000	4.8644e+014	1.0000e-010	0.0000e+000
2.940000e+003	2.18259156e-001	-3.18174084e+000	1.45072874e+003	0.00000000e+000	4.8370e+014	1.0000e-010	0.0000e+000
2.950000e+003	2.18404229e-001	-3.18159577e+000	1.44156655e+003	0.00000000e+000	4.8100e+014	1.0000e-010	0.0000e+000
2.960000e+003	2.18548385e-001	-3.18145161e+000	1.43245531e+003	0.00000000e+000	4.7832e+014	1.0000e-010	0.0000e+000
2.970000e+003	2.18691631e-001	-3.18130837e+000	1.42339441e+003	0.00000000e+000	4.7568e+014	1.0000e-010	0.0000e+000
2.980000e+003	2.18833970e-001	-3.18116603e+000	1.41438326e+003	0.00000000e+000	4.7307e+014	1.0000e-010	0.0000e+000
2.990000e+003	2.18975409e-001	-3.18102459e+000	1.40542128e+003	0.00000000e+000	4.7049e+014	1.0000e-010	0.0000e+000
3.000000e+003	2.19115951e-001	-3.18088405e+000	1.39650789e+003	0.00000000e+000	4.6794e+014	1.0000e-010	0.0000e+000
3.010000e+003	2.19255601e-001	-3.18074440e+000	1.38764252e+003	0.00000000e+000	4.6541e+014	1.0000e-010	0.0000e+000
3.020000e+003	2.19394366e-001	-3.18060563e+000	1.37882461e+003	0.00000000e+000	4.6292e+014	1.0000e-010	0.0000e+000
3.030000e+003	2.19532248e-001	-3.18046775e+000	1.37005360e+003	0.00000000e+000	4.6046e+014	1.0000e-010	0.0000e+000
3.040000e+003	2.19669254e-001	-3.18033075e+000	1.36132896e+003	0.00000000e+000	4.5803e+014	1.0000e-010	0.0000e+000
3.050000e+003	2.19805386e-001	-3.18019461e+000	1.35265013e+003	0.00000000e+000	4.5562e+014	1.0000e-010	0.0000e+000
3.060000e+003	2.19940651e-001	-3.18005935e+000	1.34401660e+003	0.00000000e+000	4.5324e+014	1.0000e-010	0.0000e+000
3.070000e+003	2.20075053e-001	-3.17992495e+000	1.33542783e+003	0.00000000e+000	4.5089e+014	1.0000e-010	0.0000e+000
3.080000e+003	2.20208596e-001	-3.17979140e+000	1.32688332e+003	0.00000000e+000	4.4857e+014	1.0000e-010	0.0000e+000
3.090000e+003	2.20341284e-001	-3.17965872e+000	1.31838255e+003	0.00000000e+000	4.4627e+014	1.0000e-010	0.0000e+000
3.100000e+003	2.20473122e-001	-3.17952688e+000	1.30992502e+003	0.00000000e+000	4.4400e+014	1.0000e-010	0.0000e+000
3.110000e+003	2.20604115e-001	-3.17939589e+000	1.30151024e+003	0.00000000e+000	4.4176e+014	1.0000e-010	0.0000e+000
3.120000e+003	2.20734266e-001	-3.17926573e+000	1.29313772e+003	0.00000000e+000	4.3954e+014	1.0000e-010	0.0000e+000
3.130000e+003	2.20863580e-001	-3.17913642e+000	1.28480697e+003	0.00000000e+000	4.3735e+014	1.0000e-010	0.0000e+000
3.140000e+003	2.20992060e-001	-3.17900794e+000	1.27651752e+003	0.00000000e+000	4.3518e+014	1.0000e-010	0.0000e+000
3.150000e+003	2.21119712e-001	-3.17888029e+000	1.26826890e+003	0.00000000e+000	4.3304e+014	1.0000e-010	0.0000e+000
3.160000e+003	2.21246539e-001	-3.17875346e+000	1.26006065e+003	0.00000000e+000	4.3092e+014	1.0000e-010	0.0000e+000
3.170000e+003	2.21372545e-001	-3.17862745e+000	1.25189231e+003	0.00000000e+000	4.2882e+014	1.0000e-010	0.0000e+000
3.180000e+003	2.21497734e-001	-3.17850227e+000	1.24376343e+003	0.00000000e+000	4.2675e+014	1.0000e-010	0.0000e+000
3.190000e+003	2.21622111e-001	-3.17837789e+000	1.23567356e+003	0.00000000e+000	4.2470e+014	1.0000e-010	0.0000e+000
3.200000e+003	2.21745678e-001	-3.17825432e+000	1.22762228e+003	0.00000000e+000	4.2268e+014	1.0000e-010	0.0000e+000
3.210000e+003	2.21868440e-001	-3.17813156e+000	1.21960913e+003	0.00000000e+000	4.2068e+014	1.0000e-010	0.0000e+000
3.220000e+003	2.21990401e-001	-3.17800960e+000	1.21163369e+003	0.00000000e+000	4.1870e+014	1.0000e-010	0.0000e+000
3.230000e+003	2.22111565e-001	-3.17788844e+000	1.20369555e+003	0.00000000e+000	4.1674e+014	1.0000e-010	0.0000e+000
3.240000e+003	2.22231934e-001	-3.17776807e+000	1.19579429e+003	0.00000000e+000	4.1480e+014	1.0000e-010	0.0000e+000
3.250000e+003	2.22351514e-001	-3.17764849e+000	1.18792948e+003	0.00000000e+000	4.1289e+014	1.0000e-010	0.0000e+000
3.260000e+003	2.22470307e-001	-3.17752969e+000	1.18010074e+003	0.00000000e+000	4.1100e+014	1.0000e-010	0.0000e+000
3.270000e+003	2.22588317e-001	-3.17741168e+000	1.17230765e+003	0.00000000e+000	4.0912e+014	1.0000e-010	0.0000e+000
3.280000e+003	2.22705547e-001	-3.17729445e+000	1.16454982e+003	0.00000000e+000	4.0727e+014	1.0000e-010	0.0000e+000
3.290000e+003	2.22822002e-001	-3.17717800e+000	1.15682685e+003	0.00000000e+000	4.0544e+014	1.0000e-010	0.0000e+000
3.300000e+003	2.22937685e-001	-3.17706231e+000	1.14913837e+003	0.00000000e+000	4.0363e+014	1.0000e-010	0.0000e+000
3.310000e+003	2.23052599e-001	-3.17694740e+000	1.14148399e+003	0.00000000e+000	4.0184e+014	1.0000e-010	0.0000e+000
3.320000e+003	2.23166747e-001	-3.17683325e+000	1.13386333e+003	0.00000000e+000	4.0007e+014	1.0000e-010	0.0000e+000
3.330000e+003	2.23280134e-001	-3.17671987e+000	1.12627602e+003	0.00000000e+000	3.9832e+014	1.0000e-010	0.0000e+000
3.340000e+003	2.23392761e-001	-3.17660724e+000	1.11872170e+003	0.00000000e+000	3.9659e+014	1.0000e-010	0.0000e+000
3.350000e+003	2.23504633e-001	-3.17649537e+000	1.11119999e+003	0.00000000e+000	3.9488e+014	1.0000e-010	0.0000e+000
3.360000e+003	2.23615753e-001	-3.17638425e+000	1.10371055e+003	0.00000000e+000	3.9318e+014	1.0000e-010	0.0000e+000
3.370000e+003	2.23726124e-001	-3.17627388e+000	1.09625301e+003	0.00000000e+000	3.9151e+014	1.0000e-010	0.0000e+000
3.380000e+003	2.23835750e-001	-3.17616425e+000	1.08882703e+003	0.00000000e+000	3.8985e+014	1.0000e-010	0.0000e+000
3.390000e+003	2.23944632e-001	-3.17605537e+000	1.08143226e+003	0.00000000e+000	3.8821e+014	1.0000e-010	0.0000e+000
3.400000e+003	2.24052776e-001	-3.17594722e+000	1.07406836e+003	0.00000000e+000	3.8659e+014	1.0000e-010	0.0000e+000
3.410000e+003	2.24160182e-001	-3.17583982e+000	1.06673499e+003	0.00000000e+000	3.8499e+014	1.0000e-010	0.0000e+000
3.420000e+003	2.24266856e-001	-3.17573314e+000	1.05943182e+003	0.00000000e+000	3.8340e+014	1.0000e-010	0.0000e+000
3.430000e+003	2.24372799e-001	-3.17562720e+000	1.05215852e+003	0.00000000e+000	3.8184e+014	1.0000e-010	0.0000e+000
3.440000e+003	2.24478015e-001	-3.17552198e+000	1.04491475e+003	0.00000000e+000	3.8029e+014	1.0000e-010	0.0000e+000
3.450000e+003	2.24582506e-001	-3.17541749e+000	1.03770021e+003	0.00000000e+000	3.7875e+014	1.0000e-010	0.0000e+000
3.460000e+003	2.24686277e-001	-3.17531372e+000	1.03051457e+003	0.00000000e+000	3.7723e+014	1.0000e-010	0.0000e+000
3.470000e+003	2.24789328e-001	-3.17521067e+000	1.02335752e+003	0.00000000e+000	3.7573e+014	1.0000e-010	0.0000e+000
3.480000e+003	2.24891664e-001	-3.17510834e+000	1.01622874e+003	0.00000000e+000	3.7425e+014	1.0000e-010	0.0000e+000
3.490000e+003	2.24993287e-001	-3.17500671e+000	1.00912792e+003	0.00000000e+000	3.7278e+014	1.0000e-010	0.0000e+000
3.500000e+003	2.25094199e-001	-3.17490580e+000	1.00205478e+003	0.00000000e+000	3.7133e+014	1.0000e-010	0.0000e+000
3.510000e+003	2.25194405e-001	-3.17480560e+000	9.95008991e+002	0.00000000e+000	3.6989e+014	1.0000e-010	0.0000e+000
3.520000e+003	2.25293906e-001	-3.17470609e+000	9.87990273e+002	0.00000000e+000	3.6847e+014	1.0000e-010	0.0000e+000
3.530000e+003	2.25392705e-001	-3.17460730e+000	9.80998327e+002	0.00000000e+000	3.6707e+014	1.0000e-010	0.0000e+000
3.540000e+003	2.25490805e-001	-3.17450920e+000	9.74032863e+002	0.00000000e+000	3.6568e+014	1.0000e-010	0.0000e+000
3.550000e+003	2.25588208e-001	-3.17441179e+000	9.67093593e+002	0.00000000e+000	3.6430e+014	1.0000e-010	0.0000e+000
3.560000e+003	2.25684917e-001	-3.17431508e+000	9.60180234e+002	0.00000000e+000	3.6294e+014	1.0000e-010	0.0000e+000
3.570000e+003	2.25780935e-001	-3.17421906e+000	9.53292504e+002	0.00000000e+000	3.6160e+014	1.0000e-010	0.0000e+000
3.580000e+003	2.25876265e-001	-3.17412374e+000	9.46430127e+002	0.00000000e+000	3.6026e+014	1.0000e-010	0.0000e+000
3.590000e+003	2.25970908e-001	-3.17402909e+000	9.39592826e+002	0.00000000e+000	3.5895e+014	1.0000e-010	0.0000e+000
3.600000e+003	2.26064867e-001	-3.17393513e+000	9.32780330e+002	0.00000000e+000	3.5765e+014	1.0000e-010	0.0000e+000
3.610000e+003	2.26158145e-001	-3.17384186e+000	9.25992371e+002	0.00000000e+000	3.5636e+014	1.0000e-010	0.0000e+000
3.620000e+003	2.26250744e-001	-3.17374926e+000	9.19228682e+002	0.00000000e+000	3.5508e+014	1.0000e-010	0.0000e+000
3.630000e+003	2.26342667e-001	-3.17365733e+000	9.12489000e+002	0.00000000e+000	3.5382e+014	1.0000e-010	0.0000e+000
3.640000e+003	2.26433916e-001	-3.17356608e+000	9.05773065e+002	0.00000000e+000	3.5258e+014	1.0000e-010	0.0000e+000
3.650000e+003	2.26524493e-001	-3.17347551e+000	8.99080619e+002	0.00000000e+000	3.5134e+014	1.0000e-010	0.0000e+000
3.660000e+003	2.26614401e-001	-3.17338560e+000	8.92411408e+002	0.00000000e+000	3.5012e+014	1.0000e-010	0.0000e+000
3.670000e+003	2.26703642e-001	-3.17329636e+000	8.85765179e+002	0.00000000e+000	3.4892e+014	1.0000e-010	0.0000e+000
3.680000e+003	2.26792219e-001	-3.17320778e+000	8.79141683e+002	0.00000000e+000	3.4772e+014	1.0000e-010	0.0000e+000
3.690000e+003	2.26880133e-001	-3.17311987e+000	8.72540674e+002	0.00000000e+000	3.4654e+014	1.0000e-010	0.0000e+000
3.700000e+003	2.26967387e-001	-3.17303261e+000	8.65961906e+002	0.00000000e+000	3.4538e+014	1.0000e-010	0.0000e+000
3.710000e+003	2.27053983e-001	-3.17294602e+000	8.59405138e+002	0.00000000e+000	3.4422e+014	1.0000e-010	0.0000e+000
3.720000e+003	2.27139924e-001	-3.17286008e+000	8.52870131e+002	0.00000000e+000	3.4308e+014	1.0000e-010	0.0000e+000
3.730000e+003	2.27225211e-001	-3.17277479e+000	8.46356647e+002	0.00000000e+000	3.4195e+014	1.0000e-010	0.0000e+000
3.740000e+003	2.27309847e-001	-3.17269015e+000	8.39864453e+002	0.00000000e+000	3.4083e+014	1.0000e-010	0.0000e+000
3.750000e+003	2.27393833e-001	-3.17260617e+000	8.33393317e+002	0.00000000e+000	3.3973e+014	1.0000e-010	0.0000e+000
3.760000e+003	2.27477172e-001	-3.17252283e+000	8.26943007e+002	0.00000000e+000	3.3863e+014	1.0000e-010	0.0000e+000
3.770000e+003	2.27559867e-001	-3.17244013e+000	8.20513298e+002	0.00000000e+000	3.3755e+014	1.0000e-010	0.0000e+000
3.780000e+003	2.27641918e-001	-3.17235808e+000	8.14103963e+002	0.00000000e+000	3.3648e+014	1.0000e-010	0.0000e+000
3.790000e+003	2.27723328e-001	-3.17227667e+000	8.07714781e+002	0.00000000e+000	3.3542e+014	1.0000e-010	0.0000e+000
3.800000e+003	2.27804100e-001	-3.17219590e+000	8.01345529e+002	0.00000000e+000	3.3438e+014	1.0000e-010	0.0000e+000
3.810000e+003	2.27884234e-001	-3.17211577e+000	7.94995990e+002	0.00000000e+000	3.3334e+014	1.0000e-010	0.0000e+000
3.820000e+003	2.27963734e-001	-3.17203627e+000	7.88665947e+002	0.00000000e+000	3.3232e+014	1.0000e-010	0.0000e+000
3.830000e+003	2.28042601e-001	-3.17195740e+000	7.82355186e+002	0.00000000e+000	3.3131e+014	1.0000e-010	0.0000e+000
3.840000e+003	2.28120836e-001	-3.17187916e+000	7.76063493e+002	0.00000000e+000	3.3030e+014	1.0000e-010	0.0000e+000
3.850000e+003	2.28198442e-001	-3.17180156e+000	7.69790660e+002	0.00000000e+000	3.2931e+014	1.0000e-010	0.0000e+000
3.860000e+003	2.28275421e-001	-3.17172458e+000	7.63536478e+002	0.00000000e+000	3.2834e+014	1.0000e-010	0.0000e+000
3.870000e+003	2.28351775e-001	-3.17164822e+000	7.57300740e+002	0.00000000e+000	3.2737e+014	1.0000e-010	0.0000e+000
3.880000e+003	2.28427505e-001	-3.17157249e+000	7.51083242e+002	0.00000000e+000	3.2641e+014	1.0000e-010	0.0000e+000
3.890000e+003	2.28502614e-001	-3.17149739e+000	7.44883782e+002	0.00000000e+000	3.2546e+014	1.0000e-010	0.0000e+000
3.900000e+003	2.28577102e-001	-3.17142290e+000	7.38702158e+002	0.00000000e+000	3.2453e+014	1.0000e-010	0.0000e+000
3.910000e+003	2.28650972e-001	-3.17134903e+000	7.32538174e+002	0.00000000e+000	3.2360e+014	1.0000e-010	0.0000e+000
3.920000e+003	2.28724226e-001	-3.17127577e+000	7.26391630e+002	0.00000000e+000	3.2269e+014	1.0000e-010	0.0000e+000
3.930000e+003	2.28796865e-001	-3.17120313e+000	7.20262333e+002	0.00000000e+000	3.2178e+014	1.0000e-010	0.0000e+000
3.940000e+003	2.28868891e-001	-3.17113111e+000	7.14150089e+002	0.00000000e+000	3.2088e+014	1.0000e-010	0.0000e+000
3.950000e+003	2.28940306e-001	-3.17105969e+000	7.08054706e+002	0.00000000e+000	3.2000e+014	1.0000e-010	0.0000e+000
3.960000e+003	2.29011112e-001	-3.17098889e+000	7.01975996e+002	0.00000000e+000	3.1912e+014	1.0000e-010	0.0000e+000
3.970000e+003	2.29081309e-001	-3.17091869e+000	6.95913768e+002	0.00000000e+000	3.1826e+014	1.0000e-010	0.0000e+000
3.980000e+003	2.29150901e-001	-3.17084910e+000	6.89867838e+002	0.00000000e+000	3.1740e+014	1.0000e-010	0.0000e+000
3.990000e+003	2.29219888e-001	-3.17078011e+000	6.83838020e+002	0.00000000e+000	3.1656e+014	1.0000e-010	0.0000e+000
4.000000e+003	2.29288271e-001	-3.17071173e+000	6.77824131e+002	0.00000000e+000	3.1572e+014	1.0000e-010	0.0000e+000
4.010000e+003	2.29356054e-001	-3.17064395e+000	6.71825989e+002	0.00000000e+000	3.1489e+014	1.0000e-010	0.0000e+000
4.020000e+003	2.29423236e-001	-3.17057676e+000	6.65843415e+002	0.00000000e+000	3.1408e+014	1.0000e-010	0.0000e+000
4.030000e+003	2.29489821e-001	-3.17051018e+000	6.59876230e+002	0.00000000e+000	3.1327e+014	1.0000e-010	0.0000e+000
4.040000e+003	2.29555808e-001	-3.17044419e+000	6.53924257e+002	0.00000000e+000	3.1247e+014	1.0000e-010	0.0000e+000
4.050000e+003	2.29621201e-001	-3.17037880e+000	6.47987320e+002	0.00000000e+000	3.1168e+014	1.0000e-010	0.0000e+000
4.060000e+003	2.29686000e-001	-3.17031400e+000	6.42065245e+002	0.00000000e+000	3.1090e+014	1.0000e-010	0.0000e+000
4.070000e+003	2.29750206e-001	-3.17024979e+000	6.36157861e+002	0.00000000e+000	3.1013e+014	1.0000e-010	0.0000e+000
4.080000e+003	2.29813822e-001	-3.17018618e+000	6.30264995e+002	0.00000000e+000	3.0937e+014	1.0000e-010	0.0000e+000
4.090000e+003	2.29876848e-001	-3.17012315e+000	6.24386478e+002	0.00000000e+000	3.0861e+014	1.0000e-010	0.0000e+000
4.100000e+003	2.29939287e-001	-3.17006071e+000	6.18522143e+002	0.00000000e+000	3.0787e+014	1.0000e-010	0.0000e+000
4.110000e+003	2.30001139e-001	-3.16999886e+000	6.12671821e+002	0.00000000e+000	3.0713e+014	1.0000e-010	0.0000e+000
4.120000e+003	2.30062406e-001	-3.16993759e+000	6.06835347e+002	0.00000000e+000	3.0641e+014	1.0000e-010	0.0000e+000
4.130000e+003	2.30123090e-001	-3.16987691e+000	6.01012558e+002	0.00000000e+000	3.0569e+014	1.0000e-010	0.0000e+000
4.140000e+003	2.30183191e-001	-3.16981681e+000	5.95203290e+002	0.00000000e+000	3.0498e+014	1.0000e-010	0.0000e+000
4.150000e+003	2.30242711e-001	-3.16975729e+000	5.89407382e+002	0.00000000e+000	3.0428e+014	1.0000e-010	0.0000e+000
4.160000e+003	2.30301652e-001	-3.16969835e+000	5.83624673e+002	0.00000000e+000	3.0358e+014	1.0000e-010	0.0000e+000
4.170000e+003	2.30360015e-001	-3.16963999e+000	5.77855004e+002	0.00000000e+000	3.0290e+014	1.0000e-010	0.0000e+000
4.180000e+003	2.30417800e-001	-3.16958220e+000	5.72098217e+002	0.00000000e+000	3.0222e+014	1.0000e-010	0.0000e+000
4.190000e+003	2.30475010e-001	-3.16952499e+000	5.66354155e+002	0.00000000e+000	3.0156e+014	1.0000e-010	0.0000e+000
4.200000e+003	2.30531645e-001	-3.16946835e+000	5.60622664e+002	0.00000000e+000	3.0090e+014	1.0000e-010	0.0000e+000
4.210000e+003	2.30587708e-001	-3.16941229e+000	5.54903589e+002	0.00000000e+000	3.0024e+014	1.0000e-010	0.0000e+000
4.220000e+003	2.30643198e-001	-3.16935680e+000	5.49196776e+002	0.00000000e+000	2.9960e+014	1.0000e-010	0.0000e+000
4.230000e+003	2.30698118e-001	-3.16930188e+000	5.43502074e+002	0.00000000e+000	2.9896e+014	1.0000e-010	0.0000e+000
4.240000e+003	2.30752468e-001	-3.16924753e+000	5.37819331e+002	0.00000000e+000	2.9834e+014	1.0000e-010	0.0000e+000
4.250000e+003	2.30806250e-001	-3.16919375e+000	5.32148399e+002	0.00000000e+000	2.9772e+014	1.0000e-010	0.0000e+000
4.260000e+003	2.30859465e-001	-3.16914054e+000	5.26489127e+002	0.00000000e+000	2.9710e+014	1.0000e-010	0.0000e+000
4.270000e+003	2.30912114e-001	-3.16908789e+000	5.20841370e+002	0.00000000e+000	2.9650e+014	1.0000e-010	0.0000e+000
4.280000e+003	2.30964198e-001	-3.16903580e+000	5.15204979e+002	0.00000000e+000	2.9590e+014	1.0000e-010	0.0000e+000
4.290000e+003	2.31015718e-001	-3.16898428e+000	5.09579810e+002	0.00000000e+000	2.9531e+014	1.0000e-010	0.0000e+000
4.300000e+003	2.31066676e-001	-3.16893332e+000	5.03965719e+002	0.00000000e+000	2.9473e+014	1.0000e-010	0.0000e+000
4.310000e+003	2.31117073e-001	-3.16888293e+000	4.98362560e+002	0.00000000e+000	2.9416e+014	1.0000e-010	0.0000e+000
4.320000e+003	2.31166909e-001	-3.16883309e+000	4.92770193e+002	0.00000000e+000	2.9359e+014	1.0000e-010	0.0000e+000
4.330000e+003	2.31216186e-001	-3.16878381e+000	4.87188476e+002	0.00000000e+000	2.9303e+014	1.0000e-010	0.0000e+000
4.340000e+003	2.31264905e-001	-3.16873510e+000	4.81617267e+002	0.00000000e+000	2.9248e+014	1.0000e-010	0.0000e+000
4.350000e+003	2.31313067e-001	-3.16868693e+000	4.76056428e+002	0.00000000e+000	2.9194e+014	1.0000e-010	0.0000e+000
4.360000e+003	2.31360672e-001	-3.16863933e+000	4.70505820e+002	0.00000000e+000	2.9140e+014	1.0000e-010	0.0000e+000
4.370000e+003	2.31407723e-001	-3.16859228e+000	4.64965304e+002	0.00000000e+000	2.9087e+014	1.0000e-010	0.0000e+000
4.380000e+003	2.31454219e-001	-3.16854578e+000	4.59434745e+002	0.00000000e+000	2.9035e+014	1.0000e-010	0.0000e+000
4.390000e+003	2.31500163e-001	-3.16849984e+000	4.53914005e+002	0.00000000e+000	2.8983e+014	1.0000e-010	0.0000e+000
4.400000e+003	2.31545554e-001	-3.16845445e+000	4.48402951e+002	0.00000000e+000	2.8932e+014	1.0000e-010	0.0000e+000
4.410000e+003	2.31590395e-001	-3.16840961e+000	4.42901447e+002	0.00000000e+000	2.8882e+014	1.0000e-010	0.0000e+000
4.420000e+003	2.31634685e-001	-3.16836532e+000	4.37409360e+002	0.00000000e+000	2.8833e+014	1.0000e-010	0.0000e+000
4.430000e+003	2.31678426e-001	-3.16832157e+000	4.31926558e+002	0.00000000e+000	2.8784e+014	1.0000e-010	0.0000e+000
4.440000e+003	2.31721618e-001	-3.16827838e+000	4.26452909e+002	0.00000000e+000	2.8736e+014	1.0000e-010	0.0000e+000
4.450000e+003	2.31764264e-001	-3.16823574e+000	4.20988282e+002	0.00000000e+000	2.8689e+014	1.0000e-010	0.0000e+000
4.460000e+003	2.31806362e-001	-3.16819364e+000	4.15532546e+002	0.00000000e+000	2.8642e+014	1.0000e-010	0.0000e+000
4.470000e+003	2.31847916e-001	-3.16815208e+000	4.10085572e+002	0.00000000e+000	2.8596e+014	1.0000e-010	0.0000e+000
4.480000e+003	2.31888924e-001	-3.16811108e+000	4.04647232e+002	0.00000000e+000	2.8551e+014	1.0000e-010	0.0000e+000
4.490000e+003	2.31929389e-001	-3.16807061e+000	3.99217398e+002	0.00000000e+000	2.8506e+014	1.0000e-010	0.0000e+000
4.500000e+003	2.31969311e-001	-3.16803069e+000	3.93795943e+002	0.00000000e+000	2.8462e+014	1.0000e-010	0.0000e+000
4.510000e+003	2.32008690e-001	-3.16799131e+000	3.88382739e+002	0.00000000e+000	2.8419e+014	1.0000e-010	0.0000e+000
4.520000e+003	2.32047529e-001	-3.16795247e+000	3.82977662e+002	0.00000000e+000	2.8376e+014	1.0000e-010	0.0000e+000
4.530000e+003	2.32085826e-001	-3.16791417e+000	3.77580586e+002	0.00000000e+000	2.8334e+014	1.0000e-010	0.0000e+000
4.540000e+003	2.32123584e-001	-3.16787642e+000	3.72191387e+002	0.00000000e+000	2.8293e+014	1.0000e-010	0.0000e+000
4.550000e+003	2.32160804e-001	-3.16783920e+000	3.66809941e+002	0.00000000e+000	2.8252e+014	1.0000e-010	0.0000e+000
4.560000e+003	2.32197485e-001	-3.16780252e+000	3.61436125e+002	0.00000000e+000	2.8212e+014	1.0000e-010	0.0000e+000
4.570000e+003	2.32233628e-001	-3.16776637e+000	3.56069818e+002	0.00000000e+000	2.8172e+014	1.0000e-010	0.0000e+000
4.580000e+003	2.32269235e-001	-3.16773076e+000	3.50710896e+002	0.00000000e+000	2.8134e+014	1.0000e-010	0.0000e+000
4.590000e+003	2.32304306e-001	-3.16769569e+000	3.45359239e+002	0.00000000e+000	2.8096e+014	1.0000e-010	0.0000e+000
4.600000e+003	2.32338842e-001	-3.16766116e+000	3.40014727e+002	0.00000000e+000	2.8058e+014	1.0000e-010	0.0000e+000
4.610000e+003	2.32372844e-001	-3.16762716e+000	3.34677240e+002	0.00000000e+000	2.8021e+014	1.0000e-010	0.0000e+000
4.620000e+003	2.32406311e-001	-3.16759369e+000	3.29346658e+002	0.00000000e+000	2.7985e+014	1.0000e-010	0.0000e+000
4.630000e+003	2.32439246e-001	-3.16756075e+000	3.24022863e+002	0.00000000e+000	2.7949e+014	1.0000e-010	0.0000e+000
4.640000e+003	2.32471648e-001	-3.16752835e+000	3.18705736e+002	0.00000000e+000	2.7914e+014	1.0000e-010	0.0000e+000
4.650000e+003	2.32503519e-001	-3.16749648e+000	3.13395161e+002	0.00000000e+000	2.7880e+014	1.0000e-010	0.0000e+000
4.660000e+003	2.32534858e-001	-3.16746514e+000	3.08091019e+002	0.00000000e+000	2.7846e+014	1.0000e-010	0.0000e+000
4.670000e+003	2.32565668e-001	-3.16743433e+000	3.02793194e+002	0.00000000e+000	2.7813e+014	1.0000e-010	0.0000e+000
4.680000e+003	2.32595947e-001	-3.16740405e+000	2.97501572e+002	0.00000000e+000	2.7780e+014	1.0000e-010	0.0000e+000
4.690000e+003	2.32625697e-001	-3.16737430e+000	2.92216035e+002	0.00000000e+000	2.7748e+014	1.0000e-010	0.0000e+000
4.700000e+003	2.32654919e-001	-3.16734508e+000	2.86936469e+002	0.00000000e+000	2.7717e+014	1.0000e-010	0.0000e+000
4.710000e+003	2.32683612e-001	-3.16731639e+000	2.81662760e+002	0.00000000e+000	2.7686e+014	1.0000e-010	0.0000e+000
4.720000e+003	2.32711779e-001	-3.16728822e+000	2.76394794e+002	0.00000000e+000	2.7656e+014	1.0000e-010	0.0000e+000
4.730000e+003	2.32739418e-001	-3.16726058e+000	2.71132456e+002	0.00000000e+000	2.7627e+014	1.0000e-010	0.0000e+000
4.740000e+003	2.32766531e-001	-3.16723347e+000	2.65875635e+002	0.00000000e+000	2.7598e+014	1.0000e-010	0.0000e+000
4.750000e+003	2.32793119e-001	-3.16720688e+000	2.60624218e+002	0.00000000e+000	2.7569e+014	1.0000e-010	0.0000e+000
4.760000e+003	2.32819181e-001	-3.16718082e+000	2.55378092e+002	0.00000000e+000	2.7542e+014	1.0000e-010	0.0000e+000
4.770000e+003	2.32844719e-001	-3.16715528e+000	2.50137146e+002	0.00000000e+000	2.7514e+014	1.0000e-010	0.0000e+000
4.780000e+003	2.32869733e-001	-3.16713027e+000	2.44901268e+002	0.00000000e+000	2.7488e+014	1.0000e-010	0.0000e+000
4.790000e+003	2.32894223e-001	-3.16710578e+000	2.39670348e+002	0.00000000e+000	2.7462e+014	1.0000e-010	0.0000e+000
4.800000e+003	2.32918190e-001	-3.16708181e+000	2.34444276e+002	0.00000000e+000	2.7436e+014	1.0000e-010	0.0000e+000
4.810000e+003	2.32941634e-001	-3.16705837e+000	2.29222941e+002	0.00000000e+000	2.7411e+014	1.0000e-010	0.0000e+000
4.820000e+003	2.32964557e-001	-3.16703544e+000	2.24006233e+002	0.00000000e+000	2.7387e+014	1.0000e-010	0.0000e+000
4.830000e+003	2.32986957e-001	-3.16701304e+000	2.18794043e+002	0.00000000e+000	2.7363e+014	1.0000e-010	0.0000e+000
4.840000e+003	2.33008837e-001	-3.16699116e+000	2.13586263e+002	0.00000000e+000	2.7340e+014	1.0000e-010	0.0000e+000
4.850000e+003	2.33030195e-001	-3.16696980e+000	2.08382784e+002	0.00000000e+000	2.7318e+014	1.0000e-010	0.0000e+000
4.860000e+003	2.33051034e-001	-3.16694897e+000	2.03183497e+002	0.00000000e+000	2.7296e+014	1.0000e-010	0.0000e+000
4.870000e+003	2.33071352e-001	-3.16692865e+000	1.97988295e+002	0.00000000e+000	2.7274e+014	1.0000e-010	0.0000e+000
4.880000e+003	2.33091151e-001	-3.16690885e+000	1.92797071e+002	0.00000000e+000	2.7253e+014	1.0000e-010	0.0000e+000
4.890000e+003	2.33110430e-001	-3.16688957e+000	1.87609716e+002	0.00000000e+000	2.7233e+014	1.0000e-010	0.0000e+000
4.900000e+003	2.33129191e-001	-3.16687081e+000	1.82426125e+002	0.00000000e+000	2.7213e+014	1.0000e-010	0.0000e+000
4.910000e+003	2.33147434e-001	-3.16685257e+000	1.77246190e+002	0.00000000e+000	2.7194e+014	1.0000e-010	0.0000e+000
4.920000e+003	2.33165159e-001	-3.16683484e+000	1.72069805e+002	0.00000000e+000	2.7175e+014	1.0000e-010	0.0000e+000
4.930000e+003	2.33182366e-001	-3.16681763e+000	1.66896865e+002	0.00000000e+000	2.7157e+014	1.0000e-010	0.0000e+000
4.940000e+003	2.33199055e-001	-3.16680094e+000	1.61727263e+002	0.00000000e+000	2.7140e+014	1.0000e-010	0.0000e+000
4.950000e+003	2.33215228e-001	-3.16678477e+000	1.56560894e+002	0.00000000e+000	2.7123e+014	1.0000e-010	0.0000e+000
4.960000e+003	2.33230884e-001	-3.16676912e+000	1.51397653e+002	0.00000000e+000	2.7106e+014	1.0000e-010	0.0000e+000
4.970000e+003	2.33246024e-001	-3.16675398e+000	1.46237434e+002	0.00000000e+000	2.7091e+014	1.0000e-010	0.0000e+000
4.980000e+003	2.33260648e-001	-3.16673935e+000	1.41080134e+002	0.00000000e+000	2.7075e+014	1.0000e-010	0.0000e+000
4.990000e+003	2.33274756e-001	-3.16672524e+000	1.35925648e+002	0.00000000e+000	2.7060e+014	1.0000e-010	0.0000e+000
5.000000e+003	2.33288348e-001	-3.16671165e+000	1.30773871e+002	0.00000000e+000	2.7046e+014	1.0000e-010	0.0000e+000
5.010000e+003	2.33301426e-001	-3.16669857e+000	1.25624700e+002	0.00000000e+000	2.7033e+014	1.0000e-010	0.0000e+000
5.020000e+003	2.33313988e-001	-3.16668601e+000	1.20478030e+002	0.00000000e+000	2.7019e+014	1.0000e-010	0.0000e+000
5.030000e+003	2.33326036e-001	-3.16667396e+000	1.15333758e+002	0.00000000e+000	2.7007e+014	1.0000e-010	0.0000e+000
5.040000e+003	2.33337569e-001	-3.16666243e+000	1.10191780e+002	0.00000000e+000	2.6995e+014	1.0000e-010	0.0000e+000
5.050000e+003	2.33348588e-001	-3.16665141e+000	1.05051994e+002	0.00000000e+000	2.6983e+014	1.0000e-010	0.0000e+000
5.060000e+003	2.33359094e-001	-3.16664091e+000	9.99142959e+001	0.00000000e+000	2.6972e+014	1.0000e-010	0.0000e+000
5.070000e+003	2.33369085e-001	-3.16663091e+000	9.47785831e+001	0.00000000e+000	2.6962e+014	1.0000e-010	0.0000e+000
5.080000e+003	2.33378563e-001	-3.16662144e+000	8.96447529e+001	0.00000000e+000	2.6952e+014	1.0000e-010	0.0000e+000
5.090000e+003	2.33387527e-001	-3.16661247e+000	8.45127025e+001	0.00000000e+000	2.6943e+014	1.0000e-010	0.0000e+000
5.100000e+003	2.33395979e-001	-3.16660402e+000	7.93823295e+001	0.00000000e+000	2.6934e+014	1.0000e-010	0.0000e+000
5.110000e+003	2.33403917e-001	-3.16659608e+000	7.42535317e+001	0.00000000e+000	2.6926e+014	1.0000e-010	0.0000e+000
5.120000e+003	2.33411342e-001	-3.16658866e+000	6.91262068e+001	0.00000000e+000	2.6918e+014	1.0000e-010	0.0000e+000
5.130000e+003	2.33418255e-001	-3.16658175e+000	6.40002527e+001	0.00000000e+000	2.6911e+014	1.0000e-010	0.0000e+000
5.140000e+003	2.33424655e-001	-3.16657535e+000	5.88755675e+001	0.00000000e+000	2.6904e+014	1.0000e-010	0.0000e+000
5.150000e+003	2.33430542e-001	-3.16656946e+000	5.37520492e+001	0.00000000e+000	2.6898e+014	1.0000e-010	0.0000e+000
5.160000e+003	2.33435918e-001	-3.16656408e+000	4.86295961e+001	0.00000000e+000	2.6892e+014	1.0000e-010	0.0000e+000
5.170000e+003	2.33440781e-001	-3.16655922e+000	4.35081065e+001	0.00000000e+000	2.6887e+014	1.0000e-010	0.0000e+000
5.180000e+003	2.33445131e-001	-3.16655487e+000	3.83874787e+001	0.00000000e+000	2.6883e+014	1.0000e-010	0.0000e+000
5.190000e+003	2.33448970e-001	-3.16655103e+000	3.32676113e+001	0.00000000e+000	2.6879e+014	1.0000e-010	0.0000e+000
5.200000e+003	2.33452297e-001	-3.16654770e+000	2.81484027e+001	0.00000000e+000	2.6875e+014	1.0000e-010	0.0000e+000
5.210000e+003	2.33455112e-001	-3.16654489e+000	2.30297514e+001	0.00000000e+000	2.6872e+014	1.0000e-010	0.0000e+000
5.220000e+003	2.33457415e-001	-3.16654259e+000	1.79115561e+001	0.00000000e+000	2.6870e+014	1.0000e-010	0.0000e+000
5.230000e+003	2.33459206e-001	-3.16654079e+000	1.27937154e+001	0.00000000e+000	2.6868e+014	1.0000e-010	0.0000e+000
5.240000e+003	2.33460485e-001	-3.16653951e+000	7.67612791e+000	0.00000000e+000	2.6867e+014	1.0000e-010	0.0000e+000
5.250000e+003	2.33461253e-001	-3.16653875e+000	2.55869242e+000	0.00000000e+000	2.6866e+014	1.0000e-010	0.0000e+000
5.260000e+003	2.33461509e-001	-3.16653849e+000	2.55869242e+000	0.00000000e+000	2.6866e+014	1.0000e-010	0.0000e+000
