Y (ang)	Ec (eV)	Ev (eV)	E (V/cm)	Ef (eV)	n (cm-3)	p (cm-3)	Nd - Na (cm-3)
0.000000e+000	-6.40000000e+000	-9.80000000e+000	3.74121456e+007	-7.00000000e+000	1.8691e+008	1.0000e-010	0.0000e+000
1.000000e+001	-2.09878544e+000	-6.19878544e+000	1.15445350e+007	0.00000000e+000	1.2355e+021	1.0000e-010	-1.3848e+020
2.000000e+001	-8.88331938e-001	-5.05833194e+000	4.60860265e+006	0.00000000e+000	3.4053e+020	1.0000e-010	-1.4664e+019
3.000000e+001	-4.83471674e-001	-4.58347167e+000	2.20135731e+006	0.00000000e+000	1.3708e+020	1.0000e-010	1.4664e+019
4.000000e+001	-2.63335943e-001	-4.36333594e+000	1.11391554e+006	0.00000000e+000	5.5588e+019	1.0000e-010	0.0000e+000
5.000000e+001	-1.51944389e-001	-4.25194439e+000	6.27912974e+005	0.00000000e+000	2.4844e+019	1.0000e-010	0.0000e+000
6.000000e+001	-8.91530914e-002	-4.18915309e+000	3.95324603e+005	0.00000000e+000	1.1890e+019	1.0000e-010	0.0000e+000
7.000000e+001	-4.96206311e-002	-4.14962063e+000	2.77169433e+005	0.00000000e+000	6.0399e+018	1.0000e-010	0.0000e+000
8.000000e+001	-2.19036878e-002	-4.12190369e+000	2.14749568e+005	0.00000000e+000	3.1908e+018	1.0000e-010	0.0000e+000
9.000000e+001	-4.28730979e-004	-4.10042873e+000	1.80703056e+005	0.00000000e+000	1.7404e+018	1.0000e-010	0.0000e+000
1.000000e+002	1.76415746e-002	-4.08235843e+000	1.61637068e+005	0.00000000e+000	9.7463e+017	1.0000e-010	0.0000e+000
1.100000e+002	3.38052814e-002	-4.06619472e+000	1.50747452e+005	0.00000000e+000	5.5666e+017	1.0000e-010	0.0000e+000
1.200000e+002	4.88800266e-002	-4.05111997e+000	1.44443106e+005	0.00000000e+000	3.2227e+017	1.0000e-010	0.0000e+000
1.300000e+002	6.33243372e-002	-4.03667566e+000	1.40761267e+005	0.00000000e+000	1.8821e+017	1.0000e-010	0.0000e+000
1.400000e+002	7.74004639e-002	-4.02259954e+000	1.38599258e+005	0.00000000e+000	1.1052e+017	1.0000e-010	0.0000e+000
1.500000e+002	9.12603897e-002	-4.00873961e+000	1.37325476e+005	0.00000000e+000	6.5114e+016	1.0000e-010	0.0000e+000
1.600000e+002	1.04992937e-001	-3.99500706e+000	1.36568978e+005	0.00000000e+000	3.8671e+016	1.0000e-010	0.0000e+000
1.700000e+002	1.18649835e-001	-3.98135016e+000	1.36122929e+005	0.00000000e+000	2.2801e+016	1.0000e-010	0.0000e+000
1.800000e+002	1.32262128e-001	-3.96773787e+000	1.35859475e+005	0.00000000e+000	1.3467e+016	1.0000e-010	0.0000e+000
1.900000e+002	1.45848075e-001	-3.95415192e+000	1.35703709e+005	0.00000000e+000	7.9625e+015	1.0000e-010	0.0000e+000
2.000000e+002	1.59418446e-001	-3.94058155e+000	1.35611558e+005	0.00000000e+000	4.7106e+015	1.0000e-010	0.0000e+000
2.100000e+002	1.72979602e-001	-3.92702040e+000	1.35557023e+005	0.00000000e+000	2.7878e+015	1.0000e-010	0.0000e+000
2.200000e+002	1.86535304e-001	-3.91346470e+000	1.35524741e+005	0.00000000e+000	1.6502e+015	1.0000e-010	0.0000e+000
2.300000e+002	2.00087779e-001	-3.89991222e+000	1.35505630e+005	0.00000000e+000	9.7693e+014	1.0000e-010	0.0000e+000
2.400000e+002	2.13638342e-001	-3.88636166e+000	1.35494315e+005	0.00000000e+000	5.7839e+014	1.0000e-010	0.0000e+000
2.500000e+002	2.27187773e-001	-3.87281223e+000	1.35487616e+005	0.00000000e+000	3.4245e+014	1.0000e-010	0.0000e+000
2.600000e+002	-3.19263465e-001	-3.71926347e+000	1.36182249e+006	0.00000000e+000	7.3913e+019	1.0000e-010	1.3848e+020
2.700000e+002	-1.83081217e-001	-3.58308122e+000	7.39907642e+005	0.00000000e+000	3.2651e+019	1.0000e-010	0.0000e+000
2.800000e+002	-1.09090453e-001	-3.50909045e+000	4.43845500e+005	0.00000000e+000	1.5543e+019	1.0000e-010	0.0000e+000
2.900000e+002	-6.47059025e-002	-3.46470590e+000	2.90711452e+005	0.00000000e+000	8.0396e+018	1.0000e-010	0.0000e+000
3.000000e+002	-3.56347573e-002	-3.43563476e+000	2.05678349e+005	0.00000000e+000	4.4643e+018	1.0000e-010	0.0000e+000
3.100000e+002	-1.50669223e-002	-3.41506692e+000	1.55031762e+005	0.00000000e+000	2.6590e+018	1.0000e-010	0.0000e+000
3.200000e+002	4.36253841e-004	-3.39956375e+000	1.22745234e+005	0.00000000e+000	1.6950e+018	1.0000e-010	0.0000e+000
3.300000e+002	1.27107773e-002	-3.38728922e+000	1.00878564e+005	0.00000000e+000	1.1480e+018	1.0000e-010	0.0000e+000
3.400000e+002	2.27986337e-002	-3.37720137e+000	8.52960867e+004	0.00000000e+000	8.1808e+017	1.0000e-010	0.0000e+000
3.500000e+002	3.13282423e-002	-3.36867176e+000	7.37194523e+004	0.00000000e+000	6.0778e+017	1.0000e-010	0.0000e+000
3.600000e+002	3.87001876e-002	-3.36129981e+000	6.48220481e+004	0.00000000e+000	4.6712e+017	1.0000e-010	0.0000e+000
3.700000e+002	4.51823924e-002	-3.35481761e+000	5.77912724e+004	0.00000000e+000	3.6912e+017	1.0000e-010	0.0000e+000
3.800000e+002	5.09615196e-002	-3.34903848e+000	5.21066185e+004	0.00000000e+000	2.9845e+017	1.0000e-010	0.0000e+000
3.900000e+002	5.61721815e-002	-3.34382782e+000	4.74214809e+004	0.00000000e+000	2.4597e+017	1.0000e-010	0.0000e+000
4.000000e+002	6.09143295e-002	-3.33908567e+000	4.34971759e+004	0.00000000e+000	2.0603e+017	1.0000e-010	0.0000e+000
4.100000e+002	6.52640471e-002	-3.33473595e+000	4.01644923e+004	0.00000000e+000	1.7497e+017	1.0000e-010	0.0000e+000
4.200000e+002	6.92804964e-002	-3.33071950e+000	3.73004023e+004	0.00000000e+000	1.5037e+017	1.0000e-010	0.0000e+000
4.300000e+002	7.30105366e-002	-3.32698946e+000	3.48134608e+004	0.00000000e+000	1.3056e+017	1.0000e-010	0.0000e+000
4.400000e+002	7.64918827e-002	-3.32350812e+000	3.26343668e+004	0.00000000e+000	1.1440e+017	1.0000e-010	0.0000e+000
4.500000e+002	7.97553194e-002	-3.32024468e+000	3.07096930e+004	0.00000000e+000	1.0105e+017	1.0000e-010	0.0000e+000
4.600000e+002	8.28262887e-002	-3.31717371e+000	2.89976175e+004	0.00000000e+000	8.9884e+016	1.0000e-010	0.0000e+000
4.700000e+002	8.57260504e-002	-3.31427395e+000	2.74649538e+004	0.00000000e+000	8.0465e+016	1.0000e-010	0.0000e+000
4.800000e+002	8.84725458e-002	-3.31152745e+000	2.60850436e+004	0.00000000e+000	7.2446e+016	1.0000e-010	0.0000e+000
4.900000e+002	9.10810502e-002	-3.30891895e+000	2.48362348e+004	0.00000000e+000	6.5563e+016	1.0000e-010	0.0000e+000
5.000000e+002	9.35646736e-002	-3.30643533e+000	2.37007644e+004	0.00000000e+000	5.9612e+016	1.0000e-010	0.0000e+000
5.100000e+002	9.59347501e-002	-3.30406525e+000	2.26639265e+004	0.00000000e+000	5.4434e+016	1.0000e-010	0.0000e+000
5.200000e+002	9.82011427e-002	-3.30179886e+000	2.17134439e+004	0.00000000e+000	4.9900e+016	1.0000e-010	0.0000e+000
5.300000e+002	1.00372487e-001	-3.29962751e+000	2.08389889e+004	0.00000000e+000	4.5909e+016	1.0000e-010	0.0000e+000
5.400000e+002	1.02456386e-001	-3.29754361e+000	2.00318121e+004	0.00000000e+000	4.2377e+016	1.0000e-010	0.0000e+000
5.500000e+002	1.04459567e-001	-3.29554043e+000	1.92798670e+004	0.00000000e+000	3.9477e+016	1.0000e-010	0.0000e+000
5.600000e+002	1.06387554e-001	-3.29361245e+000	1.85819603e+004	0.00000000e+000	3.6640e+016	1.0000e-010	0.0000e+000
5.700000e+002	1.08245750e-001	-3.29175425e+000	1.79324575e+004	0.00000000e+000	3.4099e+016	1.0000e-010	0.0000e+000
5.800000e+002	1.10038996e-001	-3.28996100e+000	1.73264809e+004	0.00000000e+000	3.1814e+016	1.0000e-010	0.0000e+000
5.900000e+002	1.11771644e-001	-3.28822836e+000	1.67597869e+004	0.00000000e+000	2.9752e+016	1.0000e-010	0.0000e+000
6.000000e+002	1.13447622e-001	-3.28655238e+000	1.62286660e+004	0.00000000e+000	2.7884e+016	1.0000e-010	0.0000e+000
6.100000e+002	1.15070489e-001	-3.28492951e+000	1.57298615e+004	0.00000000e+000	2.6187e+016	1.0000e-010	0.0000e+000
6.200000e+002	1.16643475e-001	-3.28335652e+000	1.52605022e+004	0.00000000e+000	2.4641e+016	1.0000e-010	0.0000e+000
6.300000e+002	1.18169525e-001	-3.28183047e+000	1.48180474e+004	0.00000000e+000	2.3229e+016	1.0000e-010	0.0000e+000
6.400000e+002	1.19651330e-001	-3.28034867e+000	1.44002405e+004	0.00000000e+000	2.1935e+016	1.0000e-010	0.0000e+000
6.500000e+002	1.21091354e-001	-3.27890865e+000	1.40050702e+004	0.00000000e+000	2.0747e+016	1.0000e-010	0.0000e+000
6.600000e+002	1.22491861e-001	-3.27750814e+000	1.36307383e+004	0.00000000e+000	1.9652e+016	1.0000e-010	0.0000e+000
6.700000e+002	1.23854935e-001	-3.27614506e+000	1.32756321e+004	0.00000000e+000	1.8643e+016	1.0000e-010	0.0000e+000
6.800000e+002	1.25182498e-001	-3.27481750e+000	1.29383013e+004	0.00000000e+000	1.7710e+016	1.0000e-010	0.0000e+000
6.900000e+002	1.26476328e-001	-3.27352367e+000	1.26174375e+004	0.00000000e+000	1.6845e+016	1.0000e-010	0.0000e+000
7.000000e+002	1.27738072e-001	-3.27226193e+000	1.23118579e+004	0.00000000e+000	1.6043e+016	1.0000e-010	0.0000e+000
7.100000e+002	1.28969258e-001	-3.27103074e+000	1.20204903e+004	0.00000000e+000	1.5297e+016	1.0000e-010	0.0000e+000
7.200000e+002	1.30171307e-001	-3.26982869e+000	1.17423604e+004	0.00000000e+000	1.4602e+016	1.0000e-010	0.0000e+000
7.300000e+002	1.31345543e-001	-3.26865446e+000	1.14765809e+004	0.00000000e+000	1.3953e+016	1.0000e-010	0.0000e+000
7.400000e+002	1.32493201e-001	-3.26750680e+000	1.12223422e+004	0.00000000e+000	1.3348e+016	1.0000e-010	0.0000e+000
7.500000e+002	1.33615435e-001	-3.26638456e+000	1.09789039e+004	0.00000000e+000	1.2781e+016	1.0000e-010	0.0000e+000
7.600000e+002	1.34713326e-001	-3.26528667e+000	1.07455875e+004	0.00000000e+000	1.2249e+016	1.0000e-010	0.0000e+000
7.700000e+002	1.35787885e-001	-3.26421212e+000	1.05217704e+004	0.00000000e+000	1.1750e+016	1.0000e-010	0.0000e+000
7.800000e+002	1.36840062e-001	-3.26315994e+000	1.03068797e+004	0.00000000e+000	1.1282e+016	1.0000e-010	0.0000e+000
7.900000e+002	1.37870750e-001	-3.26212925e+000	1.01003879e+004	0.00000000e+000	1.0841e+016	1.0000e-010	0.0000e+000
8.000000e+002	1.38880788e-001	-3.26111921e+000	9.90180824e+003	0.00000000e+000	1.0425e+016	1.0000e-010	0.0000e+000
8.100000e+002	1.39870969e-001	-3.26012903e+000	9.71069070e+003	0.00000000e+000	1.0034e+016	1.0000e-010	0.0000e+000
8.200000e+002	1.40842038e-001	-3.25915796e+000	9.52661889e+003	0.00000000e+000	9.6638e+015	1.0000e-010	0.0000e+000
8.300000e+002	1.41794700e-001	-3.25820530e+000	9.34920677e+003	0.00000000e+000	9.3142e+015	1.0000e-010	0.0000e+000
8.400000e+002	1.42729621e-001	-3.25727038e+000	9.17809603e+003	0.00000000e+000	8.9833e+015	1.0000e-010	0.0000e+000
8.500000e+002	1.43647430e-001	-3.25635257e+000	9.01295356e+003	0.00000000e+000	8.6700e+015	1.0000e-010	0.0000e+000
8.600000e+002	1.44548726e-001	-3.25545127e+000	8.85346936e+003	0.00000000e+000	8.3729e+015	1.0000e-010	0.0000e+000
8.700000e+002	1.45434073e-001	-3.25456593e+000	8.69935452e+003	0.00000000e+000	8.0911e+015	1.0000e-010	0.0000e+000
8.800000e+002	1.46304008e-001	-3.25369599e+000	8.55033944e+003	0.00000000e+000	7.8233e+015	1.0000e-010	0.0000e+000
8.900000e+002	1.47159042e-001	-3.25284096e+000	8.40617231e+003	0.00000000e+000	7.5688e+015	1.0000e-010	0.0000e+000
9.000000e+002	1.47999659e-001	-3.25200034e+000	8.26661760e+003	0.00000000e+000	7.3266e+015	1.0000e-010	0.0000e+000
9.100000e+002	1.48826321e-001	-3.25117368e+000	8.13145480e+003	0.00000000e+000	7.0961e+015	1.0000e-010	0.0000e+000
9.200000e+002	1.49639467e-001	-3.25036053e+000	8.00047722e+003	0.00000000e+000	6.8763e+015	1.0000e-010	0.0000e+000
9.300000e+002	1.50439514e-001	-3.24956049e+000	7.87349096e+003	0.00000000e+000	6.6668e+015	1.0000e-010	0.0000e+000
9.400000e+002	1.51226863e-001	-3.24877314e+000	7.75031390e+003	0.00000000e+000	6.4668e+015	1.0000e-010	0.0000e+000
9.500000e+002	1.52001895e-001	-3.24799811e+000	7.63077483e+003	0.00000000e+000	6.2758e+015	1.0000e-010	0.0000e+000
9.600000e+002	1.52764972e-001	-3.24723503e+000	7.51471264e+003	0.00000000e+000	6.0933e+015	1.0000e-010	0.0000e+000
9.700000e+002	1.53516443e-001	-3.24648356e+000	7.40197562e+003	0.00000000e+000	5.9187e+015	1.0000e-010	0.0000e+000
9.800000e+002	1.54256641e-001	-3.24574336e+000	7.29242072e+003	0.00000000e+000	5.7516e+015	1.0000e-010	0.0000e+000
9.900000e+002	1.54985883e-001	-3.24501412e+000	7.18591301e+003	0.00000000e+000	5.5917e+015	1.0000e-010	0.0000e+000
1.000000e+003	1.55704474e-001	-3.24429553e+000	7.08232505e+003	0.00000000e+000	5.4384e+015	1.0000e-010	0.0000e+000
1.010000e+003	1.56412707e-001	-3.24358729e+000	6.98153644e+003	0.00000000e+000	5.2914e+015	1.0000e-010	0.0000e+000
1.020000e+003	1.57110861e-001	-3.24288914e+000	6.88343328e+003	0.00000000e+000	5.1504e+015	1.0000e-010	0.0000e+000
1.030000e+003	1.57799204e-001	-3.24220080e+000	6.78790777e+003	0.00000000e+000	5.0151e+015	1.0000e-010	0.0000e+000
1.040000e+003	1.58477995e-001	-3.24152201e+000	6.69485782e+003	0.00000000e+000	4.8851e+015	1.0000e-010	0.0000e+000
1.050000e+003	1.59147480e-001	-3.24085252e+000	6.60418664e+003	0.00000000e+000	4.7603e+015	1.0000e-010	0.0000e+000
1.060000e+003	1.59807899e-001	-3.24019210e+000	6.51580242e+003	0.00000000e+000	4.6402e+015	1.0000e-010	0.0000e+000
1.070000e+003	1.60459479e-001	-3.23954052e+000	6.42961802e+003	0.00000000e+000	4.5247e+015	1.0000e-010	0.0000e+000
1.080000e+003	1.61102441e-001	-3.23889756e+000	6.34555067e+003	0.00000000e+000	4.4135e+015	1.0000e-010	0.0000e+000
1.090000e+003	1.61736996e-001	-3.23826300e+000	6.26352169e+003	0.00000000e+000	4.3065e+015	1.0000e-010	0.0000e+000
1.100000e+003	1.62363348e-001	-3.23763665e+000	6.18345625e+003	0.00000000e+000	4.2034e+015	1.0000e-010	0.0000e+000
1.110000e+003	1.62981694e-001	-3.23701831e+000	6.10528316e+003	0.00000000e+000	4.1041e+015	1.0000e-010	0.0000e+000
1.120000e+003	1.63592222e-001	-3.23640778e+000	6.02893459e+003	0.00000000e+000	4.0083e+015	1.0000e-010	0.0000e+000
1.130000e+003	1.64195116e-001	-3.23580488e+000	5.95434595e+003	0.00000000e+000	3.9159e+015	1.0000e-010	0.0000e+000
1.140000e+003	1.64790550e-001	-3.23520945e+000	5.88145563e+003	0.00000000e+000	3.8268e+015	1.0000e-010	0.0000e+000
1.150000e+003	1.65378696e-001	-3.23462130e+000	5.81020489e+003	0.00000000e+000	3.7407e+015	1.0000e-010	0.0000e+000
1.160000e+003	1.65959716e-001	-3.23404028e+000	5.74053763e+003	0.00000000e+000	3.6575e+015	1.0000e-010	0.0000e+000
1.170000e+003	1.66533770e-001	-3.23346623e+000	5.67240031e+003	0.00000000e+000	3.5772e+015	1.0000e-010	0.0000e+000
1.180000e+003	1.67101010e-001	-3.23289899e+000	5.60574177e+003	0.00000000e+000	3.4996e+015	1.0000e-010	0.0000e+000
1.190000e+003	1.67661584e-001	-3.23233842e+000	5.54051309e+003	0.00000000e+000	3.4245e+015	1.0000e-010	0.0000e+000
1.200000e+003	1.68215636e-001	-3.23178436e+000	5.47666750e+003	0.00000000e+000	3.3519e+015	1.0000e-010	0.0000e+000
1.210000e+003	1.68763302e-001	-3.23123670e+000	5.41416023e+003	0.00000000e+000	3.2816e+015	1.0000e-010	0.0000e+000
1.220000e+003	1.69304718e-001	-3.23069528e+000	5.35294844e+003	0.00000000e+000	3.2136e+015	1.0000e-010	0.0000e+000
1.230000e+003	1.69840013e-001	-3.23015999e+000	5.29299107e+003	0.00000000e+000	3.1478e+015	1.0000e-010	0.0000e+000
1.240000e+003	1.70369312e-001	-3.22963069e+000	5.23424880e+003	0.00000000e+000	3.0840e+015	1.0000e-010	0.0000e+000
1.250000e+003	1.70892737e-001	-3.22910726e+000	5.17668392e+003	0.00000000e+000	3.0222e+015	1.0000e-010	0.0000e+000
1.260000e+003	1.71410406e-001	-3.22858959e+000	5.12026028e+003	0.00000000e+000	2.9623e+015	1.0000e-010	0.0000e+000
1.270000e+003	1.71922432e-001	-3.22807757e+000	5.06494317e+003	0.00000000e+000	2.9042e+015	1.0000e-010	0.0000e+000
1.280000e+003	1.72428926e-001	-3.22757107e+000	5.01069929e+003	0.00000000e+000	2.8478e+015	1.0000e-010	0.0000e+000
1.290000e+003	1.72929996e-001	-3.22707000e+000	4.95749666e+003	0.00000000e+000	2.7931e+015	1.0000e-010	0.0000e+000
1.300000e+003	1.73425746e-001	-3.22657425e+000	4.90530455e+003	0.00000000e+000	2.7401e+015	1.0000e-010	0.0000e+000
1.310000e+003	1.73916276e-001	-3.22608372e+000	4.85409342e+003	0.00000000e+000	2.6886e+015	1.0000e-010	0.0000e+000
1.320000e+003	1.74401685e-001	-3.22559831e+000	4.80383488e+003	0.00000000e+000	2.6386e+015	1.0000e-010	0.0000e+000
1.330000e+003	1.74882069e-001	-3.22511793e+000	4.75450163e+003	0.00000000e+000	2.5900e+015	1.0000e-010	0.0000e+000
1.340000e+003	1.75357519e-001	-3.22464248e+000	4.70606739e+003	0.00000000e+000	2.5428e+015	1.0000e-010	0.0000e+000
1.350000e+003	1.75828126e-001	-3.22417187e+000	4.65850686e+003	0.00000000e+000	2.4969e+015	1.0000e-010	0.0000e+000
1.360000e+003	1.76293977e-001	-3.22370602e+000	4.61179570e+003	0.00000000e+000	2.4523e+015	1.0000e-010	0.0000e+000
1.370000e+003	1.76755156e-001	-3.22324484e+000	4.56591043e+003	0.00000000e+000	2.4090e+015	1.0000e-010	0.0000e+000
1.380000e+003	1.77211747e-001	-3.22278825e+000	4.52082847e+003	0.00000000e+000	2.3668e+015	1.0000e-010	0.0000e+000
1.390000e+003	1.77663830e-001	-3.22233617e+000	4.47652801e+003	0.00000000e+000	2.3258e+015	1.0000e-010	0.0000e+000
1.400000e+003	1.78111483e-001	-3.22188852e+000	4.43298806e+003	0.00000000e+000	2.2859e+015	1.0000e-010	0.0000e+000
1.410000e+003	1.78554782e-001	-3.22144522e+000	4.39018835e+003	0.00000000e+000	2.2470e+015	1.0000e-010	0.0000e+000
1.420000e+003	1.78993800e-001	-3.22100620e+000	4.34810933e+003	0.00000000e+000	2.2092e+015	1.0000e-010	0.0000e+000
1.430000e+003	1.79428611e-001	-3.22057139e+000	4.30673212e+003	0.00000000e+000	2.1723e+015	1.0000e-010	0.0000e+000
1.440000e+003	1.79859285e-001	-3.22014072e+000	4.26603852e+003	0.00000000e+000	2.1364e+015	1.0000e-010	0.0000e+000
1.450000e+003	1.80285888e-001	-3.21971411e+000	4.22601092e+003	0.00000000e+000	2.1015e+015	1.0000e-010	0.0000e+000
1.460000e+003	1.80708490e-001	-3.21929151e+000	4.18663233e+003	0.00000000e+000	2.0674e+015	1.0000e-010	0.0000e+000
1.470000e+003	1.81127153e-001	-3.21887285e+000	4.14788633e+003	0.00000000e+000	2.0342e+015	1.0000e-010	0.0000e+000
1.480000e+003	1.81541941e-001	-3.21845806e+000	4.10975704e+003	0.00000000e+000	2.0018e+015	1.0000e-010	0.0000e+000
1.490000e+003	1.81952917e-001	-3.21804708e+000	4.07222910e+003	0.00000000e+000	1.9702e+015	1.0000e-010	0.0000e+000
1.500000e+003	1.82360140e-001	-3.21763986e+000	4.03528768e+003	0.00000000e+000	1.9394e+015	1.0000e-010	0.0000e+000
1.510000e+003	1.82763669e-001	-3.21723633e+000	3.99891841e+003	0.00000000e+000	1.9094e+015	1.0000e-010	0.0000e+000
1.520000e+003	1.83163561e-001	-3.21683644e+000	3.96310738e+003	0.00000000e+000	1.8801e+015	1.0000e-010	0.0000e+000
1.530000e+003	1.83559871e-001	-3.21644013e+000	3.92784116e+003	0.00000000e+000	1.8515e+015	1.0000e-010	0.0000e+000
1.540000e+003	1.83952655e-001	-3.21604734e+000	3.89310670e+003	0.00000000e+000	1.8236e+015	1.0000e-010	0.0000e+000
1.550000e+003	1.84341966e-001	-3.21565803e+000	3.85889140e+003	0.00000000e+000	1.7963e+015	1.0000e-010	0.0000e+000
1.560000e+003	1.84727855e-001	-3.21527214e+000	3.82518303e+003	0.00000000e+000	1.7697e+015	1.0000e-010	0.0000e+000
1.570000e+003	1.85110374e-001	-3.21488963e+000	3.79196975e+003	0.00000000e+000	1.7437e+015	1.0000e-010	0.0000e+000
1.580000e+003	1.85489571e-001	-3.21451043e+000	3.75924009e+003	0.00000000e+000	1.7183e+015	1.0000e-010	0.0000e+000
1.590000e+003	1.85865495e-001	-3.21413451e+000	3.72698293e+003	0.00000000e+000	1.6935e+015	1.0000e-010	0.0000e+000
1.600000e+003	1.86238193e-001	-3.21376181e+000	3.69518746e+003	0.00000000e+000	1.6693e+015	1.0000e-010	0.0000e+000
1.610000e+003	1.86607712e-001	-3.21339229e+000	3.66384324e+003	0.00000000e+000	1.6456e+015	1.0000e-010	0.0000e+000
1.620000e+003	1.86974096e-001	-3.21302590e+000	3.63294010e+003	0.00000000e+000	1.6224e+015	1.0000e-010	0.0000e+000
1.630000e+003	1.87337390e-001	-3.21266261e+000	3.60246821e+003	0.00000000e+000	1.5998e+015	1.0000e-010	0.0000e+000
1.640000e+003	1.87697637e-001	-3.21230236e+000	3.57241799e+003	0.00000000e+000	1.5776e+015	1.0000e-010	0.0000e+000
1.650000e+003	1.88054879e-001	-3.21194512e+000	3.54278018e+003	0.00000000e+000	1.5560e+015	1.0000e-010	0.0000e+000
1.660000e+003	1.88409157e-001	-3.21159084e+000	3.51354575e+003	0.00000000e+000	1.5348e+015	1.0000e-010	0.0000e+000
1.670000e+003	1.88760511e-001	-3.21123949e+000	3.48470596e+003	0.00000000e+000	1.5141e+015	1.0000e-010	0.0000e+000
1.680000e+003	1.89108982e-001	-3.21089102e+000	3.45625231e+003	0.00000000e+000	1.4938e+015	1.0000e-010	0.0000e+000
1.690000e+003	1.89454607e-001	-3.21054539e+000	3.42817653e+003	0.00000000e+000	1.4740e+015	1.0000e-010	0.0000e+000
1.700000e+003	1.89797425e-001	-3.21020258e+000	3.40047061e+003	0.00000000e+000	1.4546e+015	1.0000e-010	0.0000e+000
1.710000e+003	1.90137472e-001	-3.20986253e+000	3.37312673e+003	0.00000000e+000	1.4356e+015	1.0000e-010	0.0000e+000
1.720000e+003	1.90474784e-001	-3.20952522e+000	3.34613731e+003	0.00000000e+000	1.4169e+015	1.0000e-010	0.0000e+000
1.730000e+003	1.90809398e-001	-3.20919060e+000	3.31949497e+003	0.00000000e+000	1.3987e+015	1.0000e-010	0.0000e+000
1.740000e+003	1.91141348e-001	-3.20885865e+000	3.29319255e+003	0.00000000e+000	1.3809e+015	1.0000e-010	0.0000e+000
1.750000e+003	1.91470667e-001	-3.20852933e+000	3.26722306e+003	0.00000000e+000	1.3634e+015	1.0000e-010	0.0000e+000
1.760000e+003	1.91797389e-001	-3.20820261e+000	3.24157971e+003	0.00000000e+000	1.3463e+015	1.0000e-010	0.0000e+000
1.770000e+003	1.92121547e-001	-3.20787845e+000	3.21625589e+003	0.00000000e+000	1.3295e+015	1.0000e-010	0.0000e+000
1.780000e+003	1.92443173e-001	-3.20755683e+000	3.19124518e+003	0.00000000e+000	1.3131e+015	1.0000e-010	0.0000e+000
1.790000e+003	1.92762297e-001	-3.20723770e+000	3.16654131e+003	0.00000000e+000	1.2970e+015	1.0000e-010	0.0000e+000
1.800000e+003	1.93078951e-001	-3.20692105e+000	3.14213819e+003	0.00000000e+000	1.2812e+015	1.0000e-010	0.0000e+000
1.810000e+003	1.93393165e-001	-3.20660683e+000	3.11802987e+003	0.00000000e+000	1.2657e+015	1.0000e-010	0.0000e+000
1.820000e+003	1.93704968e-001	-3.20629503e+000	3.09421058e+003	0.00000000e+000	1.2505e+015	1.0000e-010	0.0000e+000
1.830000e+003	1.94014389e-001	-3.20598561e+000	3.07067468e+003	0.00000000e+000	1.2356e+015	1.0000e-010	0.0000e+000
1.840000e+003	1.94321457e-001	-3.20567854e+000	3.04741669e+003	0.00000000e+000	1.2210e+015	1.0000e-010	0.0000e+000
1.850000e+003	1.94626198e-001	-3.20537380e+000	3.02443125e+003	0.00000000e+000	1.2067e+015	1.0000e-010	0.0000e+000
1.860000e+003	1.94928641e-001	-3.20507136e+000	3.00171315e+003	0.00000000e+000	1.1927e+015	1.0000e-010	0.0000e+000
1.870000e+003	1.95228813e-001	-3.20477119e+000	2.97925731e+003	0.00000000e+000	1.1789e+015	1.0000e-010	0.0000e+000
1.880000e+003	1.95526739e-001	-3.20447326e+000	2.95705877e+003	0.00000000e+000	1.1654e+015	1.0000e-010	0.0000e+000
1.890000e+003	1.95822444e-001	-3.20417756e+000	2.93511270e+003	0.00000000e+000	1.1522e+015	1.0000e-010	0.0000e+000
1.900000e+003	1.96115956e-001	-3.20388404e+000	2.91341438e+003	0.00000000e+000	1.1392e+015	1.0000e-010	0.0000e+000
1.910000e+003	1.96407297e-001	-3.20359270e+000	2.89195923e+003	0.00000000e+000	1.1264e+015	1.0000e-010	0.0000e+000
1.920000e+003	1.96696493e-001	-3.20330351e+000	2.87074274e+003	0.00000000e+000	1.1139e+015	1.0000e-010	0.0000e+000
1.930000e+003	1.96983567e-001	-3.20301643e+000	2.84976056e+003	0.00000000e+000	1.1016e+015	1.0000e-010	0.0000e+000
1.940000e+003	1.97268543e-001	-3.20273146e+000	2.82900839e+003	0.00000000e+000	1.0895e+015	1.0000e-010	0.0000e+000
1.950000e+003	1.97551444e-001	-3.20244856e+000	2.80848208e+003	0.00000000e+000	1.0776e+015	1.0000e-010	0.0000e+000
1.960000e+003	1.97832292e-001	-3.20216771e+000	2.78817756e+003	0.00000000e+000	1.0660e+015	1.0000e-010	0.0000e+000
1.970000e+003	1.98111110e-001	-3.20188889e+000	2.76809085e+003	0.00000000e+000	1.0546e+015	1.0000e-010	0.0000e+000
1.980000e+003	1.98387919e-001	-3.20161208e+000	2.74821807e+003	0.00000000e+000	1.0433e+015	1.0000e-010	0.0000e+000
1.990000e+003	1.98662741e-001	-3.20133726e+000	2.72855543e+003	0.00000000e+000	1.0323e+015	1.0000e-010	0.0000e+000
2.000000e+003	1.98935597e-001	-3.20106440e+000	2.70909922e+003	0.00000000e+000	1.0215e+015	1.0000e-010	0.0000e+000
2.010000e+003	1.99206507e-001	-3.20079349e+000	2.68984584e+003	0.00000000e+000	1.0108e+015	1.0000e-010	0.0000e+000
2.020000e+003	1.99475491e-001	-3.20052451e+000	2.67079175e+003	0.00000000e+000	1.0003e+015	1.0000e-010	0.0000e+000
2.030000e+003	1.99742570e-001	-3.20025743e+000	2.65193349e+003	0.00000000e+000	9.9006e+014	1.0000e-010	0.0000e+000
2.040000e+003	2.00007764e-001	-3.19999224e+000	2.63326770e+003	0.00000000e+000	9.7996e+014	1.0000e-010	0.0000e+000
2.050000e+003	2.00271090e-001	-3.19972891e+000	2.61479107e+003	0.00000000e+000	9.7003e+014	1.0000e-010	0.0000e+000
2.060000e+003	2.00532570e-001	-3.19946743e+000	2.59650038e+003	0.00000000e+000	9.6026e+014	1.0000e-010	0.0000e+000
2.070000e+003	2.00792220e-001	-3.19920778e+000	2.57839247e+003	0.00000000e+000	9.5067e+014	1.0000e-010	0.0000e+000
2.080000e+003	2.01050059e-001	-3.19894994e+000	2.56046427e+003	0.00000000e+000	9.4123e+014	1.0000e-010	0.0000e+000
2.090000e+003	2.01306105e-001	-3.19869389e+000	2.54271276e+003	0.00000000e+000	9.3196e+014	1.0000e-010	0.0000e+000
2.100000e+003	2.01560377e-001	-3.19843962e+000	2.52513500e+003	0.00000000e+000	9.2284e+014	1.0000e-010	0.0000e+000
2.110000e+003	2.01812890e-001	-3.19818711e+000	2.50772809e+003	0.00000000e+000	9.1387e+014	1.0000e-010	0.0000e+000
2.120000e+003	2.02063663e-001	-3.19793634e+000	2.49048921e+003	0.00000000e+000	9.0504e+014	1.0000e-010	0.0000e+000
2.130000e+003	2.02312712e-001	-3.19768729e+000	2.47341562e+003	0.00000000e+000	8.9637e+014	1.0000e-010	0.0000e+000
2.140000e+003	2.02560053e-001	-3.19743995e+000	2.45650459e+003	0.00000000e+000	8.8783e+014	1.0000e-010	0.0000e+000
2.150000e+003	2.02805704e-001	-3.19719430e+000	2.43975350e+003	0.00000000e+000	8.7944e+014	1.0000e-010	0.0000e+000
2.160000e+003	2.03049679e-001	-3.19695032e+000	2.42315975e+003	0.00000000e+000	8.7117e+014	1.0000e-010	0.0000e+000
2.170000e+003	2.03291995e-001	-3.19670800e+000	2.40672081e+003	0.00000000e+000	8.6305e+014	1.0000e-010	0.0000e+000
2.180000e+003	2.03532667e-001	-3.19646733e+000	2.39043420e+003	0.00000000e+000	8.5505e+014	1.0000e-010	0.0000e+000
2.190000e+003	2.03771711e-001	-3.19622829e+000	2.37429749e+003	0.00000000e+000	8.4718e+014	1.0000e-010	0.0000e+000
2.200000e+003	2.04009140e-001	-3.19599086e+000	2.35830831e+003	0.00000000e+000	8.3943e+014	1.0000e-010	0.0000e+000
2.210000e+003	2.04244971e-001	-3.19575503e+000	2.34246432e+003	0.00000000e+000	8.3181e+014	1.0000e-010	0.0000e+000
2.220000e+003	2.04479218e-001	-3.19552078e+000	2.32676325e+003	0.00000000e+000	8.2431e+014	1.0000e-010	0.0000e+000
2.230000e+003	2.04711894e-001	-3.19528811e+000	2.31120286e+003	0.00000000e+000	8.1692e+014	1.0000e-010	0.0000e+000
2.240000e+003	2.04943014e-001	-3.19505699e+000	2.29578096e+003	0.00000000e+000	8.0965e+014	1.0000e-010	0.0000e+000
2.250000e+003	2.05172592e-001	-3.19482741e+000	2.28049541e+003	0.00000000e+000	8.0249e+014	1.0000e-010	0.0000e+000
2.260000e+003	2.05400642e-001	-3.19459936e+000	2.26534410e+003	0.00000000e+000	7.9545e+014	1.0000e-010	0.0000e+000
2.270000e+003	2.05627176e-001	-3.19437282e+000	2.25032498e+003	0.00000000e+000	7.8851e+014	1.0000e-010	0.0000e+000
2.280000e+003	2.05852209e-001	-3.19414779e+000	2.23543603e+003	0.00000000e+000	7.8167e+014	1.0000e-010	0.0000e+000
2.290000e+003	2.06075752e-001	-3.19392425e+000	2.22067527e+003	0.00000000e+000	7.7494e+014	1.0000e-010	0.0000e+000
2.300000e+003	2.06297820e-001	-3.19370218e+000	2.20604076e+003	0.00000000e+000	7.6831e+014	1.0000e-010	0.0000e+000
2.310000e+003	2.06518424e-001	-3.19348158e+000	2.19153060e+003	0.00000000e+000	7.6179e+014	1.0000e-010	0.0000e+000
2.320000e+003	2.06737577e-001	-3.19326242e+000	2.17714293e+003	0.00000000e+000	7.5536e+014	1.0000e-010	0.0000e+000
2.330000e+003	2.06955291e-001	-3.19304471e+000	2.16287592e+003	0.00000000e+000	7.4902e+014	1.0000e-010	0.0000e+000
2.340000e+003	2.07171579e-001	-3.19282842e+000	2.14872777e+003	0.00000000e+000	7.4278e+014	1.0000e-010	0.0000e+000
2.350000e+003	2.07386452e-001	-3.19261355e+000	2.13469673e+003	0.00000000e+000	7.3663e+014	1.0000e-010	0.0000e+000
2.360000e+003	2.07599921e-001	-3.19240008e+000	2.12078107e+003	0.00000000e+000	7.3057e+014	1.0000e-010	0.0000e+000
2.370000e+003	2.07811999e-001	-3.19218800e+000	2.10697910e+003	0.00000000e+000	7.2461e+014	1.0000e-010	0.0000e+000
2.380000e+003	2.08022697e-001	-3.19197730e+000	2.09328916e+003	0.00000000e+000	7.1872e+014	1.0000e-010	0.0000e+000
2.390000e+003	2.08232026e-001	-3.19176797e+000	2.07970963e+003	0.00000000e+000	7.1293e+014	1.0000e-010	0.0000e+000
2.400000e+003	2.08439997e-001	-3.19156000e+000	2.06623890e+003	0.00000000e+000	7.0722e+014	1.0000e-010	0.0000e+000
2.410000e+003	2.08646621e-001	-3.19135338e+000	2.05287540e+003	0.00000000e+000	7.0159e+014	1.0000e-010	0.0000e+000
2.420000e+003	2.08851909e-001	-3.19114809e+000	2.03961761e+003	0.00000000e+000	6.9604e+014	1.0000e-010	0.0000e+000
2.430000e+003	2.09055870e-001	-3.19094413e+000	2.02646400e+003	0.00000000e+000	6.9057e+014	1.0000e-010	0.0000e+000
2.440000e+003	2.09258517e-001	-3.19074148e+000	2.01341310e+003	0.00000000e+000	6.8517e+014	1.0000e-010	0.0000e+000
2.450000e+003	2.09459858e-001	-3.19054014e+000	2.00046344e+003	0.00000000e+000	6.7986e+014	1.0000e-010	0.0000e+000
2.460000e+003	2.09659904e-001	-3.19034010e+000	1.98761360e+003	0.00000000e+000	6.7462e+014	1.0000e-010	0.0000e+000
2.470000e+003	2.09858666e-001	-3.19014133e+000	1.97486218e+003	0.00000000e+000	6.6945e+014	1.0000e-010	0.0000e+000
2.480000e+003	2.10056152e-001	-3.18994385e+000	1.96220780e+003	0.00000000e+000	6.6436e+014	1.0000e-010	0.0000e+000
2.490000e+003	2.10252373e-001	-3.18974763e+000	1.94964911e+003	0.00000000e+000	6.5933e+014	1.0000e-010	0.0000e+000
2.500000e+003	2.10447338e-001	-3.18955266e+000	1.93718477e+003	0.00000000e+000	6.5438e+014	1.0000e-010	0.0000e+000
2.510000e+003	2.10641056e-001	-3.18935894e+000	1.92481348e+003	0.00000000e+000	6.4949e+014	1.0000e-010	0.0000e+000
2.520000e+003	2.10833538e-001	-3.18916646e+000	1.91253396e+003	0.00000000e+000	6.4468e+014	1.0000e-010	0.0000e+000
2.530000e+003	2.11024791e-001	-3.18897521e+000	1.90034495e+003	0.00000000e+000	6.3993e+014	1.0000e-010	0.0000e+000
2.540000e+003	2.11214825e-001	-3.18878517e+000	1.88824521e+003	0.00000000e+000	6.3524e+014	1.0000e-010	0.0000e+000
2.550000e+003	2.11403650e-001	-3.18859635e+000	1.87623352e+003	0.00000000e+000	6.3062e+014	1.0000e-010	0.0000e+000
2.560000e+003	2.11591273e-001	-3.18840873e+000	1.86430870e+003	0.00000000e+000	6.2606e+014	1.0000e-010	0.0000e+000
2.570000e+003	2.11777704e-001	-3.18822230e+000	1.85246956e+003	0.00000000e+000	6.2156e+014	1.0000e-010	0.0000e+000
2.580000e+003	2.11962951e-001	-3.18803705e+000	1.84071495e+003	0.00000000e+000	6.1712e+014	1.0000e-010	0.0000e+000
2.590000e+003	2.12147023e-001	-3.18785298e+000	1.82904374e+003	0.00000000e+000	6.1274e+014	1.0000e-010	0.0000e+000
2.600000e+003	2.12329927e-001	-3.18767007e+000	1.81745482e+003	0.00000000e+000	6.0842e+014	1.0000e-010	0.0000e+000
2.610000e+003	2.12511673e-001	-3.18748833e+000	1.80594708e+003	0.00000000e+000	6.0416e+014	1.0000e-010	0.0000e+000
2.620000e+003	2.12692267e-001	-3.18730773e+000	1.79451945e+003	0.00000000e+000	5.9995e+014	1.0000e-010	0.0000e+000
2.630000e+003	2.12871719e-001	-3.18712828e+000	1.78317087e+003	0.00000000e+000	5.9580e+014	1.0000e-010	0.0000e+000
2.640000e+003	2.13050036e-001	-3.18694996e+000	1.77190030e+003	0.00000000e+000	5.9171e+014	1.0000e-010	0.0000e+000
2.650000e+003	2.13227226e-001	-3.18677277e+000	1.76070672e+003	0.00000000e+000	5.8767e+014	1.0000e-010	0.0000e+000
2.660000e+003	2.13403297e-001	-3.18659670e+000	1.74958911e+003	0.00000000e+000	5.8368e+014	1.0000e-010	0.0000e+000
2.670000e+003	2.13578256e-001	-3.18642174e+000	1.73854649e+003	0.00000000e+000	5.7974e+014	1.0000e-010	0.0000e+000
2.680000e+003	2.13752111e-001	-3.18624789e+000	1.72757788e+003	0.00000000e+000	5.7585e+014	1.0000e-010	0.0000e+000
2.690000e+003	2.13924868e-001	-3.18607513e+000	1.71668233e+003	0.00000000e+000	5.7202e+014	1.0000e-010	0.0000e+000
2.700000e+003	2.14096537e-001	-3.18590346e+000	1.70585889e+003	0.00000000e+000	5.6823e+014	1.0000e-010	0.0000e+000
2.710000e+003	2.14267122e-001	-3.18573288e+000	1.69510663e+003	0.00000000e+000	5.6450e+014	1.0000e-010	0.0000e+000
2.720000e+003	2.14436633e-001	-3.18556337e+000	1.68442464e+003	0.00000000e+000	5.6081e+014	1.0000e-010	0.0000e+000
2.730000e+003	2.14605076e-001	-3.18539492e+000	1.67381203e+003	0.00000000e+000	5.5716e+014	1.0000e-010	0.0000e+000
2.740000e+003	2.14772457e-001	-3.18522754e+000	1.66326790e+003	0.00000000e+000	5.5357e+014	1.0000e-010	0.0000e+000
2.750000e+003	2.14938784e-001	-3.18506122e+000	1.65279140e+003	0.00000000e+000	5.5002e+014	1.0000e-010	0.0000e+000
2.760000e+003	2.15104063e-001	-3.18489594e+000	1.64238167e+003	0.00000000e+000	5.4651e+014	1.0000e-010	0.0000e+000
2.770000e+003	2.15268301e-001	-3.18473170e+000	1.63203785e+003	0.00000000e+000	5.4305e+014	1.0000e-010	0.0000e+000
2.780000e+003	2.15431505e-001	-3.18456850e+000	1.62175914e+003	0.00000000e+000	5.3963e+014	1.0000e-010	0.0000e+000
2.790000e+003	2.15593681e-001	-3.18440632e+000	1.61154470e+003	0.00000000e+000	5.3626e+014	1.0000e-010	0.0000e+000
2.800000e+003	2.15754835e-001	-3.18424516e+000	1.60139374e+003	0.00000000e+000	5.3293e+014	1.0000e-010	0.0000e+000
2.810000e+003	2.15914974e-001	-3.18408503e+000	1.59130546e+003	0.00000000e+000	5.2964e+014	1.0000e-010	0.0000e+000
2.820000e+003	2.16074105e-001	-3.18392590e+000	1.58127909e+003	0.00000000e+000	5.2639e+014	1.0000e-010	0.0000e+000
2.830000e+003	2.16232233e-001	-3.18376777e+000	1.57131386e+003	0.00000000e+000	5.2318e+014	1.0000e-010	0.0000e+000
2.840000e+003	2.16389364e-001	-3.18361064e+000	1.56140902e+003	0.00000000e+000	5.2001e+014	1.0000e-010	0.0000e+000
2.850000e+003	2.16545505e-001	-3.18345449e+000	1.55156382e+003	0.00000000e+000	5.1687e+014	1.0000e-010	0.0000e+000
2.860000e+003	2.16700662e-001	-3.18329934e+000	1.54177753e+003	0.00000000e+000	5.1378e+014	1.0000e-010	0.0000e+000
2.870000e+003	2.16854839e-001	-3.18314516e+000	1.53204943e+003	0.00000000e+000	5.1073e+014	1.0000e-010	0.0000e+000
2.880000e+003	2.17008044e-001	-3.18299196e+000	1.52237881e+003	0.00000000e+000	5.0771e+014	1.0000e-010	0.0000e+000
2.890000e+003	2.17160282e-001	-3.18283972e+000	1.51276498e+003	0.00000000e+000	5.0473e+014	1.0000e-010	0.0000e+000
2.900000e+003	2.17311559e-001	-3.18268844e+000	1.50320723e+003	0.00000000e+000	5.0178e+014	1.0000e-010	0.0000e+000
2.910000e+003	2.17461879e-001	-3.18253812e+000	1.49370490e+003	0.00000000e+000	4.9887e+014	1.0000e-010	0.0000e+000
2.920000e+003	2.17611250e-001	-3.18238875e+000	1.48425732e+003	0.00000000e+000	4.9600e+014	1.0000e-010	0.0000e+000
2.930000e+003	2.17759676e-001	-3.18224032e+000	1.47486382e+003	0.00000000e+000	4.9316e+014	1.0000e-010	0.0000e+000
2.940000e+003	2.17907162e-001	-3.18209284e+000	1.46552376e+003	0.00000000e+000	4.9035e+014	1.0000e-010	0.0000e+000
2.950000e+003	2.18053714e-001	-3.18194629e+000	1.45623649e+003	0.00000000e+000	4.8758e+014	1.0000e-010	0.0000e+000
2.960000e+003	2.18199338e-001	-3.18180066e+000	1.44700140e+003	0.00000000e+000	4.8484e+014	1.0000e-010	0.0000e+000
2.970000e+003	2.18344038e-001	-3.18165596e+000	1.43781785e+003	0.00000000e+000	4.8214e+014	1.0000e-010	0.0000e+000
2.980000e+003	2.18487820e-001	-3.18151218e+000	1.42868524e+003	0.00000000e+000	4.7946e+014	1.0000e-010	0.0000e+000
2.990000e+003	2.18630688e-001	-3.18136931e+000	1.41960296e+003	0.00000000e+000	4.7682e+014	1.0000e-010	0.0000e+000
3.000000e+003	2.18772649e-001	-3.18122735e+000	1.41057041e+003	0.00000000e+000	4.7421e+014	1.0000e-010	0.0000e+000
3.010000e+003	2.18913706e-001	-3.18108629e+000	1.40158702e+003	0.00000000e+000	4.7163e+014	1.0000e-010	0.0000e+000
3.020000e+003	2.19053864e-001	-3.18094614e+000	1.39265219e+003	0.00000000e+000	4.6908e+014	1.0000e-010	0.0000e+000
3.030000e+003	2.19193130e-001	-3.18080687e+000	1.38376537e+003	0.00000000e+000	4.6656e+014	1.0000e-010	0.0000e+000
3.040000e+003	2.19331506e-001	-3.18066849e+000	1.37492599e+003	0.00000000e+000	4.6407e+014	1.0000e-010	0.0000e+000
3.050000e+003	2.19468999e-001	-3.18053100e+000	1.36613350e+003	0.00000000e+000	4.6161e+014	1.0000e-010	0.0000e+000
3.060000e+003	2.19605612e-001	-3.18039439e+000	1.35738735e+003	0.00000000e+000	4.5917e+014	1.0000e-010	0.0000e+000
3.070000e+003	2.19741351e-001	-3.18025865e+000	1.34868700e+003	0.00000000e+000	4.5677e+014	1.0000e-010	0.0000e+000
3.080000e+003	2.19876220e-001	-3.18012378e+000	1.34003192e+003	0.00000000e+000	4.5439e+014	1.0000e-010	0.0000e+000
3.090000e+003	2.20010223e-001	-3.17998978e+000	1.33142159e+003	0.00000000e+000	4.5204e+014	1.0000e-010	0.0000e+000
3.100000e+003	2.20143365e-001	-3.17985664e+000	1.32285549e+003	0.00000000e+000	4.4972e+014	1.0000e-010	0.0000e+000
3.110000e+003	2.20275650e-001	-3.17972435e+000	1.31433311e+003	0.00000000e+000	4.4743e+014	1.0000e-010	0.0000e+000
3.120000e+003	2.20407084e-001	-3.17959292e+000	1.30585395e+003	0.00000000e+000	4.4516e+014	1.0000e-010	0.0000e+000
3.130000e+003	2.20537669e-001	-3.17946233e+000	1.29741752e+003	0.00000000e+000	4.4291e+014	1.0000e-010	0.0000e+000
3.140000e+003	2.20667411e-001	-3.17933259e+000	1.28902331e+003	0.00000000e+000	4.4070e+014	1.0000e-010	0.0000e+000
3.150000e+003	2.20796313e-001	-3.17920369e+000	1.28067086e+003	0.00000000e+000	4.3851e+014	1.0000e-010	0.0000e+000
3.160000e+003	2.20924380e-001	-3.17907562e+000	1.27235968e+003	0.00000000e+000	4.3634e+014	1.0000e-010	0.0000e+000
3.170000e+003	2.21051616e-001	-3.17894838e+000	1.26408930e+003	0.00000000e+000	4.3420e+014	1.0000e-010	0.0000e+000
3.180000e+003	2.21178025e-001	-3.17882197e+000	1.25585927e+003	0.00000000e+000	4.3208e+014	1.0000e-010	0.0000e+000
3.190000e+003	2.21303611e-001	-3.17869639e+000	1.24766912e+003	0.00000000e+000	4.2998e+014	1.0000e-010	0.0000e+000
3.200000e+003	2.21428378e-001	-3.17857162e+000	1.23951840e+003	0.00000000e+000	4.2791e+014	1.0000e-010	0.0000e+000
3.210000e+003	2.21552330e-001	-3.17844767e+000	1.23140667e+003	0.00000000e+000	4.2587e+014	1.0000e-010	0.0000e+000
3.220000e+003	2.21675471e-001	-3.17832453e+000	1.22333349e+003	0.00000000e+000	4.2384e+014	1.0000e-010	0.0000e+000
3.230000e+003	2.21797804e-001	-3.17820220e+000	1.21529842e+003	0.00000000e+000	4.2184e+014	1.0000e-010	0.0000e+000
3.240000e+003	2.21919334e-001	-3.17808067e+000	1.20730103e+003	0.00000000e+000	4.1986e+014	1.0000e-010	0.0000e+000
3.250000e+003	2.22040064e-001	-3.17795994e+000	1.19934090e+003	0.00000000e+000	4.1791e+014	1.0000e-010	0.0000e+000
3.260000e+003	2.22159998e-001	-3.17784000e+000	1.19141762e+003	0.00000000e+000	4.1597e+014	1.0000e-010	0.0000e+000
3.270000e+003	2.22279140e-001	-3.17772086e+000	1.18353077e+003	0.00000000e+000	4.1406e+014	1.0000e-010	0.0000e+000
3.280000e+003	2.22397493e-001	-3.17760251e+000	1.17567994e+003	0.00000000e+000	4.1217e+014	1.0000e-010	0.0000e+000
3.290000e+003	2.22515061e-001	-3.17748494e+000	1.16786473e+003	0.00000000e+000	4.1030e+014	1.0000e-010	0.0000e+000
3.300000e+003	2.22631847e-001	-3.17736815e+000	1.16008475e+003	0.00000000e+000	4.0845e+014	1.0000e-010	0.0000e+000
3.310000e+003	2.22747856e-001	-3.17725214e+000	1.15233961e+003	0.00000000e+000	4.0662e+014	1.0000e-010	0.0000e+000
3.320000e+003	2.22863090e-001	-3.17713691e+000	1.14462891e+003	0.00000000e+000	4.0481e+014	1.0000e-010	0.0000e+000
3.330000e+003	2.22977553e-001	-3.17702245e+000	1.13695227e+003	0.00000000e+000	4.0302e+014	1.0000e-010	0.0000e+000
3.340000e+003	2.23091248e-001	-3.17690875e+000	1.12930933e+003	0.00000000e+000	4.0126e+014	1.0000e-010	0.0000e+000
3.350000e+003	2.23204179e-001	-3.17679582e+000	1.12169969e+003	0.00000000e+000	3.9951e+014	1.0000e-010	0.0000e+000
3.360000e+003	2.23316349e-001	-3.17668365e+000	1.11412301e+003	0.00000000e+000	3.9778e+014	1.0000e-010	0.0000e+000
3.370000e+003	2.23427761e-001	-3.17657224e+000	1.10657890e+003	0.00000000e+000	3.9607e+014	1.0000e-010	0.0000e+000
3.380000e+003	2.23538419e-001	-3.17646158e+000	1.09906702e+003	0.00000000e+000	3.9437e+014	1.0000e-010	0.0000e+000
3.390000e+003	2.23648326e-001	-3.17635167e+000	1.09158701e+003	0.00000000e+000	3.9270e+014	1.0000e-010	0.0000e+000
3.400000e+003	2.23757484e-001	-3.17624252e+000	1.08413851e+003	0.00000000e+000	3.9105e+014	1.0000e-010	0.0000e+000
3.410000e+003	2.23865898e-001	-3.17613410e+000	1.07672119e+003	0.00000000e+000	3.8941e+014	1.0000e-010	0.0000e+000
3.420000e+003	2.23973570e-001	-3.17602643e+000	1.06933469e+003	0.00000000e+000	3.8779e+014	1.0000e-010	0.0000e+000
3.430000e+003	2.24080504e-001	-3.17591950e+000	1.06197869e+003	0.00000000e+000	3.8619e+014	1.0000e-010	0.0000e+000
3.440000e+003	2.24186702e-001	-3.17581330e+000	1.05465284e+003	0.00000000e+000	3.8461e+014	1.0000e-010	0.0000e+000
3.450000e+003	2.24292167e-001	-3.17570783e+000	1.04735681e+003	0.00000000e+000	3.8304e+014	1.0000e-010	0.0000e+000
3.460000e+003	2.24396903e-001	-3.17560310e+000	1.04009029e+003	0.00000000e+000	3.8149e+014	1.0000e-010	0.0000e+000
3.470000e+003	2.24500912e-001	-3.17549909e+000	1.03285294e+003	0.00000000e+000	3.7996e+014	1.0000e-010	0.0000e+000
3.480000e+003	2.24604197e-001	-3.17539580e+000	1.02564444e+003	0.00000000e+000	3.7845e+014	1.0000e-010	0.0000e+000
3.490000e+003	2.24706761e-001	-3.17529324e+000	1.01846449e+003	0.00000000e+000	3.7695e+014	1.0000e-010	0.0000e+000
3.500000e+003	2.24808608e-001	-3.17519139e+000	1.01131277e+003	0.00000000e+000	3.7547e+014	1.0000e-010	0.0000e+000
3.510000e+003	2.24909739e-001	-3.17509026e+000	1.00418898e+003	0.00000000e+000	3.7400e+014	1.0000e-010	0.0000e+000
3.520000e+003	2.25010158e-001	-3.17498984e+000	9.97092798e+002	0.00000000e+000	3.7255e+014	1.0000e-010	0.0000e+000
3.530000e+003	2.25109867e-001	-3.17489013e+000	9.90023936e+002	0.00000000e+000	3.7112e+014	1.0000e-010	0.0000e+000
3.540000e+003	2.25208870e-001	-3.17479113e+000	9.82982092e+002	0.00000000e+000	3.6970e+014	1.0000e-010	0.0000e+000
3.550000e+003	2.25307168e-001	-3.17469283e+000	9.75966973e+002	0.00000000e+000	3.6829e+014	1.0000e-010	0.0000e+000
3.560000e+003	2.25404765e-001	-3.17459524e+000	9.68978288e+002	0.00000000e+000	3.6691e+014	1.0000e-010	0.0000e+000
3.570000e+003	2.25501662e-001	-3.17449834e+000	9.62015749e+002	0.00000000e+000	3.6553e+014	1.0000e-010	0.0000e+000
3.580000e+003	2.25597864e-001	-3.17440214e+000	9.55079071e+002	0.00000000e+000	3.6418e+014	1.0000e-010	0.0000e+000
3.590000e+003	2.25693372e-001	-3.17430663e+000	9.48167972e+002	0.00000000e+000	3.6283e+014	1.0000e-010	0.0000e+000
3.600000e+003	2.25788189e-001	-3.17421181e+000	9.41282175e+002	0.00000000e+000	3.6151e+014	1.0000e-010	0.0000e+000
3.610000e+003	2.25882317e-001	-3.17411768e+000	9.34421404e+002	0.00000000e+000	3.6019e+014	1.0000e-010	0.0000e+000
3.620000e+003	2.25975759e-001	-3.17402424e+000	9.27585386e+002	0.00000000e+000	3.5889e+014	1.0000e-010	0.0000e+000
3.630000e+003	2.26068518e-001	-3.17393148e+000	9.20773852e+002	0.00000000e+000	3.5761e+014	1.0000e-010	0.0000e+000
3.640000e+003	2.26160595e-001	-3.17383941e+000	9.13986536e+002	0.00000000e+000	3.5634e+014	1.0000e-010	0.0000e+000
3.650000e+003	2.26251994e-001	-3.17374801e+000	9.07223174e+002	0.00000000e+000	3.5508e+014	1.0000e-010	0.0000e+000
3.660000e+003	2.26342716e-001	-3.17365728e+000	9.00483504e+002	0.00000000e+000	3.5383e+014	1.0000e-010	0.0000e+000
3.670000e+003	2.26432764e-001	-3.17356724e+000	8.93767270e+002	0.00000000e+000	3.5260e+014	1.0000e-010	0.0000e+000
3.680000e+003	2.26522141e-001	-3.17347786e+000	8.87074216e+002	0.00000000e+000	3.5139e+014	1.0000e-010	0.0000e+000
3.690000e+003	2.26610848e-001	-3.17338915e+000	8.80404088e+002	0.00000000e+000	3.5018e+014	1.0000e-010	0.0000e+000
3.700000e+003	2.26698889e-001	-3.17330111e+000	8.73756637e+002	0.00000000e+000	3.4899e+014	1.0000e-010	0.0000e+000
3.710000e+003	2.26786265e-001	-3.17321374e+000	8.67131616e+002	0.00000000e+000	3.4781e+014	1.0000e-010	0.0000e+000
3.720000e+003	2.26872978e-001	-3.17312702e+000	8.60528779e+002	0.00000000e+000	3.4665e+014	1.0000e-010	0.0000e+000
3.730000e+003	2.26959031e-001	-3.17304097e+000	8.53947884e+002	0.00000000e+000	3.4550e+014	1.0000e-010	0.0000e+000
3.740000e+003	2.27044425e-001	-3.17295557e+000	8.47388691e+002	0.00000000e+000	3.4436e+014	1.0000e-010	0.0000e+000
3.750000e+003	2.27129164e-001	-3.17287084e+000	8.40850964e+002	0.00000000e+000	3.4323e+014	1.0000e-010	0.0000e+000
3.760000e+003	2.27213249e-001	-3.17278675e+000	8.34334466e+002	0.00000000e+000	3.4212e+014	1.0000e-010	0.0000e+000
3.770000e+003	2.27296683e-001	-3.17270332e+000	8.27838965e+002	0.00000000e+000	3.4101e+014	1.0000e-010	0.0000e+000
3.780000e+003	2.27379467e-001	-3.17262053e+000	8.21364231e+002	0.00000000e+000	3.3992e+014	1.0000e-010	0.0000e+000
3.790000e+003	2.27461603e-001	-3.17253840e+000	8.14910036e+002	0.00000000e+000	3.3885e+014	1.0000e-010	0.0000e+000
3.800000e+003	2.27543094e-001	-3.17245691e+000	8.08476154e+002	0.00000000e+000	3.3778e+014	1.0000e-010	0.0000e+000
3.810000e+003	2.27623942e-001	-3.17237606e+000	8.02062361e+002	0.00000000e+000	3.3673e+014	1.0000e-010	0.0000e+000
3.820000e+003	2.27704148e-001	-3.17229585e+000	7.95668436e+002	0.00000000e+000	3.3568e+014	1.0000e-010	0.0000e+000
3.830000e+003	2.27783715e-001	-3.17221629e+000	7.89294160e+002	0.00000000e+000	3.3465e+014	1.0000e-010	0.0000e+000
3.840000e+003	2.27862644e-001	-3.17213736e+000	7.82939316e+002	0.00000000e+000	3.3363e+014	1.0000e-010	0.0000e+000
3.850000e+003	2.27940938e-001	-3.17205906e+000	7.76603689e+002	0.00000000e+000	3.3262e+014	1.0000e-010	0.0000e+000
3.860000e+003	2.28018598e-001	-3.17198140e+000	7.70287066e+002	0.00000000e+000	3.3162e+014	1.0000e-010	0.0000e+000
3.870000e+003	2.28095627e-001	-3.17190437e+000	7.63989235e+002	0.00000000e+000	3.3064e+014	1.0000e-010	0.0000e+000
3.880000e+003	2.28172026e-001	-3.17182797e+000	7.57709989e+002	0.00000000e+000	3.2966e+014	1.0000e-010	0.0000e+000
3.890000e+003	2.28247797e-001	-3.17175220e+000	7.51449120e+002	0.00000000e+000	3.2870e+014	1.0000e-010	0.0000e+000
3.900000e+003	2.28322942e-001	-3.17167706e+000	7.45206424e+002	0.00000000e+000	3.2774e+014	1.0000e-010	0.0000e+000
3.910000e+003	2.28397463e-001	-3.17160254e+000	7.38981696e+002	0.00000000e+000	3.2680e+014	1.0000e-010	0.0000e+000
3.920000e+003	2.28471361e-001	-3.17152864e+000	7.32774737e+002	0.00000000e+000	3.2587e+014	1.0000e-010	0.0000e+000
3.930000e+003	2.28544638e-001	-3.17145536e+000	7.26585346e+002	0.00000000e+000	3.2494e+014	1.0000e-010	0.0000e+000
3.940000e+003	2.28617297e-001	-3.17138270e+000	7.20413327e+002	0.00000000e+000	3.2403e+014	1.0000e-010	0.0000e+000
3.950000e+003	2.28689338e-001	-3.17131066e+000	7.14258483e+002	0.00000000e+000	3.2313e+014	1.0000e-010	0.0000e+000
3.960000e+003	2.28760764e-001	-3.17123924e+000	7.08120620e+002	0.00000000e+000	3.2224e+014	1.0000e-010	0.0000e+000
3.970000e+003	2.28831576e-001	-3.17116842e+000	7.01999547e+002	0.00000000e+000	3.2136e+014	1.0000e-010	0.0000e+000
3.980000e+003	2.28901776e-001	-3.17109822e+000	6.95895073e+002	0.00000000e+000	3.2049e+014	1.0000e-010	0.0000e+000
3.990000e+003	2.28971366e-001	-3.17102863e+000	6.89807010e+002	0.00000000e+000	3.1962e+014	1.0000e-010	0.0000e+000
4.000000e+003	2.29040346e-001	-3.17095965e+000	6.83735169e+002	0.00000000e+000	3.1877e+014	1.0000e-010	0.0000e+000
4.010000e+003	2.29108720e-001	-3.17089128e+000	6.77679366e+002	0.00000000e+000	3.1793e+014	1.0000e-010	0.0000e+000
4.020000e+003	2.29176488e-001	-3.17082351e+000	6.71639417e+002	0.00000000e+000	3.1710e+014	1.0000e-010	0.0000e+000
4.030000e+003	2.29243652e-001	-3.17075635e+000	6.65615139e+002	0.00000000e+000	3.1628e+014	1.0000e-010	0.0000e+000
4.040000e+003	2.29310213e-001	-3.17068979e+000	6.59606352e+002	0.00000000e+000	3.1546e+014	1.0000e-010	0.0000e+000
4.050000e+003	2.29376174e-001	-3.17062383e+000	6.53612877e+002	0.00000000e+000	3.1466e+014	1.0000e-010	0.0000e+000
4.060000e+003	2.29441535e-001	-3.17055846e+000	6.47634536e+002	0.00000000e+000	3.1386e+014	1.0000e-010	0.0000e+000
4.070000e+003	2.29506299e-001	-3.17049370e+000	6.41671153e+002	0.00000000e+000	3.1308e+014	1.0000e-010	0.0000e+000
4.080000e+003	2.29570466e-001	-3.17042953e+000	6.35722553e+002	0.00000000e+000	3.1230e+014	1.0000e-010	0.0000e+000
4.090000e+003	2.29634038e-001	-3.17036596e+000	6.29788563e+002	0.00000000e+000	3.1154e+014	1.0000e-010	0.0000e+000
4.100000e+003	2.29697017e-001	-3.17030298e+000	6.23869012e+002	0.00000000e+000	3.1078e+014	1.0000e-010	0.0000e+000
4.110000e+003	2.29759404e-001	-3.17024060e+000	6.17963729e+002	0.00000000e+000	3.1003e+014	1.0000e-010	0.0000e+000
4.120000e+003	2.29821200e-001	-3.17017880e+000	6.12072545e+002	0.00000000e+000	3.0929e+014	1.0000e-010	0.0000e+000
4.130000e+003	2.29882407e-001	-3.17011759e+000	6.06195292e+002	0.00000000e+000	3.0856e+014	1.0000e-010	0.0000e+000
4.140000e+003	2.29943027e-001	-3.17005697e+000	6.00331805e+002	0.00000000e+000	3.0783e+014	1.0000e-010	0.0000e+000
4.150000e+003	2.30003060e-001	-3.16999694e+000	5.94481918e+002	0.00000000e+000	3.0712e+014	1.0000e-010	0.0000e+000
4.160000e+003	2.30062508e-001	-3.16993749e+000	5.88645467e+002	0.00000000e+000	3.0641e+014	1.0000e-010	0.0000e+000
4.170000e+003	2.30121373e-001	-3.16987863e+000	5.82822291e+002	0.00000000e+000	3.0572e+014	1.0000e-010	0.0000e+000
4.180000e+003	2.30179655e-001	-3.16982035e+000	5.77012229e+002	0.00000000e+000	3.0503e+014	1.0000e-010	0.0000e+000
4.190000e+003	2.30237356e-001	-3.16976264e+000	5.71215119e+002	0.00000000e+000	3.0435e+014	1.0000e-010	0.0000e+000
4.200000e+003	2.30294478e-001	-3.16970552e+000	5.65430805e+002	0.00000000e+000	3.0368e+014	1.0000e-010	0.0000e+000
4.210000e+003	2.30351021e-001	-3.16964898e+000	5.59659129e+002	0.00000000e+000	3.0301e+014	1.0000e-010	0.0000e+000
4.220000e+003	2.30406987e-001	-3.16959301e+000	5.53899933e+002	0.00000000e+000	3.0236e+014	1.0000e-010	0.0000e+000
4.230000e+003	2.30462377e-001	-3.16953762e+000	5.48153064e+002	0.00000000e+000	3.0171e+014	1.0000e-010	0.0000e+000
4.240000e+003	2.30517192e-001	-3.16948281e+000	5.42418368e+002	0.00000000e+000	3.0107e+014	1.0000e-010	0.0000e+000
4.250000e+003	2.30571434e-001	-3.16942857e+000	5.36695691e+002	0.00000000e+000	3.0044e+014	1.0000e-010	0.0000e+000
4.260000e+003	2.30625103e-001	-3.16937490e+000	5.30984882e+002	0.00000000e+000	2.9982e+014	1.0000e-010	0.0000e+000
4.270000e+003	2.30678202e-001	-3.16932180e+000	5.25285791e+002	0.00000000e+000	2.9920e+014	1.0000e-010	0.0000e+000
4.280000e+003	2.30730730e-001	-3.16926927e+000	5.19598268e+002	0.00000000e+000	2.9860e+014	1.0000e-010	0.0000e+000
4.290000e+003	2.30782690e-001	-3.16921731e+000	5.13922165e+002	0.00000000e+000	2.9800e+014	1.0000e-010	0.0000e+000
4.300000e+003	2.30834083e-001	-3.16916592e+000	5.08257335e+002	0.00000000e+000	2.9740e+014	1.0000e-010	0.0000e+000
4.310000e+003	2.30884908e-001	-3.16911509e+000	5.02603631e+002	0.00000000e+000	2.9682e+014	1.0000e-010	0.0000e+000
4.320000e+003	2.30935169e-001	-3.16906483e+000	4.96960908e+002	0.00000000e+000	2.9624e+014	1.0000e-010	0.0000e+000
4.330000e+003	2.30984865e-001	-3.16901514e+000	4.91329021e+002	0.00000000e+000	2.9567e+014	1.0000e-010	0.0000e+000
4.340000e+003	2.31033998e-001	-3.16896600e+000	4.85707828e+002	0.00000000e+000	2.9511e+014	1.0000e-010	0.0000e+000
4.350000e+003	2.31082568e-001	-3.16891743e+000	4.80097187e+002	0.00000000e+000	2.9456e+014	1.0000e-010	0.0000e+000
4.360000e+003	2.31130578e-001	-3.16886942e+000	4.74496955e+002	0.00000000e+000	2.9401e+014	1.0000e-010	0.0000e+000
4.370000e+003	2.31178028e-001	-3.16882197e+000	4.68906993e+002	0.00000000e+000	2.9347e+014	1.0000e-010	0.0000e+000
4.380000e+003	2.31224919e-001	-3.16877508e+000	4.63327160e+002	0.00000000e+000	2.9294e+014	1.0000e-010	0.0000e+000
4.390000e+003	2.31271251e-001	-3.16872875e+000	4.57757319e+002	0.00000000e+000	2.9242e+014	1.0000e-010	0.0000e+000
4.400000e+003	2.31317027e-001	-3.16868297e+000	4.52197332e+002	0.00000000e+000	2.9190e+014	1.0000e-010	0.0000e+000
4.410000e+003	2.31362247e-001	-3.16863775e+000	4.46647061e+002	0.00000000e+000	2.9139e+014	1.0000e-010	0.0000e+000
4.420000e+003	2.31406911e-001	-3.16859309e+000	4.41106372e+002	0.00000000e+000	2.9089e+014	1.0000e-010	0.0000e+000
4.430000e+003	2.31451022e-001	-3.16854898e+000	4.35575128e+002	0.00000000e+000	2.9039e+014	1.0000e-010	0.0000e+000
4.440000e+003	2.31494580e-001	-3.16850542e+000	4.30053197e+002	0.00000000e+000	2.8990e+014	1.0000e-010	0.0000e+000
4.450000e+003	2.31537585e-001	-3.16846242e+000	4.24540443e+002	0.00000000e+000	2.8942e+014	1.0000e-010	0.0000e+000
4.460000e+003	2.31580039e-001	-3.16841996e+000	4.19036735e+002	0.00000000e+000	2.8895e+014	1.0000e-010	0.0000e+000
4.470000e+003	2.31621943e-001	-3.16837806e+000	4.13541940e+002	0.00000000e+000	2.8848e+014	1.0000e-010	0.0000e+000
4.480000e+003	2.31663297e-001	-3.16833670e+000	4.08055929e+002	0.00000000e+000	2.8802e+014	1.0000e-010	0.0000e+000
4.490000e+003	2.31704102e-001	-3.16829590e+000	4.02578570e+002	0.00000000e+000	2.8756e+014	1.0000e-010	0.0000e+000
4.500000e+003	2.31744360e-001	-3.16825564e+000	3.97109733e+002	0.00000000e+000	2.8711e+014	1.0000e-010	0.0000e+000
4.510000e+003	2.31784071e-001	-3.16821593e+000	3.91649291e+002	0.00000000e+000	2.8667e+014	1.0000e-010	0.0000e+000
4.520000e+003	2.31823236e-001	-3.16817676e+000	3.86197116e+002	0.00000000e+000	2.8624e+014	1.0000e-010	0.0000e+000
4.530000e+003	2.31861856e-001	-3.16813814e+000	3.80753079e+002	0.00000000e+000	2.8581e+014	1.0000e-010	0.0000e+000
4.540000e+003	2.31899931e-001	-3.16810007e+000	3.75317054e+002	0.00000000e+000	2.8539e+014	1.0000e-010	0.0000e+000
4.550000e+003	2.31937463e-001	-3.16806254e+000	3.69888915e+002	0.00000000e+000	2.8498e+014	1.0000e-010	0.0000e+000
4.560000e+003	2.31974452e-001	-3.16802555e+000	3.64468537e+002	0.00000000e+000	2.8457e+014	1.0000e-010	0.0000e+000
4.570000e+003	2.32010899e-001	-3.16798910e+000	3.59055796e+002	0.00000000e+000	2.8417e+014	1.0000e-010	0.0000e+000
4.580000e+003	2.32046804e-001	-3.16795320e+000	3.53650567e+002	0.00000000e+000	2.8378e+014	1.0000e-010	0.0000e+000
4.590000e+003	2.32082169e-001	-3.16791783e+000	3.48252728e+002	0.00000000e+000	2.8339e+014	1.0000e-010	0.0000e+000
4.600000e+003	2.32116995e-001	-3.16788301e+000	3.42862155e+002	0.00000000e+000	2.8301e+014	1.0000e-010	0.0000e+000
4.610000e+003	2.32151281e-001	-3.16784872e+000	3.37478726e+002	0.00000000e+000	2.8263e+014	1.0000e-010	0.0000e+000
4.620000e+003	2.32185029e-001	-3.16781497e+000	3.32102321e+002	0.00000000e+000	2.8226e+014	1.0000e-010	0.0000e+000
4.630000e+003	2.32218239e-001	-3.16778176e+000	3.26732818e+002	0.00000000e+000	2.8190e+014	1.0000e-010	0.0000e+000
4.640000e+003	2.32250912e-001	-3.16774909e+000	3.21370097e+002	0.00000000e+000	2.8154e+014	1.0000e-010	0.0000e+000
4.650000e+003	2.32283049e-001	-3.16771695e+000	3.16014038e+002	0.00000000e+000	2.8119e+014	1.0000e-010	0.0000e+000
4.660000e+003	2.32314651e-001	-3.16768535e+000	3.10664522e+002	0.00000000e+000	2.8085e+014	1.0000e-010	0.0000e+000
4.670000e+003	2.32345717e-001	-3.16765428e+000	3.05321431e+002	0.00000000e+000	2.8051e+014	1.0000e-010	0.0000e+000
4.680000e+003	2.32376249e-001	-3.16762375e+000	2.99984647e+002	0.00000000e+000	2.8018e+014	1.0000e-010	0.0000e+000
4.690000e+003	2.32406248e-001	-3.16759375e+000	2.94654052e+002	0.00000000e+000	2.7986e+014	1.0000e-010	0.0000e+000
4.700000e+003	2.32435713e-001	-3.16756429e+000	2.89329529e+002	0.00000000e+000	2.7954e+014	1.0000e-010	0.0000e+000
4.710000e+003	2.32464646e-001	-3.16753535e+000	2.84010962e+002	0.00000000e+000	2.7923e+014	1.0000e-010	0.0000e+000
4.720000e+003	2.32493047e-001	-3.16750695e+000	2.78698235e+002	0.00000000e+000	2.7892e+014	1.0000e-010	0.0000e+000
4.730000e+003	2.32520917e-001	-3.16747908e+000	2.73391232e+002	0.00000000e+000	2.7862e+014	1.0000e-010	0.0000e+000
4.740000e+003	2.32548256e-001	-3.16745174e+000	2.68089838e+002	0.00000000e+000	2.7832e+014	1.0000e-010	0.0000e+000
4.750000e+003	2.32575065e-001	-3.16742494e+000	2.62793939e+002	0.00000000e+000	2.7804e+014	1.0000e-010	0.0000e+000
4.760000e+003	2.32601344e-001	-3.16739866e+000	2.57503421e+002	0.00000000e+000	2.7775e+014	1.0000e-010	0.0000e+000
4.770000e+003	2.32627095e-001	-3.16737291e+000	2.52218170e+002	0.00000000e+000	2.7748e+014	1.0000e-010	0.0000e+000
4.780000e+003	2.32652317e-001	-3.16734768e+000	2.46938073e+002	0.00000000e+000	2.7721e+014	1.0000e-010	0.0000e+000
4.790000e+003	2.32677010e-001	-3.16732299e+000	2.41663017e+002	0.00000000e+000	2.7694e+014	1.0000e-010	0.0000e+000
4.800000e+003	2.32701177e-001	-3.16729882e+000	2.36392889e+002	0.00000000e+000	2.7668e+014	1.0000e-010	0.0000e+000
4.810000e+003	2.32724816e-001	-3.16727518e+000	2.31127579e+002	0.00000000e+000	2.7643e+014	1.0000e-010	0.0000e+000
4.820000e+003	2.32747929e-001	-3.16725207e+000	2.25866974e+002	0.00000000e+000	2.7618e+014	1.0000e-010	0.0000e+000
4.830000e+003	2.32770515e-001	-3.16722948e+000	2.20610963e+002	0.00000000e+000	2.7594e+014	1.0000e-010	0.0000e+000
4.840000e+003	2.32792576e-001	-3.16720742e+000	2.15359435e+002	0.00000000e+000	2.7571e+014	1.0000e-010	0.0000e+000
4.850000e+003	2.32814112e-001	-3.16718589e+000	2.10112281e+002	0.00000000e+000	2.7548e+014	1.0000e-010	0.0000e+000
4.860000e+003	2.32835124e-001	-3.16716488e+000	2.04869389e+002	0.00000000e+000	2.7525e+014	1.0000e-010	0.0000e+000
4.870000e+003	2.32855611e-001	-3.16714439e+000	1.99630651e+002	0.00000000e+000	2.7503e+014	1.0000e-010	0.0000e+000
4.880000e+003	2.32875574e-001	-3.16712443e+000	1.94395956e+002	0.00000000e+000	2.7482e+014	1.0000e-010	0.0000e+000
4.890000e+003	2.32895013e-001	-3.16710499e+000	1.89165196e+002	0.00000000e+000	2.7462e+014	1.0000e-010	0.0000e+000
4.900000e+003	2.32913930e-001	-3.16708607e+000	1.83938262e+002	0.00000000e+000	2.7441e+014	1.0000e-010	0.0000e+000
4.910000e+003	2.32932324e-001	-3.16706768e+000	1.78715046e+002	0.00000000e+000	2.7422e+014	1.0000e-010	0.0000e+000
4.920000e+003	2.32950195e-001	-3.16704980e+000	1.73495439e+002	0.00000000e+000	2.7403e+014	1.0000e-010	0.0000e+000
4.930000e+003	2.32967545e-001	-3.16703246e+000	1.68279334e+002	0.00000000e+000	2.7385e+014	1.0000e-010	0.0000e+000
4.940000e+003	2.32984373e-001	-3.16701563e+000	1.63066624e+002	0.00000000e+000	2.7367e+014	1.0000e-010	0.0000e+000
4.950000e+003	2.33000679e-001	-3.16699932e+000	1.57857200e+002	0.00000000e+000	2.7350e+014	1.0000e-010	0.0000e+000
4.960000e+003	2.33016465e-001	-3.16698354e+000	1.52650957e+002	0.00000000e+000	2.7333e+014	1.0000e-010	0.0000e+000
4.970000e+003	2.33031730e-001	-3.16696827e+000	1.47447786e+002	0.00000000e+000	2.7317e+014	1.0000e-010	0.0000e+000
4.980000e+003	2.33046475e-001	-3.16695353e+000	1.42247583e+002	0.00000000e+000	2.7301e+014	1.0000e-010	0.0000e+000
4.990000e+003	2.33060700e-001	-3.16693930e+000	1.37050240e+002	0.00000000e+000	2.7286e+014	1.0000e-010	0.0000e+000
5.000000e+003	2.33074405e-001	-3.16692560e+000	1.31855651e+002	0.00000000e+000	2.7272e+014	1.0000e-010	0.0000e+000
5.010000e+003	2.33087590e-001	-3.16691241e+000	1.26663712e+002	0.00000000e+000	2.7258e+014	1.0000e-010	0.0000e+000
5.020000e+003	2.33100257e-001	-3.16689974e+000	1.21474315e+002	0.00000000e+000	2.7244e+014	1.0000e-010	0.0000e+000
5.030000e+003	2.33112404e-001	-3.16688760e+000	1.16287356e+002	0.00000000e+000	2.7232e+014	1.0000e-010	0.0000e+000
5.040000e+003	2.33124033e-001	-3.16687597e+000	1.11102731e+002	0.00000000e+000	2.7219e+014	1.0000e-010	0.0000e+000
5.050000e+003	2.33135143e-001	-3.16686486e+000	1.05920332e+002	0.00000000e+000	2.7208e+014	1.0000e-010	0.0000e+000
5.060000e+003	2.33145735e-001	-3.16685426e+000	1.00740057e+002	0.00000000e+000	2.7197e+014	1.0000e-010	0.0000e+000
5.070000e+003	2.33155809e-001	-3.16684419e+000	9.55617998e+001	0.00000000e+000	2.7186e+014	1.0000e-010	0.0000e+000
5.080000e+003	2.33165365e-001	-3.16683463e+000	9.03854565e+001	0.00000000e+000	2.7176e+014	1.0000e-010	0.0000e+000
5.090000e+003	2.33174404e-001	-3.16682560e+000	8.52109226e+001	0.00000000e+000	2.7166e+014	1.0000e-010	0.0000e+000
5.100000e+003	2.33182925e-001	-3.16681708e+000	8.00380941e+001	0.00000000e+000	2.7157e+014	1.0000e-010	0.0000e+000
5.110000e+003	2.33190929e-001	-3.16680907e+000	7.48668668e+001	0.00000000e+000	2.7149e+014	1.0000e-010	0.0000e+000
5.120000e+003	2.33198415e-001	-3.16680158e+000	6.96971369e+001	0.00000000e+000	2.7141e+014	1.0000e-010	0.0000e+000
5.130000e+003	2.33205385e-001	-3.16679461e+000	6.45288005e+001	0.00000000e+000	2.7134e+014	1.0000e-010	0.0000e+000
5.140000e+003	2.33211838e-001	-3.16678816e+000	5.93617541e+001	0.00000000e+000	2.7127e+014	1.0000e-010	0.0000e+000
5.150000e+003	2.33217774e-001	-3.16678223e+000	5.41958940e+001	0.00000000e+000	2.7121e+014	1.0000e-010	0.0000e+000
5.160000e+003	2.33223194e-001	-3.16677681e+000	4.90311167e+001	0.00000000e+000	2.7115e+014	1.0000e-010	0.0000e+000
5.170000e+003	2.33228097e-001	-3.16677190e+000	4.38673189e+001	0.00000000e+000	2.7110e+014	1.0000e-010	0.0000e+000
5.180000e+003	2.33232484e-001	-3.16676752e+000	3.87043973e+001	0.00000000e+000	2.7105e+014	1.0000e-010	0.0000e+000
5.190000e+003	2.33236354e-001	-3.16676365e+000	3.35422485e+001	0.00000000e+000	2.7101e+014	1.0000e-010	0.0000e+000
5.200000e+003	2.33239708e-001	-3.16676029e+000	2.83807695e+001	0.00000000e+000	2.7098e+014	1.0000e-010	0.0000e+000
5.210000e+003	2.33242546e-001	-3.16675745e+000	2.32198571e+001	0.00000000e+000	2.7095e+014	1.0000e-010	0.0000e+000
5.220000e+003	2.33244868e-001	-3.16675513e+000	1.80594083e+001	0.00000000e+000	2.7092e+014	1.0000e-010	0.0000e+000
5.230000e+003	2.33246674e-001	-3.16675333e+000	1.28993199e+001	0.00000000e+000	2.7091e+014	1.0000e-010	0.0000e+000
5.240000e+003	2.33247964e-001	-3.16675204e+000	7.73948894e+000	0.00000000e+000	2.7089e+014	1.0000e-010	0.0000e+000
5.250000e+003	2.33248738e-001	-3.16675126e+000	2.57981248e+000	0.00000000e+000	2.7088e+014	1.0000e-010	0.0000e+000
5.260000e+003	2.33248996e-001	-3.16675100e+000	2.57981248e+000	0.00000000e+000	2.7088e+014	1.0000e-010	0.0000e+000
